#! FIELDS time chi158D chi185D chi186D chiT33D chiM155D
#! SET min_chi158D -pi
#! SET max_chi158D pi
#! SET min_chi185D -pi
#! SET max_chi185D pi
#! SET min_chi186D -pi
#! SET max_chi186D pi
#! SET min_chiT33D -pi
#! SET max_chiT33D pi
#! SET min_chiM155D -pi
#! SET max_chiM155D pi
 0.000000 -1.234546 0.747867 -0.960887 -1.259907 -3.128938
 1.000000 -1.124413 0.248156 -1.317706 -1.133437 -2.929555
 2.000000 -1.014789 0.796762 -1.103870 -0.500531 -3.018597
 3.000000 -1.443653 -0.569421 -0.864836 1.473044 -1.491246
 4.000000 -1.349575 0.938671 -1.216357 -1.044773 -1.163730
 5.000000 -1.480692 0.844314 -0.764902 -1.157965 -1.171513
 6.000000 -1.047433 -0.975927 -1.264376 -0.894233 -1.760080
 7.000000 -1.556430 0.834087 -1.552357 -1.190425 -1.634430
 8.000000 -1.199254 0.742568 -1.117628 -0.786538 -1.713240
 9.000000 -1.551332 0.649867 -1.189376 -0.526976 -1.294349
 10.000000 -1.474173 0.506969 -1.321171 -0.384994 -1.342117
 11.000000 -1.281207 0.725285 -1.251639 -0.903169 -1.317718
 12.000000 -1.417436 0.672095 -1.190591 -1.070486 -1.433440
 13.000000 -1.435159 0.823875 -1.325476 -0.745242 -1.240439
 14.000000 -0.971502 0.808952 -1.229032 -1.283720 -1.476119
 15.000000 -1.236794 0.663671 -1.166672 -1.011772 -1.465471
 16.000000 -1.061315 0.834051 -1.317346 -0.864002 -1.335004
 17.000000 -1.118491 0.586026 -1.234957 0.317720 -1.742850
 18.000000 -1.124171 0.656298 -1.153145 -0.790734 -1.420151
 19.000000 -1.240483 0.858674 -1.202303 -1.053481 -1.048747
 20.000000 -1.292603 0.491922 -1.171885 -1.186348 -1.461675
 21.000000 -1.379706 0.608895 -1.082791 -0.861179 -1.662045
 22.000000 -1.100930 1.058208 -1.246936 -1.172808 -1.388686
 23.000000 -1.359833 1.016454 -1.322193 -1.001587 -1.647968
 24.000000 -1.106604 0.966001 -1.011450 -1.322320 -1.267073
 25.000000 -1.023391 0.658183 -1.685751 -1.065496 -1.246122
 26.000000 -1.145073 0.967556 -1.035254 -1.172228 -1.431919
 27.000000 -1.208574 0.802284 -0.958968 -0.931723 -3.043498
 28.000000 -1.132359 0.993375 -3.033497 -0.625166 -2.869089
 29.000000 -1.021114 0.907713 2.969056 0.510644 -3.136698
 30.000000 -1.037924 0.808372 3.098307 -1.205569 -3.104548
 31.000000 -1.332848 1.124237 3.124426 -0.855821 -3.060026
 32.000000 -1.184733 0.730861 -2.954118 -1.190727 -3.101445
 33.000000 -1.310487 0.792036 -1.353031 -0.980673 -3.136171
 34.000000 -1.321918 0.669247 -1.252607 -0.521761 -3.049843
 35.000000 -1.352438 0.506276 -1.048452 -1.207152 -3.029213
 36.000000 -1.302573 0.528735 -1.084215 -1.088940 -3.062483
 37.000000 -1.098934 0.990627 -1.264558 -1.068582 -2.640631
 38.000000 -1.036760 0.757985 -1.548365 -0.728805 -3.096661
 39.000000 -1.135132 0.615824 -0.936853 -0.787974 -2.875243
 40.000000 -1.152789 1.240094 -1.268762 -1.292569 -2.743089
 41.000000 -1.214490 0.725372 -1.352905 -1.186651 2.933591
 42.000000 -1.253845 0.600698 -2.861962 -1.047000 -2.985862
 43.000000 -1.400657 0.693906 2.958393 -0.518160 -2.889186
 44.000000 -1.149623 0.903431 -3.052608 -0.919961 -2.907215
 45.000000 -1.157146 0.486302 -1.002212 -1.055662 3.063409
 46.000000 -1.121980 0.765555 -1.187302 -0.980701 3.036129
 47.000000 -1.215050 0.799287 -1.143130 -1.283843 2.981784
 48.000000 -1.241660 0.776169 -1.207383 -0.983082 -2.910405
 49.000000 -1.253306 0.655597 -0.945106 -0.991367 -3.128600
 50.000000 -1.055198 0.889462 -1.416361 -1.350677 3.103122
 51.000000 -0.879884 0.759572 -1.488138 -1.327107 -3.027410
 52.000000 -0.883192 1.058418 -1.189071 -1.418829 3.016487
 53.000000 -1.253790 0.756725 -1.114384 -1.248474 3.075840
 54.000000 -1.267542 1.172613 -1.279618 -0.568496 -3.051848
 55.000000 -1.324222 0.368569 -0.971334 -1.207078 -3.127518
 56.000000 -1.194303 0.804849 -1.091042 -0.818077 -2.918158
 57.000000 -1.337188 0.758785 -1.280137 -0.695024 -2.821139
 58.000000 -1.010332 0.851859 -1.245305 0.897001 -3.022755
 59.000000 -0.948872 1.076815 -1.521530 -0.151213 -3.079861
 60.000000 -1.176557 0.631578 -1.180324 -0.748185 3.103670
 61.000000 -1.072330 1.043177 -1.061710 -0.658260 -3.094129
 62.000000 -0.612954 1.082839 -1.185339 -0.952500 -3.102517
 63.000000 -1.286033 0.806857 -1.115741 -1.380749 -3.034975
 64.000000 -1.046364 0.961392 -1.145091 -1.037008 -3.077572
 65.000000 -1.554670 0.676272 -1.256861 0.249998 -2.882830
 66.000000 -1.221393 0.754874 -1.023761 0.385914 -2.833304
 67.000000 -0.952261 0.811099 -1.291503 -0.992452 -2.951428
 68.000000 -1.132972 0.790264 -1.271267 1.180810 3.040926
 69.000000 -1.369089 0.731473 -1.081089 0.852687 3.043904
 70.000000 -1.086277 0.909988 -1.216410 0.780645 -3.037794
 71.000000 -1.144292 0.705848 -1.297640 -1.092683 2.950111
 72.000000 -1.405365 0.745707 -1.247859 -1.215173 -3.141593
 73.000000 -1.253858 0.978753 -0.859164 -1.123397 3.028235
 74.000000 -1.205316 0.614654 -1.232112 -0.905062 3.010207
 75.000000 -1.417727 0.753747 -1.237949 -1.130702 -2.963805
 76.000000 -1.194749 0.874915 -1.147516 -1.324116 -3.030022
 77.000000 -0.990719 0.515394 -1.287244 -0.793578 -2.981059
 78.000000 -0.978207 0.662872 -1.166306 -0.895651 2.978851
 79.000000 -1.213679 0.593331 -1.418208 -1.198963 3.095895
 80.000000 -1.343532 0.899789 -1.137321 -0.942682 -2.849792
 81.000000 -1.148209 1.036902 -1.233689 -1.435101 2.930040
 82.000000 -1.300808 0.996914 -1.269593 -1.409287 3.034872
 83.000000 -1.036213 0.844153 -1.306239 -1.279641 3.134789
 84.000000 -1.057761 0.590051 -1.275735 -1.171609 -3.074970
 85.000000 -1.226639 0.668536 -0.992368 -1.247481 3.079705
 86.000000 -0.884040 0.575740 -1.395771 -1.395082 -3.123634
 87.000000 -1.169880 1.010993 -1.034593 -0.926903 -3.034803
 88.000000 -0.838534 1.059176 -0.859205 -0.879891 2.904053
 89.000000 -1.215417 0.794594 -1.134780 -1.140090 -2.954618
 90.000000 -1.071780 0.553744 -1.541734 -0.792742 -2.770551
 91.000000 -0.988467 0.700498 -1.331522 -0.993302 -3.130461
 92.000000 -1.414653 0.727536 -1.100332 -0.267097 -3.019408
 93.000000 -1.462169 0.652079 -1.239167 -0.943630 3.112575
 94.000000 -1.356139 0.589456 -0.851506 -0.890635 -3.109018
 95.000000 -1.276889 0.641569 -1.087708 -1.001668 3.043468
 96.000000 -1.571860 0.757546 -1.110184 -1.030287 -2.910401
 97.000000 -1.120956 0.448165 -1.154109 -0.840889 -2.906077
 98.000000 -1.283558 0.335387 -1.283133 -1.311556 -1.581006
 99.000000 -1.315325 0.418513 -1.302399 -0.684323 -1.301348
 100.000000 -1.057636 0.657863 -1.337400 -1.241255 -1.750613
 101.000000 -1.198044 0.396845 -1.210772 -0.896062 -1.485340
 102.000000 -1.415809 0.621493 -1.409271 -1.064440 -1.498263
 103.000000 -1.088388 0.853708 -1.249482 -0.943920 -1.309350
 104.000000 -1.139834 0.793367 -1.511611 -1.287134 -1.414681
 105.000000 -1.351384 0.477988 -1.291963 -0.902256 -1.362973
 106.000000 -1.204941 0.991002 -1.514056 -1.159586 -1.187070
 107.000000 -1.237671 0.664275 -1.415980 -0.995878 -1.670539
 108.000000 -1.356815 0.377572 -0.907909 -1.315273 -0.994398
 109.000000 -1.111259 0.798014 -1.020345 -1.067864 -0.850527
 110.000000 -1.093139 0.927683 -1.085529 -1.191679 -1.563114
 111.000000 -1.249756 1.000186 -1.166419 -1.244033 -1.560210
 112.000000 -1.175852 0.458303 -1.025542 -1.342879 -1.034126
 113.000000 -1.350321 0.646942 -1.212200 -1.110290 -1.500536
 114.000000 -1.280238 0.737374 -1.380152 -0.945695 -1.370013
 115.000000 -1.510375 0.780515 -1.213831 -1.452270 -1.549092
 116.000000 -1.059859 0.897849 -1.282736 -1.330373 -1.721980
 117.000000 -1.406720 -0.722283 -1.049347 -1.093297 -1.539863
 118.000000 -1.567080 0.297684 -1.169785 -1.257366 -1.660748
 119.000000 -1.301196 0.714711 -1.196453 -1.205238 -1.320565
 120.000000 -1.036400 0.557173 -0.990022 -0.933789 -1.262759
 121.000000 -1.115515 0.881622 -1.219129 -1.073308 -1.582029
 122.000000 -0.714103 0.533025 -1.112751 -1.149476 -1.545461
 123.000000 -1.349879 0.608476 -1.034019 -1.111603 -1.381913
 124.000000 -1.540952 0.850691 -0.961134 -1.290127 -1.842435
 125.000000 -1.141782 0.540899 -0.950351 -0.912203 -1.445934
 126.000000 -1.467388 0.669806 -1.045967 -0.927267 -1.335093
 127.000000 -1.440399 0.677105 -0.922204 -0.987649 -1.160883
 128.000000 -1.499021 0.744347 -0.979729 -1.162373 -1.455330
 129.000000 -0.947088 0.729169 -1.236084 -1.072056 -3.131801
 130.000000 -1.193542 0.714936 -1.080650 -0.838870 2.998489
 131.000000 -1.111503 0.874923 -0.813014 0.423534 -2.978812
 132.000000 -1.399110 0.614187 -1.205172 -0.834482 -3.131099
 133.000000 -0.951642 0.824282 -1.156117 -0.845142 2.986749
 134.000000 -1.411119 0.290571 -1.231663 -1.134341 2.987733
 135.000000 -1.082726 0.149592 -0.901091 -1.118737 3.084807
 136.000000 -1.440127 0.531596 -1.428794 -1.190020 -3.117551
 137.000000 -1.129930 0.474143 -1.254091 -1.060976 -3.135273
 138.000000 -1.268526 0.625013 -1.247510 -0.767614 3.095436
 139.000000 -0.879861 0.568808 -1.333144 -1.162234 -2.887865
 140.000000 -1.144861 0.284866 -1.191823 -0.679325 -3.090331
 141.000000 -1.021215 0.836772 -1.066499 -1.142987 -3.139087
 142.000000 -1.205312 0.846071 -1.157044 -1.317126 -3.058804
 143.000000 -1.397264 0.890087 -1.223407 -1.280662 -3.075900
 144.000000 -1.299018 0.795585 -1.154744 -1.085349 -3.071357
 145.000000 -1.196390 0.791403 -1.176444 -0.849497 -2.919997
 146.000000 -1.211106 0.547240 -1.078696 -0.892915 -2.979387
 147.000000 -1.163461 0.571958 -1.258936 -1.271420 -2.895158
 148.000000 -1.202557 0.489787 -1.291515 -1.122925 -3.037971
 149.000000 -1.330557 0.556888 -1.258886 -1.073888 -3.121122
 150.000000 -1.191195 0.505381 -1.208427 -1.093327 3.106109
 151.000000 -1.068653 0.358702 -0.809664 -1.029425 -3.122550
 152.000000 -1.407051 0.695826 -0.942248 -1.082207 2.838248
 153.000000 -1.326639 0.914514 -1.395745 -1.154214 -2.985619
 154.000000 -1.238171 0.792779 -1.192931 -1.198440 -3.131573
 155.000000 -0.953309 1.236595 -1.290148 -0.746448 3.033210
 156.000000 -1.019481 0.989395 -1.580070 -0.950401 -2.903792
 157.000000 -1.197369 0.682397 -1.025297 -0.965164 -3.109954
 158.000000 -1.023550 0.584552 -1.270139 -0.859888 -3.101262
 159.000000 -1.190766 1.063938 -1.161150 -1.230733 3.049795
 160.000000 -1.109246 1.066024 -1.408709 -0.793473 -2.610263
 161.000000 -1.050288 0.880731 -1.440943 -0.738198 -2.712934
 162.000000 -1.021956 0.881927 -1.288328 -0.935922 -2.985337
 163.000000 -1.400576 0.554070 -1.058529 -0.529865 -2.956787
 164.000000 -1.410035 0.623699 -1.235029 -1.038230 -3.103021
 165.000000 -1.417432 0.971623 -1.056913 -0.338028 -3.071998
 166.000000 -1.261441 0.785398 -1.413734 -1.061903 3.119819
 167.000000 -0.923824 0.829859 -1.355409 -0.905345 -2.843712
 168.000000 -1.295934 0.661510 -1.149198 0.659051 -3.061506
 169.000000 -1.420732 0.600162 -1.225300 -1.013786 -3.051438
 170.000000 -1.214339 0.559712 -1.195571 -0.808821 2.947739
 171.000000 -1.258801 0.866321 -1.208444 -0.860835 -3.076803
 172.000000 -1.129095 0.862169 -1.482348 -0.571939 3.130760
 173.000000 -1.379632 0.636050 -1.129186 -1.280897 3.129738
 174.000000 -1.329258 0.504900 -1.112636 -0.973529 3.050966
 175.000000 -1.274021 0.630618 -1.409654 -0.853116 3.014761
 176.000000 -1.178252 0.614968 -0.986808 -0.957341 -3.104376
 177.000000 -0.978410 0.564280 -1.465438 -0.947885 2.880281
 178.000000 -1.330731 0.917931 -1.173211 -0.740394 3.130926
 179.000000 -1.213157 0.857713 -1.625631 -0.947713 -3.139787
 180.000000 -1.237326 0.749231 -1.139757 -1.383659 3.089609
 181.000000 -0.897901 0.856616 -1.271658 -1.269033 -3.107601
 182.000000 -0.954788 0.553302 -1.034263 -1.075445 -3.088444
 183.000000 -0.964628 0.703080 -1.204809 -1.134914 2.997417
 184.000000 -0.981654 0.632084 -1.321997 -1.054204 -2.942165
 185.000000 -1.211047 0.520582 -0.983799 -0.947567 -3.100412
 186.000000 -1.124635 0.282339 -1.499043 -0.865549 3.099241
 187.000000 -1.081943 0.586123 -0.937107 -0.624874 -3.060678
 188.000000 -1.145074 0.702216 -1.191549 -1.066609 -3.132824
 189.000000 -1.282194 0.596114 -1.383395 -1.030886 -2.878603
 190.000000 -1.034050 0.650441 -1.521498 -0.518894 -3.124388
 191.000000 -1.116680 0.520976 -1.273440 0.626720 -2.909316
 192.000000 -1.117842 0.337442 -1.171661 0.180380 3.073875
 193.000000 -1.128511 0.408585 -1.334990 -0.806854 2.619231
 194.000000 -0.977824 0.450720 -1.519196 -0.994519 -3.073347
 195.000000 -1.185764 0.550679 -1.302903 -0.828398 -2.994518
 196.000000 -0.908527 0.845290 -1.698681 0.368129 -3.110442
 197.000000 -0.929691 0.882399 -1.511818 0.538340 -2.949495
 198.000000 -1.046596 0.808755 -1.207233 1.430935 -3.129875
 199.000000 -1.242578 0.568137 -1.434885 0.645009 3.032908
 200.000000 -0.998916 0.877111 -1.342471 0.575787 -2.919682
 201.000000 -1.125727 1.045023 -1.181423 0.605660 -2.936622
 202.000000 -1.303122 0.845436 -1.427160 -1.141852 -2.609034
 203.000000 -1.232655 0.641314 -1.154907 -0.726966 -2.875694
 204.000000 -1.241560 1.131270 -1.331914 -1.155912 -3.136857
 205.000000 -1.122213 0.502145 -1.163239 -1.026700 -2.988607
 206.000000 -1.031345 0.584082 -1.322252 -1.209574 -3.068822
 207.000000 -0.956843 0.566039 -1.179283 -1.223335 -3.066915
 208.000000 -1.496014 0.386996 -1.143899 -1.125081 -3.016446
 209.000000 -1.165868 0.823422 -1.271063 1.771498 -3.037303
 210.000000 -1.248676 1.010291 -1.048350 -1.094863 -2.941510
 211.000000 -1.231896 0.624352 -1.400935 -0.944486 3.076209
 212.000000 -1.244313 0.596090 -1.171254 -0.478535 -2.748165
 213.000000 -1.025162 0.979211 -1.275945 -0.783647 3.118361
 214.000000 -1.251820 0.911384 -1.123266 -1.149772 -2.845258
 215.000000 -0.847868 1.097565 -1.317294 -0.811633 -3.061449
 216.000000 -1.572036 0.682680 -1.163243 -1.181442 -3.023585
 217.000000 -1.302517 0.713379 -1.327452 -1.044088 3.019641
 218.000000 -1.390842 -0.637696 -0.976134 -0.317789 -2.981658
 219.000000 -1.294884 -0.501242 -1.399380 -1.054969 -3.060906
 220.000000 -1.208618 -0.640787 -1.135305 -0.994631 -2.901273
 221.000000 -1.234792 -0.561116 -1.078313 -0.862025 -3.011107
 222.000000 -1.320575 -0.352454 -1.492886 0.808025 -2.982042
 223.000000 -1.229130 -0.062199 -0.730489 -1.029709 3.012335
 224.000000 -1.507934 -0.437496 -1.123919 0.189684 -3.033188
 225.000000 -1.226908 -0.384654 -1.064301 -0.263014 -2.997344
 226.000000 -0.927810 -0.618137 -0.846184 -1.164101 -2.991111
 227.000000 -1.367426 -0.476812 -0.696651 -0.834815 2.937534
 228.000000 -0.941577 0.644721 -0.961301 -0.604172 3.101195
 229.000000 -1.092054 0.358317 -1.029082 -1.232579 -2.922907
 230.000000 -1.309468 0.532956 -1.055021 -0.796000 -3.030401
 231.000000 -0.830018 0.724518 -1.317454 -1.201146 -3.067637
 232.000000 -1.333931 -0.439403 -1.009596 0.332065 -3.028546
 233.000000 -1.174448 -0.732955 -1.176105 1.007942 -3.053247
 234.000000 -1.069061 0.794552 -1.476573 -1.276421 -3.118578
 235.000000 -1.162525 0.721163 -1.024093 -1.210807 3.105604
 236.000000 -1.334815 0.809534 -1.218183 -1.083566 3.076667
 237.000000 -1.478443 0.536257 -1.305176 -1.011774 2.955458
 238.000000 -0.881945 0.605015 -1.183061 -0.921977 3.025982
 239.000000 -1.733966 0.676483 -1.394150 -1.204177 -3.079003
 240.000000 -0.983013 0.841388 -1.323029 0.037802 -3.132337
 241.000000 -0.855836 0.679900 -1.174071 -0.661371 -3.069743
 242.000000 -1.467500 -0.740037 -0.978362 -1.152214 2.958183
 243.000000 -1.084568 0.556959 -0.855685 -1.070617 -3.133541
 244.000000 -1.394686 0.822043 -1.257930 -0.629633 3.136147
 245.000000 -1.152398 0.850188 -1.197002 -1.053246 -3.103891
 246.000000 -1.463993 0.251608 -1.043748 -0.984331 -2.987566
 247.000000 -0.972501 0.723077 -3.044847 -0.911137 -3.126702
 248.000000 -1.066464 0.417424 -1.102215 -1.304936 -3.073838
 249.000000 -1.073147 0.577192 -1.015659 -1.023774 3.037417
 250.000000 -0.863362 0.829093 -1.059479 -0.830144 -2.865190
 251.000000 -1.076462 0.872646 -1.139706 -0.998111 -2.882716
 252.000000 -1.062317 0.517323 -1.121373 1.039255 3.099257
 253.000000 -1.145139 0.916186 -1.367171 -0.050091 3.088830
 254.000000 -1.377358 0.945948 -1.320520 -1.066923 3.116788
 255.000000 -1.190553 0.513750 -1.208293 -1.017033 -3.123870
 256.000000 -1.272986 1.009516 -1.297780 -0.958108 3.127173
 257.000000 -1.515882 0.798546 -1.411922 -0.391115 -3.048081
 258.000000 -1.098538 0.835473 -1.224914 -1.105608 -2.969463
 259.000000 -1.311523 0.920427 -1.127303 -0.927558 -2.856667
 260.000000 -1.341730 0.714294 -1.238756 -1.123245 3.091692
 261.000000 -1.193286 0.672662 -0.760717 -1.025271 3.040475
 262.000000 -1.043278 0.734229 -1.257780 -1.147567 3.114119
 263.000000 -1.064969 0.651595 -1.261627 -1.295422 -3.113381
 264.000000 -1.259930 0.609034 -1.193011 -0.752909 3.049258
 265.000000 -0.817110 0.924376 -1.364107 -1.092361 -3.081620
 266.000000 -1.142885 0.670609 -1.037744 -0.963093 3.097886
 267.000000 -1.155586 0.970095 -1.200879 0.651491 -2.984379
 268.000000 -1.132469 0.914860 -1.014297 -0.891151 2.899038
 269.000000 -1.136682 0.804044 -1.094557 -1.079435 -3.055406
 270.000000 -1.153145 0.278875 -1.100944 -1.389623 -3.008850
 271.000000 -0.890951 0.552605 -0.929356 -0.981124 -3.104036
 272.000000 -1.178101 0.546527 -2.901921 -1.500861 -2.904091
 273.000000 -1.001133 0.849267 -1.145600 -1.483579 -2.995288
 274.000000 -1.296308 0.718677 -1.077452 -1.139425 3.001127
 275.000000 -1.199578 0.903398 -1.111430 -1.078196 2.921367
 276.000000 -1.290377 0.968552 -0.896020 -1.047662 2.945981
 277.000000 -1.098771 0.973205 -1.491567 -0.876274 -2.831408
 278.000000 -1.230407 1.102328 -1.183446 -1.063109 2.877320
 279.000000 -0.975860 0.557140 -1.086561 -1.013150 3.122415
 280.000000 -1.210383 0.910725 -1.311953 0.377054 -1.296534
 281.000000 -1.427928 0.647993 -1.313063 -0.384616 -1.511012
 282.000000 -1.401568 0.471783 -0.860500 -1.353706 -1.515248
 283.000000 -1.232768 0.792545 -1.212678 -1.166065 -1.369291
 284.000000 -1.470395 0.650740 -1.169808 -1.253096 -1.372937
 285.000000 -1.035990 0.979192 -1.123681 0.161978 -1.618232
 286.000000 -1.365673 0.629518 -1.396508 -0.158059 -1.281725
 287.000000 -1.255712 0.351914 -1.354039 -0.997436 -1.549943
 288.000000 -1.188190 0.646160 -0.915182 -1.188307 -1.594068
 289.000000 -1.640866 1.092627 -1.071256 -0.833270 -1.326237
 290.000000 -1.287149 0.776878 -1.356010 -0.675548 -1.335177
 291.000000 -1.179377 0.591988 -1.151459 -1.068652 -1.537156
 292.000000 -1.471788 0.605357 -0.856019 -1.199095 -1.214949
 293.000000 -1.166427 1.035858 -1.275408 0.755672 -1.227087
 294.000000 -1.508230 0.921150 -0.961087 -1.248826 -1.092801
 295.000000 -1.253205 0.825002 -1.011407 -0.639637 -1.205705
 296.000000 -1.326571 0.599454 -1.283612 -0.539046 -1.147398
 297.000000 -1.204059 1.015865 -0.986366 -1.007980 -1.586931
 298.000000 -1.311469 1.145523 -1.093738 1.326006 -1.412506
 299.000000 -1.365404 -0.045854 -1.152920 -1.085444 -1.194215
 300.000000 -1.181651 0.913380 -1.075614 -1.361412 -1.210642
 301.000000 -1.488756 0.933209 -0.992234 -1.232508 -1.314267
 302.000000 -1.162150 0.590613 -1.031314 -0.907556 -1.425785
 303.000000 -1.117480 0.525027 -1.044879 1.324474 -1.603429
 304.000000 -1.309331 0.751465 -1.125709 0.031814 -1.382466
 305.000000 -1.384161 0.743793 -0.982708 -1.004387 -1.490686
 306.000000 -1.448703 0.564081 -0.958492 -0.552896 -1.325585
 307.000000 -1.313541 0.705408 -1.110546 -0.838023 -1.858300
 308.000000 -1.249720 0.671957 -1.145595 -1.181865 -0.970359
 309.000000 -0.998203 0.435687 -1.288413 -0.480524 -1.498858
 310.000000 -1.265186 0.675087 -1.528854 -0.337763 -1.448535
 311.000000 -1.463769 0.632751 -1.054175 -0.653420 -1.471806
 312.000000 -1.334951 0.900847 -0.923958 0.368373 -1.570383
 313.000000 -1.352128 0.747171 -1.077217 -1.087174 -1.242989
 314.000000 -1.349885 -1.040089 -1.438280 -1.067015 -1.087607
 315.000000 -0.991510 0.978535 -1.278487 -0.458109 -1.343776
 316.000000 -1.258412 0.758975 -1.321412 0.411031 -1.410898
 317.000000 -1.208630 0.872581 -0.941495 -0.806520 -1.220932
 318.000000 -1.554778 0.760299 -1.224292 -0.833790 -1.556833
 319.000000 -1.340638 -0.814394 -1.107239 1.087045 -1.003386
 320.000000 -1.289323 0.863303 -1.260061 -1.062468 -1.310743
 321.000000 -1.418598 0.938718 -1.195546 -1.077864 -1.485383
 322.000000 -1.169963 0.768948 -1.149916 -1.267727 -1.556915
 323.000000 -1.164939 0.879866 -1.232745 -1.191906 -3.066437
 324.000000 -1.101096 0.812451 -1.294036 -1.128386 3.002029
 325.000000 -1.240751 0.775694 -0.969641 -0.753737 3.024871
 326.000000 -0.919519 0.466002 -1.219209 -1.132896 -3.069010
 327.000000 -1.325615 0.604690 -0.924367 -0.756403 -2.845335
 328.000000 -1.451081 0.590054 -1.156151 -0.866263 -3.099353
 329.000000 -1.327164 0.888112 -1.080119 -1.097868 3.103774
 330.000000 -1.230337 0.836114 -1.007380 -0.968594 -2.962989
 331.000000 -1.359968 0.428065 -1.158173 -1.874181 3.115360
 332.000000 -0.935891 0.640704 -1.211698 -1.136484 -3.135349
 333.000000 -1.159296 0.381843 -1.136164 -0.986284 -3.040671
 334.000000 -1.267802 0.685929 -1.277631 -1.274350 -2.924596
 335.000000 -1.569191 0.614316 -1.113335 -1.532724 -2.926457
 336.000000 -1.345727 0.627099 -1.101943 -0.763660 -3.075698
 337.000000 -1.345656 -0.857292 -1.095961 0.499080 3.057648
 338.000000 -1.424317 0.804262 -1.285102 -1.057220 -3.027746
 339.000000 -0.971425 -0.111355 -1.360287 -1.183434 2.914570
 340.000000 -1.136750 -0.481952 -1.263587 -0.981176 -2.662930
 341.000000 -1.558296 -0.707475 -1.269176 -0.695008 -2.737212
 342.000000 -1.372913 0.944606 -1.169303 -0.789427 -2.909624
 343.000000 -1.144957 0.654815 -1.173794 -0.863106 2.844097
 344.000000 -1.397693 0.554619 -1.076009 -0.797238 3.064953
 345.000000 -1.064508 0.689512 -1.206980 -1.238381 -2.937173
 346.000000 -1.189128 0.734860 -0.874777 -1.003495 3.083376
 347.000000 -1.340387 0.713792 -1.096267 -1.166969 -2.871028
 348.000000 -1.068061 0.852097 -1.032620 -1.191712 -3.085554
 349.000000 -1.463356 0.837980 -1.400506 -0.796725 -2.894096
 350.000000 -1.352521 0.850923 -1.326440 -1.035349 2.804731
 351.000000 -1.220966 0.973996 -1.042527 -1.095215 -3.108667
 352.000000 -1.209307 0.873797 -1.054972 -1.214921 3.089264
 353.000000 -1.305161 0.708626 -1.330325 -1.045295 -2.754793
 354.000000 -1.215062 1.036316 -1.349085 -1.300141 3.016273
 355.000000 -0.990388 0.075698 -1.064627 -0.532304 3.020777
 356.000000 -1.169956 1.030763 -1.067288 -1.041453 -3.045359
 357.000000 -1.625080 0.517883 -1.503001 -1.306207 -2.989533
 358.000000 -1.216411 0.878273 -1.379999 -1.013541 2.941676
 359.000000 -1.074685 1.080901 -1.166001 0.477381 2.901245
 360.000000 -1.024153 0.922523 -1.207578 0.213264 3.015346
 361.000000 -1.112698 0.750719 -0.922745 -1.335345 2.786784
 362.000000 -1.324427 0.877151 -1.203206 -1.110078 -2.855507
 363.000000 -1.111147 0.804850 -0.884936 -0.895648 -3.081604
 364.000000 -1.251851 0.733447 -1.123854 -1.168385 -2.719621
 365.000000 -1.141960 0.481347 -1.284111 -1.063667 3.048610
 366.000000 -1.237492 0.947366 -1.354865 -0.978688 2.965813
 367.000000 -1.390664 -0.465647 -1.103805 -0.909955 3.123884
 368.000000 -1.055626 -0.430291 -1.163618 -1.293422 -3.135524
 369.000000 -1.336468 -0.636984 -1.218298 -0.807092 -3.041188
 370.000000 -1.304857 0.691585 -1.132416 -1.046026 2.924917
 371.000000 -1.346033 0.615475 -0.911752 -1.180669 3.103854
 372.000000 -1.382809 0.387232 -1.041942 -1.175576 -2.998283
 373.000000 -1.449836 0.702818 -1.104218 -0.912134 2.911751
 374.000000 -1.230177 0.633690 -0.865144 -0.935479 -2.948324
 375.000000 -1.287481 0.691716 -1.387652 -0.958989 3.003992
 376.000000 -1.079983 0.889575 -1.064516 -0.902229 2.993423
 377.000000 -1.268779 0.792115 -1.235404 -1.143361 3.076804
 378.000000 -1.109553 -0.465612 -1.215244 -0.990564 2.963110
 379.000000 -1.215936 0.393302 -1.118207 -1.241024 -2.940309
 380.000000 -1.162076 0.766332 -1.315301 -0.981407 -3.000796
 381.000000 -1.261276 0.679078 -1.204869 -1.319431 -3.041669
 382.000000 -0.795180 1.231711 -1.206097 -1.236148 3.113215
 383.000000 -1.143380 0.958702 -1.142057 -0.925069 -2.925052
 384.000000 -1.323071 0.948413 -0.922971 -0.947616 -2.978165
 385.000000 -0.874851 1.230734 -0.953421 -0.897760 -3.056896
 386.000000 -0.912846 0.906392 -1.159033 -0.853303 2.879436
 387.000000 -1.038589 0.702061 -0.824910 -0.835552 -3.134340
 388.000000 -0.958944 0.865799 -1.229835 -1.065534 -2.846779
 389.000000 -0.716609 1.014036 -0.894079 -0.959728 2.954341
 390.000000 -0.905808 0.655500 -1.281135 0.865834 3.008278
 391.000000 -1.150238 0.633101 -1.592373 -0.205359 3.106363
 392.000000 -0.884299 1.058538 -0.998405 0.560994 3.104637
 393.000000 -1.352531 0.798980 -1.133065 -0.898778 2.988386
 394.000000 -1.107338 0.781290 -1.151705 0.948320 -3.103228
 395.000000 -1.070866 1.031358 -1.241535 -1.422906 3.103155
 396.000000 -0.905438 0.873014 -1.309171 -1.212282 -3.117071
 397.000000 -1.099412 0.705776 -1.136890 -1.049370 -2.962097
 398.000000 -1.195124 0.385177 -1.253585 -1.170648 -2.853372
 399.000000 -1.088914 0.337686 -1.149164 -1.077229 -2.991396
 400.000000 -1.374824 0.683406 -0.945769 -1.308788 -2.723844
 401.000000 -1.185563 0.868676 -0.960663 -1.064749 2.827824
 402.000000 -1.134591 0.628510 -1.166404 -0.970692 2.878311
 403.000000 -1.118528 1.058707 -1.156443 -1.232493 3.004641
 404.000000 -1.498066 0.971209 -0.756309 -0.967504 -3.139627
 405.000000 -1.160347 0.674085 -1.160916 -0.850136 -2.933798
 406.000000 -1.066929 0.363182 -1.136881 -0.535086 -3.058474
 407.000000 -1.193545 0.333182 -1.267914 -0.845223 -1.667417
 408.000000 -1.106615 0.648664 -1.357793 -0.949597 -1.233449
 409.000000 -1.306406 0.709091 -1.133447 -1.198595 -1.592939
 410.000000 -1.030255 0.109383 -1.071397 -1.030834 -1.438645
 411.000000 -1.210264 0.706388 -1.122350 -0.915656 -1.335685
 412.000000 -0.992951 0.580888 -1.472781 -0.805878 -1.311251
 413.000000 -1.296084 0.235998 -1.117425 -1.117259 -1.628787
 414.000000 -1.073668 0.774499 -1.355213 -0.940521 -1.189027
 415.000000 -1.369111 0.688453 -0.981580 -0.835132 -1.358147
 416.000000 -1.171958 0.496689 -1.260328 -1.004110 -1.415264
 417.000000 -1.359605 0.943646 -0.952556 -1.357104 -1.637730
 418.000000 -1.407504 0.441931 -1.260482 -0.143159 -1.465955
 419.000000 -1.127901 0.340409 -0.885842 -0.914000 -1.418607
 420.000000 -1.022705 0.911531 -1.330307 -1.217842 -1.466145
 421.000000 -1.235846 0.595715 -1.197205 -0.954754 -1.243593
 422.000000 -1.108878 0.674743 -1.010512 -1.496601 -1.212873
 423.000000 -1.018419 0.781939 -1.256342 -1.158525 -1.418884
 424.000000 -1.331905 0.926496 -1.194503 -0.890161 -1.624048
 425.000000 -1.138992 1.036293 -1.005579 0.710938 -1.677146
 426.000000 -1.544417 0.440230 -1.046765 0.650441 -1.010770
 427.000000 -1.085805 0.944657 -1.203354 1.013668 -1.403316
 428.000000 -1.232111 0.648629 -1.170733 -1.507163 -1.434678
 429.000000 -1.424218 0.376168 -1.354914 -1.074536 -1.209476
 430.000000 -1.247961 0.687118 -1.301852 -0.913192 -1.433121
 431.000000 -1.168119 0.850030 -1.057492 -0.686676 -1.425020
 432.000000 -1.266539 0.855450 -1.101513 -1.154594 -1.121585
 433.000000 -1.383359 0.811350 -1.324320 -1.175650 -1.426412
 434.000000 -1.175389 0.115168 -1.275511 -1.279336 -1.515381
 435.000000 -1.007637 0.702811 -1.020662 -1.278477 -1.424321
 436.000000 -0.978415 0.755804 -1.554179 0.265672 -1.255652
 437.000000 -1.103754 0.450501 -1.349625 -0.982341 -1.575050
 438.000000 -1.186322 0.708867 -1.489896 0.661891 -1.642282
 439.000000 -1.507203 0.636230 -1.192702 -1.008305 -1.883831
 440.000000 -1.093453 0.939342 -1.495824 -1.173326 -1.366440
 441.000000 -0.784068 0.659905 -1.163806 -0.921646 -1.377923
 442.000000 -1.539206 0.613294 -1.270834 -0.014975 -1.448980
 443.000000 -1.376981 0.681806 -1.232501 -1.200448 -1.478057
 444.000000 -0.978057 0.710266 -1.342692 -1.093255 -1.356965
 445.000000 -0.830174 0.697586 -1.410504 1.324771 -1.208704
 446.000000 -0.851291 -0.416966 -1.264939 -0.985345 -1.434477
 447.000000 -1.200635 0.731876 -1.247058 -1.060237 -1.387316
 448.000000 -1.156291 0.431696 -1.393782 0.766760 -1.246212
 449.000000 -1.069863 0.756527 -1.205761 0.690659 -1.264648
 450.000000 -1.014711 0.284179 -1.095214 0.568608 -1.553729
 451.000000 -1.051826 0.331396 -1.171618 -0.883718 -1.315284
 452.000000 -1.262329 0.495216 -1.428778 -0.668369 -1.423018
 453.000000 -0.919597 0.536181 -1.144504 -0.554936 -1.373306
 454.000000 -1.177302 0.937642 -0.839995 -0.664234 -1.432961
 455.000000 -1.169918 0.692378 -1.375092 -1.104465 -1.337165
 456.000000 -1.143093 0.636706 -0.931202 0.443066 -1.652462
 457.000000 -0.984484 0.615288 -1.101587 0.278333 -1.077312
 458.000000 -1.367549 0.946058 -1.112207 0.606871 -1.454296
 459.000000 -1.226388 0.634141 -1.275468 0.456417 -1.281682
 460.000000 -1.148035 0.726446 -1.180571 0.356367 -1.229761
 461.000000 -0.944300 0.798948 -1.291390 0.573150 -1.541044
 462.000000 -1.245172 0.475462 -1.239755 -1.294711 -1.361259
 463.000000 -0.988477 0.768026 -1.135426 0.428072 -1.491961
 464.000000 -1.044154 0.500615 -1.185974 0.313435 -1.466142
 465.000000 -1.225442 0.711751 -1.065622 -1.110355 -1.339177
 466.000000 -1.101727 0.603124 -1.236190 -1.281610 -1.530981
 467.000000 -1.123882 0.954153 -1.036050 -0.740029 -1.363123
 468.000000 -1.426165 0.460030 -1.213941 -1.156118 -1.232887
 469.000000 -1.245711 0.693928 -1.021538 -1.046890 1.336910
 470.000000 -0.944819 0.633335 -1.272619 -1.134313 1.024463
 471.000000 -1.109797 0.156081 -1.092934 -0.867582 1.219313
 472.000000 -0.898310 0.420514 -1.378012 -0.989290 -3.134085
 473.000000 -1.034636 0.474986 -1.235729 -0.757773 -3.016897
 474.000000 -1.104230 0.632841 -1.203159 -0.839666 3.117900
 475.000000 -0.880725 0.680734 -1.468504 -0.999079 -2.961325
 476.000000 -1.266572 0.714156 -1.436536 0.371598 3.128451
 477.000000 -1.302962 0.423183 -1.219957 -1.209829 -3.030888
 478.000000 -1.374546 0.704533 -1.397537 -1.234709 -2.991328
 479.000000 -1.447261 0.685968 -1.113278 -1.132179 -3.140810
 480.000000 -0.995971 0.698152 -0.795088 -1.017399 -3.055105
 481.000000 -1.100963 0.487686 -1.109626 -0.762595 -3.036414
 482.000000 -1.323153 0.702965 -1.319242 -0.752195 -3.054131
 483.000000 -1.189201 1.035472 -1.010602 -1.241888 -3.102599
 484.000000 -1.250261 0.608982 -0.990750 -1.280448 2.657487
 485.000000 -0.941394 0.898563 -1.366733 -0.950357 -2.466065
 486.000000 -1.278378 0.787050 -1.344446 -1.244723 -2.837311
 487.000000 -1.341370 0.579873 -1.142303 -1.098289 3.030283
 488.000000 -1.137307 0.455283 -1.419055 -0.698273 -2.939534
 489.000000 -1.174932 0.400195 -1.488855 -1.339451 -3.040031
 490.000000 -1.321503 0.517329 -1.432897 -0.819273 2.993299
 491.000000 -0.889467 0.318818 -1.222653 0.836051 -2.998692
 492.000000 -1.274042 0.753544 -1.099988 -0.499780 -3.096934
 493.000000 -1.270663 0.799941 -1.495559 0.836182 -3.040298
 494.000000 -1.155569 0.834110 -1.301214 -1.413960 -3.040951
 495.000000 -1.207092 0.965307 -1.041404 0.373344 3.073014
 496.000000 -1.256867 0.773472 -1.342733 -1.096579 -2.906523
 497.000000 -0.859644 0.697918 -1.089230 0.509691 2.977738
 498.000000 -1.199213 0.783514 -1.132741 0.526971 2.882239
 499.000000 -1.234610 0.664437 -0.817716 0.807659 -3.056917
 500.000000 -1.067130 1.155467 -1.426635 -0.477230 -3.101028
 501.000000 -0.951594 0.540354 -1.073107 1.000450 -3.018100
 502.000000 -0.887489 0.543929 -0.951982 -0.722610 2.943532
 503.000000 -1.064536 0.587242 -0.977753 0.500616 -3.099598
 504.000000 -1.087994 0.737304 -1.316682 -0.911547 -3.123196
 505.000000 -1.299092 0.599098 -1.462397 -0.936137 3.041756
 506.000000 -1.415094 0.905208 -1.183875 0.246347 -3.136830
 507.000000 -1.051087 0.419484 -1.302984 -0.520908 -2.887354
 508.000000 -1.296306 -0.377830 -1.093252 0.026043 -2.891645
 509.000000 -0.818773 0.961974 -1.159176 -1.161169 3.050183
 510.000000 -1.123820 0.719075 -1.340818 -0.998226 3.015538
 511.000000 -1.492210 0.921695 -1.147413 -1.152041 -3.039958
 512.000000 -1.287084 0.919145 -1.388912 -0.848766 3.032134
 513.000000 -1.104230 0.306077 -1.438446 -1.448830 -3.020224
 514.000000 -1.150002 1.042108 -1.028878 -0.833604 2.690529
 515.000000 -1.224301 1.087398 -1.255765 0.298979 2.986316
 516.000000 -0.691828 1.121943 -1.163403 0.937459 3.096430
 517.000000 -1.194550 0.878818 -1.072728 -1.154718 2.948317
 518.000000 -1.079531 0.613992 -1.125770 -1.078235 3.029509
 519.000000 -1.039031 0.787824 -1.163910 -0.950555 3.126663
 520.000000 -0.975394 0.854076 -1.184807 0.539898 -2.865254
 521.000000 -0.894463 0.791648 -1.530686 -1.203790 -2.832474
 522.000000 -1.042092 0.970118 -1.162132 -1.041306 3.052965
 523.000000 -0.899435 0.874168 -1.330771 -0.911682 -3.099522
 524.000000 -1.033022 0.456719 -1.324882 -1.084416 -2.974289
 525.000000 -1.033668 0.485148 -1.329118 -1.030053 2.886015
 526.000000 -1.066340 0.936319 -1.205904 -1.047119 -3.085664
 527.000000 -1.218383 1.456328 -0.949427 -0.935824 -3.079731
 528.000000 -1.126718 0.623995 -1.112800 1.154261 -3.098486
 529.000000 -1.446903 0.882726 -0.933968 -1.212975 -2.993689
 530.000000 -0.858026 0.751490 -1.008305 -0.833850 -2.992851
 531.000000 -0.935345 0.850656 -1.339516 0.066700 -2.828570
 532.000000 -0.960760 0.918308 -1.294164 -0.622777 -3.114674
 533.000000 -1.151029 0.977327 -1.376978 -1.111958 -3.113643
 534.000000 -1.371770 0.918380 -1.426330 -1.212043 -3.066815
 535.000000 -1.047732 0.890039 -1.400932 -1.044572 3.002124
 536.000000 -0.912657 1.091195 -1.184503 -0.834190 3.095968
 537.000000 -1.394487 0.856667 -1.344935 -0.879271 3.051139
 538.000000 -1.405646 0.585009 -1.259631 -1.221068 -2.876714
 539.000000 -0.993858 0.698288 -0.971182 -0.774417 -2.989385
 540.000000 -1.400504 0.838524 -1.278062 -1.085402 3.020054
 541.000000 -1.559110 0.628795 -1.150259 -0.742079 -2.831144
 542.000000 -1.241885 0.613399 -1.081924 -0.980724 3.031859
 543.000000 -1.018259 0.752749 -1.199372 -0.950629 -3.130778
 544.000000 -1.169703 1.028340 -1.319309 -1.212036 3.119985
 545.000000 -1.070452 0.648268 -1.037608 -0.871519 3.076069
 546.000000 -1.081858 0.389184 -0.914710 -0.840942 -2.940786
 547.000000 -1.119609 0.763511 -1.235543 -0.758379 -2.976473
 548.000000 -1.535193 0.392661 -1.033501 -0.905077 3.141590
 549.000000 -0.773311 0.352661 -1.115857 -1.023376 -3.098599
 550.000000 -0.922242 0.418014 -1.149101 -1.279972 -3.103248
 551.000000 -1.237740 -0.618852 -1.091996 -0.898725 -2.926862
 552.000000 -1.326139 0.637060 -1.145076 -1.186968 -3.020450
 553.000000 -1.096430 0.469761 -1.293962 -1.156318 -3.115862
 554.000000 -0.989241 0.622546 -0.980320 -1.141283 3.137931
 555.000000 -0.994470 0.437299 -1.116071 -0.840531 3.139025
 556.000000 -1.303658 0.546868 -1.593626 -1.304206 -3.103248
 557.000000 -1.149661 0.447847 -1.551180 -1.308537 -2.827012
 558.000000 -1.005976 0.471306 -1.307999 -1.176305 3.134329
 559.000000 -1.207435 0.490268 -1.081584 -1.174954 -3.050766
 560.000000 -1.212929 0.661470 -1.301171 -1.265167 -2.933831
 561.000000 -1.072993 0.590795 -1.296711 -1.108897 -3.133410
 562.000000 -1.000707 0.829743 -1.197440 -1.053747 -3.047396
 563.000000 -1.203864 0.721495 -1.163242 -1.102774 -3.054090
 564.000000 -1.026661 0.806907 -0.829103 -1.011397 2.920300
 565.000000 -1.406196 0.888612 -1.130807 -0.893823 -2.919738
 566.000000 -1.348201 0.807641 -1.446991 -1.189326 -3.076197
 567.000000 -1.267913 0.874868 -1.503266 -0.846716 3.076239
 568.000000 -1.123104 0.694877 -1.400891 -1.238818 3.112245
 569.000000 -0.834256 0.998006 -1.153600 -1.081138 3.032635
 570.000000 -0.951922 1.052157 -0.975765 -1.076371 -3.139461
 571.000000 -1.096798 0.990652 -0.922378 -0.914714 -3.033383
 572.000000 -1.084631 0.540831 -1.173060 -0.989665 -3.014333
 573.000000 -1.148672 0.627341 -1.171553 -0.204733 -3.095076
 574.000000 -1.027406 1.101665 -1.076127 -1.071146 -3.128636
 575.000000 -0.853219 0.915215 -1.500230 -1.210845 2.939508
 576.000000 -1.333042 0.809543 -0.755071 -0.863468 -3.043509
 577.000000 -1.343497 0.854014 -1.367142 -0.886751 -2.969063
 578.000000 -1.400192 0.824989 -1.313656 -0.993991 3.077741
 579.000000 -1.181816 0.763480 -1.163542 -0.750693 -3.106799
 580.000000 -1.157630 0.629451 -1.120524 1.105323 -3.045100
 581.000000 -1.315371 0.818891 -1.093731 -1.232693 -3.129042
 582.000000 -1.325651 1.042809 -0.865471 -0.905124 -3.098245
 583.000000 -1.162096 0.658243 -1.131973 -1.021449 -3.037404
 584.000000 -1.180335 0.493687 -1.158224 -1.021939 2.952558
 585.000000 -1.165035 0.764386 -1.407458 -1.016296 3.140436
 586.000000 -0.934407 0.517998 -1.702120 -0.859272 2.885731
 587.000000 -1.382276 0.495422 -0.888826 -0.891701 -3.131064
 588.000000 -1.271083 0.958011 -1.104845 -1.075052 -3.050388
 589.000000 -1.094880 0.862175 -1.200210 -1.231342 -3.033319
 590.000000 -0.951971 0.747844 -1.246520 -0.978245 2.994305
 591.000000 -1.213690 0.896054 -1.261291 -0.825260 -2.989276
 592.000000 -0.873052 1.082430 -1.364890 -1.358924 -2.841637
 593.000000 -1.081723 0.884242 -1.252810 -0.556874 -3.110517
 594.000000 -1.057582 0.690882 -1.473052 -0.794613 -2.822619
 595.000000 -1.426188 0.782809 -0.923362 -1.098926 3.079315
 596.000000 -1.217167 0.754608 -1.435897 -0.874427 -3.029360
 597.000000 -1.138634 1.007963 -1.164690 -0.953356 -2.934941
 598.000000 -1.182872 0.831601 -1.252936 -0.592225 -2.764433
 599.000000 -1.241632 0.737873 -1.074489 -0.878874 -3.068289
 600.000000 -1.337466 0.343284 -1.184609 -0.946311 -2.924246
 601.000000 -1.247489 0.989948 -1.030102 -0.730739 2.923541
 602.000000 -0.977281 0.372276 -1.147743 -0.842135 3.001848
 603.000000 -1.277153 0.879405 -1.273752 -0.658749 -3.127643
 604.000000 -0.971907 0.669524 -1.424680 0.127026 2.889556
 605.000000 -1.399119 -0.314696 -1.369604 -0.748501 -3.057806
 606.000000 -1.372713 0.539417 -1.135106 -1.045727 -2.941251
 607.000000 -1.248092 0.779603 -1.112602 -1.018889 -2.977420
 608.000000 -0.988346 0.070272 -1.429680 -1.071903 -2.986035
 609.000000 -1.532418 0.596804 -1.152038 -0.865701 -2.907209
 610.000000 -1.162411 0.745992 -1.021960 -0.959937 3.107261
 611.000000 -1.152737 0.595915 -1.135346 -1.021443 -3.134102
 612.000000 -1.360957 1.072346 -1.185119 -1.676920 2.899946
 613.000000 -1.220677 1.006856 -1.191786 -1.137191 -2.886602
 614.000000 -1.095251 0.831479 -1.268359 -0.934618 3.138125
 615.000000 -1.329491 0.754095 -1.336866 -0.700962 3.093344
 616.000000 -1.306703 -0.356680 -1.176830 -0.889311 2.909190
 617.000000 -1.185548 0.855274 -1.054353 -0.739081 3.138912
 618.000000 -1.118479 0.613042 -1.058362 -1.194888 -2.903319
 619.000000 -0.985600 0.864607 -1.005570 -1.271932 3.141591
 620.000000 -1.206365 0.730323 -1.316736 -0.936778 -2.909067
 621.000000 -0.976376 0.915020 -1.230123 -0.879933 -2.975656
 622.000000 -1.218382 0.735772 -1.185626 -1.351169 -2.983676
 623.000000 -0.991558 0.924747 -1.245542 -0.985468 -2.884651
 624.000000 -1.190559 0.691659 -1.217550 -1.066635 -2.923609
 625.000000 -1.035812 0.939639 -1.072278 -1.142298 -2.989000
 626.000000 -0.849169 0.368544 -1.568979 -0.900339 3.102838
 627.000000 -1.029496 -0.533929 -1.232908 -1.070676 -3.045048
 628.000000 -1.119352 0.968534 -1.085523 -0.876945 3.021332
 629.000000 -1.107747 0.686512 -1.375887 -0.942366 3.049233
 630.000000 -1.263941 -0.286974 -1.047209 -0.980545 -3.093461
 631.000000 -1.352339 0.695629 -1.235548 -1.319015 3.064808
 632.000000 -1.249295 1.078378 -0.991260 0.414568 3.031229
 633.000000 -1.184227 0.776441 -1.077458 1.066828 2.937741
 634.000000 -1.629480 0.956143 -0.930860 0.849427 -3.069278
 635.000000 -1.410682 0.677213 -1.106179 1.209353 3.091964
 636.000000 -1.076715 1.091236 -0.944563 1.268132 2.994473
 637.000000 -1.310388 -1.142505 -1.552326 -0.923586 3.061889
 638.000000 -1.273751 0.755907 -1.178399 0.358308 -3.052305
 639.000000 -1.346352 0.754589 -1.225282 -0.796090 -2.862605
 640.000000 -1.345186 0.515893 -1.158289 0.933471 -3.079009
 641.000000 -1.545534 0.496783 -1.275440 0.327654 -3.018606
 642.000000 -1.307678 0.635847 -1.010392 -0.741532 3.004092
 643.000000 -1.409752 0.655965 -0.959516 0.517372 2.875098
 644.000000 -1.168179 0.953165 -1.116311 1.130486 3.076184
 645.000000 -1.446120 0.554065 -1.376286 -1.131837 3.000329
 646.000000 -1.536610 1.005616 -1.176279 -0.915265 -3.094074
 647.000000 -0.928800 0.818140 -1.324043 -0.853287 -2.742675
 648.000000 -1.233571 0.534032 -1.266992 -1.078790 3.129123
 649.000000 -1.421835 0.781327 -1.223293 -1.114757 -3.128702
 650.000000 -1.282858 0.688395 -1.107618 -1.004896 3.026044
 651.000000 -1.075204 0.646452 -1.389474 -0.963507 2.986091
 652.000000 -1.435879 -0.277078 -0.910344 -1.271179 3.069570
 653.000000 -1.059064 0.593754 -1.232946 -0.773429 -2.931246
 654.000000 -0.884492 0.709041 -1.097166 0.806092 3.014233
 655.000000 -1.142735 0.749635 -1.319491 -0.877878 -3.056785
 656.000000 -0.929211 0.958040 -0.978306 -1.259223 -3.046752
 657.000000 -1.155623 -0.505953 -1.028922 -0.353452 -2.916790
 658.000000 -1.044121 0.979964 -1.337377 1.513329 -2.903107
 659.000000 -1.288120 -0.411757 -1.193372 -0.943504 3.107159
 660.000000 -0.703132 1.221940 -1.213347 -1.428256 -3.071252
 661.000000 -1.006740 0.874716 -1.282070 -0.831829 -3.088185
 662.000000 -1.353689 0.341488 -1.227931 -0.984282 3.104752
 663.000000 -1.455018 0.720911 -1.270313 -1.216609 3.014161
 664.000000 -1.400888 0.790375 -0.891317 -1.319080 3.031696
 665.000000 -1.246322 0.759681 -1.083128 -1.113770 -2.916768
 666.000000 -1.228369 0.826096 -1.494064 -0.917277 -2.915515
 667.000000 -1.219826 0.720484 -1.101127 -0.192540 2.942504
 668.000000 -0.881258 0.712976 -1.509327 -1.092255 2.939145
 669.000000 -1.354924 0.593686 -1.212610 -0.958904 -3.008316
 670.000000 -1.363953 -0.674310 -1.188426 0.894613 2.879203
 671.000000 -1.280285 -0.743644 -1.176858 -0.168068 -1.445088
 672.000000 -1.360832 -0.838219 -1.054510 -0.177440 -1.764483
 673.000000 -1.352276 -0.584011 -1.404469 0.554496 -1.529711
 674.000000 -1.339450 -0.924438 -1.144049 0.607094 -1.186642
 675.000000 -1.108059 -0.688238 -1.138896 -1.068084 -1.496480
 676.000000 -1.155818 0.908232 -1.368978 0.779848 -1.564221
 677.000000 -1.152400 -0.708926 -0.846602 -1.003530 -1.180917
 678.000000 -0.907009 -0.886204 -1.281043 -0.804667 -1.901467
 679.000000 -1.383272 -0.626647 -1.280234 -1.175943 -3.072236
 680.000000 -1.209571 -0.577834 -1.375975 -0.753724 3.034768
 681.000000 -1.157847 -0.612338 -0.973458 -1.258011 2.884478
 682.000000 -1.104431 0.690791 -1.097260 -0.367367 -3.050704
 683.000000 -1.107919 -0.974317 -1.289777 -1.027988 -2.898518
 684.000000 -1.618423 -0.847223 -1.095097 0.510069 -3.071429
 685.000000 -1.338369 -0.818412 -0.998042 0.054378 3.007768
 686.000000 -1.281403 0.971762 -1.149873 -0.994434 -2.823100
 687.000000 -1.322234 0.796803 -1.312708 -1.025340 -2.882294
 688.000000 -1.587542 0.569693 -2.961351 -0.999902 -3.094307
 689.000000 -1.176358 0.637943 -1.129041 -0.218279 3.138776
 690.000000 -0.982488 0.880543 -1.439844 -0.692876 -3.017231
 691.000000 -1.163517 0.424100 -1.007052 -1.148090 2.967130
 692.000000 -1.051867 0.891012 -1.116894 -1.308730 3.099252
 693.000000 -1.065715 0.655739 -1.494142 -0.769889 -3.070291
 694.000000 -1.272508 0.749701 -1.205242 -0.936102 -2.995227
 695.000000 -1.442824 -0.382663 -1.141445 1.594775 -3.010179
 696.000000 -0.993229 -0.507049 -1.360796 1.080336 -3.053951
 697.000000 -1.075005 -0.472263 -1.212590 -1.365013 -3.138495
 698.000000 -1.456696 -0.337891 -1.003535 -0.913053 -3.138785
 699.000000 -1.367451 -0.218778 -1.173523 0.100673 -2.848019
 700.000000 -0.987054 1.038225 -1.275089 0.402700 2.926731
 701.000000 -1.237873 0.896054 -1.200628 -1.047342 2.819296
 702.000000 -1.073040 -0.362550 -1.061540 -1.069301 -2.920280
 703.000000 -0.998520 -0.914724 -1.312172 -0.518952 2.973300
 704.000000 -1.480286 0.712990 -0.917468 0.200837 3.013084
 705.000000 -1.362062 -0.676863 -0.945004 -0.301057 -3.072238
 706.000000 -1.404039 -0.582954 -1.016826 -1.015327 -2.909758
 707.000000 -1.230832 -0.443313 -1.200907 0.673364 3.013261
 708.000000 -1.196378 -0.136099 -1.138746 -0.935485 -2.862280
 709.000000 -1.498710 0.623689 -1.200420 0.820859 3.069967
 710.000000 -1.132689 1.166059 -1.243452 0.343971 -3.138567
 711.000000 -1.270510 0.652170 -1.190292 -1.018524 3.104806
 712.000000 -1.330301 0.583894 -1.152034 -0.864647 -1.449378
 713.000000 -0.971624 -0.628125 -1.250357 0.676642 -1.218551
 714.000000 -1.045746 0.700897 -1.044482 0.983498 -1.278562
 715.000000 -0.845013 0.753895 -1.018084 0.646758 -1.514723
 716.000000 -0.919535 0.623263 -1.195349 0.430467 -1.366386
 717.000000 -1.256370 0.700851 -1.086627 -1.183027 -1.453773
 718.000000 -1.099581 0.465794 -0.967318 0.707346 -1.229197
 719.000000 -1.053319 0.359634 -1.312623 -1.085877 -1.286775
 720.000000 -0.842947 0.556934 -1.279335 -0.024143 -1.151465
 721.000000 -1.163137 0.964265 -1.307760 -0.901714 -1.137751
 722.000000 -1.261519 0.972750 -1.281433 1.380184 -1.125978
 723.000000 -0.980296 0.785402 -1.238329 1.193754 -1.462994
 724.000000 -0.729257 0.893574 -1.083263 -0.972965 -1.439521
 725.000000 -1.164985 0.790740 -1.054821 0.825661 -1.421574
 726.000000 -1.375120 0.410189 -0.612871 -0.503079 -1.457763
 727.000000 -1.314537 -0.333134 -1.179625 -1.217515 -1.595499
 728.000000 -1.355707 -0.473596 -1.296029 -0.975151 -2.001359
 729.000000 -1.558999 -0.325321 -1.153283 1.024425 -1.482571
 730.000000 -1.436775 0.536393 -1.153659 0.927726 -1.819991
 731.000000 -1.436207 0.868532 -1.011591 0.577800 -1.578291
 732.000000 -1.179659 0.393800 -1.161613 -0.958617 -1.410514
 733.000000 -1.213504 0.877422 -0.894028 1.168736 -1.595582
 734.000000 -1.271142 0.380042 -0.870982 0.933698 -1.125664
 735.000000 -1.190749 0.946569 -0.995099 -1.239841 -1.369429
 736.000000 -1.366607 0.635132 -1.150533 -1.293808 -1.243717
 737.000000 -1.438430 0.534067 -1.236220 -0.815489 -1.505650
 738.000000 -1.135200 -0.861411 -0.979556 0.727665 -0.969244
 739.000000 -1.342413 -0.374491 -1.212578 0.296869 -1.712659
 740.000000 -1.148956 0.794998 -0.859528 -1.402892 -1.417623
 741.000000 -0.950640 -0.523585 -1.106398 -1.102514 -1.708935
 742.000000 -1.251499 -0.491790 -0.942064 -1.178062 -1.146196
 743.000000 -1.079145 0.864826 -0.904343 0.380848 2.885830
 744.000000 -1.314320 0.658182 -1.154251 0.133897 -1.339217
 745.000000 -1.338470 0.528620 -1.252171 -1.069647 -1.481907
 746.000000 -1.019276 1.274404 -1.269235 0.784606 -3.085504
 747.000000 -1.426589 -0.642140 -1.206550 -1.160879 -2.921471
 748.000000 -1.098447 -0.539929 -1.299699 -1.122464 -3.002645
 749.000000 -1.389213 -0.366525 -0.988307 -1.095743 2.961305
 750.000000 -1.328948 -0.490956 -1.077084 -0.592508 3.100696
 751.000000 -1.194754 -0.273008 -1.396452 -1.116574 3.020992
 752.000000 -1.134227 0.571265 -1.327979 -1.006348 3.041222
 753.000000 -1.066765 0.717736 -0.919208 -1.057243 3.127549
 754.000000 -1.408404 0.964947 -1.281469 -1.151242 2.854368
 755.000000 -1.287866 0.580329 -0.903370 -1.034941 -3.116496
 756.000000 -0.973194 0.977403 -1.294380 -0.937372 -3.140961
 757.000000 -1.120770 0.673436 -1.076541 -1.150194 2.954975
 758.000000 -1.256871 0.359802 -1.061359 -1.318305 2.990256
 759.000000 -1.452819 0.691194 -1.263632 -0.861582 2.974119
 760.000000 -1.224521 0.786218 -0.954650 0.614214 3.065854
 761.000000 -1.135780 0.819484 -1.308883 -1.082164 -3.067210
 762.000000 -1.125937 1.089885 -1.147419 -1.028618 -3.022387
 763.000000 -1.111237 0.888271 -1.344810 1.031932 -3.036052
 764.000000 -0.749037 0.437321 -1.247086 0.059667 -3.099200
 765.000000 -1.273687 0.681890 -1.030093 -0.571607 3.079370
 766.000000 -1.126534 0.753900 -1.202687 0.048466 -3.037566
 767.000000 -1.429568 0.849743 -1.115068 -1.245188 -3.010422
 768.000000 -1.286492 0.686770 -0.940038 -0.922027 -3.107321
 769.000000 -1.389587 -0.420593 -0.961601 -0.269320 -2.941732
 770.000000 -0.909230 1.041908 -1.293597 -0.811673 -3.035486
 771.000000 -1.204907 0.685392 -1.279336 -1.089270 -3.101067
 772.000000 -0.907815 0.871742 -0.894029 -0.703086 2.826719
 773.000000 -1.525293 0.576023 -0.813425 1.508737 3.049530
 774.000000 -1.184327 0.502598 -1.202135 -1.093053 2.929381
 775.000000 -1.412177 0.876543 -1.328291 1.107657 2.916662
 776.000000 -1.202061 0.769468 -1.123151 -1.226151 -3.123637
 777.000000 -1.379027 0.598996 -1.157551 0.424494 -3.055498
 778.000000 -1.250846 0.667035 -1.288316 -1.309246 -3.047864
 779.000000 -0.794063 0.888887 -1.441980 -1.347809 -3.088997
 780.000000 -1.200548 0.756311 -1.295643 0.596139 2.994307
 781.000000 -1.006719 0.952738 -1.112504 -0.964663 2.845414
 782.000000 -1.191422 0.676790 -1.211486 -0.862583 3.050142
 783.000000 -1.043518 0.547334 -1.371949 -1.044417 -3.118430
 784.000000 -1.244698 0.721936 -1.140400 0.482622 -3.141588
 785.000000 -1.064707 0.742755 -1.056892 0.386148 -2.987576
 786.000000 -1.144176 0.793088 -0.795638 -0.439969 3.012121
 787.000000 -1.047303 0.922646 -1.167908 -1.258249 3.065252
 788.000000 -1.153943 0.464573 -1.176701 -0.462278 -3.031494
 789.000000 -1.392158 0.825432 -1.045072 -0.390543 3.056940
 790.000000 -1.425799 0.773186 -1.124029 -1.126726 3.030619
 791.000000 -1.353449 0.998114 -1.241570 -1.380134 -2.974725
 792.000000 -1.162801 0.967365 -1.497305 0.207593 3.087348
 793.000000 -1.183410 0.485704 -1.087504 -1.250059 3.018394
 794.000000 -1.201579 0.762245 -1.025721 0.582070 2.976699
 795.000000 -1.275992 0.730351 -1.191323 -0.997120 3.087123
 796.000000 -0.973466 0.883906 -1.062414 -0.868273 2.937563
 797.000000 -1.041547 0.808377 -1.132313 -0.465051 -3.113918
 798.000000 -1.262884 0.761240 -0.840550 0.272546 3.020477
 799.000000 -1.114221 0.648862 -1.109353 0.959080 -3.134375
 800.000000 -1.685171 -0.747218 -0.962689 1.315883 -3.072620
 801.000000 -1.422211 0.501539 -0.840661 -1.228638 2.929782
 802.000000 -1.116048 0.398031 -1.211558 -0.867776 -2.907181
 803.000000 -0.852995 0.746527 -1.411047 -1.200175 3.001231
 804.000000 -1.330517 0.732591 -1.231969 -1.119353 -3.043193
 805.000000 -1.132611 0.527658 -1.186405 -0.905081 -3.097840
 806.000000 -1.227537 0.872829 -1.221828 -1.023672 3.014645
 807.000000 -1.389729 0.430691 -1.265044 0.241732 -3.128363
 808.000000 -1.314524 0.731111 -1.419509 0.209554 3.042297
 809.000000 -1.100708 -0.303302 -1.217982 -1.107211 3.009305
 810.000000 -1.340261 0.576702 -0.977439 -1.050947 -3.110810
 811.000000 -1.258728 0.741911 -1.104729 0.407039 -3.119115
 812.000000 -1.067602 0.916735 -0.854806 -0.421077 -2.764064
 813.000000 -1.053746 0.982298 -1.226475 -1.165224 3.108854
 814.000000 -1.311729 0.675251 -1.397872 0.050240 -3.031822
 815.000000 -1.089395 0.828192 -0.931148 -0.470315 -2.862634
 816.000000 -1.268898 -0.480829 -1.157101 -0.480143 -2.986795
 817.000000 -1.451237 -0.656039 -1.092039 -0.508579 2.999285
 818.000000 -1.104947 -0.761332 -0.861825 -1.051172 3.035818
 819.000000 -0.973859 -0.233051 -0.986425 0.484768 2.956882
 820.000000 -1.105979 -0.745944 -1.191317 -0.901270 3.084442
 821.000000 -1.187062 -0.510677 -1.393854 -1.113392 -3.044013
 822.000000 -1.072568 -0.596596 -1.174235 -1.222924 -2.969852
 823.000000 -1.240293 0.769779 -0.904511 0.373546 -3.105077
 824.000000 -1.261459 0.499223 -0.935963 -0.915804 -2.977341
 825.000000 -1.665494 -0.354048 -1.255352 -0.052460 2.926643
 826.000000 -1.386843 -0.409361 -1.177830 -0.371901 2.906205
 827.000000 -1.556381 0.721372 -0.844592 -1.319297 3.105855
 828.000000 -1.323438 -0.474889 -0.849579 -1.153082 3.099317
 829.000000 -1.354651 -0.771731 -0.999457 -0.978821 2.842998
 830.000000 -0.868648 -0.380352 -1.414900 0.804980 -3.040225
 831.000000 -1.145598 0.662114 -1.107364 -0.520882 3.106874
 832.000000 -1.139391 0.453119 -1.193359 -1.201088 -3.106493
 833.000000 -1.310868 -0.355166 -1.179574 -1.228652 -2.983032
 834.000000 -1.275314 -0.467455 -1.400053 -1.009136 2.964769
 835.000000 -1.443918 0.349328 -1.024013 0.723911 3.126626
 836.000000 -1.529620 -0.308482 -1.315379 -0.796139 -3.088555
 837.000000 -1.404687 0.261399 -1.070172 -0.958664 3.127809
 838.000000 -1.313264 1.039152 -1.135958 0.792516 -2.994343
 839.000000 -1.468532 0.691375 -1.176557 -1.152511 -3.113410
 840.000000 -1.153002 0.555220 -0.870963 -0.484277 -3.127261
 841.000000 -1.273900 0.945540 -1.295519 0.605977 3.099210
 842.000000 -1.016785 1.003693 -1.489517 -1.068900 3.101920
 843.000000 -1.174637 0.710867 -0.829971 -0.934345 3.060604
 844.000000 -1.037222 -0.699253 -1.200452 -0.831618 3.089248
 845.000000 -1.256690 -0.760550 -0.943645 -0.003908 -3.090855
 846.000000 -1.400165 0.686054 -1.041009 -0.766927 -3.080133
 847.000000 -1.280184 -0.691676 -1.116908 -1.158173 2.913320
 848.000000 -1.341869 -0.884500 -1.184408 -1.064064 -3.130995
 849.000000 -1.252228 -0.491831 -1.158489 -1.263824 3.052958
 850.000000 -1.192603 -0.730726 -1.317764 -1.184530 3.036694
 851.000000 -1.063616 -0.547637 -1.353264 -0.320367 -3.136231
 852.000000 -1.036198 -0.510926 -1.154000 1.530451 2.841047
 853.000000 -1.176429 -0.577154 -0.938813 -1.395077 2.877994
 854.000000 -1.323835 -0.399253 -1.164263 -0.792932 3.031604
 855.000000 -1.278017 -0.377064 -0.904645 -1.013945 2.934763
 856.000000 -1.210775 -0.659779 -1.148804 -0.952780 3.118890
 857.000000 -1.334199 -0.404635 -1.102281 -1.109420 -2.915699
 858.000000 -1.259359 0.804337 -1.046216 -1.217517 2.989538
 859.000000 -1.001538 0.305706 -0.949574 -0.721230 -3.109881
 860.000000 -1.045255 0.586119 -0.892686 -0.341569 2.800643
 861.000000 -1.488127 0.526856 -1.395508 -0.263884 -3.070529
 862.000000 -1.383220 0.703712 -0.810399 -0.761000 -3.135843
 863.000000 -1.285113 0.856705 -1.075488 -0.950125 -3.021329
 864.000000 -1.143130 0.566913 -1.118181 -0.958477 3.081220
 865.000000 -1.148253 0.718850 -1.365562 -0.817536 -3.036875
 866.000000 -1.442133 0.391560 -1.041768 -0.970883 3.012492
 867.000000 -1.256609 0.567922 -1.000288 -1.187674 -3.038253
 868.000000 -1.366867 0.711886 -1.094845 -1.177469 -2.973319
 869.000000 -1.451693 0.802256 -1.151158 -0.786558 2.931051
 870.000000 -1.520746 1.007318 -1.410337 -1.186930 -2.938534
 871.000000 -1.234771 0.922859 -1.099312 1.052523 2.870025
 872.000000 -1.246553 0.343268 -1.218221 0.914250 2.840918
 873.000000 -1.355537 0.533214 -1.133163 0.281416 -3.048887
 874.000000 -1.294031 0.911926 -0.975994 -1.043494 2.945707
 875.000000 -1.141287 0.873428 -0.883480 -1.129283 3.119032
 876.000000 -1.178733 0.894414 -0.979145 -0.890633 -2.939252
 877.000000 -1.271827 0.780085 -1.307751 0.683498 -3.055929
 878.000000 -1.252854 0.623547 -1.236229 -1.098592 -2.714525
 879.000000 -1.371267 0.912831 -1.024668 -0.616891 3.125028
 880.000000 -1.076423 0.895729 -1.353687 0.669586 -3.010095
 881.000000 -1.295950 0.879517 -1.122632 -1.432730 2.864939
 882.000000 -1.184812 0.787166 -0.945472 -1.517474 -2.755791
 883.000000 -1.477012 0.882455 -1.280693 0.511724 2.984453
 884.000000 -1.714204 0.612291 -0.986487 0.187651 -3.137441
 885.000000 -1.269007 0.885434 -1.335727 -0.836843 2.955831
 886.000000 -1.115610 0.589949 -1.364816 0.619855 -3.007801
 887.000000 -1.095443 -0.617574 -1.188663 -0.555202 3.038742
 888.000000 -1.496021 -0.414426 -1.245121 -0.950621 -2.989307
 889.000000 -1.304277 -0.612368 -1.169817 -0.825651 2.900013
 890.000000 -1.278518 -0.606632 -1.400252 -1.021498 -2.875162
 891.000000 -1.572615 0.677221 -0.959254 -1.072955 -2.973449
 892.000000 -1.712577 -0.520161 -1.124482 -0.769051 -3.079641
 893.000000 -1.337722 0.456409 -1.120547 -1.300687 3.107647
 894.000000 -1.281007 0.134619 -1.076613 -1.084661 -3.112325
 895.000000 -1.226508 0.894234 -1.298064 0.614910 -3.070020
 896.000000 -1.324205 0.535868 -0.997541 0.968782 3.025670
 897.000000 -1.567551 -0.428937 -1.169740 -0.374114 -3.028970
 898.000000 -1.014595 -0.478251 -1.263824 0.006592 -2.664834
 899.000000 -1.311014 0.684152 -1.142599 -0.866603 -3.078594
 900.000000 -1.330494 0.826652 -0.875371 -0.429328 -2.941249
 901.000000 -1.394426 0.599508 -1.175261 -1.011057 -2.883314
 902.000000 -1.221187 0.806915 -0.987833 0.012964 3.093484
 903.000000 -1.303955 0.690138 -0.926363 -0.840785 -2.813652
 904.000000 -0.888479 0.495467 -1.229351 -1.194488 -3.003414
 905.000000 -1.027797 0.848989 -1.159892 -1.274126 -3.000301
 906.000000 -1.179055 0.540696 -0.992513 1.304274 -3.022719
 907.000000 -1.089426 0.782131 -0.720029 -0.799881 -3.017321
 908.000000 -1.335784 0.973104 -1.107921 -1.050698 -3.035248
 909.000000 -1.344807 0.522948 -0.930031 -0.904276 3.132210
 910.000000 -1.230127 0.712990 -1.219443 0.477090 3.137204
 911.000000 -1.141135 0.815956 -1.344491 -1.171890 -2.841845
 912.000000 -1.445066 0.411267 -1.179284 -0.988364 -2.846893
 913.000000 -1.255956 0.472343 -1.221012 -1.124493 3.095953
 914.000000 -1.320209 0.880167 -1.136640 -0.843776 2.915858
 915.000000 -1.273990 0.454062 -1.193923 0.469239 -2.831050
 916.000000 -1.210234 -0.219323 -1.124996 1.166174 -2.695097
 917.000000 -1.274128 0.924075 -0.968433 -0.965207 -2.999599
 918.000000 -1.416191 0.724262 -1.342343 -0.931194 3.057237
 919.000000 -1.443764 0.667131 -0.897921 -0.851998 2.932132
 920.000000 -1.222418 0.595964 -1.015008 -1.037354 -2.581585
 921.000000 -1.329993 0.656865 -1.182878 -0.969522 -3.116474
 922.000000 -1.210730 0.839541 -1.061394 -0.869727 -3.048641
 923.000000 -0.965321 0.578407 -1.262530 -1.138577 2.885497
 924.000000 -0.825268 0.944552 -0.977171 -0.972637 -3.099241
 925.000000 -1.243815 0.734360 -1.372830 -0.826878 3.068603
 926.000000 -0.948802 0.544362 -1.208234 -1.279256 2.949007
 927.000000 -1.199893 0.720156 -1.381806 -0.984239 -3.113257
 928.000000 -1.168431 0.597657 -0.863239 -0.864403 3.081789
 929.000000 -1.358649 0.949807 -1.043721 -1.101852 -3.048171
 930.000000 -0.961392 0.689335 -1.309133 -1.633690 3.111139
 931.000000 -1.325574 1.031252 -1.317865 -0.992514 -3.092755
 932.000000 -1.469534 0.683937 -1.304876 -1.054007 3.141592
 933.000000 -1.225882 0.674316 -0.946959 0.295838 3.014296
 934.000000 -1.300815 0.671690 -1.379986 -1.099057 3.100656
 935.000000 -1.418771 0.495749 -1.217750 -1.082853 -2.975519
 936.000000 -1.583060 0.815532 -1.237585 -0.907929 3.125668
 937.000000 -1.471291 0.548432 -1.390760 -1.285455 -3.014854
 938.000000 -1.392104 0.964808 -1.027635 -0.658583 3.064128
 939.000000 -1.400575 0.610729 -1.286317 -1.266048 3.046574
 940.000000 -1.082829 0.544252 -1.305678 -0.986132 -1.355619
 941.000000 -1.269753 0.783289 -1.452182 -0.549782 -1.438385
 942.000000 -0.997173 0.752059 -1.246469 -1.300028 -1.252675
 943.000000 -1.415325 1.037413 -1.030852 -1.069529 -1.042784
 944.000000 -0.901056 1.042723 -1.362023 0.437574 -1.092584
 945.000000 -1.224130 0.800390 -1.282752 -0.877480 -1.366511
 946.000000 -1.082205 0.803714 -1.221023 1.210606 -1.379139
 947.000000 -1.129634 0.830733 -1.014611 0.799661 -1.346869
 948.000000 -0.922340 0.704860 -1.227213 -0.950192 -1.016412
 949.000000 -1.155910 0.623075 -1.059555 -1.065651 -1.620668
 950.000000 -1.245353 0.945202 -0.976309 0.266471 -1.855832
 951.000000 -1.426036 0.615560 -1.192115 0.493419 -1.271706
 952.000000 -1.192280 0.636276 -1.040138 -1.193198 -1.249996
 953.000000 -0.923489 0.779229 -1.041161 -0.919657 -1.304822
 954.000000 -1.002737 0.930063 -1.035649 0.901065 -1.463828
 955.000000 -1.271096 0.499703 -1.148307 -0.990835 -1.194769
 956.000000 -1.013634 0.836815 -1.053467 -1.006773 -1.746330
 957.000000 -1.110933 0.656868 -1.566619 -1.010364 -1.239362
 958.000000 -1.035525 0.691340 -0.940529 -1.051053 -1.465952
 959.000000 -1.109162 0.660281 -1.193672 -0.769978 -1.564501
 960.000000 -0.831627 0.275513 -1.406997 -0.819692 -1.386105
 961.000000 -1.332851 0.605090 -1.125549 -0.766313 -1.671604
 962.000000 -1.159999 0.535815 -1.335380 -1.279877 -1.433326
 963.000000 -0.982751 -1.152777 -1.317516 -1.010441 -1.632473
 964.000000 -1.242556 0.377955 -1.048879 -0.915719 -1.363507
 965.000000 -0.862978 0.759706 -1.047420 -0.830167 -1.871946
 966.000000 -0.830579 0.593075 -1.237745 -0.644817 -1.796137
 967.000000 -1.401142 0.659671 -1.233243 0.730335 -1.429865
 968.000000 -1.148256 0.620645 -1.138933 0.575329 -1.591632
 969.000000 -1.021794 0.519082 -1.117554 -0.498966 -1.475655
 970.000000 -0.994445 0.489956 -1.124218 0.626459 -1.458836
 971.000000 -1.105500 0.556225 -1.184560 0.347548 -1.427778
 972.000000 -1.067839 0.331110 -1.409633 0.426322 -1.159163
 973.000000 -1.265043 0.486701 -1.148755 0.965534 -1.582844
 974.000000 -0.948674 0.376882 -1.345511 0.901357 -1.367287
 975.000000 -1.246247 0.293513 -1.133544 1.327533 -1.384013
 976.000000 -0.979012 0.525777 -1.223699 0.623680 -1.635720
 977.000000 -1.289024 0.732981 -1.101951 0.783006 -1.215800
 978.000000 -1.218478 0.649868 -1.307643 0.826851 -1.275516
 979.000000 -1.074588 0.593157 -1.365318 0.865432 3.049940
 980.000000 -1.200638 0.291617 -1.316962 1.040392 -2.948480
 981.000000 -1.275421 0.445810 -1.348395 0.804072 -2.525137
 982.000000 -0.807442 0.579584 -1.451703 1.438201 3.084320
 983.000000 -1.272134 0.777165 -0.890324 0.951705 3.056210
 984.000000 -0.972706 0.530999 -0.773573 0.857503 2.628144
 985.000000 -1.306351 0.718033 -1.173790 0.888554 2.881158
 986.000000 -0.988597 0.331322 -1.290669 0.955412 3.005395
 987.000000 -1.499432 0.513185 -1.275078 0.631378 3.081409
 988.000000 -0.873069 0.414597 -1.240651 0.798276 -3.036381
 989.000000 -1.012912 0.606716 -0.952831 0.896083 3.007181
 990.000000 -1.340644 0.454576 -0.913293 0.968183 3.126221
 991.000000 -1.398713 0.089324 -1.339271 0.883941 3.035078
 992.000000 -1.268063 0.465296 -0.867856 0.751651 -3.138719
 993.000000 -1.012755 0.345867 -1.019457 0.813852 -3.007672
 994.000000 -1.161218 0.429445 -0.925375 0.849389 2.937632
 995.000000 -1.379086 0.231874 -1.117298 0.964571 2.966955
 996.000000 -1.494461 0.538767 -1.247211 0.582447 -2.940473
 997.000000 -1.449028 0.463411 -0.938985 0.693205 3.120972
 998.000000 -0.964425 0.323540 -1.120204 0.715052 -3.129257
 999.000000 -1.288299 0.690951 -1.106576 1.224101 3.099092
 1000.000000 -1.377010 0.458395 -1.324372 0.732460 -3.082367
