#! FIELDS time chi1_21G chi1_24G chi2_24G
#! SET min_chi1_21G -pi
#! SET max_chi1_21G pi
#! SET min_chi1_24G -pi
#! SET max_chi1_24G pi
#! SET min_chi2_24G -pi
#! SET max_chi2_24G pi
 0.000000 -1.230463 -1.271572 -0.051278
 1.000000 -1.083207 -0.923293 -0.702036
 2.000000 -1.237052 -1.068939 -0.757163
 3.000000 -0.847680 -0.974384 -0.597302
 4.000000 -0.874757 -1.233473 -0.290489
 5.000000 -1.130683 -1.212128 -0.371799
 6.000000 -1.050245 -1.076469 -0.561814
 7.000000 -0.697229 -1.186558 -0.214163
 8.000000 -1.040322 -0.979930 -1.087421
 9.000000 -0.693901 -1.097470 -0.840027
 10.000000 -1.021577 -0.891224 -0.486994
 11.000000 -0.830972 -1.146595 -0.567896
 12.000000 -0.768788 -1.192699 -0.634754
 13.000000 -1.005803 -1.190291 -0.785709
 14.000000 -0.886625 -1.036345 -0.593338
 15.000000 -1.153246 -1.105583 -0.721530
 16.000000 -0.843214 -0.899537 -0.535373
 17.000000 -1.104832 -1.126782 -0.796116
 18.000000 -0.649825 -1.358994 -0.018521
 19.000000 -0.789219 -1.194201 0.045404
 20.000000 -0.877399 -1.122373 -0.658810
 21.000000 -0.819371 -1.322859 -0.378771
 22.000000 -0.830467 -1.075029 -0.280522
 23.000000 -0.997824 -1.186704 -0.371722
 24.000000 -0.781374 -1.192003 0.142774
 25.000000 -1.099846 -1.027892 -0.644608
 26.000000 -1.024981 -0.997272 -0.353478
 27.000000 -1.072102 -0.924498 -0.651825
 28.000000 -0.755912 -1.227073 -0.313662
 29.000000 -0.959477 -0.940322 -0.575723
 30.000000 -1.015974 -1.225577 -0.047541
 31.000000 -1.064021 -0.940930 -0.377328
 32.000000 -0.992505 -1.101765 -0.115591
 33.000000 -0.797261 -1.136330 -0.413451
 34.000000 -0.414138 -1.090322 -0.344467
 35.000000 -0.958968 -0.939880 -0.670834
 36.000000 -1.052894 -0.847769 -0.295850
 37.000000 -0.892242 -1.297804 -0.582952
 38.000000 -0.575362 -1.186375 -0.897507
 39.000000 -1.106857 -1.074434 -0.347843
 40.000000 -1.044143 -1.062431 -0.265207
 41.000000 -1.069152 -0.937559 -0.076065
 42.000000 -1.064026 -0.895348 -0.155515
 43.000000 -0.758039 -1.073573 -0.202106
 44.000000 -1.398526 -0.863419 -0.489273
 45.000000 -0.970052 -0.954906 -0.891014
 46.000000 -0.769780 -1.300344 -0.416058
 47.000000 -1.014835 -0.985833 -0.588484
 48.000000 -0.281649 -1.113052 -0.484125
 49.000000 -1.076784 -0.994660 -0.646779
 50.000000 -0.878808 -1.180220 -0.252277
 51.000000 -0.869597 -1.338673 -0.242886
 52.000000 -0.935014 -1.069158 -0.711014
 53.000000 -0.625157 -1.441517 -0.207120
 54.000000 -0.848324 -0.885865 -0.274794
 55.000000 -0.745239 -1.217915 -0.275507
 56.000000 -0.994609 -1.025217 -0.572439
 57.000000 0.632856 -1.255344 -0.752060
 58.000000 -0.918086 -0.786175 -0.425503
 59.000000 -0.819502 -0.829747 -0.412929
 60.000000 -1.108679 -1.057195 -0.470695
 61.000000 -1.157236 -1.039123 -0.629616
 62.000000 -0.976590 -0.971940 -0.467098
 63.000000 -0.796526 -0.975607 -0.616442
 64.000000 0.458504 -1.001958 -0.565923
 65.000000 -1.044357 -1.071866 -0.659848
 66.000000 -0.929162 -1.288591 -0.701690
 67.000000 -0.721352 -1.381339 -0.192414
 68.000000 -0.869212 -0.980064 -0.502956
 69.000000 -0.843402 -1.126011 -0.431398
 70.000000 -0.913333 -1.175981 -0.720907
 71.000000 -1.054856 -1.061941 -0.390642
 72.000000 -1.000937 -1.000345 -0.879682
 73.000000 -1.046230 -0.983449 -0.637701
 74.000000 -0.857046 -1.089506 -0.281054
 75.000000 -1.029545 -1.066042 -0.124587
 76.000000 -0.617082 -0.873081 -0.790160
 77.000000 -0.721563 -0.909142 -0.545880
 78.000000 -1.094297 -1.022803 -0.703264
 79.000000 -1.181013 -1.304556 -0.102910
 80.000000 -0.922556 -1.195278 -0.276764
 81.000000 -0.953158 -1.281456 -0.417321
 82.000000 -0.791031 -0.874374 -0.700430
 83.000000 -1.280772 -0.909511 -0.392293
 84.000000 -0.954172 -1.112463 -0.739882
 85.000000 -1.019803 -1.052499 -0.536930
 86.000000 0.763594 -1.185114 -0.449435
 87.000000 -1.064233 -1.270822 -0.330316
 88.000000 -0.824045 -1.066458 -0.443466
 89.000000 -1.087706 -1.008685 0.092428
 90.000000 -1.034854 -1.063012 -0.395045
 91.000000 -0.895217 -1.406566 0.201944
 92.000000 -0.877359 -1.231225 0.150520
 93.000000 -1.011670 -1.006940 -0.536758
 94.000000 -0.910497 -1.181864 -0.813116
 95.000000 -1.023737 -1.136836 -0.398298
 96.000000 -0.856000 -0.860727 -0.777504
 97.000000 -0.826729 -1.119519 -0.523976
 98.000000 -0.832759 -0.882512 -0.519158
 99.000000 -0.956045 -0.960769 -0.299259
 100.000000 -0.808643 -1.012752 -0.774294
 101.000000 -0.823614 -1.054530 -0.456568
 102.000000 -0.954883 -1.244145 -0.379389
 103.000000 -1.005820 -1.227174 -0.506631
 104.000000 -0.979500 -1.290334 0.171570
 105.000000 -0.904638 -1.115082 -0.249814
 106.000000 -1.162279 -1.264647 -0.382757
 107.000000 -0.608711 -0.794773 -0.467873
 108.000000 -0.607701 -1.063226 -0.666112
 109.000000 -1.307991 -1.010727 -0.692419
 110.000000 -0.756169 -0.986035 -0.521190
 111.000000 -1.096504 -0.954809 -0.310050
 112.000000 -1.317750 -1.169723 -0.519675
 113.000000 -0.925510 -1.114295 -0.388819
 114.000000 -0.825412 -1.044267 0.246495
 115.000000 -0.936092 -1.049952 -0.579895
 116.000000 -0.747543 -1.418860 0.064106
 117.000000 -0.578822 -0.977225 -0.716226
 118.000000 -0.660602 -0.921264 -0.638057
 119.000000 -1.394941 -0.836149 -0.667709
 120.000000 -1.077027 -0.948189 -0.675906
 121.000000 -0.988855 -1.026150 -0.329042
 122.000000 -1.040677 -1.170786 -0.882594
 123.000000 0.496341 -1.077989 -0.350722
 124.000000 -0.787032 -1.058202 -0.603495
 125.000000 -0.665004 -0.932634 -0.653360
 126.000000 -0.928803 -1.060227 -0.692937
 127.000000 -0.960618 -1.164628 -0.615422
 128.000000 -0.949528 -1.065066 -0.246665
 129.000000 -0.670747 -1.115242 -0.593748
 130.000000 -1.063515 -0.955212 -0.349459
 131.000000 -0.989231 -0.957658 -0.556653
 132.000000 -1.224275 -1.364766 -0.468666
 133.000000 -0.492384 -1.135293 -0.174210
 134.000000 -0.991482 -0.924923 -0.261894
 135.000000 -1.111913 -1.009583 -0.638900
 136.000000 -0.906539 -0.871559 -1.171863
 137.000000 -0.891824 -0.956020 -0.463077
 138.000000 -1.083368 -1.287132 -0.357993
 139.000000 -1.137845 -0.937464 -0.409962
 140.000000 -1.101968 -0.874690 -0.568189
 141.000000 -1.152625 -1.194942 -0.236875
 142.000000 -0.888980 -1.105601 -0.378758
 143.000000 -0.782495 -1.129088 -0.480824
 144.000000 -0.700675 -1.054595 -0.672774
 145.000000 0.644508 -1.512182 -0.699109
 146.000000 -0.990463 -1.381084 -0.218803
 147.000000 -0.837943 -0.748221 -0.726455
 148.000000 0.581018 -0.821090 -0.925949
 149.000000 -0.821249 -0.850322 -0.784464
 150.000000 -1.143413 -0.785811 -0.806428
 151.000000 -1.308058 -0.974044 -0.461462
 152.000000 -1.003874 -1.209509 -0.527853
 153.000000 -0.863276 -0.894846 -0.650990
 154.000000 -0.615453 -1.190011 -0.490400
 155.000000 -0.996069 -1.105572 -0.729864
 156.000000 -0.766204 -0.943330 -0.737578
 157.000000 -1.011358 -1.256254 -0.084472
 158.000000 -0.557734 -0.973005 -0.138703
 159.000000 -0.872977 -1.091771 -0.319832
 160.000000 -1.060682 -0.961916 -0.303145
 161.000000 -0.764030 -0.932010 -0.332535
 162.000000 -0.929886 -0.901532 -0.645781
 163.000000 -1.033667 -0.758203 -0.360993
 164.000000 -0.863562 -0.865520 -0.659617
 165.000000 -0.633766 -0.917692 -0.695140
 166.000000 -1.178409 -1.094603 -0.339926
 167.000000 -0.916459 -1.025126 -0.230292
 168.000000 -1.012601 -1.044027 -0.258918
 169.000000 -0.723399 -1.149641 -0.470656
 170.000000 -1.039970 -1.107232 -0.535549
 171.000000 -1.398314 -0.818843 -0.350866
 172.000000 -0.954519 -1.095217 -0.790121
 173.000000 -0.883422 -0.984602 -0.649219
 174.000000 -1.265604 -1.055626 -0.532036
 175.000000 -0.882747 -1.209095 -0.538544
 176.000000 -0.695516 -1.181469 -0.157633
 177.000000 -0.945516 -0.989897 -0.468665
 178.000000 -0.996685 -0.946273 -0.433372
 179.000000 -0.789256 -1.024078 -0.328641
 180.000000 -0.684894 -1.243588 -0.286153
 181.000000 -0.952471 -1.134035 -0.572883
 182.000000 -1.036815 -0.906701 -0.356897
 183.000000 -0.627119 -1.017091 -0.624161
 184.000000 -0.956549 -0.898620 -0.351508
 185.000000 -0.986592 -0.938293 -0.621754
 186.000000 -0.768405 -1.148770 -0.373097
 187.000000 -0.644994 -0.980274 -0.437930
 188.000000 -0.920275 -1.273085 -0.692602
 189.000000 -0.936355 -1.219562 -0.470626
 190.000000 -0.920303 -1.140718 -0.572069
 191.000000 -1.131083 -1.038448 -0.530549
 192.000000 -1.073919 -0.831862 -0.860562
 193.000000 -0.844834 -1.177827 -0.358554
 194.000000 -0.608120 -1.212642 -0.243209
 195.000000 -1.157515 -1.250754 -0.563915
 196.000000 -0.895741 -1.359320 -0.435592
 197.000000 -0.882458 -1.241983 -0.352534
 198.000000 -0.585909 -1.286214 -0.111282
 199.000000 -1.004285 -0.911055 -0.566264
 200.000000 -1.005819 -1.282080 -0.422446
 201.000000 -1.151228 -1.523219 0.269573
 202.000000 -0.714398 -1.269628 -0.544923
 203.000000 -1.112805 -1.417188 -0.146574
 204.000000 -0.886722 -1.104697 -0.733329
 205.000000 -0.974500 -1.505634 0.381874
 206.000000 -1.111511 -1.098918 -0.213387
 207.000000 0.573775 -1.358400 -0.641187
 208.000000 -0.647785 -1.075351 -0.510395
 209.000000 -1.250294 -1.018140 -0.511010
 210.000000 -0.852973 -1.180656 -0.429476
 211.000000 -0.643446 -1.007944 -0.810709
 212.000000 -0.878212 -0.825161 -0.724346
 213.000000 -0.893279 -0.933882 -0.499338
 214.000000 -0.744436 -1.458017 -0.136488
 215.000000 -0.687565 -1.105937 -0.517488
 216.000000 -1.137161 -0.893877 -0.518270
 217.000000 -0.982089 -0.865270 -0.577275
 218.000000 -1.176231 -0.775515 -0.742648
 219.000000 -1.045475 -1.151268 -0.595727
 220.000000 -1.083729 -1.336820 0.357966
 221.000000 -1.036327 -0.827996 -0.600340
 222.000000 -0.872500 -0.932371 -0.711738
 223.000000 -0.702916 -1.114549 -0.441063
 224.000000 -0.814829 -0.878608 -0.460459
 225.000000 -1.001236 -1.069162 -0.498104
 226.000000 -1.318807 -1.083906 -0.585188
 227.000000 -0.916522 -1.235337 -0.130764
 228.000000 -0.685463 -1.245346 -0.437123
 229.000000 -0.722105 -1.263954 -0.500693
 230.000000 -0.974736 -1.044027 -0.328165
 231.000000 -0.819980 -0.993417 -0.457149
 232.000000 -1.137812 -1.006317 -0.549918
 233.000000 -0.674739 -1.134871 -0.354877
 234.000000 -1.060934 -0.988079 -0.355488
 235.000000 -1.167711 -1.059360 -0.459179
 236.000000 -1.006074 -1.185951 -0.432622
 237.000000 -1.110023 -0.889305 -0.696413
 238.000000 -0.635991 -0.982659 -0.617670
 239.000000 -1.025219 -0.962031 -0.346735
 240.000000 -0.629152 -1.028982 -0.724321
 241.000000 -1.430532 -0.824058 -0.900031
 242.000000 -1.202020 -1.110685 -0.183968
 243.000000 -1.009626 -1.099560 -0.702911
 244.000000 -1.050780 -0.852347 -0.283665
 245.000000 -1.226957 -0.955848 -0.360479
 246.000000 -1.047972 -0.947208 -0.578700
 247.000000 -1.201159 -1.009879 -0.397817
 248.000000 -1.009935 -0.953480 0.095943
 249.000000 -0.796712 -1.004464 -0.393142
 250.000000 -1.298562 -1.125944 -0.329402
 251.000000 -0.655154 -0.998649 -0.501848
 252.000000 -0.931634 -0.940705 -0.481748
 253.000000 -0.401913 -1.199757 -0.401842
 254.000000 -0.817123 -1.065954 -0.403662
 255.000000 -0.899866 -1.208211 -0.678280
 256.000000 -0.913093 -1.292001 -0.371697
 257.000000 -0.837806 -1.490398 0.045644
 258.000000 -1.234804 -0.813622 -0.655798
 259.000000 -0.887164 -0.814557 -0.573668
 260.000000 0.668962 -1.279240 -0.507414
 261.000000 -0.586730 -0.720597 -0.732148
 262.000000 -1.051392 -0.837927 -0.591682
 263.000000 -0.847893 -0.777227 -0.584951
 264.000000 -0.780417 -1.068139 -0.211093
 265.000000 -0.892758 -1.125826 -0.290729
 266.000000 -1.287481 -0.998714 -0.564062
 267.000000 -0.647988 -0.980374 -0.335286
 268.000000 -0.991998 -1.221215 -0.494972
 269.000000 -0.869508 -1.260965 -0.557016
 270.000000 -0.625694 -0.994776 -0.905165
 271.000000 -0.947169 -1.129130 -0.186044
 272.000000 -0.937150 -1.196381 -0.366510
 273.000000 -1.071376 -1.095046 -0.405925
 274.000000 -0.907287 -1.018804 -0.257738
 275.000000 -0.769778 -1.042958 -0.339259
 276.000000 -0.843696 -0.923052 -0.301333
 277.000000 -0.780926 -1.334464 -0.126551
 278.000000 -0.680842 -1.129611 -0.415742
 279.000000 -0.944722 -1.179624 -0.192065
 280.000000 -1.161442 -1.164092 -0.765111
 281.000000 -0.900018 -1.062985 -0.633734
 282.000000 -1.023663 -1.215478 -0.647504
 283.000000 -0.747806 -0.770560 -0.803388
 284.000000 -1.040253 -0.721832 -0.721189
 285.000000 -0.891633 -1.152112 -0.895903
 286.000000 -1.161747 -0.986872 -0.581199
 287.000000 -0.690543 -1.251609 -0.488691
 288.000000 -1.067748 -1.146303 -0.451357
 289.000000 -0.733650 -0.913185 -0.449142
 290.000000 -0.784198 -1.136764 -0.340450
 291.000000 -1.270875 -1.026890 -0.327763
 292.000000 -0.870979 -1.015990 -1.095189
 293.000000 -0.892870 -1.240736 -0.736534
 294.000000 -0.521252 -1.294309 -0.341883
 295.000000 -1.040879 -1.121903 -0.234970
 296.000000 -1.086109 -1.098097 -0.316526
 297.000000 -0.870844 -0.944839 -0.640989
 298.000000 -0.743029 -1.187665 -0.518180
 299.000000 -0.897821 -1.185639 -0.548285
 300.000000 0.695686 -0.944502 -0.637166
 301.000000 -0.949631 -1.046002 -0.416246
 302.000000 -1.262266 -0.988256 -0.490624
 303.000000 -0.996956 -1.171846 -0.346776
 304.000000 -0.807693 -1.108360 -0.470657
 305.000000 -1.119971 -1.134112 -0.540249
 306.000000 -1.085092 -1.210708 -0.133950
 307.000000 0.941538 -1.031791 -0.523335
 308.000000 -0.994913 -0.747667 -0.428246
 309.000000 -0.905323 -1.124326 -0.435692
 310.000000 -0.910877 -1.142262 -0.208214
 311.000000 -0.943463 -0.769130 -0.328784
 312.000000 -0.948617 -1.111679 -0.745360
 313.000000 -0.779251 -1.083268 -0.745128
 314.000000 -1.075671 -0.839939 -0.471641
 315.000000 -0.858091 -0.968465 -0.388846
 316.000000 -0.572838 -1.180060 -0.540342
 317.000000 -0.870837 -1.147601 -0.629299
 318.000000 -0.854364 -1.266966 -0.408467
 319.000000 -1.100682 -1.138147 -0.452673
 320.000000 -1.115214 -0.969426 -0.360195
 321.000000 -1.084996 -1.030514 -0.724285
 322.000000 -0.780654 -1.074116 -0.428730
 323.000000 -1.048249 -0.919909 -0.593807
 324.000000 -0.889526 -0.923495 -0.827183
 325.000000 -1.504929 -1.401475 0.268219
 326.000000 -0.759829 -1.011677 -0.456529
 327.000000 -0.949990 -1.040609 -0.504122
 328.000000 -0.920865 -0.940536 -0.361162
 329.000000 0.860849 -0.856750 -0.680061
 330.000000 -0.977540 -1.016576 -0.535913
 331.000000 -0.818046 -1.231542 -0.616982
 332.000000 -1.166897 -0.979607 -0.862282
 333.000000 -0.822757 -0.975754 -0.552737
 334.000000 -1.090246 -0.950241 -0.366088
 335.000000 -0.777520 -0.723970 -0.880008
 336.000000 -1.001705 -1.018826 -0.627757
 337.000000 -0.786177 -1.078027 -0.468993
 338.000000 -0.759386 -0.871387 -0.444151
 339.000000 -1.072271 -1.114616 -0.438982
 340.000000 -0.881151 -1.068550 -0.506920
 341.000000 -0.961385 -1.063936 -0.422364
 342.000000 -0.966452 -1.238751 -0.586626
 343.000000 0.086049 -1.364256 0.065777
 344.000000 -0.974827 -1.126454 -0.614073
 345.000000 -0.805726 -1.080145 -0.612982
 346.000000 -0.934078 -0.964317 -0.642018
 347.000000 -0.737286 -1.070975 -0.444827
 348.000000 -0.745353 -1.000003 -0.411467
 349.000000 -1.172166 -0.845642 -0.468024
 350.000000 -0.873067 -1.135984 -0.437006
 351.000000 -1.115655 -1.117512 -0.670332
 352.000000 -0.844929 -0.729482 -0.755452
 353.000000 -0.863512 -0.903246 -0.619911
 354.000000 -0.874499 -0.911291 -0.320294
 355.000000 -0.792973 -1.214817 -0.051172
 356.000000 -0.714819 -0.815261 -0.831088
 357.000000 -0.930353 -1.187048 -0.810625
 358.000000 -0.958159 -1.103575 -0.518613
 359.000000 -1.006066 -1.161134 -0.174472
 360.000000 -0.792454 -1.137562 -0.672618
 361.000000 -1.224748 -1.176123 -0.026386
 362.000000 -0.907796 -1.027943 -0.566758
 363.000000 -0.886274 -0.944139 -0.560337
 364.000000 -0.848429 -1.212258 -0.197891
 365.000000 -1.030338 -0.874501 -0.515302
 366.000000 -0.930295 -1.094623 -0.334599
 367.000000 -0.932609 -1.192431 -0.361762
 368.000000 -0.518645 -1.144490 -0.149800
 369.000000 -0.756213 -0.818413 -0.461471
 370.000000 -0.901965 -1.223698 -0.384388
 371.000000 -0.863877 -0.959634 -0.485012
 372.000000 -0.925824 -0.806329 -0.591957
 373.000000 -0.996048 -1.153830 -0.226114
 374.000000 -1.115879 -0.937685 -0.319444
 375.000000 -0.875644 -0.892086 -0.788084
 376.000000 -1.102324 -1.157772 -0.023725
 377.000000 -0.789385 -1.285160 -0.910307
 378.000000 -0.596291 -0.917695 -0.807775
 379.000000 -1.030912 -0.985488 -0.399602
 380.000000 -0.884125 -1.013874 -0.864584
 381.000000 -0.845370 -0.746169 -0.781851
 382.000000 -0.790144 -1.264511 -0.179836
 383.000000 0.602511 -1.213722 -0.325168
 384.000000 -1.110482 -1.120005 -0.726294
 385.000000 -1.029347 -1.127598 -0.510519
 386.000000 -0.778624 -1.016204 -0.366048
 387.000000 -0.775315 -1.193984 -0.632038
 388.000000 -1.147048 -0.913424 -0.443451
 389.000000 -1.286108 -1.005380 -0.681020
 390.000000 -1.062382 -0.930771 -0.616970
 391.000000 1.033794 -1.031483 -0.771298
 392.000000 -0.881372 -0.847770 -0.548439
 393.000000 -1.038673 -1.003666 -0.324008
 394.000000 -1.136155 -0.991800 -0.464011
 395.000000 -0.846169 -1.239860 -0.277815
 396.000000 -0.976001 -1.231421 -0.748930
 397.000000 -0.770163 -1.240516 -0.258505
 398.000000 -0.802687 -1.209300 -0.042112
 399.000000 -0.782806 -0.989526 -0.479470
 400.000000 -0.766585 -0.972262 -0.382961
 401.000000 -0.694074 -1.156662 -0.638479
 402.000000 -0.839168 -1.075735 -0.381377
 403.000000 -0.626404 -1.251400 -0.221261
 404.000000 -0.706882 -1.375300 -0.435877
 405.000000 -0.605811 -1.215191 -0.706092
 406.000000 -1.378815 -1.087380 -0.604271
 407.000000 -0.836077 -1.336161 -0.260621
 408.000000 -1.241433 -0.979065 -0.568322
 409.000000 -0.664311 -1.029164 -0.299658
 410.000000 0.287243 -1.204604 -0.370192
 411.000000 -0.832928 -1.169516 -0.387580
 412.000000 -0.875039 -1.270358 -0.084509
 413.000000 -1.106070 -0.845786 -0.462258
 414.000000 -0.381839 -1.039128 -0.598230
 415.000000 -0.777318 -1.271946 -0.473936
 416.000000 0.561119 -1.162467 -0.500254
 417.000000 -0.824169 -1.016639 -0.626973
 418.000000 -0.606836 -0.569615 -0.610762
 419.000000 -1.139971 -1.154187 -0.358568
 420.000000 -0.848744 -0.966903 -0.413655
 421.000000 -0.842829 -1.370732 -0.080167
 422.000000 -0.685636 -1.122450 -0.138317
 423.000000 -0.667806 -1.177159 -0.395750
 424.000000 -0.594566 -0.836704 -0.785271
 425.000000 -0.788619 -1.093155 -0.653447
 426.000000 -0.733462 -0.927877 -0.905950
 427.000000 -0.797023 -1.117050 -0.332622
 428.000000 0.844319 -1.109953 -0.311788
 429.000000 -0.730104 -1.080620 -0.466424
 430.000000 -0.562306 -0.978186 -0.716266
 431.000000 -0.802642 -1.081336 -0.821110
 432.000000 -0.241446 -0.889792 -0.704158
 433.000000 -0.768804 -0.774888 -0.630721
 434.000000 -1.057401 -1.039542 -0.539218
 435.000000 -0.509700 -1.049383 -0.506424
 436.000000 -0.923373 -0.998854 -0.229992
 437.000000 -1.152560 -1.036933 -0.369539
 438.000000 -0.981733 -1.197195 0.074557
 439.000000 -1.060938 -0.926175 -1.011594
 440.000000 -1.032927 -1.206404 -0.312876
 441.000000 -0.739583 -0.760539 -0.773199
 442.000000 -0.877459 -0.890111 -0.736868
 443.000000 -0.861361 -1.191622 -0.236129
 444.000000 -0.704669 -0.642194 -0.320461
 445.000000 -1.003100 -1.026613 -0.032255
 446.000000 -0.536362 -0.997755 -0.583007
 447.000000 -0.996304 -1.042176 -0.222388
 448.000000 -0.979350 -0.869014 -0.781375
 449.000000 -0.527582 -0.779653 -0.269487
 450.000000 -0.716687 -1.204398 -0.086789
 451.000000 -1.069635 -0.886048 -0.558506
 452.000000 -0.945654 -0.957516 -0.382222
 453.000000 -0.925790 -1.254603 -0.101213
 454.000000 -0.779991 -1.188944 -0.483901
 455.000000 -1.021150 -1.100667 -0.313485
 456.000000 -0.968612 -1.052465 -0.576321
 457.000000 -0.376348 -1.128954 -0.239848
 458.000000 -1.044854 -1.299112 -0.160885
 459.000000 0.468866 -1.114107 -0.157355
 460.000000 -0.779692 -1.185357 -0.084031
 461.000000 -1.036565 -0.891489 -0.383255
 462.000000 -0.693794 -0.696040 -1.047956
 463.000000 -0.811352 -1.143128 -0.114781
 464.000000 0.677762 -1.155232 -0.808012
 465.000000 -1.080681 -1.099391 -0.418002
 466.000000 -0.645845 -1.192758 -0.859520
 467.000000 -1.280354 -0.990735 -0.608192
 468.000000 -0.924912 -1.155023 -0.427466
 469.000000 -1.027889 -1.021301 -0.639065
 470.000000 -0.750781 -0.954283 -0.737515
 471.000000 -1.045602 -0.938566 -0.473505
 472.000000 -1.004855 -1.129273 -0.352755
 473.000000 -1.021883 -1.027982 -0.313313
 474.000000 -1.020427 -1.090881 -0.216377
 475.000000 -1.247477 -0.999225 -0.653639
 476.000000 -0.819321 -1.044045 -0.683551
 477.000000 -0.881648 -1.091220 -0.894158
 478.000000 -1.100003 -0.973959 -0.491893
 479.000000 -0.962593 -1.087460 -0.538631
 480.000000 -1.191558 -1.094478 -0.494116
 481.000000 -0.992926 -0.952391 -0.705353
 482.000000 -0.941539 -1.244294 -0.184041
 483.000000 -0.822790 -0.943974 -0.344262
 484.000000 -0.860689 -1.066108 -0.414301
 485.000000 -0.945981 -1.125651 -0.253911
 486.000000 -0.771949 -0.859828 -0.255817
 487.000000 -1.407972 -0.989171 -0.391297
 488.000000 -0.706867 -1.041688 -0.325730
 489.000000 0.376310 -1.083418 -0.315964
 490.000000 0.551209 -1.410833 -0.208936
 491.000000 -0.734857 -1.444624 0.058815
 492.000000 2.982769 -1.084220 -0.501127
 493.000000 0.703150 -1.305117 0.220647
 494.000000 0.699333 -1.031611 0.003357
 495.000000 0.525044 -0.938692 -0.297175
 496.000000 0.766902 -1.026763 -0.502466
 497.000000 1.198977 -1.110604 -0.213208
 498.000000 0.394733 -1.035996 0.034325
 499.000000 -0.872533 -0.889283 -0.303846
 500.000000 0.666950 -0.985997 -0.729007
 501.000000 1.191130 -1.086725 -0.609044
 502.000000 3.073383 -1.153985 -0.069192
 503.000000 -0.537204 -1.243324 -0.241823
 504.000000 -0.886620 -0.970664 -0.199380
 505.000000 -0.735342 -1.380677 -0.058360
 506.000000 -2.546072 -1.070614 -0.329719
 507.000000 0.437110 -1.271591 0.141354
 508.000000 -1.358647 -1.353886 -0.359359
 509.000000 -0.888101 -1.434611 -0.218876
 510.000000 -1.005182 -1.450710 -0.148406
 511.000000 -0.849533 -0.980191 -0.526406
 512.000000 -1.003668 -1.327286 -0.236377
 513.000000 -0.865252 -1.246113 -0.525716
 514.000000 -0.669688 -1.452203 -0.011573
 515.000000 -0.415135 -1.042181 -0.866259
 516.000000 -0.740180 -1.478706 -0.251605
 517.000000 0.655543 -0.970530 -0.359237
 518.000000 -0.541013 -1.042619 -0.552311
 519.000000 -1.288907 -1.293506 -0.075612
 520.000000 -0.623034 -1.161637 -0.279400
 521.000000 0.622917 -1.207802 -0.093237
 522.000000 -0.632698 -1.179729 -0.524887
 523.000000 -0.613306 -1.224295 -0.239051
 524.000000 -1.076341 -1.124650 -0.398879
 525.000000 -0.966760 -1.135214 -0.474664
 526.000000 0.748518 -1.293073 -0.447757
 527.000000 0.527421 -1.156173 -0.489583
 528.000000 0.832611 -1.213231 -0.278965
 529.000000 -0.966302 -1.324732 -0.596573
 530.000000 -0.786289 -1.007148 -0.272995
 531.000000 -0.657446 -1.149506 -0.787643
 532.000000 0.283302 -1.300676 -0.632281
 533.000000 -1.107684 -1.274791 -0.494157
 534.000000 -0.864760 -1.263377 -0.490798
 535.000000 -0.654733 -1.213023 -0.374999
 536.000000 0.638514 -1.445286 -0.376264
 537.000000 -0.917979 -1.128332 -0.433043
 538.000000 -1.441685 -1.018963 -0.304800
 539.000000 -0.924835 -1.134357 -0.257817
 540.000000 -0.195167 -1.190538 -0.151292
 541.000000 -3.096219 -1.169569 -0.165748
 542.000000 -0.681507 -1.273704 -0.133651
 543.000000 -0.968544 -0.948729 -0.402789
 544.000000 0.683999 -1.454304 0.031560
 545.000000 0.762805 -1.494154 -0.411553
 546.000000 -2.811733 -1.496228 0.075773
 547.000000 -0.790315 -1.263835 -0.186613
 548.000000 -2.782952 -1.139632 0.179296
 549.000000 -3.119027 -1.124642 -0.155479
 550.000000 -1.465281 -1.314790 -0.076193
 551.000000 -0.960634 -1.179850 0.005975
 552.000000 -0.795399 -0.933153 -0.682009
 553.000000 1.137594 -1.314791 -0.131784
 554.000000 -1.089112 -0.982568 -0.626994
 555.000000 -0.771104 -1.227780 -0.384729
 556.000000 -1.508510 -1.098307 -0.210261
 557.000000 -0.809509 -1.318844 0.194403
 558.000000 -0.864783 -1.013567 -0.643820
 559.000000 -0.795233 -1.249997 0.104551
 560.000000 -0.857272 -1.018848 -0.391587
 561.000000 -0.583881 -1.002231 -0.324586
 562.000000 0.822998 -0.838369 -0.604255
 563.000000 -1.005013 -1.061560 -0.383329
 564.000000 -0.921694 -1.222743 -0.630615
 565.000000 -0.993297 -1.425741 -0.217796
 566.000000 0.576498 -1.363084 -0.147007
 567.000000 -1.223706 -1.143705 -0.608927
 568.000000 -1.317386 -1.139759 -0.576458
 569.000000 -0.935700 -1.142654 -0.379045
 570.000000 0.995473 -1.162891 -0.306207
 571.000000 -1.465432 -1.289759 -0.325720
 572.000000 -1.025747 -1.231983 -0.136391
 573.000000 1.051220 -1.132575 -0.176281
 574.000000 0.635064 -1.283983 -0.066742
 575.000000 -0.550451 -1.399679 -0.468976
 576.000000 0.350114 -1.067924 -0.463720
 577.000000 -0.610715 -1.435361 0.220693
 578.000000 -0.638627 -1.191318 -0.792702
 579.000000 -0.828350 -0.969395 -0.680617
 580.000000 -0.949475 -1.029459 -0.862285
 581.000000 -1.181821 -1.036597 0.297343
 582.000000 -1.019113 -1.246194 -0.340461
 583.000000 -0.796175 -0.883607 -0.796490
 584.000000 -1.013105 -1.247519 -0.478407
 585.000000 -0.708997 -0.886114 -0.883617
 586.000000 -0.712789 -0.916474 -0.820000
 587.000000 -1.072575 -0.845533 -0.559059
 588.000000 -0.976052 -0.954457 -0.621117
 589.000000 -0.907117 -0.794447 -0.753167
 590.000000 -1.026775 -0.841256 -0.837841
 591.000000 -0.600612 -0.991804 -0.759015
 592.000000 -1.394854 -1.150462 -0.407248
 593.000000 -0.990984 -0.959567 -0.560122
 594.000000 -0.958810 -1.035917 -0.841430
 595.000000 -1.238772 -1.202828 -0.409444
 596.000000 -0.914165 -1.035536 -0.607522
 597.000000 -0.906062 -0.862100 -0.501160
 598.000000 -0.823312 -0.911851 -0.355199
 599.000000 -0.852986 -1.266678 -0.408620
 600.000000 -0.669250 -1.318204 -0.765523
 601.000000 -0.941338 -0.927940 -0.391301
 602.000000 -1.089427 -1.096299 -0.307154
 603.000000 -1.025053 -0.561034 -0.836363
 604.000000 -0.917300 -1.074830 -0.978038
 605.000000 -0.862267 -1.040058 -0.359370
 606.000000 -1.076758 -1.140020 -0.594638
 607.000000 -0.705568 -1.330860 -0.479017
 608.000000 0.703322 -1.121259 -0.725697
 609.000000 -1.315413 -0.898032 -0.413502
 610.000000 -1.378333 -0.877851 -0.618571
 611.000000 -3.085570 -1.001245 -0.596123
 612.000000 -0.573070 -1.317707 -0.526212
 613.000000 -0.696681 -0.956681 -0.375078
 614.000000 -0.784754 -1.055682 -0.587412
 615.000000 -0.965869 -0.790281 -0.703086
 616.000000 -1.018237 -0.961125 -0.868962
 617.000000 -1.095487 -1.102819 -0.003803
 618.000000 -0.638556 -0.876695 -0.842347
 619.000000 -0.852162 -0.872871 -0.503546
 620.000000 -0.766027 -0.980901 -0.569685
 621.000000 -1.149206 -0.955376 -0.205316
 622.000000 -1.065188 -1.376426 -0.331890
 623.000000 -3.063409 -0.948748 -0.820241
 624.000000 -2.948297 -1.196925 -0.280920
 625.000000 0.975147 -0.780244 -0.657113
 626.000000 -0.921317 -1.040458 -0.657196
 627.000000 -0.736482 -0.792642 -1.006439
 628.000000 -1.056333 -0.756743 -0.916140
 629.000000 -0.769038 -0.923465 -0.961995
 630.000000 -0.915683 -1.089369 -0.737588
 631.000000 -0.668828 -1.058021 -0.589885
 632.000000 -1.095055 -0.930956 -0.856485
 633.000000 -1.208416 -0.711634 -0.576548
 634.000000 -1.105953 -1.062994 -0.434784
 635.000000 -0.871820 -1.123189 -0.475283
 636.000000 -1.310630 -0.844333 -0.649251
 637.000000 -0.731449 -1.111012 -0.678669
 638.000000 -0.860832 -1.110071 -0.678554
 639.000000 0.414237 -1.155933 -0.554011
 640.000000 -1.195206 -1.198838 -0.077460
 641.000000 -0.662312 -1.089005 -0.353157
 642.000000 -1.133389 -0.838501 -0.766634
 643.000000 -0.954673 -1.285739 -0.232647
 644.000000 -0.918287 -0.805361 -0.616717
 645.000000 -0.753820 -1.154056 -0.653317
 646.000000 0.903493 -1.234677 -0.487516
 647.000000 2.766172 -0.781538 -0.428294
 648.000000 -0.913080 -1.062270 -0.226806
 649.000000 -1.224008 -1.714045 -0.137106
 650.000000 -1.084595 -0.984008 -0.594975
 651.000000 -0.588909 -1.023995 -0.419264
 652.000000 -0.996456 -1.134659 -0.197609
 653.000000 -1.245627 -0.986874 -0.626724
 654.000000 -1.060938 -1.031858 -0.313633
 655.000000 -0.951623 -1.015801 -0.894077
 656.000000 -1.088375 -0.843210 -0.609587
 657.000000 -0.796413 -1.033911 -0.556757
 658.000000 -0.784440 -0.946306 -0.736312
 659.000000 -1.024581 -1.180765 -0.533573
 660.000000 -0.796865 -1.570707 -0.067869
 661.000000 -1.006729 -1.076173 -0.608876
 662.000000 -1.164836 -1.180581 -0.066615
 663.000000 -0.722565 -1.050931 -0.654453
 664.000000 -0.923043 -1.225366 -0.365512
 665.000000 -0.923217 -1.197436 -0.518639
 666.000000 0.096540 -0.943218 -0.529964
 667.000000 -1.070751 -1.039083 -0.600700
 668.000000 -0.978319 -1.224742 -0.385634
 669.000000 -1.268543 -1.236367 -0.676563
 670.000000 -0.957799 -1.042482 -0.356040
 671.000000 -1.003976 -1.222914 -0.526662
 672.000000 -3.070515 -0.835754 -0.653985
 673.000000 -2.639768 -1.134610 -0.528956
 674.000000 -0.771664 -1.313071 -0.319227
 675.000000 -0.820521 -1.327803 -0.698002
 676.000000 -0.887099 -1.347280 -0.345029
 677.000000 -0.931048 -1.105845 -0.881493
 678.000000 -0.886264 -1.208301 -0.737777
 679.000000 -0.631064 -1.077501 -0.686070
 680.000000 -0.771607 -1.001819 -0.815560
 681.000000 -0.924580 -1.175427 -0.016885
 682.000000 -0.968478 -1.046831 -0.745606
 683.000000 -0.817595 -1.116723 -0.354454
 684.000000 -1.213712 -1.212391 -0.591763
 685.000000 -0.989941 -1.067989 -0.611689
 686.000000 -0.919199 -0.990161 -0.653096
 687.000000 -0.990554 -1.314636 -0.410925
 688.000000 -1.276190 -1.097896 -0.458801
 689.000000 -1.077475 -1.207301 -0.878724
 690.000000 -0.868080 -1.068718 -0.387644
 691.000000 -0.765544 -1.079798 -0.213110
 692.000000 -1.322740 -1.064292 -0.352582
 693.000000 -0.936755 -1.237401 -0.499490
 694.000000 -0.760167 -1.252257 -0.678491
 695.000000 -1.029079 -1.500095 -0.614946
 696.000000 -0.819102 -1.051948 -0.709539
 697.000000 -1.078710 -1.044957 -0.711933
 698.000000 -1.112618 -1.167272 -0.188853
 699.000000 -1.348519 -1.285124 -0.258799
 700.000000 -0.925568 -1.133762 -0.522986
 701.000000 -0.368392 -1.061501 -0.438672
 702.000000 -0.655613 -1.258352 -0.496968
 703.000000 -1.151807 -1.034421 -0.262851
 704.000000 -0.872813 -1.184992 -0.691079
 705.000000 -0.717172 -1.068817 -0.792201
 706.000000 -0.785277 -0.971178 -0.743953
 707.000000 -1.032117 -0.901078 -0.801187
 708.000000 -0.957217 -1.018111 -0.651402
 709.000000 -0.955003 -1.164576 -0.474963
 710.000000 -0.852238 -1.246861 -0.195937
 711.000000 -0.898815 -1.359007 -0.602368
 712.000000 -1.038933 -1.170948 -0.622515
 713.000000 -0.731458 -1.057435 -0.630084
 714.000000 -0.992981 -1.065764 -0.140277
 715.000000 -1.114765 -1.199090 -0.453446
 716.000000 -1.157571 -1.439281 0.052282
 717.000000 -1.102471 -0.965663 -0.831739
 718.000000 -1.285962 -1.460542 -0.159546
 719.000000 -0.913593 -1.045668 -0.579514
 720.000000 -0.925777 -1.031923 -0.134965
 721.000000 -1.147896 -1.146520 -0.284298
 722.000000 -1.317773 -1.210150 -0.289271
 723.000000 -0.964696 -1.115284 -0.605258
 724.000000 -0.728034 -1.152849 -0.549786
 725.000000 -0.501294 -1.262219 -0.560572
 726.000000 -0.879605 -1.182811 0.067975
 727.000000 0.837092 -1.017571 -0.478248
 728.000000 0.600613 -1.319503 0.028908
 729.000000 -1.120654 -1.054982 -0.450164
 730.000000 0.947969 -0.920367 -0.605716
 731.000000 -2.684412 -1.116223 -0.175856
 732.000000 -0.852226 -1.486653 -0.030986
 733.000000 -2.829845 -0.851277 -0.625766
 734.000000 -0.956271 -1.307911 -0.131963
 735.000000 -0.951607 -1.347789 -0.118369
 736.000000 3.067640 -1.346457 -0.139576
 737.000000 -1.058045 -1.211804 -0.025628
 738.000000 -0.941228 -1.107161 -0.412675
 739.000000 -0.305484 -1.083347 -0.465122
 740.000000 -0.584211 -1.094836 -0.455855
 741.000000 -1.155208 -1.284492 -0.199903
 742.000000 -0.900529 -1.224718 -0.327406
 743.000000 3.055123 -1.161845 -0.409339
 744.000000 -0.679965 -0.845403 -0.495199
 745.000000 -1.064491 -1.213789 -0.123542
 746.000000 -0.921257 -1.117442 -0.421869
 747.000000 -1.100033 -1.160774 -0.099261
 748.000000 -1.000138 -1.454725 0.052296
 749.000000 -0.746000 -1.385848 -0.125866
 750.000000 -0.746838 -1.261503 -0.576143
 751.000000 -1.167250 -1.161395 -0.271276
 752.000000 -1.338508 -1.105999 -0.333601
 753.000000 -1.045207 -1.482527 -0.296498
 754.000000 -1.058543 -1.320021 -0.277909
 755.000000 -0.696456 -1.491152 -0.283214
 756.000000 -0.707544 -1.250522 -0.306270
 757.000000 -1.024974 -1.144502 -0.202624
 758.000000 0.813297 -1.521354 -0.114880
 759.000000 0.329030 -1.261706 -0.351949
 760.000000 -2.535161 -1.146287 -0.187502
 761.000000 2.967912 -1.387843 -0.306034
 762.000000 -1.185054 -1.315890 -0.482320
 763.000000 -0.812394 -1.135219 -0.488890
 764.000000 -1.126015 -1.298664 -0.272148
 765.000000 -1.021911 -1.186740 -0.307227
 766.000000 -0.916693 -1.116785 -0.000005
 767.000000 -1.068739 -0.939169 -0.288663
 768.000000 -0.923114 -1.205199 -0.184714
 769.000000 -0.691991 -1.071389 -0.249281
 770.000000 -0.653408 -1.387795 -0.271955
 771.000000 -0.786563 -1.132797 -0.367096
 772.000000 -1.218309 -1.389855 -0.110995
 773.000000 -1.189828 -1.264534 -0.295759
 774.000000 0.897405 -1.260923 0.031930
 775.000000 -1.059789 -1.294577 -0.397156
 776.000000 -1.257916 -0.985739 -0.245900
 777.000000 -1.177251 -1.194799 -0.092578
 778.000000 -1.250696 -1.117541 -0.326961
 779.000000 -1.073801 -0.995625 -0.685274
 780.000000 -1.053437 -1.158447 -0.231031
 781.000000 -0.671271 -1.115009 -0.628997
 782.000000 -0.521232 -1.408058 -0.358184
 783.000000 0.730832 -0.999585 -0.308647
 784.000000 -2.688547 -1.397085 -0.155990
 785.000000 -2.347853 -1.374238 -0.027610
 786.000000 -0.455779 -1.109083 -0.182708
 787.000000 -1.015140 -1.041369 -0.384653
 788.000000 -1.010614 -1.235021 -0.405527
 789.000000 -0.807191 -1.382638 -0.199903
 790.000000 -0.872800 -1.288121 -0.040342
 791.000000 -0.768992 -1.006813 -0.358451
 792.000000 -0.804862 -0.753349 -0.462377
 793.000000 -1.190382 -1.117921 -0.246032
 794.000000 0.302661 -1.307978 0.016249
 795.000000 -1.044806 -1.119284 -0.422682
 796.000000 -0.569845 -0.968154 -0.269742
 797.000000 -0.990924 -1.026830 -0.727729
 798.000000 -0.905598 -1.343481 -0.194242
 799.000000 0.633780 -1.362287 -0.593971
 800.000000 -0.834135 -1.009542 -0.491368
 801.000000 1.071978 -1.120692 -0.196299
 802.000000 0.615959 -0.845248 -0.444403
 803.000000 -0.870528 -1.345092 -0.299393
 804.000000 -0.859442 -1.389707 0.128152
 805.000000 -0.678398 -1.133361 -0.356583
 806.000000 -1.043579 -1.279810 -0.225994
 807.000000 -0.905006 -1.083745 -0.294138
 808.000000 -1.039628 -0.880726 -0.606937
 809.000000 -0.949428 -1.480855 -0.086046
 810.000000 -0.448293 -1.462199 -0.061582
 811.000000 -0.433217 -1.354738 -0.199456
 812.000000 -0.704688 -1.476169 0.095842
 813.000000 -0.700557 -1.050257 -0.192947
 814.000000 -1.114841 -1.334217 -0.239956
 815.000000 -1.220487 -0.960152 -0.839091
 816.000000 -0.632133 -1.277517 -0.503810
 817.000000 -0.836260 -1.085858 -0.420131
 818.000000 -1.151748 -1.271512 0.016086
 819.000000 1.038563 -1.430639 -0.046615
 820.000000 -0.664549 -1.195554 -0.210112
 821.000000 -0.964107 -1.366624 -0.241429
 822.000000 -1.067888 -1.014970 -0.556063
 823.000000 -0.963720 -1.449867 -0.104451
 824.000000 -0.792888 -1.421467 -0.230567
 825.000000 -0.379601 -1.100190 -0.490328
 826.000000 -0.970546 -1.401294 -0.074773
 827.000000 -0.561209 -1.067904 0.032459
 828.000000 -0.550725 -1.206623 -0.284991
 829.000000 -0.963530 -1.094183 -0.019911
 830.000000 -0.841948 -1.391974 0.134804
 831.000000 1.272660 -1.172191 -0.605098
 832.000000 0.798500 -0.920678 -0.498479
 833.000000 -0.915921 -1.225920 -0.253322
 834.000000 -2.934514 -1.198451 -0.433698
 835.000000 -0.503166 -1.153790 -0.145464
 836.000000 -2.716783 -1.113717 -0.329728
 837.000000 -0.971726 -1.264366 -0.184905
 838.000000 0.594580 -1.251141 -0.433225
 839.000000 -2.761656 -1.060279 -0.352654
 840.000000 -1.066983 -1.073495 -0.403865
 841.000000 -2.757943 -1.240618 -0.334876
 842.000000 -0.813777 -1.325111 0.197107
 843.000000 -2.853960 -1.227721 -0.307200
 844.000000 -0.573304 -1.175650 -0.435608
 845.000000 -0.943046 -0.911199 -0.201966
 846.000000 -1.451701 -1.290992 -0.277506
 847.000000 -0.895040 -1.263102 -0.177132
 848.000000 -0.813256 -1.257214 -0.621920
 849.000000 -1.235591 -1.377942 0.225760
 850.000000 -0.947846 -1.185448 -0.272827
 851.000000 -1.250872 -1.356568 -0.396469
 852.000000 -1.267451 -1.051944 -0.294279
 853.000000 -0.735820 -1.302382 -0.068694
 854.000000 -0.812215 -1.255036 -0.503116
 855.000000 -0.985242 -1.239476 -0.320053
 856.000000 -0.446066 -1.134337 -0.352431
 857.000000 0.372251 -1.108726 -0.697457
 858.000000 0.682462 -1.419291 -0.081618
 859.000000 -0.718446 -1.231431 -0.447564
 860.000000 -1.057445 -1.376855 -0.427584
 861.000000 -0.838395 -1.262440 -0.604812
 862.000000 0.432458 -1.246974 0.043103
 863.000000 3.094539 -1.101984 -0.534213
 864.000000 -2.875282 -1.254874 -0.204925
 865.000000 -1.084167 -0.826693 -0.547941
 866.000000 -0.856851 -0.657910 -0.759332
 867.000000 -0.713463 -0.667470 -0.523849
 868.000000 -1.039419 -1.084799 -0.613870
 869.000000 -0.884900 -1.114870 -0.277946
 870.000000 -1.053144 -0.826668 -0.458237
 871.000000 -1.128209 -1.096977 -0.330403
 872.000000 -1.065733 -0.977335 -0.437042
 873.000000 -1.029134 -1.008847 -0.375951
 874.000000 -1.123840 -1.109964 -0.474125
 875.000000 -0.995592 -1.134150 -0.245809
 876.000000 -0.893015 -0.940077 -0.521250
 877.000000 -0.918566 -1.199416 -0.319151
 878.000000 -0.691099 -1.027171 -0.275411
 879.000000 -0.875097 -1.139987 -0.005393
 880.000000 -0.994821 -1.143684 -0.250369
 881.000000 -0.929021 -1.058157 -0.402272
 882.000000 -1.037261 -0.940305 -0.231132
 883.000000 -1.146701 -1.239861 -0.335136
 884.000000 -0.958396 -1.120613 -0.318973
 885.000000 -0.936276 -1.067166 -0.436948
 886.000000 -0.696881 -1.191455 -0.340184
 887.000000 -0.804791 -1.150803 -0.621560
 888.000000 -1.052080 -1.214216 -0.031973
 889.000000 -1.218734 -1.086932 -0.651466
 890.000000 -0.861907 -1.139401 -0.348049
 891.000000 -1.083460 -1.138536 -0.150879
 892.000000 -0.946199 -1.235107 -0.120600
 893.000000 -0.953154 -0.537534 -0.795531
 894.000000 -1.005619 -1.071011 -0.322041
 895.000000 -0.772687 -0.822246 -0.792069
 896.000000 -0.829639 -1.139660 -0.446182
 897.000000 -1.023007 -0.853068 -0.338138
 898.000000 -0.798280 -0.878415 -0.451050
 899.000000 -1.141157 -1.080455 -0.430814
 900.000000 -1.089786 -0.764218 -0.794621
 901.000000 -0.754160 -1.028291 -0.258761
 902.000000 -1.110512 -1.054701 -0.332432
 903.000000 -0.810021 -1.112256 -0.777480
 904.000000 -0.758725 -0.939264 -0.655415
 905.000000 -0.847804 -1.278389 -0.245423
 906.000000 -1.037694 -0.922243 -0.539905
 907.000000 -1.135597 -1.013496 -0.227878
 908.000000 -1.200744 -1.024347 -0.910685
 909.000000 -0.672765 -0.945918 -0.623911
 910.000000 -0.757629 -1.111162 -0.677674
 911.000000 -0.956916 -1.114155 -0.437461
 912.000000 -1.636730 -1.143539 -0.081601
 913.000000 -0.935917 -0.966572 -0.573040
 914.000000 -0.835979 -1.098784 -0.558058
 915.000000 -0.685137 -1.074363 -0.398799
 916.000000 -1.240605 -1.312005 -0.330320
 917.000000 -0.883693 -0.960032 -0.422422
 918.000000 -0.667458 -0.799187 -0.578610
 919.000000 -1.151030 -1.254627 -0.496505
 920.000000 -0.842791 -1.009152 -0.577395
 921.000000 -0.917094 -0.917953 -0.625806
 922.000000 -0.956765 -1.222990 -0.644456
 923.000000 -0.850745 -1.026671 -0.574823
 924.000000 -1.202601 -1.381505 -0.184855
 925.000000 -0.997585 -0.870124 -0.726730
 926.000000 -1.218762 -1.109961 -0.352535
 927.000000 -0.539319 -0.997203 -0.627985
 928.000000 -0.886406 -0.678948 -1.147197
 929.000000 -1.232761 -1.022911 -0.628550
 930.000000 -0.643510 -1.366959 -0.743752
 931.000000 -1.057132 -1.352518 -0.329298
 932.000000 -0.679159 -0.815368 -0.639957
 933.000000 -0.618027 -0.989373 -0.361649
 934.000000 -0.454738 -1.022350 -0.329736
 935.000000 -0.908589 -0.863180 -0.300068
 936.000000 -1.021140 -1.046863 -0.808854
 937.000000 -0.784338 -0.925979 -0.379670
 938.000000 -0.846867 -1.079510 -0.561359
 939.000000 -0.728752 -0.947516 -0.758005
 940.000000 -0.823981 -0.861861 -0.332721
 941.000000 -0.970905 -1.120762 -0.229149
 942.000000 -1.045605 -0.873313 -0.705039
 943.000000 -1.275229 -1.130631 -0.366410
 944.000000 -1.228231 -1.038410 -0.164607
 945.000000 -0.839874 -1.143327 -0.039969
 946.000000 -0.987244 -1.283563 -0.211746
 947.000000 -0.736145 -0.999086 -0.444445
 948.000000 0.641369 -0.988571 -0.572901
 949.000000 -0.970759 -0.912803 -0.689718
 950.000000 -1.023307 -1.008247 -0.426812
 951.000000 -0.988022 -1.168812 -0.088174
 952.000000 -0.940444 -1.008904 -0.529924
 953.000000 -1.082519 -1.375062 -0.461219
 954.000000 -0.837046 -1.090033 -0.552725
 955.000000 -0.732415 -1.189873 -0.555649
 956.000000 -0.825334 -1.146194 -0.601426
 957.000000 -0.998201 -1.137505 -0.480642
 958.000000 -1.088168 -1.018714 -0.535835
 959.000000 -0.963973 -1.124263 -0.377104
 960.000000 -1.278341 -0.962628 -0.720748
 961.000000 -1.141768 -0.802154 -0.834862
 962.000000 -1.578150 -1.001607 -0.527971
 963.000000 -1.186560 -0.954633 -0.711126
 964.000000 -0.941303 -1.090616 -0.548272
 965.000000 -1.041990 -1.185460 -0.726667
 966.000000 -0.635047 -1.275188 -0.412730
 967.000000 -1.488046 -1.185943 -0.412845
 968.000000 -0.732515 -1.494764 -0.215468
 969.000000 -0.672368 -0.936665 -0.494484
 970.000000 -1.257157 -0.977457 -0.441042
 971.000000 -0.494239 -1.028951 -0.669035
 972.000000 -0.561008 -1.069372 -0.373572
 973.000000 -1.058751 -0.991026 -0.671967
 974.000000 -0.851951 -1.201806 -0.288608
 975.000000 -0.890579 -1.145032 -0.471694
 976.000000 -1.194908 -0.978315 -0.753086
 977.000000 -1.221721 -0.887371 -0.637000
 978.000000 -0.920334 -0.960633 -0.693644
 979.000000 -0.866817 -1.217467 -0.141028
 980.000000 -1.127768 -1.060328 -0.702096
 981.000000 -1.163801 -1.065286 -0.672460
 982.000000 -0.946093 -1.208512 -0.867348
 983.000000 -1.000843 -1.228549 -0.649764
 984.000000 -1.240491 -1.040910 -0.432963
 985.000000 -0.884874 -1.103778 -0.238723
 986.000000 -1.152550 -0.963026 -1.030330
 987.000000 -0.750628 -1.092692 -0.535829
 988.000000 -1.007480 -1.103677 -0.674231
 989.000000 -1.023812 -1.122559 -0.881508
 990.000000 -0.892285 -1.163603 -0.698674
 991.000000 -0.702466 -1.278900 -0.516419
 992.000000 -0.782436 -1.047620 -0.674883
 993.000000 -0.882107 -1.261174 -0.269108
 994.000000 -0.767029 -1.305203 -0.385793
 995.000000 -1.021536 -0.987706 -0.498484
 996.000000 -0.753675 -0.986170 -0.427633
 997.000000 -1.139446 -0.934131 -0.596047
 998.000000 -0.786924 -0.756925 -0.906071
 999.000000 -0.618646 -0.960589 -0.515143
 1000.000000 -0.915624 -0.771329 -0.692542
