#! FIELDS time chi1_21F chi1_24F chi2_24F
#! SET min_chi1_21F -pi
#! SET max_chi1_21F pi
#! SET min_chi1_24F -pi
#! SET max_chi1_24F pi
#! SET min_chi2_24F -pi
#! SET max_chi2_24F pi
 0.000000 -1.089870 -1.432996 -0.570707
 1.000000 -0.821061 -1.280301 -0.273102
 2.000000 -0.481789 -1.532903 -0.120509
 3.000000 -0.797863 -1.292996 2.850133
 4.000000 -0.892154 -1.215008 2.660603
 5.000000 -0.406980 -1.330691 2.837362
 6.000000 -0.967628 -1.561136 2.544211
 7.000000 -0.745644 -1.428163 -2.895952
 8.000000 -0.710049 -1.048789 2.598875
 9.000000 -0.901321 -1.163023 2.726500
 10.000000 -0.582749 -1.251114 2.947229
 11.000000 -1.012931 -1.583031 -2.931627
 12.000000 -0.630279 -1.430896 2.693663
 13.000000 -1.025946 -1.234096 3.049551
 14.000000 -1.031943 -1.194470 2.921374
 15.000000 -1.026282 -1.157638 2.885261
 16.000000 -0.941678 -1.538404 2.966369
 17.000000 -0.730941 -1.401357 2.870481
 18.000000 -0.649526 -0.994760 2.741350
 19.000000 -0.599454 -1.150805 2.175901
 20.000000 -1.446784 -1.511389 3.043148
 21.000000 -0.802813 -1.030298 2.799883
 22.000000 -0.793927 -1.103728 2.974600
 23.000000 -1.173568 -1.482155 2.652770
 24.000000 -0.771531 -1.143529 2.826192
 25.000000 -1.163638 -1.050313 2.453027
 26.000000 -1.389022 -1.511953 2.581001
 27.000000 -0.843920 -1.249048 2.722603
 28.000000 -0.958496 -1.415245 3.079039
 29.000000 -1.021206 -1.550264 2.873380
 30.000000 -0.877748 -1.335727 3.022114
 31.000000 -0.840294 -1.269879 2.701917
 32.000000 -1.277747 -1.374980 2.769344
 33.000000 -0.740297 -1.407545 2.504021
 34.000000 -0.812585 -1.742211 -0.146045
 35.000000 0.924133 -1.198756 -0.731762
 36.000000 -0.913908 -0.796185 -0.577653
 37.000000 -0.957879 -1.099245 -0.441004
 38.000000 -1.025561 -1.177692 -0.373129
 39.000000 -0.897351 -1.252684 -0.471721
 40.000000 -0.476657 -1.433023 -2.928374
 41.000000 -0.662305 -1.305602 2.742417
 42.000000 -1.158365 -1.350262 2.993556
 43.000000 -2.984717 -1.110300 2.904594
 44.000000 -1.307258 -1.296898 3.006061
 45.000000 -1.281083 -0.900824 2.770891
 46.000000 -1.190303 -1.140671 2.794313
 47.000000 0.592850 -1.198425 2.754157
 48.000000 -0.655081 -1.353434 -0.067626
 49.000000 -0.524245 -1.346859 0.201678
 50.000000 -0.534095 -0.995328 -0.983076
 51.000000 -1.033174 -1.215383 -0.165235
 52.000000 -0.767600 -1.202551 -0.381467
 53.000000 -0.808390 -1.070579 -0.569031
 54.000000 -0.903424 -1.315627 0.040568
 55.000000 -1.081226 -1.287009 -0.337191
 56.000000 0.184135 -1.000903 -0.520247
 57.000000 -1.165834 -1.101307 -0.096762
 58.000000 -0.550402 -1.172461 2.979108
 59.000000 -0.625512 -1.166213 2.854025
 60.000000 -0.957641 -1.470789 2.992638
 61.000000 -0.819295 -1.266512 2.914570
 62.000000 -0.906910 -1.235686 -3.114739
 63.000000 -0.591519 -1.162791 2.957034
 64.000000 -0.425679 -1.303691 3.118132
 65.000000 -1.121135 -1.265360 3.033285
 66.000000 -0.616648 -1.586256 0.130156
 67.000000 -0.724185 -1.170028 0.056295
 68.000000 -0.905153 -1.310936 -0.155944
 69.000000 -0.782391 -1.359555 -0.492866
 70.000000 -0.730375 -1.194471 -3.108656
 71.000000 -0.930129 -1.123138 2.806450
 72.000000 -0.845001 -1.237811 3.131490
 73.000000 -0.750660 -1.255636 3.087379
 74.000000 -0.790533 -1.275701 2.847470
 75.000000 -0.979987 -0.971314 3.122251
 76.000000 -0.992948 -1.367693 3.023718
 77.000000 -0.655005 -1.277476 3.002629
 78.000000 -0.256419 -1.344679 -0.117623
 79.000000 -0.820645 -1.310167 -0.688604
 80.000000 -0.580593 -1.333239 -0.316916
 81.000000 -1.039877 -1.233007 -0.520005
 82.000000 -0.748597 -1.455244 -0.268745
 83.000000 -0.823761 -1.494675 -0.448410
 84.000000 -0.986838 -1.403718 -0.025036
 85.000000 -0.504490 -1.496954 0.382733
 86.000000 -0.876904 -1.245632 2.463507
 87.000000 -0.696596 -1.443157 3.099183
 88.000000 -0.288915 -1.020558 2.888841
 89.000000 -0.463794 -1.264647 2.840909
 90.000000 -0.561156 -1.294550 -3.076211
 91.000000 -0.873597 -1.357816 2.567474
 92.000000 -0.722847 -1.309568 2.203184
 93.000000 -0.335296 -1.530021 0.612776
 94.000000 -0.622943 -1.145054 -0.128607
 95.000000 -0.629545 -0.984492 -0.466970
 96.000000 -0.440504 -1.332002 0.016706
 97.000000 -0.727162 -1.124854 -0.974684
 98.000000 -0.967554 -1.295589 0.022970
 99.000000 -1.434235 -1.058571 -0.162958
 100.000000 -0.896275 -1.175697 -0.356121
 101.000000 -0.844108 -1.301902 -0.521033
 102.000000 -0.484785 -1.272152 2.784047
 103.000000 -1.061225 -1.362436 2.358526
 104.000000 -0.655383 -1.377584 3.028029
 105.000000 -0.746998 -1.082950 2.605137
 106.000000 -0.663697 -1.090506 2.820184
 107.000000 -0.866577 -1.267334 -3.043538
 108.000000 -0.519590 -1.117587 2.678206
 109.000000 -0.722968 -1.393426 2.941641
 110.000000 -0.697790 -1.187498 2.726442
 111.000000 -0.736270 -1.191820 2.872612
 112.000000 -0.856809 -1.235972 3.133722
 113.000000 0.472537 -0.875010 2.627953
 114.000000 -0.804498 -1.231500 2.609799
 115.000000 -0.788956 -1.437829 2.958726
 116.000000 -0.905112 -1.215589 2.988175
 117.000000 -0.839314 -1.336358 -3.132551
 118.000000 -0.735527 -1.318638 2.722281
 119.000000 -0.739756 -1.332305 2.872537
 120.000000 -0.974003 -1.285036 2.875579
 121.000000 -0.786034 -1.588882 -3.137772
 122.000000 -0.860227 -1.238073 3.108541
 123.000000 -1.068657 -1.076943 2.959997
 124.000000 -0.488042 -1.238381 -2.970307
 125.000000 -0.991043 -1.295910 -3.110432
 126.000000 -0.898504 -1.050917 2.469641
 127.000000 -1.052018 -0.812433 2.728995
 128.000000 -1.068996 -1.276047 -2.781092
 129.000000 -0.929128 -1.499124 -3.033171
 130.000000 -0.729333 -1.102045 2.836140
 131.000000 -0.639594 -1.259677 2.893178
 132.000000 -0.835476 -1.478635 2.895332
 133.000000 -0.773111 -1.388202 2.932702
 134.000000 -0.634092 -1.054700 2.942435
 135.000000 -1.128662 -1.412399 -3.002624
 136.000000 -1.099999 -1.570529 -3.114730
 137.000000 -1.284116 -1.185222 -3.065817
 138.000000 -0.977652 -0.928186 -0.523869
 139.000000 -1.079270 -1.204633 -0.251185
 140.000000 -0.630351 -1.231965 -0.504398
 141.000000 -1.130563 -1.358828 -0.337219
 142.000000 -0.790364 -1.421625 -0.358588
 143.000000 -1.298237 -1.181171 -0.940499
 144.000000 -1.278520 -1.341139 -0.231793
 145.000000 -0.959687 -1.347458 0.314007
 146.000000 -0.764420 -1.093039 0.005465
 147.000000 -1.195110 -1.340605 -0.887794
 148.000000 -0.915279 -0.971661 -0.248436
 149.000000 -1.100866 -1.010720 -0.849248
 150.000000 -0.788487 -1.421122 -0.524571
 151.000000 -1.043107 -1.438681 0.437311
 152.000000 -1.094391 -1.165329 -0.023640
 153.000000 -0.814138 -1.324251 -0.366017
 154.000000 -0.625744 -1.249519 -0.524555
 155.000000 -0.772109 -1.180201 -0.595293
 156.000000 -0.804781 -1.170945 -0.043611
 157.000000 -0.703571 -1.315839 -0.503002
 158.000000 -0.913164 -1.230854 0.008945
 159.000000 -1.051199 -1.423613 -0.299287
 160.000000 -0.798766 -1.314813 -0.175993
 161.000000 -0.880051 -1.225142 -0.287988
 162.000000 -0.802917 -0.865437 -0.250044
 163.000000 -0.508273 -1.287740 -0.021436
 164.000000 -0.289545 -1.271407 -0.729717
 165.000000 -0.763957 -1.592794 -0.473706
 166.000000 -1.288817 -1.237096 -0.359593
 167.000000 -0.643069 -1.034424 -0.653310
 168.000000 -0.858342 -1.258103 0.023870
 169.000000 -0.188544 -1.271303 -0.406395
 170.000000 -0.684717 -1.424376 -0.293896
 171.000000 -0.557653 -1.243631 -0.458666
 172.000000 -0.581117 -1.402843 -0.310027
 173.000000 -0.844153 -1.258402 -0.622672
 174.000000 -0.404663 -1.462278 -0.211030
 175.000000 -0.854633 -1.201315 -0.761050
 176.000000 -0.870154 -1.310600 0.056200
 177.000000 -0.704532 -1.054180 -0.533574
 178.000000 -0.746083 -1.420974 -0.113426
 179.000000 -0.941619 -1.354485 -0.673160
 180.000000 -0.583081 -1.104256 2.714998
 181.000000 -0.877252 -1.644233 2.083374
 182.000000 -0.983605 -1.405893 2.469289
 183.000000 -0.758259 -1.256452 2.843335
 184.000000 -0.678610 -1.610477 0.015906
 185.000000 -0.965298 -1.179158 -0.307195
 186.000000 -0.996186 -1.181316 -0.899126
 187.000000 -0.779683 -1.434213 0.358224
 188.000000 -0.945324 -1.359573 -0.049799
 189.000000 -0.926293 -1.106279 -0.384109
 190.000000 -0.955510 -1.034845 -0.162882
 191.000000 -1.041423 -1.540447 0.067902
 192.000000 -0.493697 -1.130578 -0.431378
 193.000000 -1.030026 -1.114327 -0.409988
 194.000000 -0.707227 -1.176540 -0.507520
 195.000000 -0.862489 -1.336119 -0.068647
 196.000000 -0.846648 -1.099847 -0.453917
 197.000000 -0.929641 -1.327630 -0.406937
 198.000000 -0.995506 -1.253003 -0.253474
 199.000000 -0.672820 -1.165681 -0.585314
 200.000000 -0.757291 -0.974023 -0.329035
 201.000000 -0.685809 -1.305314 -0.916883
 202.000000 -0.605888 -1.356840 -0.046214
 203.000000 -1.099006 -1.341302 -0.159835
 204.000000 -0.936201 -1.509186 -0.366528
 205.000000 -0.919900 -1.171841 -0.149219
 206.000000 -0.748545 -1.324236 0.221489
 207.000000 -0.768430 -1.172343 -0.370003
 208.000000 -0.655235 -1.570957 -0.008526
 209.000000 -0.901512 -1.463720 0.028015
 210.000000 -0.414574 -1.461175 -0.082287
 211.000000 -1.103182 -1.301896 0.078271
 212.000000 -0.998315 -1.410761 -0.416871
 213.000000 -0.652338 -1.467319 -0.611090
 214.000000 -0.960741 -1.728578 -0.111374
 215.000000 -0.902146 -1.111284 -0.437264
 216.000000 -0.609282 -1.068256 -0.242128
 217.000000 -1.123070 -1.302383 -0.551255
 218.000000 -0.894175 -1.103832 -3.078304
 219.000000 -1.240528 -1.263980 2.966532
 220.000000 -0.671086 -1.202236 2.718603
 221.000000 -0.718335 -1.222987 3.086683
 222.000000 -0.905094 -1.210975 2.636440
 223.000000 -0.836682 -0.960536 2.506625
 224.000000 -1.132979 -1.662772 2.808904
 225.000000 -0.805106 -1.191012 3.058030
 226.000000 -1.192256 -1.178741 2.781757
 227.000000 -0.576906 -1.443987 2.887242
 228.000000 0.600738 -1.249171 3.105388
 229.000000 -1.078705 -1.497491 2.535941
 230.000000 -0.896616 -1.208107 -2.780327
 231.000000 -0.713721 -1.532418 3.075337
 232.000000 -0.866978 -1.422679 2.528027
 233.000000 -0.963089 -1.302799 2.924342
 234.000000 -1.055113 -1.214499 2.734807
 235.000000 -0.997782 -1.347594 -3.111761
 236.000000 -0.857029 -1.295025 3.015432
 237.000000 -0.989904 -1.434454 2.969035
 238.000000 -0.981830 -1.344195 -2.832865
 239.000000 -0.859524 -1.273163 2.756468
 240.000000 -0.909688 -0.940056 2.885211
 241.000000 -0.644213 -1.147654 2.955131
 242.000000 -1.326743 -0.989584 2.794538
 243.000000 -0.732436 -1.593725 3.077767
 244.000000 -0.680369 -1.208656 2.704028
 245.000000 -1.097765 -1.415962 2.625188
 246.000000 -0.987032 -1.255621 -3.089773
 247.000000 -0.892012 -1.140856 2.780546
 248.000000 -1.001571 -1.273453 2.731677
 249.000000 -0.610085 -1.396886 0.167184
 250.000000 -0.889582 -1.199331 -0.548201
 251.000000 -0.453498 -1.213177 -0.191270
 252.000000 -0.492604 -1.181483 -0.264732
 253.000000 -0.782748 -1.301674 -0.352099
 254.000000 -0.604400 -1.196237 -0.139634
 255.000000 -0.805238 -1.291797 -0.230874
 256.000000 -0.702808 -1.032626 -0.479113
 257.000000 -1.056688 -1.407665 -0.312027
 258.000000 -0.932980 -1.437415 -0.119423
 259.000000 -0.848616 -1.560445 0.060584
 260.000000 -0.916958 -1.402023 -0.156138
 261.000000 -0.784321 -0.947298 -0.305282
 262.000000 -0.801859 -1.269165 -0.145513
 263.000000 -0.809541 -1.475677 -0.196166
 264.000000 -0.916318 -1.257452 -0.291488
 265.000000 -0.967630 -0.971477 -0.679129
 266.000000 -0.764544 -1.138264 -0.546093
 267.000000 -0.829916 -1.259532 -0.579004
 268.000000 -0.682204 -1.028440 -0.445235
 269.000000 -0.932345 -1.493492 -0.066967
 270.000000 -0.882260 -1.095854 -0.458906
 271.000000 -0.938617 -1.266702 0.090042
 272.000000 -0.630942 -1.245476 2.972422
 273.000000 -0.787006 -1.137608 2.911522
 274.000000 -0.935296 -0.965080 2.598867
 275.000000 -0.781785 -1.348900 -0.336474
 276.000000 -0.977231 -1.255335 -0.122434
 277.000000 -0.807778 -1.563863 -0.149043
 278.000000 -0.282901 -1.549671 -0.015917
 279.000000 -0.825115 -1.061963 -0.246598
 280.000000 -0.544066 -1.372112 -0.257548
 281.000000 -1.082215 -1.047412 -0.379933
 282.000000 -0.656127 -1.235716 -0.022766
 283.000000 -0.870402 -1.573943 -0.067388
 284.000000 -0.698718 -1.230880 -0.314847
 285.000000 -1.073528 -1.147933 2.835536
 286.000000 -0.799089 -1.279201 -3.122746
 287.000000 -0.962072 -1.008010 2.777698
 288.000000 -1.004474 -1.169867 2.964391
 289.000000 -0.869958 -1.104261 -3.129212
 290.000000 -0.950755 -1.017449 -3.073874
 291.000000 -0.781494 -1.293437 3.009868
 292.000000 -0.880887 -1.361291 2.068906
 293.000000 -0.724618 -1.100958 2.751026
 294.000000 -1.055753 -1.116141 3.103933
 295.000000 -0.757344 -1.235952 3.086798
 296.000000 -0.928314 -1.124525 3.028336
 297.000000 -0.850256 -1.002290 3.053994
 298.000000 -0.649815 -1.101271 2.897558
 299.000000 -0.860468 -1.202187 -2.978987
 300.000000 -0.675450 -1.162549 2.765391
 301.000000 -1.002328 -1.398800 -3.105350
 302.000000 -0.844320 -1.300240 -0.132719
 303.000000 -0.865178 -1.419904 -0.364662
 304.000000 -0.368406 -1.355139 0.029903
 305.000000 -0.871153 -1.697741 -0.158652
 306.000000 -0.714809 -1.139340 0.203014
 307.000000 -1.020555 -1.216566 2.608911
 308.000000 -0.881018 -0.990029 2.741028
 309.000000 -0.855615 -1.337629 2.639157
 310.000000 -0.494253 -1.234402 2.533268
 311.000000 -1.151577 -1.400976 3.053173
 312.000000 -0.839309 -1.228039 3.102136
 313.000000 -0.952542 -1.177586 -0.024454
 314.000000 -0.651992 -1.239506 -0.398098
 315.000000 -0.590330 -1.646268 -0.317535
 316.000000 -0.880626 -1.260222 -0.463686
 317.000000 -1.078093 -1.203312 -0.386311
 318.000000 -1.015244 -1.165596 -0.797109
 319.000000 -1.044750 -1.255504 -0.604751
 320.000000 -0.916083 -1.271593 3.050503
 321.000000 -0.990991 -1.015050 3.039460
 322.000000 -1.060311 -1.185149 2.994533
 323.000000 -0.630006 -1.203347 2.686097
 324.000000 -1.177177 -1.513815 3.007117
 325.000000 -0.721551 -1.296488 2.801753
 326.000000 -0.986498 -1.332399 2.937087
 327.000000 -0.834798 -1.446116 2.733103
 328.000000 -0.511161 -1.462447 2.241040
 329.000000 -0.844957 -1.219563 2.605539
 330.000000 -0.765293 -1.387581 -2.871367
 331.000000 -0.811682 -1.284032 -3.013835
 332.000000 -0.751192 -1.337230 2.744408
 333.000000 -0.851176 -1.318460 -0.144121
 334.000000 -0.690001 -1.411397 -0.437946
 335.000000 -0.880156 -1.276086 -0.146488
 336.000000 -0.824631 -1.369709 2.737494
 337.000000 -1.233395 -1.460988 2.958772
 338.000000 -0.522434 -1.434652 -0.093786
 339.000000 -1.334747 -1.061569 -0.133210
 340.000000 -0.945288 -1.163674 -0.779946
 341.000000 -1.088108 -1.138154 3.091156
 342.000000 -0.890467 -1.372476 -3.132762
 343.000000 -0.811630 -1.278403 2.996136
 344.000000 -0.798995 -0.997923 2.970307
 345.000000 -0.926392 -1.317965 -3.037229
 346.000000 -1.130748 -1.254461 2.389221
 347.000000 -1.223872 -1.078463 2.877882
 348.000000 -0.927793 -1.150204 2.480276
 349.000000 -0.844324 -1.167992 2.728435
 350.000000 -1.371220 -1.209212 2.589305
 351.000000 -1.098494 -1.135861 2.694410
 352.000000 -0.972430 -1.132087 2.986580
 353.000000 -0.515339 -1.343452 2.978409
 354.000000 -1.011317 -1.369221 2.708671
 355.000000 -0.834898 -1.030993 -3.108587
 356.000000 -0.741880 -1.180690 2.975683
 357.000000 -1.294194 -1.427403 2.526738
 358.000000 -0.765702 -1.179285 2.857831
 359.000000 -0.687526 -1.231000 -0.193237
 360.000000 -0.408971 -1.300960 -0.207149
 361.000000 -0.930169 -1.155451 0.106369
 362.000000 -0.876618 -1.350877 0.025202
 363.000000 -0.731449 -1.258199 -0.170178
 364.000000 -0.861748 -1.195610 -0.696719
 365.000000 -0.773999 -1.336934 -0.209703
 366.000000 -1.094241 -1.238724 -0.218339
 367.000000 -0.592124 -1.091509 -0.483193
 368.000000 -1.166759 -1.264629 -0.035178
 369.000000 -1.204132 -1.406437 0.060362
 370.000000 -0.884212 -1.078765 -0.753570
 371.000000 -0.976213 -1.104732 -0.122010
 372.000000 -0.579774 -1.108281 -0.382031
 373.000000 0.936063 -1.296818 -0.649128
 374.000000 -0.617276 -1.088490 -0.293572
 375.000000 -0.942885 -1.056692 0.136540
 376.000000 -1.108562 -1.172457 -0.460142
 377.000000 -0.865039 -1.179296 -0.550234
 378.000000 -0.577364 -1.344079 -0.337336
 379.000000 -0.475485 -1.193367 -0.873287
 380.000000 -1.030657 -0.911268 -0.454513
 381.000000 -1.010799 -1.117623 -0.583932
 382.000000 -1.120770 -1.204568 -0.597295
 383.000000 -1.070131 -1.064528 -0.369731
 384.000000 -0.952635 -1.238453 -0.386588
 385.000000 -0.641700 -1.261460 0.109435
 386.000000 -0.883207 -0.985818 -0.243058
 387.000000 -1.053223 -1.285757 0.109050
 388.000000 -0.515681 -1.162986 -0.202512
 389.000000 -0.860886 -0.973909 -0.244204
 390.000000 -0.773314 -0.955268 -0.840050
 391.000000 -0.974776 -1.512600 -0.616403
 392.000000 -0.810595 -1.439423 -0.567211
 393.000000 -1.045318 -1.170628 -0.324942
 394.000000 -0.310554 -1.163703 -0.377796
 395.000000 -0.639199 -1.054671 0.215697
 396.000000 -0.780600 -1.164074 2.830649
 397.000000 -1.112884 -1.244042 2.983949
 398.000000 -0.969484 -1.271861 3.097912
 399.000000 -1.125564 -1.174509 2.739358
 400.000000 -1.018822 -2.179963 3.061278
 401.000000 -1.078365 -1.635380 2.755101
 402.000000 -0.850586 -1.330082 3.038956
 403.000000 -0.930073 -1.230978 2.912400
 404.000000 -1.340575 -1.201898 3.071300
 405.000000 -1.013610 -1.177399 3.088307
 406.000000 -0.945725 -1.210740 2.659448
 407.000000 -0.800858 -1.251855 2.794789
 408.000000 -0.864614 -1.149355 3.008718
 409.000000 -1.473408 -1.332109 3.028777
 410.000000 -1.222478 -1.466597 2.898902
 411.000000 -1.128551 -2.847826 -3.109125
 412.000000 -0.706597 -2.867717 -2.909536
 413.000000 -1.022873 -1.553262 3.088636
 414.000000 -1.395848 -1.539069 -3.040962
 415.000000 -0.927715 -1.294169 2.679407
 416.000000 -0.862141 -1.161243 3.045109
 417.000000 -0.603163 -1.352876 2.920599
 418.000000 -1.026787 -1.639665 3.088711
 419.000000 -1.079918 -1.099309 -0.433306
 420.000000 -0.972241 -1.334795 -0.319005
 421.000000 -0.857718 -3.015753 0.272118
 422.000000 -0.723377 -1.433934 -2.979890
 423.000000 -0.756030 -1.396227 -0.184580
 424.000000 -0.893748 -1.201568 -0.374713
 425.000000 -1.029626 -1.274062 -0.499596
 426.000000 -1.096853 -1.109437 2.976513
 427.000000 -0.954079 -1.510847 2.561590
 428.000000 -0.598430 -1.236936 2.624972
 429.000000 -1.160542 -1.306737 2.557708
 430.000000 -0.807751 -1.285546 2.908440
 431.000000 -0.247216 -1.466654 3.078230
 432.000000 -0.779231 -1.585862 2.928662
 433.000000 -0.703475 -1.229254 3.015644
 434.000000 -0.922719 -1.236292 -0.418855
 435.000000 -0.870800 -1.559590 -0.390579
 436.000000 -0.839877 -1.494833 -0.380999
 437.000000 -0.932000 -1.405672 -0.497416
 438.000000 -1.027888 -1.274351 -0.316866
 439.000000 -0.783333 -1.372251 -0.213416
 440.000000 -1.193243 -1.640242 -0.846839
 441.000000 -0.870885 -1.438555 -0.420863
 442.000000 -0.983521 -1.473644 2.293252
 443.000000 -0.875659 -1.331568 -3.056244
 444.000000 -0.457587 -1.376287 2.533653
 445.000000 -0.933573 -1.334490 -3.112545
 446.000000 -1.014094 -1.298830 3.018990
 447.000000 -0.312047 -1.135924 2.874084
 448.000000 -0.998179 -1.333924 2.851035
 449.000000 -1.062668 -1.192310 2.857402
 450.000000 -0.582417 -1.081257 2.431922
 451.000000 -0.947144 -1.243718 2.510510
 452.000000 -0.907676 -0.981721 2.327375
 453.000000 -0.814256 -1.287579 2.888634
 454.000000 -0.737508 -1.176704 2.721698
 455.000000 -0.748101 -1.035088 3.046932
 456.000000 -0.991965 -1.164416 3.031839
 457.000000 -0.694798 -1.102586 2.942397
 458.000000 -1.040323 -1.204409 3.090138
 459.000000 -0.837089 -1.360575 3.117811
 460.000000 -0.884379 -1.013243 2.851118
 461.000000 -0.891708 -1.502038 3.002775
 462.000000 -0.563960 -1.296881 2.993251
 463.000000 -0.647769 -1.258033 0.000008
 464.000000 -0.892501 -1.199918 -0.192140
 465.000000 -0.751433 -0.945602 -0.688945
 466.000000 -0.915465 -1.066291 -0.563244
 467.000000 -0.699176 -1.075614 -0.905817
 468.000000 -0.423631 -1.285442 0.139776
 469.000000 -0.745791 -1.213269 0.092906
 470.000000 -0.830449 -1.312583 -0.568974
 471.000000 -0.714796 -0.970741 -0.702350
 472.000000 -0.754882 -1.016110 0.014433
 473.000000 -0.541463 -1.502812 -0.337662
 474.000000 -0.962320 -1.364306 3.077271
 475.000000 -0.857414 -1.199758 2.956598
 476.000000 -0.787626 -1.391700 -2.896650
 477.000000 -0.781936 -1.418210 -2.958551
 478.000000 0.636001 -1.180517 2.508308
 479.000000 -1.062725 -1.441688 -3.098652
 480.000000 -0.547451 -1.285664 2.853096
 481.000000 -1.100112 -1.355359 2.820248
 482.000000 -1.331397 -1.059665 -3.100210
 483.000000 -1.010802 -1.279135 2.882625
 484.000000 -0.665701 -1.266685 2.944736
 485.000000 -0.962989 -1.233315 2.808967
 486.000000 -0.939273 -1.041198 2.982354
 487.000000 -0.909586 -1.662297 -3.093315
 488.000000 -0.840890 -1.219457 2.828508
 489.000000 -1.377103 -1.362045 -2.888968
 490.000000 -0.541555 -1.006783 2.424779
 491.000000 -0.869742 -1.520323 2.452904
 492.000000 -0.824847 -1.158401 2.758344
 493.000000 -0.842616 -1.427242 3.088002
 494.000000 -0.736958 -1.229431 2.789784
 495.000000 1.077099 -0.976988 2.789143
 496.000000 -0.882223 -1.256138 -3.058679
 497.000000 -0.374975 -1.117512 2.290050
 498.000000 -0.547936 -1.204524 2.873879
 499.000000 -0.942349 -0.966912 2.819761
 500.000000 -0.612173 -1.304058 -0.448396
 501.000000 -0.915162 -1.044001 -0.282198
 502.000000 -1.325767 -1.203171 -0.325990
 503.000000 -0.829385 -1.137986 -0.331938
 504.000000 -0.763198 -1.597176 -0.491696
 505.000000 -0.763560 -1.111269 -3.132915
 506.000000 -1.018536 -1.059142 2.914924
 507.000000 -0.760127 -1.716038 -2.868392
 508.000000 -0.974048 -1.252699 2.808202
 509.000000 -1.063314 -1.338986 3.010245
 510.000000 -0.652776 -1.256952 2.563912
 511.000000 -0.682407 -1.338253 2.865798
 512.000000 -0.989244 -1.685361 2.806964
 513.000000 -0.918881 -1.318143 3.033119
 514.000000 -0.866728 -1.618785 2.521877
 515.000000 -0.635042 -1.291950 -2.974534
 516.000000 -0.244503 -1.138468 3.007894
 517.000000 -0.857842 -1.332123 -3.116362
 518.000000 -0.434964 -1.113448 2.706442
 519.000000 -0.720979 -1.243816 2.725529
 520.000000 -0.776243 -1.086099 2.884638
 521.000000 -0.868108 -1.188576 2.570615
 522.000000 -0.741754 -1.252351 2.831913
 523.000000 -0.791758 -1.504832 -3.102926
 524.000000 -0.818161 -0.946409 3.016951
 525.000000 -0.737652 -1.359906 2.576849
 526.000000 -0.709735 -1.402535 -0.418713
 527.000000 -0.880480 -1.087459 2.959388
 528.000000 -0.757859 -1.349996 2.957542
 529.000000 -0.550621 -1.307682 2.822296
 530.000000 -0.548032 -1.336978 3.027080
 531.000000 -0.794033 -1.387187 2.902793
 532.000000 -0.715618 -1.297023 -2.971881
 533.000000 -0.537163 -1.489099 2.973833
 534.000000 -0.947148 -1.259228 3.031500
 535.000000 -0.664572 -1.468847 2.906344
 536.000000 -0.494369 -1.523263 -3.046025
 537.000000 -0.809113 -1.025787 2.839705
 538.000000 -0.892586 -1.539790 0.453920
 539.000000 -0.701932 -1.049275 -0.814247
 540.000000 -0.818810 -1.328805 3.136927
 541.000000 -0.935312 -1.112674 3.078743
 542.000000 -0.857872 -1.305384 3.018315
 543.000000 -0.353627 -1.434979 2.916230
 544.000000 -0.484078 -1.247225 2.582270
 545.000000 -0.587309 -1.369831 2.765027
 546.000000 -0.921445 -1.253253 -2.935643
 547.000000 -0.527739 -1.255797 -0.042966
 548.000000 -0.819970 -1.447781 -0.188218
 549.000000 -0.768243 -1.407606 -0.671255
 550.000000 -0.773768 -1.103218 -0.248502
 551.000000 -0.571812 -1.146532 -0.430177
 552.000000 -0.564127 -1.118783 -0.055374
 553.000000 -0.636461 -1.241380 -0.122573
 554.000000 -0.975117 -1.455185 -0.124063
 555.000000 -0.514428 -1.075746 -0.033384
 556.000000 -0.997954 -1.167985 -0.428733
 557.000000 -0.529740 -1.342818 0.155446
 558.000000 -0.825077 -1.245859 -0.355851
 559.000000 -0.634712 -1.363790 -0.640807
 560.000000 -0.716705 -1.347122 -0.290713
 561.000000 -0.431982 -1.305394 0.100002
 562.000000 -0.835966 -1.251414 -0.561284
 563.000000 -0.352120 -1.252978 0.170995
 564.000000 -0.551305 -1.028058 -0.405877
 565.000000 -1.134572 -1.269912 -0.399011
 566.000000 -1.034198 -1.184111 -0.435864
 567.000000 -0.782463 -1.265036 0.002115
 568.000000 -0.658181 -1.241114 -0.461957
 569.000000 -0.849773 -1.217683 -0.408639
 570.000000 -0.828812 -1.296042 -0.590636
 571.000000 -1.080178 -1.041159 0.170119
 572.000000 -0.729319 -1.388054 -0.528970
 573.000000 -0.673243 -0.996317 -0.438281
 574.000000 -0.824298 -1.259086 -0.522079
 575.000000 -0.526474 -1.104168 -0.535833
 576.000000 -0.925204 -1.348901 0.028757
 577.000000 -0.454098 -1.460838 0.071732
 578.000000 -0.809623 -1.118856 0.172651
 579.000000 -0.636553 -1.384068 0.013323
 580.000000 -1.346271 -0.904158 -0.927753
 581.000000 -1.142608 -1.230437 -0.287255
 582.000000 -0.661983 -1.099691 -0.184159
 583.000000 -0.962309 -1.177888 -0.500203
 584.000000 -1.027726 -1.072247 -0.624566
 585.000000 -0.958267 -1.021728 -0.809176
 586.000000 -0.912635 -1.198643 -0.869131
 587.000000 -0.601524 -1.049318 -0.620929
 588.000000 -1.102681 -1.239285 -0.101676
 589.000000 -0.361779 -1.277728 -0.400206
 590.000000 -0.930744 -1.588885 2.856281
 591.000000 -0.671691 -1.139953 -0.316839
 592.000000 -0.626968 -1.144490 -0.078457
 593.000000 -0.714196 -1.282089 -0.263368
 594.000000 -1.009992 -1.056531 -0.084955
 595.000000 -0.793995 -1.481225 -0.900634
 596.000000 -0.695417 -1.483891 -0.645496
 597.000000 -1.025593 -1.140328 -0.538056
 598.000000 -0.870774 -0.896328 -0.568131
 599.000000 -0.672522 -1.217982 -0.193483
 600.000000 -0.763509 -1.473790 -1.036676
 601.000000 -0.668235 -1.076067 -0.048611
 602.000000 -1.064583 -1.253002 -0.180597
 603.000000 -1.096028 -1.535127 -3.127371
 604.000000 -0.273782 -1.047449 2.987846
 605.000000 -0.970745 -1.270349 2.884826
 606.000000 -0.678127 -1.257858 2.611508
 607.000000 -0.676426 -1.326701 2.962417
 608.000000 -0.715909 -1.240322 -0.291551
 609.000000 -0.465318 -1.105211 -0.373878
 610.000000 -0.554374 -1.182046 -0.516468
 611.000000 -0.565493 -1.370509 -0.112477
 612.000000 -0.947715 -1.165647 -0.631301
 613.000000 -0.840215 -1.320328 -0.183259
 614.000000 -0.815259 -1.154664 -0.136660
 615.000000 -0.837587 -1.183429 -0.207703
 616.000000 -1.184684 -0.943539 -0.107899
 617.000000 -1.076739 -0.739791 -0.616743
 618.000000 -0.851232 -1.172267 -0.656237
 619.000000 -1.318735 -0.969911 -0.886726
 620.000000 -0.869922 -1.280557 -0.131648
 621.000000 -1.025436 -1.104240 -0.793940
 622.000000 -0.915383 -1.182741 -0.481968
 623.000000 -0.973875 -1.342273 -0.481999
 624.000000 -0.702143 -1.072078 -0.320799
 625.000000 -0.957580 -1.073854 -0.425055
 626.000000 0.853635 -1.294078 0.057762
 627.000000 -0.918725 -1.296661 -0.434239
 628.000000 -0.517696 -1.000223 -0.560059
 629.000000 -0.773457 -1.506672 -0.211606
 630.000000 -0.979792 -1.232357 -0.469242
 631.000000 -0.924618 -1.318372 -0.342689
 632.000000 -0.696823 -1.113030 0.193369
 633.000000 -1.193393 -0.883638 2.800062
 634.000000 -0.871957 -1.273676 3.004520
 635.000000 -0.873986 -1.109958 -0.249761
 636.000000 -1.329553 -1.135735 -0.700250
 637.000000 -0.775269 -1.400261 0.262817
 638.000000 -1.044073 -1.350183 -0.204148
 639.000000 -1.036133 -1.357618 -0.213914
 640.000000 -1.153405 -0.969692 -0.445492
 641.000000 -0.724062 -1.212246 0.013458
 642.000000 -0.814409 -1.455077 -0.297978
 643.000000 -0.782846 -1.089865 -0.265546
 644.000000 -1.013142 -1.253374 -0.398418
 645.000000 -0.769286 -1.527030 -0.558670
 646.000000 -0.944609 -1.306392 -0.068018
 647.000000 -0.821572 -1.021250 -0.223708
 648.000000 -1.001775 -1.021502 -0.464705
 649.000000 -0.584942 -1.308541 0.283309
 650.000000 -0.713352 -1.146384 -0.421089
 651.000000 -0.915751 -2.460211 -0.135173
 652.000000 -1.046491 -1.118658 -0.207091
 653.000000 -0.977447 -1.418131 -0.004763
 654.000000 -0.845000 -1.265202 -0.553353
 655.000000 -0.540834 -1.087017 -0.388798
 656.000000 -1.378404 -1.309696 -0.112440
 657.000000 -0.831346 -1.171683 -0.309419
 658.000000 -0.328344 -1.483539 -0.331304
 659.000000 -0.825675 -1.328494 -0.723572
 660.000000 -0.619668 -1.202883 -0.573647
 661.000000 -0.879273 -1.092720 0.024483
 662.000000 -0.746273 -0.991082 -0.664160
 663.000000 -0.889367 -1.096048 -0.749006
 664.000000 -0.987688 -1.377103 -0.806493
 665.000000 -0.401587 -1.233418 -0.488951
 666.000000 -0.720695 -1.475918 0.014213
 667.000000 -0.955058 -1.398151 -0.381256
 668.000000 -0.935691 -1.235906 -0.622110
 669.000000 -0.768143 -1.221997 -0.249402
 670.000000 -0.772185 -0.909507 -0.062081
 671.000000 0.543058 -1.077313 0.005483
 672.000000 -0.689618 -1.367214 -0.172665
 673.000000 -0.658276 -1.410398 0.459933
 674.000000 -0.788150 -1.172756 -0.091867
 675.000000 -0.575130 -1.116554 -0.335744
 676.000000 -0.852201 -1.413633 2.178410
 677.000000 -0.759322 -1.632797 2.869794
 678.000000 -0.807684 -1.479154 2.332921
 679.000000 -1.053419 -1.575460 -0.513815
 680.000000 -0.712613 -1.399844 -0.896706
 681.000000 -1.089710 -1.571628 -0.393282
 682.000000 -1.033412 -2.694749 0.245173
 683.000000 -0.813513 -2.358989 -0.408649
 684.000000 -0.961746 -2.792090 0.050524
 685.000000 -0.993698 -1.880846 -0.277379
 686.000000 -0.899315 -1.619386 0.098096
 687.000000 -1.015997 -1.419773 -0.150897
 688.000000 -1.099437 -1.319884 -3.075474
 689.000000 -0.925963 -1.288534 2.957708
 690.000000 -1.161560 -1.264434 2.944184
 691.000000 -0.882315 -1.091206 2.997342
 692.000000 -1.006773 -1.163140 3.030674
 693.000000 -0.875665 -1.575955 3.016243
 694.000000 -0.883615 -1.577219 2.704237
 695.000000 -0.967734 -1.486712 2.880362
 696.000000 -0.739298 -1.639105 2.705796
 697.000000 -0.794256 -1.396537 2.911285
 698.000000 -0.899253 -1.245391 2.844845
 699.000000 -0.850164 -1.624239 2.870963
 700.000000 -0.978829 -1.664754 2.467384
 701.000000 -1.002410 -1.777443 -2.967064
 702.000000 -1.029147 -2.918479 -2.929067
 703.000000 -0.941014 -2.569221 2.975988
 704.000000 -0.793635 -1.403557 -3.099519
 705.000000 -0.770454 -1.290150 3.077609
 706.000000 -1.137683 -1.121438 2.916841
 707.000000 -0.880879 -1.680803 -3.085482
 708.000000 -1.199775 -1.190130 3.124806
 709.000000 -0.778650 -1.363535 2.895173
 710.000000 -0.472541 -1.234707 2.977492
 711.000000 -0.568885 -1.371781 3.088321
 712.000000 -1.075729 -2.714438 -2.935078
 713.000000 -0.988126 -2.820732 -2.923858
 714.000000 -0.654093 -1.473284 3.000863
 715.000000 -0.908487 -1.276035 2.793831
 716.000000 -1.176024 -1.446652 2.945143
 717.000000 -1.052333 -1.418943 2.936811
 718.000000 -1.001836 -2.357047 -2.974034
 719.000000 -1.072037 -1.361897 -0.114418
 720.000000 -0.798844 -1.373236 -0.543606
 721.000000 -0.796648 -1.559402 -0.539345
 722.000000 -0.966674 -1.520170 -0.593754
 723.000000 -0.722615 -1.687517 -0.405609
 724.000000 -1.076380 -2.805092 -0.012600
 725.000000 -0.867138 -2.510897 -0.122088
 726.000000 -0.920623 -2.450874 -0.214419
 727.000000 -1.011316 -2.662999 -0.050858
 728.000000 -0.842190 -1.549030 -0.715438
 729.000000 -0.596355 -1.584092 0.185038
 730.000000 -1.035478 -1.169448 -0.139445
 731.000000 -0.904861 -1.305038 0.164402
 732.000000 -0.784213 -1.443621 -0.126860
 733.000000 -1.131515 -1.380445 -0.465101
 734.000000 -0.682995 -1.165140 -0.532306
 735.000000 -0.860194 -1.302555 -0.745542
 736.000000 -0.941250 -1.086027 -0.566493
 737.000000 -0.840226 -1.111794 2.827284
 738.000000 -1.051334 -1.198864 2.684859
 739.000000 -1.370390 -1.312397 2.640692
 740.000000 -1.092928 -1.199673 2.815855
 741.000000 -1.255826 -1.056342 2.664589
 742.000000 -0.671908 -1.255328 -3.105645
 743.000000 -0.885132 -0.829850 2.544315
 744.000000 -1.274447 -1.182229 2.799852
 745.000000 -0.903656 -1.243548 2.849154
 746.000000 -0.770324 -1.191316 2.399837
 747.000000 -0.842979 -1.090850 2.935446
 748.000000 -1.014148 -1.194733 2.731455
 749.000000 -0.983786 -1.371100 2.759625
 750.000000 -1.172164 -1.220074 2.997535
 751.000000 -1.143849 -1.308720 2.898645
 752.000000 -1.190157 -1.567023 -3.057603
 753.000000 -1.506950 -1.092795 2.930509
 754.000000 -0.897197 -1.053654 2.517077
 755.000000 -1.027250 -1.283640 2.846152
 756.000000 -0.713650 -1.265976 2.760685
 757.000000 -0.965159 -1.182901 2.681661
 758.000000 -0.956355 -1.092666 2.729255
 759.000000 -0.827376 -1.132864 2.713894
 760.000000 -1.217253 -1.217947 3.046143
 761.000000 -0.974359 -1.401862 2.880218
 762.000000 -0.736229 -1.256708 2.650553
 763.000000 -1.267939 -1.528319 2.640522
 764.000000 -1.113508 -0.961069 -3.134482
 765.000000 -1.057734 -1.024430 2.618914
 766.000000 -1.071735 -1.161454 -3.136126
 767.000000 -1.068394 -1.264645 2.819909
 768.000000 -0.716879 -1.138183 2.244859
 769.000000 -1.513487 -1.346096 2.740784
 770.000000 -0.612784 -1.198151 2.708426
 771.000000 -1.141387 -1.264095 2.705304
 772.000000 -1.633156 -1.196918 2.960845
 773.000000 -1.157856 -1.348133 2.958230
 774.000000 -1.226786 -1.395055 -2.977657
 775.000000 -0.689481 -1.116549 2.798182
 776.000000 -0.752931 -1.158721 -0.692565
 777.000000 -0.827119 -1.302394 -0.709276
 778.000000 -0.899229 -1.186544 -0.438496
 779.000000 -0.992586 -1.241432 -0.249133
 780.000000 -0.542548 -1.165257 -0.744207
 781.000000 0.520667 -1.522491 -0.651727
 782.000000 0.978595 -1.106307 -0.296357
 783.000000 0.639090 -1.411160 -0.558762
 784.000000 -0.960358 -0.905621 -0.321146
 785.000000 0.842994 -1.405109 -0.426419
 786.000000 0.617924 -0.845469 -0.488931
 787.000000 0.553305 -1.580186 0.098777
 788.000000 -1.192386 -1.306467 -0.495279
 789.000000 -0.834278 -1.229194 -0.533675
 790.000000 0.836773 -1.350268 -0.006922
 791.000000 -1.537954 -0.915681 -0.581291
 792.000000 -1.092568 -1.257210 -0.135455
 793.000000 -0.871131 -1.192423 -0.685737
 794.000000 -0.846796 -1.585811 0.080774
 795.000000 -0.872871 -1.296485 0.135501
 796.000000 -0.800339 -1.146969 -0.420635
 797.000000 -0.434536 -1.551034 -0.367624
 798.000000 -0.712699 -1.341983 -0.044205
 799.000000 -0.985420 -1.290655 -0.572826
 800.000000 -0.914087 -1.279502 -0.181931
 801.000000 -1.226061 -1.571512 -0.609731
 802.000000 0.302261 -1.166266 -0.229131
 803.000000 -1.237834 -1.024982 -0.767466
 804.000000 0.743085 -1.515764 -0.669067
 805.000000 -0.714603 -0.852851 -0.503726
 806.000000 -1.266737 -0.793467 -0.522364
 807.000000 -1.264282 -1.162885 -0.449277
 808.000000 -1.238008 -1.136709 -0.397529
 809.000000 -1.060759 -1.397568 -0.395755
 810.000000 -0.958484 -1.200926 -0.372043
 811.000000 -0.750352 -1.284700 -0.354121
 812.000000 -0.857800 -1.222002 -0.228165
 813.000000 -0.916028 -0.871957 -0.463768
 814.000000 -0.709066 -1.171794 -0.330508
 815.000000 -0.993229 -1.320554 0.114788
 816.000000 -1.116027 -1.160111 -0.363469
 817.000000 -1.241389 -1.366066 -0.049991
 818.000000 -1.329799 -1.628236 -0.631157
 819.000000 -1.470379 -1.133297 -0.570238
 820.000000 -1.232204 -1.231782 -0.523753
 821.000000 -1.355432 -1.122244 -0.601468
 822.000000 -0.854245 -1.292238 -0.425725
 823.000000 -1.078962 -1.094773 -0.515377
 824.000000 -0.679578 -1.147590 -0.290621
 825.000000 -1.087850 -1.335116 0.072522
 826.000000 -0.870519 -1.381467 0.128093
 827.000000 -0.776543 -1.090739 -0.879179
 828.000000 -0.824467 -1.397313 -0.407216
 829.000000 -1.040276 -1.078829 -0.801391
 830.000000 -1.119210 -1.424014 -0.266256
 831.000000 -1.275229 -0.996845 -0.523311
 832.000000 -0.368754 -1.357001 -0.494940
 833.000000 -0.128364 -1.240124 -0.462885
 834.000000 -0.776469 -1.749086 -0.365826
 835.000000 -1.109215 -1.599619 -0.189082
 836.000000 -1.110948 -1.645969 -0.358030
 837.000000 -1.526481 -1.193726 -0.454681
 838.000000 -1.170088 -1.234082 -0.285467
 839.000000 -0.953809 -1.276154 -0.219765
 840.000000 -1.347308 -1.400270 -0.109213
 841.000000 -1.184913 -0.848032 -1.089717
 842.000000 -1.040338 -1.535663 0.019545
 843.000000 -0.916587 -1.062992 -0.523583
 844.000000 -0.975622 -1.206492 -0.539966
 845.000000 -1.057181 -1.592479 -0.225119
 846.000000 -0.850102 -1.212611 -0.230012
 847.000000 -0.922471 -1.312505 -0.867382
 848.000000 -1.107834 -1.368756 -0.048113
 849.000000 -1.116426 -1.445935 -0.264909
 850.000000 -1.187420 -1.198124 -0.641089
 851.000000 -0.910069 -1.029657 -0.558330
 852.000000 -0.645869 -1.515172 0.104127
 853.000000 -1.049622 -1.558748 0.191833
 854.000000 -0.873295 -1.365084 -0.645370
 855.000000 -0.813923 -1.328509 -0.662031
 856.000000 -1.134779 -1.322719 -0.731765
 857.000000 -1.034362 -1.093854 -0.918187
 858.000000 -1.274291 -1.182030 -0.534740
 859.000000 -0.912542 -1.196877 -0.381898
 860.000000 -0.947593 -0.885361 -0.489921
 861.000000 -1.130450 -1.439022 -0.216052
 862.000000 -1.430952 -1.490715 -0.528967
 863.000000 -1.401097 -1.296806 -0.390540
 864.000000 -0.707735 -0.987762 -0.642086
 865.000000 -0.663858 -1.162948 -0.642590
 866.000000 -0.783915 -1.506135 -0.568404
 867.000000 -0.943849 -1.113586 -0.524529
 868.000000 -0.982636 -1.107074 -0.274684
 869.000000 -1.085387 -1.015844 -0.490293
 870.000000 -0.905120 -1.623531 -0.353289
 871.000000 -1.048795 -1.230229 -0.265784
 872.000000 -1.027403 -1.254953 -0.028310
 873.000000 -0.847496 -0.940886 -0.453769
 874.000000 -1.247172 -1.042456 2.754667
 875.000000 -0.951598 -0.933827 2.575347
 876.000000 -0.849461 -1.217480 2.709174
 877.000000 -0.829523 -1.283649 2.627676
 878.000000 -0.817169 -1.602117 -0.337551
 879.000000 -0.309034 -1.267219 -0.050863
 880.000000 -0.617443 -2.953532 0.616151
 881.000000 -0.913940 -1.362941 0.025910
 882.000000 -1.025921 -1.705684 0.042278
 883.000000 -1.012185 -1.307739 -0.693956
 884.000000 -0.975916 -1.339704 -0.016880
 885.000000 -0.620598 -1.580562 2.683657
 886.000000 -0.996785 -1.570660 2.637673
 887.000000 -0.342320 -1.573713 2.730053
 888.000000 -0.785041 -1.531593 2.968606
 889.000000 -1.010917 -1.196645 2.599763
 890.000000 -1.202630 -1.528482 -0.258883
 891.000000 -0.575351 -1.503656 2.826386
 892.000000 -1.022610 -1.374163 2.644009
 893.000000 -0.727191 -1.057398 2.845221
 894.000000 -0.809258 -1.072604 2.750809
 895.000000 -0.822060 -1.283544 -3.121586
 896.000000 -0.797418 -1.271020 3.114082
 897.000000 -0.666773 -1.429700 3.063586
 898.000000 -0.862166 -1.423073 2.471217
 899.000000 -0.785323 -1.428969 2.710973
 900.000000 -0.808192 -1.412319 2.563265
 901.000000 -0.719025 -1.389702 -3.090013
 902.000000 -0.902012 -1.315305 2.666904
 903.000000 -0.685045 -1.590723 2.806402
 904.000000 -0.873127 -1.584920 2.421075
 905.000000 -0.884212 -1.195257 2.884466
 906.000000 -0.632200 -1.310585 2.891968
 907.000000 -0.936205 -1.538347 2.545397
 908.000000 -0.537308 -1.239415 2.950370
 909.000000 -0.996988 -1.277494 -3.095953
 910.000000 -0.422315 -1.405788 -3.071777
 911.000000 -0.682311 -0.999355 2.869264
 912.000000 -0.676352 -1.260836 2.577208
 913.000000 -0.967066 -1.391472 2.668354
 914.000000 -0.917669 -1.128492 2.896306
 915.000000 -0.421457 -1.344510 2.872065
 916.000000 -0.984244 -1.379987 2.818155
 917.000000 -1.101435 -1.560735 -2.819382
 918.000000 -1.462865 -1.373413 -3.052299
 919.000000 -0.711640 -1.146884 2.976091
 920.000000 -0.846695 -1.418780 -2.856670
 921.000000 -1.043745 -1.369409 0.189095
 922.000000 -1.123288 -1.185689 -0.389774
 923.000000 -1.175206 -1.715490 -0.426476
 924.000000 -0.837467 -1.246707 -0.219547
 925.000000 -1.226905 -1.206143 -0.403127
 926.000000 -0.957428 -1.299626 0.159672
 927.000000 -0.957268 -1.187238 -0.096224
 928.000000 -0.605852 -1.341135 0.011562
 929.000000 -0.554700 -1.217350 -0.245425
 930.000000 -1.061950 -0.829942 -0.158965
 931.000000 -0.688284 -1.447674 -0.508184
 932.000000 -0.738206 -1.114253 -0.454662
 933.000000 0.545154 -1.340329 -0.084170
 934.000000 -0.521080 -1.275637 -0.305423
 935.000000 -1.158702 -1.081386 -0.191640
 936.000000 -1.175366 -1.528503 0.215244
 937.000000 -0.914233 -1.250892 2.713714
 938.000000 -0.735838 -1.427461 2.698713
 939.000000 -1.063520 -1.316882 -3.093357
 940.000000 -1.008198 -1.720742 2.498731
 941.000000 -0.874692 -1.277322 -2.938416
 942.000000 -0.484813 -1.455358 3.030744
 943.000000 -0.707638 -1.043575 2.515000
 944.000000 -0.671738 -1.280471 2.745015
 945.000000 -0.743656 -1.448613 2.628452
 946.000000 -1.158710 -1.388973 2.850202
 947.000000 -0.704355 -1.223042 2.780186
 948.000000 -1.058283 -1.271323 2.881060
 949.000000 -0.819948 -1.064966 2.626468
 950.000000 -0.397683 -1.185721 2.536566
 951.000000 -1.239044 -1.359994 2.855800
 952.000000 0.230885 -0.705349 2.939349
 953.000000 0.589181 -1.025849 2.722817
 954.000000 -0.982581 -1.361826 2.895126
 955.000000 -0.868891 -1.319613 -3.010305
 956.000000 -0.754836 -1.015233 2.944960
 957.000000 -0.649263 -1.439472 2.964295
 958.000000 -0.812052 -1.290616 2.985989
 959.000000 -0.671503 -1.047928 2.719867
 960.000000 -0.677510 -1.339824 2.845227
 961.000000 -0.892911 -1.244775 -3.037466
 962.000000 -0.814261 -1.554652 3.084854
 963.000000 -0.695477 -1.342235 2.793594
 964.000000 -0.658663 -1.091917 2.766623
 965.000000 -1.068116 -1.380953 3.096151
 966.000000 -0.801823 -1.313896 3.067470
 967.000000 -0.855689 -1.421989 -2.954522
 968.000000 -0.595877 -1.030396 2.837320
 969.000000 -0.737592 -1.259828 2.519743
 970.000000 -0.917171 -1.045978 2.903257
 971.000000 -1.214090 -1.170507 2.186455
 972.000000 -0.965815 -1.032959 3.023142
 973.000000 -0.702404 -1.321237 2.857309
 974.000000 -0.717515 -1.007909 2.649633
 975.000000 -0.358985 -1.128054 2.840800
 976.000000 -0.862167 -1.358135 2.875979
 977.000000 -1.069782 -1.681266 2.935027
 978.000000 -1.057655 -1.139369 2.888640
 979.000000 -0.718527 -0.950461 2.516782
 980.000000 -1.091872 -1.191849 2.695487
 981.000000 -1.034551 -1.280112 2.724085
 982.000000 -0.985916 -1.385636 -3.010100
 983.000000 -0.958547 -1.063917 2.563971
 984.000000 -0.886930 -1.464074 3.101403
 985.000000 -1.222699 -1.187510 2.949356
 986.000000 -0.843509 -1.267039 2.911107
 987.000000 -0.599800 -1.225866 2.983649
 988.000000 -0.894714 -1.380826 2.793202
 989.000000 -0.751150 -1.507969 3.078033
 990.000000 -0.577914 -1.461356 3.102839
 991.000000 -0.733535 -1.174158 -3.135020
 992.000000 -1.020654 -1.048503 3.039210
 993.000000 -0.834854 -1.588677 2.895107
 994.000000 -1.131487 -1.169477 2.974039
 995.000000 -0.778017 -1.319589 2.917997
 996.000000 -0.817387 -1.299779 2.961351
 997.000000 -0.733830 -1.070851 -3.120051
 998.000000 -0.638337 -1.304404 3.089002
 999.000000 -1.007942 -1.364602 3.005656
 1000.000000 -0.784532 -1.201835 2.521497
