5.636800380889108730e-01
5.448727432811375504e-01
5.281742724728166749e-01
5.137353610367310086e-01
5.015935384736132097e-01
4.916908743658016667e-01
4.838988682720418155e-01
4.780449127351559802e-01
4.739357927133565629e-01
4.713755399818980729e-01
4.701768673939558663e-01
4.701668198536970711e-01
4.711880166471538178e-01
4.730970288880816388e-01
4.757612597400259213e-01
4.790553808001067893e-01
4.828580571198159421e-01
4.870494223389361110e-01
4.915095526922588220e-01
4.961180225466254035e-01
5.007544913309557311e-01
5.053001649261782413e-01
5.096398927691266900e-01
5.136646073789282729e-01
5.172737880032017843e-01
5.203776346916191287e-01
5.228986705633823506e-01
5.247725431806311569e-01
5.259478643015410571e-01
5.263850042965204645e-01
5.260538375250993770e-01
5.249305139549187427e-01
5.229934081407607849e-01
5.202184691381355197e-01
5.165742653263054596e-01
5.120170887563204598e-01
5.064865569300553982e-01
4.999022271236375770e-01
4.921618177140545947e-01
4.831417047111984386e-01
4.727004119400878279e-01
4.606858067833607406e-01
4.469465968490096697e-01
4.313484233123691669e-01
4.137942830701144548e-01
3.942481279953809481e-01
3.727593117918872601e-01
3.494842647606630770e-01
3.247007604562677230e-01
2.988099469999653812e-01
2.723224768006602958e-01
2.458277607945018040e-01
2.199491241924564078e-01
1.952912968238759983e-01
1.723888189180100838e-01
1.516636461928115576e-01
1.333976446517161629e-01
1.177220198827026304e-01
1.046226669352463001e-01
9.395892317884417533e-02
8.549282860137732976e-02
7.892534403758892647e-02
7.393435976169122903e-02
7.020804149305479025e-02
6.746812301817513291e-02
6.548125603413808282e-02
6.406030362471101802e-02
6.305943509029844629e-02
6.236675091052734654e-02
6.189692418399946744e-02
6.158502050210142020e-02
6.138174724945581751e-02
6.124993135877219996e-02
6.116189073071246624e-02
6.109739508157124160e-02
6.104200129309714229e-02
6.098564042499744070e-02
6.092140566125998913e-02
6.084453744503670602e-02
6.075162625761354462e-02
6.064005955225207356e-02
6.050773205209758476e-02
6.035302224220964046e-02
6.017501606989847374e-02
5.997393460241198099e-02
5.975169807167852315e-02
5.951253643598508614e-02
5.926353869427106874e-02
5.901502340503530369e-02
5.878061733664192989e-02
5.857695713552631134e-02
5.842299177261782439e-02
5.833897144020577102e-02
5.834536366364138221e-02
5.846212529988316364e-02
5.870894225437813668e-02
5.910716583711190381e-02
5.968414624818225295e-02
6.048039646742734560e-02
6.155940225435623664e-02
6.301880119233528588e-02
6.500003795206024670e-02
6.769178220883514951e-02
7.132149131226951655e-02
7.613140550779072535e-02
8.234107069077582775e-02
9.010583087063647745e-02
9.948402049802092251e-02
1.104215447314251808e-01
1.227546317065705272e-01
1.362259617525973521e-01
1.505083119402829961e-01
1.652311657976086035e-01
1.800069900557884350e-01
1.944544436114919450e-01
2.082161853064732338e-01
2.209697101418665877e-01
2.324308241095132399e-01
2.423506775047818695e-01
2.505083799721314342e-01
2.567019419078535591e-01
2.607406479359746232e-01
2.624420978480602185e-01
2.616371472472081017e-01
2.581857945672281773e-01
2.520064370267402487e-01
2.431194234240776630e-01
2.317029992901271374e-01
2.181552744646325648e-01
2.031496758555652871e-01
1.876631941579831042e-01
1.729456212389667846e-01
1.603858418604930669e-01
1.512385490677054523e-01
1.462526060650390647e-01
1.453944142561179875e-01
1.478967612848122448e-01
1.526165984386194940e-01
1.584328349657099511e-01
1.644754887552070111e-01
1.701772938636422761e-01
1.752299160602365236e-01
1.795130987554930668e-01
1.830293316126231362e-01
1.858536649205338454e-01
1.880984259333012831e-01
1.898896569901931675e-01
1.913519502097497660e-01
1.925990617155212137e-01
1.937284811088698377e-01
1.948187537717913365e-01
1.959287590735833140e-01
1.970983736710252843e-01
1.983500601906344196e-01
1.996909818453980467e-01
2.011153013001673595e-01
2.026064023291826166e-01
2.041388772374681804e-01
2.056802364980579445e-01
2.071923971609160031e-01
2.086330730169008996e-01
2.099572107118076181e-01
2.111185919515755349e-01
2.120716630495317057e-01
2.127735765485234409e-01
2.131863545902429047e-01
2.132790264529284274e-01
2.130295636886719579e-01
2.124264389044151768e-01
2.114696652941147892e-01
2.101712257506676285e-01
2.085548626761954960e-01
2.066552622796991312e-01
2.045167215395195526e-01
2.021914258781401519e-01
1.997374873342697421e-01
1.972168953504972178e-01
1.946935158350497908e-01
1.922312411043655689e-01
1.898923475479426526e-01
1.877360653687020209e-01
1.858173140663079148e-01
1.841855192662394669e-01
1.828834125968697988e-01
1.819457356473114795e-01
1.813978238856325531e-01
1.812541284739916381e-01
1.815168233138250709e-01
1.821747138491782991e-01
1.832026867763069111e-01
1.845619014915858835e-01
1.862008301117376030e-01
1.880571277740715752e-01
1.900601935480021876e-01
1.921341964433232741e-01
1.942013081913634698e-01
1.961849039106908221e-01
1.980125480013519568e-01
1.996186535648941662e-01
2.009467687140300274e-01
2.019514884042174219e-01
2.026000102877100195e-01
2.028733491209389062e-01
2.027672026737478150e-01
2.022924311529666341e-01
2.014750801696726379e-01
2.003558515783303295e-01
1.989889133867190352e-01
1.974399452214013473e-01
1.957833455730610406e-01
1.940985872588346928e-01
1.924658021975465816e-01
1.909608033670940064e-01
1.896498966242413931e-01
1.885849685794602770e-01
1.877994172297541009e-01
1.873054777599061083e-01
1.870933641159417959e-01
1.871324107252576585e-01
1.873741094283936370e-01
1.877566669704846536e-01
1.882105235772575380e-01
1.886642067862795702e-01
1.890499415308014020e-01
1.893085641948849540e-01
1.893934528172861453e-01
1.892733526301304814e-01
1.889341239648099358e-01
1.883795578456387287e-01
1.876314876988600666e-01
1.867294662494831947e-01
1.857302627076200807e-01
1.847073514508119352e-01
1.837503984709804306e-01
1.829645115494145380e-01
1.824687424947490921e-01
1.823930979337556879e-01
1.828732557561473515e-01
1.840424358691176154e-01
1.860205134815601513e-01
1.889014083390655740e-01
1.927407362671706703e-01
1.975462361074294404e-01
2.032732537874372414e-01
2.098266021979957596e-01
2.170688486832365593e-01
2.248340912214394083e-01
2.329459538877237390e-01
2.412388789977938930e-01
2.495825463130384170e-01
2.579100255434424449e-01
