1.241559643321732409e-01
1.291773148161010631e-01
1.293563206872518911e-01
1.264510481964815636e-01
1.223508573009296080e-01
1.182455710083510081e-01
1.145326900388284191e-01
1.111563943802141297e-01
1.080006136575728526e-01
1.051344029388550788e-01
1.028801529480490307e-01
1.017233455346733401e-01
1.020851362989678990e-01
1.040394150779670041e-01
1.071424187333209210e-01
1.105046165636811850e-01
1.130635459121599878e-01
1.139095139197508072e-01
1.125515557969093139e-01
1.090778368477890586e-01
1.041817795615599951e-01
9.900415267850304346e-02
9.474549536339689493e-02
9.213783723394049219e-02
9.111994456980701540e-02
9.105625987162309365e-02
9.134897311521919527e-02
9.191472133592265559e-02
9.315997478277233956e-02
9.548916588658221127e-02
9.875581073123519682e-02
1.021463626721573481e-01
1.045579027437564118e-01
1.050986757253953158e-01
1.033938327882371333e-01
9.964278607463712689e-02
9.450978224659384308e-02
8.893024934263782377e-02
8.388144305529032785e-02
8.015986148539253064e-02
7.823013138882756179e-02
7.819784203841323444e-02
7.987966994772953411e-02
8.288925061017421436e-02
8.670211711338271510e-02
9.072440926780261927e-02
9.438253717167885415e-02
9.721111987233647944e-02
9.890353293452872063e-02
9.931112320387426584e-02
9.841161562580399980e-02
9.628489438978231341e-02
9.311563959727241213e-02
8.920252285234528400e-02
8.493303420776938950e-02
8.070318821756003458e-02
7.680965552871817092e-02
7.338515774065794417e-02
7.043983497999925514e-02
6.798861823852456188e-02
6.614801861357946788e-02
6.508274906537785121e-02
6.481202505767305611e-02
6.504719652557774956e-02
6.523078213276276016e-02
6.475273098810858940e-02
6.318021508442202283e-02
6.038416127844675046e-02
5.654338045032079180e-02
5.204927319999888558e-02
4.735120243797012740e-02
4.281861118411599970e-02
3.871415022754047530e-02
3.529334364098894727e-02
3.289661731337197720e-02
3.185416949559188859e-02
3.223471362902422671e-02
3.375129487227645358e-02
3.597339088024490567e-02
3.858256214930547850e-02
4.144723551538704448e-02
4.455295898663438198e-02
4.790475754381549184e-02
5.147333327486375287e-02
5.519928767199481362e-02
5.903404601201363289e-02
6.298489686671041032e-02
6.713283524587085327e-02
7.159786389709403565e-02
7.644532387211258606e-02
8.156897592255055174e-02
8.663182247992480545e-02
9.114310144382757606e-02
9.467522847812603892e-02
9.711602431803059710e-02
9.877891951259318293e-02
1.002366220951344811e-01
1.019520380728705378e-01
1.040095177971184087e-01
1.061721597584184135e-01
1.081333331879334586e-01
1.096935231374762121e-01
1.108190014785687821e-01
1.117166611160355372e-01
1.129432554849527787e-01
1.153568676078145228e-01
1.197337721865935345e-01
1.262098114948958794e-01
1.340202355140565071e-01
1.418088266812729814e-01
1.482797356252724130e-01
1.527938416510742914e-01
1.556202608285146005e-01
1.576721239309235578e-01
1.598576197499952112e-01
1.627511986927173138e-01
1.672511065728664592e-01
1.754282773445177412e-01
1.895751457849826627e-01
2.094863038725397753e-01
2.313037515726636406e-01
2.494699248793379731e-01
2.595411410389758533e-01
2.600513424387090322e-01
2.533452931974231603e-01
2.455851736607404245e-01
2.454393210867996389e-01
2.603434393168261862e-01
2.913792174146476732e-01
3.319642851920793780e-01
3.722015043364721443e-01
4.041133229681885819e-01
4.240197438577107403e-01
4.320678278778734560e-01
4.304877133455377036e-01
4.219474715193057834e-01
4.086669934009312111e-01
3.923526061297098466e-01
3.746358494747158430e-01
3.575408365196169336e-01
3.435469743926613528e-01
3.350618705832903998e-01
3.335936641994148300e-01
3.392994163070549574e-01
3.512677573543315779e-01
3.681182434459522868e-01
3.883546044720095902e-01
4.104227495637289280e-01
4.327288441398066676e-01
4.537603838653855304e-01
4.722762781358079698e-01
4.874766658857673796e-01
4.990883124754550426e-01
5.073417757527739491e-01
5.128497489754982874e-01
5.164201222999809104e-01
5.188516507388313270e-01
5.207622094625214970e-01
5.224881692637932673e-01
5.240713805826613392e-01
5.253247662242119809e-01
5.259469139206098820e-01
5.256465420301033031e-01
5.242412476455482473e-01
5.217084999713125226e-01
5.181841209924211711e-01
5.139186745236398179e-01
5.092123097791446673e-01
5.043527456836587319e-01
4.995783257412139133e-01
4.950776403560149252e-01
4.910209665225910847e-01
4.876030146325111558e-01
4.850698721113064771e-01
4.837109211199277503e-01
4.838156861491627048e-01
4.856148552383305339e-01
4.892321517832647348e-01
4.946652275850069724e-01
5.017960890750702285e-01
5.104169864694075853e-01
5.202546051336468524e-01
5.309832490535034699e-01
5.422292148973326675e-01
5.535758446739709182e-01
5.645782773919945097e-01
5.747905326103547319e-01
5.837997600331382708e-01
5.912566746327024836e-01
5.968881754292639785e-01
6.004779093494908571e-01
6.018049698747377496e-01
6.005443032751178745e-01
5.961576763939313572e-01
5.878347677852566733e-01
5.745583515988302858e-01
5.553401932807482400e-01
5.296073186830235757e-01
4.976543739650417519e-01
4.610535696296097496e-01
4.228936106067537337e-01
3.876082336215517787e-01
3.599702368598701741e-01
3.430269448702238932e-01
3.359980336282807345e-01
3.342383423996190817e-01
3.316889840776968135e-01
3.239055662143923153e-01
3.102996139719707003e-01
2.953452525808196172e-01
2.873654052169232198e-01
2.926152146016726130e-01
3.089849556288037924e-01
3.288872532285124772e-01
3.473019345807725755e-01
3.643474444363012932e-01
3.818605794299919087e-01
3.992604259639760400e-01
4.126724619504008040e-01
4.172621176158988199e-01
4.100747296817170429e-01
3.912812908958565594e-01
3.635826761150883213e-01
3.307407034938851242e-01
2.963779597765491269e-01
2.635648807028753149e-01
2.348613856064865058e-01
2.120727956300606232e-01
1.954905696547493965e-01
1.834695215501543075e-01
1.732794576835200717e-01
1.627448197126408480e-01
1.514154403321795739e-01
1.406750449908682477e-01
1.328047387280619773e-01
1.294003322352852425e-01
1.303093009725244111e-01
1.340781467731973209e-01
1.390349420779522227e-01
1.436556608009840752e-01
1.463200980054558675e-01
1.452558408787231470e-01
1.390198025122210412e-01
1.273978861812594399e-01
1.125108874263698600e-01
9.965356613879611247e-02
9.566739533386314775e-02
1.024346932211340072e-01
1.141789471037651521e-01
1.241559643321730327e-01
