#! FIELDS time phi psi
#! SET min_phi -pi
#! SET max_phi pi
#! SET min_psi -pi
#! SET max_psi pi
 0.000000 3.104817 -0.951424
 1.000000 -2.559162 0.828644
 2.000000 -1.940043 0.052963
 3.000000 -1.113118 -0.974321
 4.000000 -2.041713 0.013405
 5.000000 -1.977815 -0.249785
 6.000000 -1.122635 -0.630357
 7.000000 -0.965782 -0.785584
 8.000000 -1.317132 -0.419232
 9.000000 -1.050749 -0.670503
 10.000000 -2.023339 0.279201
 11.000000 -2.219079 -0.006229
 12.000000 -2.019576 0.100532
 13.000000 -2.113696 0.318594
 14.000000 -1.947152 0.265392
 15.000000 -1.385420 0.068028
 16.000000 -2.395213 -0.258931
 17.000000 -2.061541 0.182328
 18.000000 -2.690627 0.644950
 19.000000 -2.573378 -0.380860
 20.000000 -1.974222 -0.937474
 21.000000 -1.740091 -0.151722
 22.000000 -1.136962 -0.893255
 23.000000 -1.388360 -0.379288
 24.000000 -1.611574 -0.474361
 25.000000 -1.053263 -0.412696
 26.000000 -0.944565 -0.904198
 27.000000 -1.099326 -0.758896
 28.000000 -1.161770 -0.779238
 29.000000 -1.236906 -0.593951
 30.000000 -1.017835 -0.708111
 31.000000 -1.284515 -0.404821
 32.000000 -1.367064 -0.064604
 33.000000 -1.903695 -0.048970
 34.000000 -1.863144 0.350820
 35.000000 -2.277446 0.227106
 36.000000 -2.033949 -1.017859
 37.000000 -1.497740 0.318129
 38.000000 -1.919294 -0.232909
 39.000000 -1.551557 0.074196
 40.000000 -1.231540 -0.476178
 41.000000 -1.739653 -0.035333
 42.000000 -1.054411 -0.553839
 43.000000 -1.045494 -0.784982
 44.000000 -0.965458 -0.708404
 45.000000 -0.940818 -0.500156
 46.000000 -1.318228 -0.407086
 47.000000 -1.469286 -0.234609
 48.000000 -1.573399 -0.391993
 49.000000 -1.068152 -0.433389
 50.000000 -2.026115 0.001985
 51.000000 -1.139050 -0.463848
 52.000000 -1.523226 -0.253920
 53.000000 -1.101805 -0.499056
 54.000000 -1.001283 -0.729399
 55.000000 -1.785146 0.167433
 56.000000 -1.598602 -0.134037
 57.000000 -1.560736 -0.134143
 58.000000 -1.767703 -0.014397
 59.000000 -1.643865 0.018967
 60.000000 -1.628912 -0.046820
 61.000000 -1.628521 0.147423
 62.000000 -2.012478 -0.447296
 63.000000 -1.669736 -0.181542
 64.000000 -1.581068 -0.303681
 65.000000 -1.273648 -0.479558
 66.000000 -1.110644 -0.756345
 67.000000 -1.405909 -0.209725
 68.000000 -1.896435 -0.007246
 69.000000 -2.422534 0.739498
 70.000000 -1.405232 -0.377645
 71.000000 -1.102508 -0.735523
 72.000000 -1.536706 -0.145427
 73.000000 -1.119373 -0.630572
 74.000000 -1.198273 -0.314333
 75.000000 -1.515064 -0.021291
 76.000000 -1.410016 1.040809
 77.000000 -1.692809 0.287151
 78.000000 -2.312011 -0.054216
 79.000000 -1.151295 -0.682852
 80.000000 -2.214005 -0.204233
 81.000000 -1.666944 0.071200
 82.000000 -1.613201 -0.190483
 83.000000 -1.941054 0.339695
 84.000000 -2.360333 0.365112
 85.000000 -2.152870 -0.310906
 86.000000 -2.171556 -0.335495
 87.000000 -2.224814 -0.788195
 88.000000 -1.082221 -0.745290
 89.000000 -1.560865 -0.497092
 90.000000 -1.573357 -0.409047
 91.000000 -1.172818 -0.778255
 92.000000 -1.803052 0.012065
 93.000000 -2.344839 -0.186556
 94.000000 -1.044279 -0.719287
 95.000000 -1.047287 -0.898343
 96.000000 -1.502758 -0.227028
 97.000000 -1.977217 0.271507
 98.000000 -1.717197 -0.022205
 99.000000 -2.057675 0.020424
 100.000000 -2.631446 0.472604
 101.000000 -2.628074 0.537973
 102.000000 3.127335 0.205189
 103.000000 -1.863975 -0.208859
 104.000000 -2.752548 0.313857
 105.000000 -2.019031 1.169959
 106.000000 -2.520333 -0.466596
 107.000000 -1.473861 -0.262988
 108.000000 -1.516540 0.318591
 109.000000 -1.779778 -0.181232
 110.000000 -1.423056 -0.065115
 111.000000 -1.948157 0.197112
 112.000000 -1.249668 -0.536361
 113.000000 -1.541622 -0.481434
 114.000000 -1.860866 0.076242
 115.000000 -1.959231 -0.089614
 116.000000 -1.472738 -0.451885
 117.000000 -1.721234 -0.185122
 118.000000 -1.768595 -0.312159
 119.000000 -1.582782 0.040078
 120.000000 -2.710425 0.209289
 121.000000 -1.907577 -0.101645
 122.000000 -1.937874 0.196862
 123.000000 -2.673832 1.016748
 124.000000 -1.872364 -0.071554
 125.000000 -1.967960 -0.134194
 126.000000 -1.949386 -0.848861
 127.000000 -2.146416 -0.138060
 128.000000 -1.289009 -0.467898
 129.000000 -1.491824 -0.389656
 130.000000 -0.999921 -0.639287
 131.000000 -1.748830 -0.020230
 132.000000 -1.768298 0.317732
 133.000000 -1.485844 -0.242978
 134.000000 -1.805166 -0.019357
 135.000000 -1.926445 -0.150658
 136.000000 -2.056010 -0.024564
 137.000000 -1.597738 0.119082
 138.000000 -2.770114 -0.042717
 139.000000 -1.990640 -0.126772
 140.000000 -1.441909 -0.300961
 141.000000 -1.630263 0.050825
 142.000000 -1.100464 -0.879845
 143.000000 -1.031418 -0.713264
 144.000000 -0.832767 -0.661060
 145.000000 -1.152831 -0.744794
 146.000000 -1.105392 -0.758505
 147.000000 -1.115163 -0.756201
 148.000000 -1.557924 -0.007060
 149.000000 -1.606853 0.107098
 150.000000 -1.352267 -0.268787
 151.000000 -1.242003 -0.456209
 152.000000 -1.631397 -0.174735
 153.000000 -1.864687 0.230869
 154.000000 -1.283065 -0.490713
 155.000000 -2.080143 0.219943
 156.000000 -1.784280 -0.161648
 157.000000 -1.581668 -0.283131
 158.000000 -1.502099 -0.447586
 159.000000 -1.980896 0.011574
 160.000000 -1.199801 -0.601642
 161.000000 -1.101722 -0.802744
 162.000000 -1.374327 -0.478162
 163.000000 -1.094406 -0.789872
 164.000000 -1.313453 -0.338023
 165.000000 -1.216937 -0.656328
 166.000000 -1.739589 0.096454
 167.000000 -1.284300 -0.301331
 168.000000 -1.655956 0.057908
 169.000000 -0.946413 -0.730899
 170.000000 -1.576750 -0.673700
 171.000000 -1.594770 -0.506407
 172.000000 -1.332135 -0.409505
 173.000000 -1.306126 -0.330377
 174.000000 -1.283115 -0.177122
 175.000000 -2.452292 1.932381
 176.000000 -1.663362 -3.085480
 177.000000 -1.127445 2.364231
 178.000000 -0.792328 2.201043
 179.000000 -1.207568 2.590547
 180.000000 -1.169794 2.399891
 181.000000 -1.498800 2.882883
 182.000000 -0.914327 2.458073
 183.000000 -1.098194 2.574150
 184.000000 -0.599115 2.534887
 185.000000 -1.159904 2.609399
 186.000000 -1.371337 2.288369
 187.000000 -1.511190 2.410898
 188.000000 -0.839491 2.024808
 189.000000 -0.642939 2.394468
 190.000000 -1.316291 2.664807
 191.000000 -1.870272 2.460328
 192.000000 -1.153269 2.635975
 193.000000 -1.276324 1.940865
 194.000000 -0.954652 2.335033
 195.000000 -1.148062 2.493598
 196.000000 -1.097265 2.609133
 197.000000 -1.111686 2.380869
 198.000000 -1.200230 1.946202
 199.000000 -1.017032 2.325235
 200.000000 -1.274081 2.675064
 201.000000 -1.102381 2.500141
 202.000000 -1.185915 2.369644
 203.000000 -0.895174 2.636084
 204.000000 -1.591330 2.643727
 205.000000 -1.336914 2.255815
 206.000000 -2.070471 2.229846
 207.000000 -1.903769 2.376085
 208.000000 -0.945118 2.120383
 209.000000 -0.971260 2.448158
 210.000000 -1.216814 2.588819
 211.000000 -1.060386 2.575849
 212.000000 -1.175573 2.489460
 213.000000 -1.155531 2.302188
 214.000000 -0.804789 2.560495
 215.000000 -2.765738 2.376570
 216.000000 -1.828959 2.160988
 217.000000 -0.992085 2.095222
 218.000000 -1.055604 2.643547
 219.000000 -0.695393 2.517746
 220.000000 -1.346714 2.552365
 221.000000 -0.831895 2.514681
 222.000000 -1.149164 2.745204
 223.000000 -1.330980 2.502989
 224.000000 -0.919068 2.623282
 225.000000 -1.098463 2.578200
 226.000000 -1.088331 2.381729
 227.000000 -1.139690 3.025278
 228.000000 -1.080767 2.486750
 229.000000 -0.962816 2.731855
 230.000000 -1.556030 2.542922
 231.000000 -0.958834 2.497531
 232.000000 -1.040512 2.620991
 233.000000 -0.938457 2.557687
 234.000000 -1.040795 2.358385
 235.000000 -1.389172 2.782337
 236.000000 -0.890462 2.726703
 237.000000 -0.959520 2.245173
 238.000000 -1.237326 2.472498
 239.000000 -1.710814 2.659759
 240.000000 -0.858566 2.437837
 241.000000 -1.152244 2.327472
 242.000000 -2.044399 1.855020
 243.000000 -0.718640 2.370122
 244.000000 -1.015005 2.566898
 245.000000 -1.813245 2.376666
 246.000000 -0.465507 2.298862
 247.000000 -1.078908 2.501572
 248.000000 -1.770359 2.609978
 249.000000 -1.174060 2.571682
 250.000000 -1.004997 2.742284
 251.000000 -1.095618 2.397301
 252.000000 -1.578006 1.667696
 253.000000 -1.612450 2.275536
 254.000000 -1.435544 2.403920
 255.000000 -0.863662 2.631114
 256.000000 -1.423194 2.500643
 257.000000 -1.514254 2.249820
 258.000000 -1.426719 2.137720
 259.000000 -0.826733 2.604408
 260.000000 -0.380525 2.206547
 261.000000 1.453530 0.229020
 262.000000 1.240148 0.806561
 263.000000 1.395552 0.700247
 264.000000 1.165418 0.148152
 265.000000 1.654326 0.029071
 266.000000 1.278134 0.738662
 267.000000 0.441602 1.068522
 268.000000 1.610744 0.364761
 269.000000 0.899379 1.135451
 270.000000 0.695186 0.767242
 271.000000 0.741623 1.214596
 272.000000 1.303609 0.547318
 273.000000 1.342000 0.587059
 274.000000 1.637352 0.336610
 275.000000 1.651640 0.267146
 276.000000 0.762717 0.575237
 277.000000 0.509224 1.205121
 278.000000 1.518446 0.652980
 279.000000 1.163821 0.510039
 280.000000 1.271295 0.451257
 281.000000 1.494732 0.776424
 282.000000 1.519930 0.217580
 283.000000 1.649469 0.229763
 284.000000 1.342622 0.656818
 285.000000 1.272226 0.435111
 286.000000 1.551259 0.075286
 287.000000 1.075222 0.654705
 288.000000 1.648395 0.199973
 289.000000 1.312648 0.324585
 290.000000 1.273078 0.498796
 291.000000 1.385430 0.604205
 292.000000 1.151833 0.542594
 293.000000 0.414055 1.396936
 294.000000 1.475876 0.388004
 295.000000 1.248296 0.625635
 296.000000 0.585558 1.077214
 297.000000 0.702914 1.333380
 298.000000 1.418595 0.646357
 299.000000 0.730028 1.348208
 300.000000 0.805566 1.366737
 301.000000 1.449087 0.890154
 302.000000 1.690587 0.738862
 303.000000 1.402030 0.766605
 304.000000 1.295814 0.978203
 305.000000 1.194299 0.661601
 306.000000 1.671145 0.003879
 307.000000 1.212069 0.508151
 308.000000 1.535813 0.645359
 309.000000 1.046698 0.321549
 310.000000 1.052401 0.284036
 311.000000 1.707762 -0.235063
 312.000000 1.845323 0.262777
 313.000000 1.020969 0.694481
 314.000000 0.644605 1.247867
 315.000000 0.962867 1.224178
 316.000000 1.406444 0.462366
 317.000000 1.047664 0.315397
 318.000000 0.855407 0.677183
 319.000000 0.953390 0.428321
 320.000000 1.341664 0.342181
 321.000000 1.093242 0.214469
 322.000000 1.209346 0.695192
 323.000000 1.430288 0.688381
 324.000000 1.486476 0.166697
 325.000000 0.949845 1.270769
 326.000000 1.045123 2.699763
 327.000000 1.357718 2.398478
 328.000000 1.115943 2.964292
 329.000000 1.307508 2.523422
 330.000000 1.065136 2.172249
 331.000000 1.019449 1.889268
 332.000000 1.052260 -2.908751
 333.000000 1.245607 -3.073934
 334.000000 0.931945 -2.700927
 335.000000 0.899255 3.123475
 336.000000 0.855884 3.051175
 337.000000 1.231823 -3.015966
 338.000000 0.933955 -2.645760
 339.000000 1.113909 -2.744395
 340.000000 1.021173 -2.790030
 341.000000 0.928562 -2.985226
 342.000000 0.889772 -3.104941
 343.000000 0.958833 -2.409511
 344.000000 0.685531 -2.484710
 345.000000 1.171593 -3.062061
 346.000000 1.030892 2.935387
 347.000000 0.834019 -2.351775
 348.000000 0.992465 -2.760570
 349.000000 1.269884 -1.388349
 350.000000 1.217261 0.019423
 351.000000 0.609380 1.415653
 352.000000 0.986600 1.209334
 353.000000 1.151376 0.657593
 354.000000 1.539700 0.430137
 355.000000 1.126335 0.925143
 356.000000 1.208469 0.363006
 357.000000 0.694569 0.996737
 358.000000 1.260091 0.588279
 359.000000 0.579281 0.762657
 360.000000 0.522147 1.332310
 361.000000 1.159373 0.247163
 362.000000 1.552013 0.668585
 363.000000 1.259324 0.769907
 364.000000 1.237112 0.446260
 365.000000 1.116059 0.379139
 366.000000 1.167622 0.600484
 367.000000 1.055919 1.119233
 368.000000 1.497608 2.580376
 369.000000 1.589505 1.993078
 370.000000 1.218515 1.778252
 371.000000 1.434243 1.514474
 372.000000 1.497057 0.448703
 373.000000 1.341369 0.489749
 374.000000 0.867608 0.641852
 375.000000 1.178255 0.452610
 376.000000 1.565208 0.451634
 377.000000 1.741517 0.304508
 378.000000 2.109443 0.319575
 379.000000 0.808942 0.782195
 380.000000 0.693115 0.717659
 381.000000 1.068002 0.455683
 382.000000 1.259859 0.621816
 383.000000 1.347626 0.334272
 384.000000 1.264887 0.595904
 385.000000 1.145460 0.403148
 386.000000 0.978535 0.376117
 387.000000 1.397016 0.868071
 388.000000 0.675142 0.795954
 389.000000 1.201870 0.477526
 390.000000 0.645355 0.919964
 391.000000 1.244705 0.616417
 392.000000 1.399642 0.404913
 393.000000 0.846578 1.268683
 394.000000 1.075044 1.064510
 395.000000 1.115088 0.360436
 396.000000 0.834249 0.741076
 397.000000 0.651347 1.250067
 398.000000 -0.776704 2.256414
 399.000000 -1.052147 2.505697
 400.000000 -1.614519 2.544025
