#! FIELDS time phi psi
#! SET min_phi -pi
#! SET max_phi pi
#! SET min_psi -pi
#! SET max_psi pi
 0.000000 -2.751988 0.946874
 1.000000 -2.094509 0.471774
 2.000000 -1.805496 0.123414
 3.000000 -2.947371 0.012501
 4.000000 -1.964887 -0.169435
 5.000000 -1.973266 0.242475
 6.000000 -1.052475 -0.293712
 7.000000 -2.029061 0.132743
 8.000000 -2.157280 0.352870
 9.000000 -1.824414 0.056342
 10.000000 -2.284343 -0.236007
 11.000000 -2.272503 0.419732
 12.000000 -1.888838 0.222306
 13.000000 -1.876148 -0.142450
 14.000000 -1.393481 -0.201902
 15.000000 -1.833115 0.235424
 16.000000 -1.606847 -0.059544
 17.000000 -1.788878 0.142990
 18.000000 -2.658299 0.624123
 19.000000 -1.675634 0.220371
 20.000000 -1.961792 0.154751
 21.000000 -2.451020 0.378929
 22.000000 -2.436039 0.537101
 23.000000 -1.756486 -0.124199
 24.000000 -2.385885 0.283073
 25.000000 -2.106995 0.199409
 26.000000 -1.698063 0.326816
 27.000000 -1.753914 0.338630
 28.000000 -1.706758 -0.318048
 29.000000 -1.576715 0.042842
 30.000000 -1.945460 0.091654
 31.000000 -1.918608 0.007909
 32.000000 -1.592713 -0.054222
 33.000000 -1.619902 -0.290186
 34.000000 -1.084970 -0.650133
 35.000000 -1.207664 -0.739722
 36.000000 -1.846161 -0.095678
 37.000000 -1.582238 0.062957
 38.000000 -1.685712 -0.070035
 39.000000 -0.931944 -0.693965
 40.000000 -1.474992 0.013177
 41.000000 -1.482456 -0.283560
 42.000000 -2.091205 -0.040056
 43.000000 -1.682149 0.022265
 44.000000 -1.607458 0.064087
 45.000000 -2.135314 0.336317
 46.000000 -2.125423 0.133158
 47.000000 -1.765918 0.224081
 48.000000 -2.540445 0.798852
 49.000000 -1.862299 0.026809
 50.000000 -1.416174 0.229500
 51.000000 -0.883930 -0.614114
 52.000000 -0.914829 -0.792757
 53.000000 -1.424918 -0.557831
 54.000000 -2.438616 0.453447
 55.000000 -2.173958 -0.026383
 56.000000 -1.634074 -0.286959
 57.000000 -1.272433 -0.598031
 58.000000 -1.231714 -0.486809
 59.000000 -1.267620 -0.670463
 60.000000 -1.130463 -0.832914
 61.000000 -2.031775 0.218740
 62.000000 -1.375478 -0.200067
 63.000000 -1.110706 -0.712035
 64.000000 -1.118376 -0.789232
 65.000000 -1.066744 -0.739421
 66.000000 -2.086486 0.085640
 67.000000 -1.624590 -0.021554
 68.000000 -1.908254 0.050502
 69.000000 -1.263491 -0.420182
 70.000000 -1.310879 -0.819818
 71.000000 -0.875186 -0.753790
 72.000000 -1.563284 0.052640
 73.000000 -0.858133 -0.953712
 74.000000 -1.115826 -0.503400
 75.000000 -1.547592 -0.019685
 76.000000 -2.297908 0.267225
 77.000000 3.089342 0.466737
 78.000000 -1.949264 -0.290258
 79.000000 -1.597770 -0.260971
 80.000000 -1.100068 -0.635051
 81.000000 -1.105206 -0.637959
 82.000000 -2.098932 -0.072247
 83.000000 -1.756332 -0.061397
 84.000000 -0.971750 -0.711542
 85.000000 -1.538704 0.117345
 86.000000 -0.991877 -0.779207
 87.000000 -1.079896 -0.557174
 88.000000 -1.063638 -0.904659
 89.000000 -1.333517 -0.224417
 90.000000 -1.289036 -0.447176
 91.000000 -1.037066 -0.592663
 92.000000 -0.934946 -0.811717
 93.000000 -1.056044 -0.713626
 94.000000 -0.956200 -0.725383
 95.000000 -1.065802 -0.605753
 96.000000 -1.153900 -0.617451
 97.000000 -1.632912 -0.021494
 98.000000 -1.258740 -0.364782
 99.000000 -1.261087 -0.763076
 100.000000 -1.337816 -0.382314
 101.000000 -1.489333 -0.178058
 102.000000 -1.189495 -0.466578
 103.000000 -1.790310 -0.783831
 104.000000 -1.246679 -0.601266
 105.000000 -1.027208 -0.710283
 106.000000 -1.042792 -0.735541
 107.000000 -1.143777 -0.841359
 108.000000 -1.047450 -0.413957
 109.000000 -1.211689 -0.784308
 110.000000 -0.936790 -1.073613
 111.000000 -1.946786 0.344641
 112.000000 -1.870481 0.063125
 113.000000 -2.543198 -0.245832
 114.000000 -2.101095 0.221492
 115.000000 -1.296132 -0.717455
 116.000000 -1.493736 -0.069439
 117.000000 -0.934931 -1.055953
 118.000000 -1.656673 -0.140369
 119.000000 -1.028000 -0.956735
 120.000000 -1.305156 -0.650104
 121.000000 -1.002474 -0.647632
 122.000000 -0.971262 -0.722724
 123.000000 -1.535727 -0.385390
 124.000000 -1.545007 -0.036879
 125.000000 -1.692270 0.056403
 126.000000 -1.614598 0.351565
 127.000000 -1.509547 -0.341605
 128.000000 -1.600925 0.258165
 129.000000 -1.635604 -0.020758
 130.000000 -1.791436 0.273404
 131.000000 -1.860385 0.270708
 132.000000 -1.835461 0.430955
 133.000000 -2.649054 -0.524250
 134.000000 -1.953167 0.015890
 135.000000 -2.452615 0.876712
 136.000000 -3.077184 1.405301
 137.000000 -2.260380 1.737258
 138.000000 -2.227724 2.280656
 139.000000 -0.599452 2.344689
 140.000000 -1.036913 2.823070
 141.000000 -1.708091 2.831522
 142.000000 -1.221082 2.568947
 143.000000 -1.148725 2.175452
 144.000000 -0.897808 2.353985
 145.000000 -1.102833 2.693406
 146.000000 -1.189572 2.619068
 147.000000 -0.868874 2.374604
 148.000000 -1.987034 2.828675
 149.000000 -2.073419 2.753153
 150.000000 -1.448836 2.585538
 151.000000 -1.142859 2.801147
 152.000000 -1.324376 2.618443
 153.000000 -1.493336 2.811919
 154.000000 -1.105909 2.665171
 155.000000 -0.968848 2.741512
 156.000000 -1.275559 2.709873
 157.000000 -1.285161 2.962472
 158.000000 -1.990124 2.221837
 159.000000 -1.126501 2.622044
 160.000000 -1.152194 3.087632
 161.000000 -1.637188 2.467257
 162.000000 -1.008752 2.717484
 163.000000 -1.150815 2.692665
 164.000000 -1.601975 2.467217
 165.000000 -0.431574 2.380830
 166.000000 -1.508103 2.940077
 167.000000 -1.211577 2.628646
 168.000000 -2.366056 2.780739
 169.000000 -1.879989 2.437910
 170.000000 -0.652787 2.155517
 171.000000 -0.682872 2.171393
 172.000000 -0.707215 2.568286
 173.000000 -1.074151 2.719910
 174.000000 -2.011125 2.991676
 175.000000 -2.395701 2.358679
 176.000000 -2.683592 2.948267
 177.000000 -2.502538 3.019046
 178.000000 -2.690921 2.810855
 179.000000 -2.502902 2.566044
 180.000000 -1.969889 2.331745
 181.000000 -1.317243 2.461710
 182.000000 -0.928199 2.633695
 183.000000 -0.960410 2.443315
 184.000000 -0.992525 2.104442
 185.000000 -1.298262 1.888746
 186.000000 -1.567917 2.159216
 187.000000 -1.089368 2.436639
 188.000000 -0.949366 2.455445
 189.000000 -1.010585 2.551158
 190.000000 -1.130117 2.259878
 191.000000 -1.576952 3.020788
 192.000000 -0.928879 2.200754
 193.000000 -1.114279 2.416769
 194.000000 -0.966002 2.564069
 195.000000 -1.125316 2.406769
 196.000000 -0.790628 2.441427
 197.000000 -1.141916 2.246859
 198.000000 -1.314094 2.727314
 199.000000 -1.191407 2.899509
 200.000000 -1.823018 2.865894
 201.000000 -0.879023 2.808092
 202.000000 -0.638026 2.307719
 203.000000 -1.183508 2.404356
 204.000000 -0.884193 2.470266
 205.000000 -1.135353 2.303780
 206.000000 -1.481239 2.769812
 207.000000 -1.052248 2.629673
 208.000000 -1.068264 2.592302
 209.000000 -1.313036 2.291789
 210.000000 -1.180520 2.493926
 211.000000 -1.311855 2.831817
 212.000000 -0.635628 1.854668
 213.000000 -2.346803 1.969259
 214.000000 -1.172719 2.605097
 215.000000 -1.430635 2.419014
 216.000000 -1.622398 2.641286
 217.000000 -1.259991 2.608379
 218.000000 -1.371290 2.583352
 219.000000 -1.093391 2.522200
 220.000000 -1.207449 1.895947
 221.000000 -1.783231 2.206541
 222.000000 -1.477661 1.779968
 223.000000 -2.008897 2.814381
 224.000000 -2.166944 2.615011
 225.000000 -1.870474 2.841569
 226.000000 -2.807825 2.617707
 227.000000 -1.473837 2.643515
 228.000000 -0.970940 2.516752
 229.000000 -0.959816 2.511044
 230.000000 -1.310780 2.926397
 231.000000 -1.123022 2.374563
 232.000000 -1.150174 2.715169
 233.000000 -1.240704 2.289994
 234.000000 -1.059361 2.466466
 235.000000 -1.035083 2.685353
 236.000000 -1.389576 2.283712
 237.000000 -0.835117 2.473861
 238.000000 -1.190303 2.305098
 239.000000 -1.431918 2.069040
 240.000000 -1.638060 1.638612
 241.000000 -1.655672 2.310872
 242.000000 -1.691173 1.557553
 243.000000 -2.078434 2.637939
 244.000000 -1.246116 2.373231
 245.000000 -0.840031 2.193898
 246.000000 -1.330572 2.162927
 247.000000 -0.774792 2.282254
 248.000000 -0.558051 2.522663
 249.000000 -0.960346 2.684900
 250.000000 -0.612903 2.407676
 251.000000 -1.079308 2.523749
 252.000000 -1.441667 2.610121
 253.000000 -1.251738 2.241637
 254.000000 -1.141243 2.738458
 255.000000 -2.020803 -3.048106
 256.000000 -1.439308 2.865796
 257.000000 -1.401710 2.760722
 258.000000 -1.307541 2.200552
 259.000000 -1.272087 2.708942
 260.000000 -0.804954 2.178082
 261.000000 -1.779997 1.992516
 262.000000 -1.367782 2.531123
 263.000000 -0.995923 2.391380
 264.000000 -1.166105 2.580788
 265.000000 -1.555424 1.866149
 266.000000 -2.068498 1.949303
 267.000000 -2.620809 3.050454
 268.000000 -2.542297 2.877812
 269.000000 -2.682875 3.018145
 270.000000 -2.539889 2.772872
 271.000000 -2.600573 2.804324
 272.000000 -2.436702 2.447453
 273.000000 -2.612821 2.895059
 274.000000 -2.643764 3.068443
 275.000000 -2.423204 3.004251
 276.000000 -1.924431 2.635589
 277.000000 -2.702143 2.647353
 278.000000 -2.728299 2.714363
 279.000000 -2.395934 2.583048
 280.000000 -1.434156 2.345489
 281.000000 -1.102780 2.097476
 282.000000 -1.290735 2.555900
 283.000000 -1.133096 2.489744
 284.000000 -1.150947 2.666622
 285.000000 -1.587067 1.909439
 286.000000 -1.194693 2.446722
 287.000000 -0.911428 2.532677
 288.000000 -0.892563 2.738014
 289.000000 -1.199656 2.126953
 290.000000 -1.535733 2.328273
 291.000000 -1.138839 2.638307
 292.000000 -1.427287 2.404755
 293.000000 -0.333730 2.249659
 294.000000 -0.938673 2.604826
 295.000000 -1.161108 2.273458
 296.000000 -1.234037 2.358467
 297.000000 -1.215369 2.678235
 298.000000 -2.249415 2.811992
 299.000000 -2.638278 2.800409
 300.000000 -2.567198 2.836933
 301.000000 -2.421246 2.084358
 302.000000 -1.687900 2.712178
 303.000000 -2.543101 2.505618
 304.000000 -1.067990 2.520173
 305.000000 -0.416133 2.513151
 306.000000 -1.470105 2.873085
 307.000000 -1.194155 2.747070
 308.000000 -1.540388 2.653859
 309.000000 -1.116341 2.728578
 310.000000 -1.115483 2.428353
 311.000000 -1.072465 2.539807
 312.000000 -1.169572 2.615354
 313.000000 -1.072598 2.018916
 314.000000 -1.220420 2.663455
 315.000000 -1.154336 2.773297
 316.000000 -1.083816 2.581967
 317.000000 -1.118774 2.095589
 318.000000 -1.323189 2.671164
 319.000000 -2.499833 2.646489
 320.000000 -2.654462 2.622858
 321.000000 -1.588210 -3.114617
 322.000000 -1.218168 2.672410
 323.000000 -1.091825 2.558878
 324.000000 -1.169636 2.559175
 325.000000 -2.136930 2.942511
 326.000000 -1.823817 2.535324
 327.000000 -2.599721 2.498720
 328.000000 -1.981547 2.665110
 329.000000 -2.912410 2.770180
 330.000000 -0.936513 2.204445
 331.000000 -1.458404 1.921613
 332.000000 -2.485940 2.784966
 333.000000 -2.417293 2.409205
 334.000000 -2.315303 2.034827
 335.000000 -2.849910 2.538692
 336.000000 -1.117387 2.617787
 337.000000 -1.091371 2.326935
 338.000000 -1.092358 2.574970
 339.000000 -1.302730 2.934146
 340.000000 -1.072643 2.363795
 341.000000 -1.193723 2.630088
 342.000000 -0.992035 2.158182
 343.000000 -0.623491 2.197801
 344.000000 -1.068934 2.361321
 345.000000 -1.078290 2.649608
 346.000000 -1.077781 2.412699
 347.000000 -1.111402 2.560983
 348.000000 -1.579898 2.032376
 349.000000 -2.711300 2.803007
 350.000000 -2.837070 2.938421
 351.000000 -1.072888 2.532866
 352.000000 -1.022046 2.583912
 353.000000 -1.085158 2.662169
 354.000000 -0.953171 2.304195
 355.000000 -1.024872 2.572688
 356.000000 -0.936306 2.143237
 357.000000 -2.211807 2.802681
 358.000000 -1.814127 2.914293
 359.000000 -0.985980 2.606097
 360.000000 -1.541374 2.494784
 361.000000 -2.168211 2.347458
 362.000000 -1.577070 2.713670
 363.000000 -1.180501 2.681749
 364.000000 -0.919605 1.990899
 365.000000 -1.100393 2.517456
 366.000000 -1.072810 2.543753
 367.000000 -0.919361 2.583960
 368.000000 -1.471982 2.738492
 369.000000 -0.673177 2.281252
 370.000000 -0.587482 2.229280
 371.000000 -0.982547 2.348299
 372.000000 -1.141714 2.555280
 373.000000 -1.371452 2.626869
 374.000000 -1.023306 2.520779
 375.000000 -0.681546 2.372572
 376.000000 -0.917533 2.241709
 377.000000 -1.911629 2.574333
 378.000000 -1.290322 2.236668
 379.000000 -1.052879 2.450769
 380.000000 -1.355051 2.269803
 381.000000 -1.110324 2.459171
 382.000000 -1.110232 2.465510
 383.000000 -1.327701 2.588267
 384.000000 -0.774812 2.577708
 385.000000 -1.068461 2.571130
 386.000000 -1.797385 2.059834
 387.000000 -2.974060 2.807745
 388.000000 -2.700024 2.770665
 389.000000 -2.052539 2.555001
 390.000000 -1.654724 2.226839
 391.000000 -1.000676 2.449312
 392.000000 -1.382075 2.744058
 393.000000 -1.051204 2.591643
 394.000000 -0.735957 2.049414
 395.000000 -1.001436 2.667731
 396.000000 -1.283675 2.585760
 397.000000 -0.767962 2.885103
 398.000000 -1.009992 2.617630
 399.000000 -0.946953 2.010236
 400.000000 -1.062959 2.533977
