#! FIELDS time phi psi
#! SET min_phi -pi
#! SET max_phi pi
#! SET min_psi -pi
#! SET max_psi pi
 0.000000 3.077013 2.724464
 1.000000 -2.250340 2.604485
 2.000000 -1.058840 2.430599
 3.000000 -1.112892 2.048585
 4.000000 -0.955065 2.510429
 5.000000 -1.270729 2.675202
 6.000000 -1.147285 2.546470
 7.000000 -1.939005 2.837777
 8.000000 -2.024070 2.585202
 9.000000 -2.306425 1.930359
 10.000000 -1.961708 2.181857
 11.000000 -2.692513 2.833595
 12.000000 -3.113575 2.577451
 13.000000 -1.826409 2.850473
 14.000000 -1.620207 -3.109316
 15.000000 -1.181537 2.504653
 16.000000 -1.031920 2.427412
 17.000000 -1.221680 -2.816946
 18.000000 -1.287870 2.365894
 19.000000 -0.961712 2.590817
 20.000000 -1.496447 2.582949
 21.000000 -1.766097 2.671629
 22.000000 -1.297197 2.504121
 23.000000 -2.614432 2.920948
 24.000000 -2.443071 2.919705
 25.000000 -2.930953 3.057711
 26.000000 -2.363334 2.582197
 27.000000 -2.507196 2.864168
 28.000000 -2.842862 2.702094
 29.000000 -2.371148 2.599444
 30.000000 -2.478087 2.841424
 31.000000 -1.199412 2.651710
 32.000000 -1.118633 2.407466
 33.000000 -1.167054 2.427138
 34.000000 -2.561788 2.381265
 35.000000 -1.188112 2.617722
 36.000000 -1.291764 2.647159
 37.000000 -1.148690 2.662073
 38.000000 -1.230762 2.541603
 39.000000 -1.063704 2.417598
 40.000000 -2.049910 2.099879
 41.000000 -1.080413 2.477770
 42.000000 -0.965381 2.723203
 43.000000 -0.824967 2.461602
 44.000000 -1.021038 2.627208
 45.000000 -1.098713 2.601827
 46.000000 -1.802244 2.647495
 47.000000 -1.433131 2.236186
 48.000000 -1.589846 1.826998
 49.000000 -1.479198 2.851991
 50.000000 -2.165773 2.527879
 51.000000 -2.267266 2.702230
 52.000000 -1.179799 2.977439
 53.000000 -1.070437 2.501553
 54.000000 -1.541687 2.701048
 55.000000 -1.071046 2.368623
 56.000000 -1.325029 2.607861
 57.000000 -1.204534 2.397721
 58.000000 -0.942604 2.169385
 59.000000 -1.076835 2.207627
 60.000000 -1.124970 2.589727
 61.000000 -1.349009 3.097330
 62.000000 -1.098202 2.601236
 63.000000 -1.024290 2.293450
 64.000000 -1.104816 2.158035
 65.000000 -1.086979 2.340624
 66.000000 -0.835975 2.743553
 67.000000 -1.126607 2.388111
 68.000000 -1.017049 2.420653
 69.000000 -1.372158 1.872244
 70.000000 -0.988788 2.298532
 71.000000 -1.444366 3.007170
 72.000000 -1.891159 2.271108
 73.000000 -1.763241 2.203038
 74.000000 -1.618644 2.357301
 75.000000 -2.570656 2.315510
 76.000000 -2.586105 3.091077
 77.000000 -2.574063 2.072469
 78.000000 -1.599282 2.676565
 79.000000 -2.438839 2.577068
 80.000000 -1.139982 2.286627
 81.000000 -1.560698 2.496824
 82.000000 -1.505753 2.468418
 83.000000 -0.996933 2.574351
 84.000000 -1.293170 2.760002
 85.000000 -1.082817 3.056253
 86.000000 -0.841988 2.639111
 87.000000 -0.786271 2.495196
 88.000000 -1.309302 2.507933
 89.000000 -1.537282 2.319161
 90.000000 -1.348470 2.718276
 91.000000 -1.126144 1.974800
 92.000000 -1.224424 1.736593
 93.000000 -1.045366 2.362340
 94.000000 -1.042664 2.175495
 95.000000 -1.924610 2.112748
 96.000000 -1.944938 2.646463
 97.000000 -2.416918 2.657366
 98.000000 -2.840519 2.708490
 99.000000 -2.486200 2.860831
 100.000000 -0.910640 2.524809
 101.000000 -1.095861 2.562126
 102.000000 -1.357264 2.560728
 103.000000 -1.105861 2.640075
 104.000000 -1.338230 2.563536
 105.000000 -1.237526 2.491009
 106.000000 -1.135554 2.606480
 107.000000 -1.013128 2.372523
 108.000000 -0.947232 2.583408
 109.000000 -1.246663 2.584767
 110.000000 -1.126772 2.613205
 111.000000 -2.104761 2.443728
 112.000000 -1.826382 2.274849
 113.000000 -1.435739 2.507964
 114.000000 -1.537742 2.223599
 115.000000 -0.994627 2.526153
 116.000000 -0.935966 2.447865
 117.000000 -1.204509 2.608443
 118.000000 -0.978951 2.413588
 119.000000 -1.529625 3.055938
 120.000000 -1.125902 3.106264
 121.000000 -2.207179 -2.914571
 122.000000 -1.078391 2.706003
 123.000000 -0.533981 2.314919
 124.000000 -0.916727 2.236723
 125.000000 -1.352445 2.576219
 126.000000 -1.755008 3.105587
 127.000000 -1.426840 2.918552
 128.000000 -1.316748 2.340286
 129.000000 -1.014063 2.706514
 130.000000 -1.649686 2.938889
 131.000000 -1.467721 2.251091
 132.000000 -1.550162 2.253170
 133.000000 -1.512638 2.052540
 134.000000 -2.269723 2.157321
 135.000000 -2.519901 2.413529
 136.000000 -1.526278 2.528462
 137.000000 -1.191076 2.392824
 138.000000 -1.405547 2.893127
 139.000000 -0.802938 2.373954
 140.000000 -1.962011 2.476647
 141.000000 -1.430373 2.551261
 142.000000 -1.185237 2.992980
 143.000000 -0.834447 2.796050
 144.000000 -1.440839 2.539284
 145.000000 -1.292509 2.448460
 146.000000 -0.975680 2.243015
 147.000000 -2.425374 2.244251
 148.000000 -2.180050 2.027292
 149.000000 -1.586744 2.667231
 150.000000 -1.130010 2.645504
 151.000000 -1.265239 2.548782
 152.000000 -1.047781 2.417351
 153.000000 -1.377597 2.878838
 154.000000 -0.681239 2.209354
 155.000000 -1.067192 2.581635
 156.000000 -1.391692 2.613778
 157.000000 -1.102710 2.597205
 158.000000 -1.094797 2.423601
 159.000000 -1.302335 1.997277
 160.000000 -1.499669 2.486193
 161.000000 -2.406792 2.501830
 162.000000 -2.497415 2.449236
 163.000000 -2.744289 2.794568
 164.000000 -2.866305 2.614381
 165.000000 -2.835809 2.919162
 166.000000 -2.657601 3.140667
 167.000000 -2.231324 2.798464
 168.000000 -2.193039 2.676729
 169.000000 -2.583717 2.825683
 170.000000 -2.660714 2.932771
 171.000000 -2.670382 2.988823
 172.000000 -2.505326 2.599823
 173.000000 -2.396552 2.971469
 174.000000 -2.457793 2.774472
 175.000000 -1.006709 2.379059
 176.000000 -1.074391 2.474907
 177.000000 -1.064284 2.640364
 178.000000 -0.855276 2.440882
 179.000000 -1.166921 1.956615
 180.000000 -0.863864 2.069792
 181.000000 -2.742878 2.989430
 182.000000 -2.009973 3.117816
 183.000000 -1.421806 2.508670
 184.000000 -1.282322 2.097200
 185.000000 -1.261207 2.435828
 186.000000 -1.322312 2.599451
 187.000000 -1.540968 1.195721
 188.000000 -1.937400 0.258278
 189.000000 -1.727344 -0.077810
 190.000000 -1.772540 -0.125082
 191.000000 -2.084469 -0.028110
 192.000000 -2.073626 -0.594177
 193.000000 -1.832767 -0.354518
 194.000000 -1.013756 -0.336145
 195.000000 -1.913538 0.612181
 196.000000 -1.898603 0.383192
 197.000000 -2.499603 -0.512053
 198.000000 -1.609228 0.288030
 199.000000 -1.017307 -0.637166
 200.000000 -1.415548 -0.779457
 201.000000 -1.642536 -0.153920
 202.000000 -1.809969 0.086273
 203.000000 -2.312535 0.325559
 204.000000 -1.561910 -0.175144
 205.000000 -1.789799 -0.118783
 206.000000 -1.950234 0.122077
 207.000000 -1.722826 0.151768
 208.000000 -1.700343 0.367106
 209.000000 -1.747654 0.165453
 210.000000 -1.498279 0.103429
 211.000000 -2.003937 -0.241419
 212.000000 -1.726687 -0.288890
 213.000000 -1.668627 -0.407792
 214.000000 -2.346166 0.032049
 215.000000 -2.307661 0.585404
 216.000000 -2.584921 -1.527416
 217.000000 -1.211595 -1.186314
 218.000000 -1.125089 -0.729178
 219.000000 -1.574723 -1.102604
 220.000000 -1.144950 -0.689145
 221.000000 -0.932569 -0.726878
 222.000000 -1.131577 -0.561826
 223.000000 -1.972476 0.182607
 224.000000 -2.052258 0.126190
 225.000000 -2.122677 -0.236490
 226.000000 -1.690340 0.168744
 227.000000 -1.157998 -0.707429
 228.000000 -0.945768 -0.806286
 229.000000 -1.849882 -0.442721
 230.000000 -2.083912 0.344394
 231.000000 -1.141085 -0.544019
 232.000000 -1.715763 -0.005888
 233.000000 -1.174195 -0.628393
 234.000000 -1.127745 -0.957593
 235.000000 -1.069082 -0.409150
 236.000000 -1.518768 -0.471883
 237.000000 -0.981647 -0.812937
 238.000000 -0.995696 -0.651339
 239.000000 -1.474066 -0.351019
 240.000000 -1.676403 0.548090
 241.000000 -1.715251 -0.240612
 242.000000 -1.225008 -0.501215
 243.000000 -0.926543 -0.726736
 244.000000 -1.571191 -0.524212
 245.000000 -1.852054 -1.716694
 246.000000 -1.804146 -0.047395
 247.000000 -1.773916 -0.110232
 248.000000 -2.110351 0.162674
 249.000000 -2.894242 -0.043062
 250.000000 -2.782797 0.202518
 251.000000 -2.065117 0.100670
 252.000000 -2.415636 0.185729
 253.000000 -1.891263 0.026253
 254.000000 -2.052371 0.065739
 255.000000 -1.947531 -0.358923
 256.000000 -1.418676 -0.172808
 257.000000 -1.315132 -0.373961
 258.000000 -1.968466 0.032871
 259.000000 -1.410210 -0.213141
 260.000000 -1.943376 0.162991
 261.000000 -1.601116 0.104321
 262.000000 -1.719844 0.024114
 263.000000 -1.664788 0.248110
 264.000000 -1.736242 0.010799
 265.000000 -1.328539 -0.435747
 266.000000 -1.735000 0.029094
 267.000000 -2.885449 0.739121
 268.000000 -1.365738 -0.585051
 269.000000 -1.783237 -0.324109
 270.000000 -1.783226 0.380498
 271.000000 -2.288169 0.193907
 272.000000 -2.256145 0.035054
 273.000000 -2.617783 0.424124
 274.000000 -1.654863 0.052499
 275.000000 -1.818954 -0.230729
 276.000000 -1.552919 -0.282374
 277.000000 -1.733590 1.350004
 278.000000 -1.841206 1.926303
 279.000000 -1.412778 0.802926
 280.000000 -1.689333 0.212407
 281.000000 -1.050345 -0.670493
 282.000000 -1.544098 0.049193
 283.000000 -1.360669 -0.573141
 284.000000 -1.654678 0.122030
 285.000000 -2.237756 0.305762
 286.000000 3.115315 0.700231
 287.000000 -2.630917 0.485029
 288.000000 -1.075727 -0.840336
 289.000000 -1.149851 -0.684372
 290.000000 -1.628008 -0.246554
 291.000000 -2.541195 0.157670
 292.000000 -2.786922 0.972663
 293.000000 -1.795541 2.355826
 294.000000 -1.279835 2.432634
 295.000000 -1.224361 2.126797
 296.000000 -0.580768 2.394646
 297.000000 -0.819691 2.705205
 298.000000 -1.123648 2.092122
 299.000000 -1.032563 2.614525
 300.000000 -0.963224 2.508098
 301.000000 -1.153671 2.443655
 302.000000 -1.561834 2.478722
 303.000000 -1.057627 2.752572
 304.000000 -0.987792 2.795059
 305.000000 -1.131021 2.286923
 306.000000 -0.614831 2.658064
 307.000000 -1.150445 2.793395
 308.000000 -0.716031 2.484273
 309.000000 -0.984311 2.425106
 310.000000 -0.942632 2.933602
 311.000000 -1.438204 2.790335
 312.000000 -1.343959 2.980867
 313.000000 -0.923942 2.438724
 314.000000 -0.999461 2.903937
 315.000000 -1.129381 2.495324
 316.000000 -0.943884 2.561064
 317.000000 -0.777972 2.199158
 318.000000 -1.012062 2.494689
 319.000000 -1.120864 2.659040
 320.000000 -1.464247 2.601199
 321.000000 -1.401243 2.407574
 322.000000 -1.073037 2.307541
 323.000000 -0.474978 2.451117
 324.000000 -1.533029 2.771641
 325.000000 -1.846021 2.718219
 326.000000 -1.012011 2.579866
 327.000000 -1.613672 2.255016
 328.000000 -1.330507 2.755553
 329.000000 -1.040669 2.475751
 330.000000 -0.857798 2.225709
 331.000000 -1.803353 2.882861
 332.000000 -1.279788 2.827607
 333.000000 -1.078642 2.635239
 334.000000 -0.952644 2.329689
 335.000000 -1.141797 2.681913
 336.000000 -1.101850 2.589784
 337.000000 -0.931542 2.497484
 338.000000 -2.147591 2.548265
 339.000000 -1.678270 1.977458
 340.000000 -2.235013 2.350272
 341.000000 -1.699731 2.855573
 342.000000 -1.271314 2.164448
 343.000000 -1.042099 2.134301
 344.000000 -1.062547 2.454387
 345.000000 -1.299181 2.157402
 346.000000 -1.732482 2.327889
 347.000000 -1.739015 2.793974
 348.000000 -1.373592 2.730203
 349.000000 -0.553615 2.386767
 350.000000 -1.117859 2.608672
 351.000000 -1.060327 2.544973
 352.000000 -1.424105 2.202218
 353.000000 -1.242438 2.629670
 354.000000 -1.215905 2.586187
 355.000000 -1.239519 2.943548
 356.000000 -1.058186 2.561711
 357.000000 -1.420039 2.659300
 358.000000 -1.674043 2.321829
 359.000000 -1.927487 2.523664
 360.000000 -1.341430 2.357265
 361.000000 -2.183702 2.879518
 362.000000 -2.282382 2.784113
 363.000000 -2.574450 2.670801
 364.000000 -2.548084 2.723057
 365.000000 -0.706348 2.606691
 366.000000 -0.972050 -2.973719
 367.000000 -1.308046 2.932647
 368.000000 -1.086933 2.500109
 369.000000 -2.464050 2.667937
 370.000000 -2.528219 2.736139
 371.000000 -2.443640 2.419494
 372.000000 -2.382899 2.695592
 373.000000 -1.633531 2.062333
 374.000000 -2.431019 2.290021
 375.000000 -1.768619 2.107766
 376.000000 -2.057842 2.421268
 377.000000 -2.558602 2.051594
 378.000000 -1.206663 1.841174
 379.000000 -2.123615 2.822548
 380.000000 -1.889448 2.494038
 381.000000 -2.348166 2.743936
 382.000000 -1.145695 2.672659
 383.000000 -1.344232 2.775897
 384.000000 -1.157667 2.620115
 385.000000 -1.047869 2.432961
 386.000000 -2.789508 2.413161
 387.000000 -2.259092 2.372577
 388.000000 -2.651581 2.438682
 389.000000 -1.810976 2.483113
 390.000000 -1.117861 2.548007
 391.000000 -1.209608 2.566383
 392.000000 -1.108977 -3.040019
 393.000000 -1.158249 2.659888
 394.000000 -1.556652 2.255267
 395.000000 -1.433121 2.002050
 396.000000 -1.910077 2.330815
 397.000000 -2.558816 3.110416
 398.000000 -1.616833 2.715935
 399.000000 -1.241623 2.487408
 400.000000 -1.001489 2.390036
