#! FIELDS time phi psi
#! SET min_phi -pi
#! SET max_phi pi
#! SET min_psi -pi
#! SET max_psi pi
 0.000000 -2.751988 0.946874
 1.000000 -1.871313 0.365303
 2.000000 -1.737182 -0.459951
 3.000000 -0.958739 -0.551376
 4.000000 -1.118531 -0.745696
 5.000000 -1.166406 -0.780657
 6.000000 -1.129267 -0.314411
 7.000000 -1.110071 -0.816214
 8.000000 -1.270044 -0.460197
 9.000000 -1.288742 -0.389010
 10.000000 -1.940754 0.149765
 11.000000 -1.418342 -0.403482
 12.000000 -1.114319 -0.808213
 13.000000 -1.670615 0.200191
 14.000000 -2.097446 0.301007
 15.000000 -2.259207 0.342278
 16.000000 -2.045482 0.175860
 17.000000 -1.761481 -0.166462
 18.000000 -2.819956 -0.126748
 19.000000 -2.163383 0.092475
 20.000000 -2.021482 0.146827
 21.000000 -2.027072 -0.643509
 22.000000 -2.073831 0.141339
 23.000000 -1.742429 0.189608
 24.000000 -1.532443 -0.414554
 25.000000 -1.071639 -0.771407
 26.000000 -1.265170 -0.661074
 27.000000 -1.696866 0.080500
 28.000000 -1.310468 -0.597659
 29.000000 -1.232558 -0.345763
 30.000000 -1.653765 -0.253181
 31.000000 -1.823264 -0.003922
 32.000000 -1.383753 -0.307099
 33.000000 -1.038194 -0.842047
 34.000000 -1.113411 -0.906739
 35.000000 -1.148330 -0.566557
 36.000000 -1.013053 -0.834144
 37.000000 -1.294735 -0.316503
 38.000000 -1.192346 -0.589963
 39.000000 -1.095908 -0.800959
 40.000000 -1.084969 -0.875202
 41.000000 -1.235509 -0.375710
 42.000000 -1.416728 -0.275966
 43.000000 -1.903413 -0.460717
 44.000000 -2.673545 0.014866
 45.000000 -1.075825 -0.695697
 46.000000 -1.796103 0.167186
 47.000000 -1.973180 0.025064
 48.000000 -2.769430 0.136216
 49.000000 -1.755993 -0.631932
 50.000000 -1.704176 0.071789
 51.000000 -1.696331 0.148350
 52.000000 -1.413341 -0.372861
 53.000000 -1.799556 0.087870
 54.000000 -1.239444 -0.614630
 55.000000 -1.210784 -0.427835
 56.000000 -1.153399 -0.617658
 57.000000 -0.937533 -0.782947
 58.000000 -0.956005 -0.808164
 59.000000 -0.987559 -0.694052
 60.000000 -1.428427 -0.313715
 61.000000 -1.932917 0.198546
 62.000000 -1.165364 -0.753653
 63.000000 -1.009190 -0.667544
 64.000000 -1.083909 -0.776256
 65.000000 -1.709354 -0.181446
 66.000000 -0.955583 -0.747630
 67.000000 -1.602115 -0.328187
 68.000000 -1.552904 0.166562
 69.000000 -1.811325 -0.462745
 70.000000 -1.312377 -0.427632
 71.000000 -1.245281 -0.437876
 72.000000 -1.210771 -0.646625
 73.000000 -0.974324 -0.746906
 74.000000 -1.080433 -0.835384
 75.000000 -1.975293 -0.117833
 76.000000 -1.145625 -0.231371
 77.000000 -1.889808 -0.467968
 78.000000 -1.065974 -0.697550
 79.000000 -1.284474 -0.435110
 80.000000 -1.265030 -0.562883
 81.000000 -1.852022 -0.175210
 82.000000 -1.137514 -0.641873
 83.000000 -1.005551 -0.802011
 84.000000 -0.953186 -0.888413
 85.000000 -0.998733 -0.606635
 86.000000 -1.440108 -0.258808
 87.000000 -1.742197 -0.020559
 88.000000 -1.348775 -0.376265
 89.000000 -0.968550 -0.781943
 90.000000 -1.078689 -0.491601
 91.000000 -1.046434 -0.499442
 92.000000 -1.680681 0.281216
 93.000000 -1.666034 -0.466741
 94.000000 -1.394956 -0.290612
 95.000000 -1.432781 -0.292677
 96.000000 -1.054593 -0.784471
 97.000000 -1.888308 -0.239052
 98.000000 -2.093861 -0.108944
 99.000000 -2.582552 0.186538
 100.000000 -2.435186 0.203919
 101.000000 -2.183635 0.553085
 102.000000 -2.175690 0.433179
 103.000000 -1.386510 -0.643065
 104.000000 -1.418750 -0.390439
 105.000000 -1.118928 -0.691937
 106.000000 -1.657032 -0.518748
 107.000000 -1.927350 0.161590
 108.000000 -1.170810 -0.338691
 109.000000 -1.938148 0.254980
 110.000000 -2.956725 0.159938
 111.000000 -2.514543 -0.189048
 112.000000 -2.821167 0.498988
 113.000000 -2.579907 0.363085
 114.000000 -1.749247 -0.140424
 115.000000 -1.783945 -0.050705
 116.000000 -1.721404 0.245144
 117.000000 -1.786724 0.032719
 118.000000 -1.795952 -0.186322
 119.000000 -1.992355 0.508196
 120.000000 -1.624992 -0.156333
 121.000000 -2.323681 0.295857
 122.000000 -1.919300 -0.281934
 123.000000 -1.793880 0.379144
 124.000000 -1.760351 -0.184019
 125.000000 -1.066232 -0.647172
 126.000000 -1.890736 0.020838
 127.000000 -2.102345 0.735430
 128.000000 -2.100602 0.050293
 129.000000 -2.082515 0.200114
 130.000000 -2.699561 -0.062297
 131.000000 -2.806185 0.261092
 132.000000 -1.296538 -0.633056
 133.000000 -1.338268 -0.312642
 134.000000 -1.363467 -0.390914
 135.000000 -2.032059 -0.011643
 136.000000 -1.863039 0.166186
 137.000000 -1.749717 0.161212
 138.000000 -1.253343 -0.602462
 139.000000 -1.041607 -0.743391
 140.000000 -1.104871 -0.471561
 141.000000 -1.641715 0.409478
 142.000000 -2.078466 0.183265
 143.000000 -1.667528 0.288648
 144.000000 -1.814245 -0.070844
 145.000000 -1.303120 -0.581781
 146.000000 -1.728611 0.226956
 147.000000 -1.970164 0.302784
 148.000000 -1.730524 0.110292
 149.000000 -1.824469 0.179571
 150.000000 -2.002545 0.262470
 151.000000 -1.904969 -0.250791
 152.000000 -1.181991 -0.338015
 153.000000 -1.811991 0.092441
 154.000000 -2.331247 0.196809
 155.000000 -1.855995 -0.070960
 156.000000 -1.761843 0.031164
 157.000000 -2.194391 0.491783
 158.000000 -2.629374 0.337420
 159.000000 -2.991352 -0.004695
 160.000000 -2.499660 0.325540
 161.000000 -2.987467 -1.410971
 162.000000 -1.962462 -2.196674
 163.000000 -0.332096 2.255553
 164.000000 -1.068689 2.676671
 165.000000 -1.425339 2.549670
 166.000000 -1.107495 2.475420
 167.000000 -1.662365 2.663128
 168.000000 -1.929337 2.429214
 169.000000 -1.067558 2.271276
 170.000000 -1.052278 2.536944
 171.000000 -0.939469 2.526419
 172.000000 -1.044164 2.800248
 173.000000 -1.070562 2.554475
 174.000000 -1.017938 2.628291
 175.000000 -1.043735 2.622073
 176.000000 -1.291733 2.763527
 177.000000 -2.341713 2.685482
 178.000000 -1.552638 2.171107
 179.000000 -2.159241 2.082237
 180.000000 -2.675775 2.779296
 181.000000 -2.509332 2.514265
 182.000000 -2.919046 2.861322
 183.000000 -2.643997 2.651877
 184.000000 -2.280350 2.340310
 185.000000 -2.564954 2.709262
 186.000000 -1.681231 2.785825
 187.000000 -1.528007 2.619069
 188.000000 -1.316237 2.208167
 189.000000 -1.132399 2.424764
 190.000000 0.884683 1.252421
 191.000000 0.247405 2.074065
 192.000000 -1.086717 2.639645
 193.000000 -1.190114 2.483311
 194.000000 -1.081848 2.488787
 195.000000 -0.721797 2.323302
 196.000000 -0.854573 2.507096
 197.000000 -1.135796 2.502646
 198.000000 -1.589846 2.587136
 199.000000 -1.467836 2.320718
 200.000000 -1.092051 2.208824
 201.000000 -1.226685 2.296930
 202.000000 -1.040932 2.614049
 203.000000 -0.938545 2.433592
 204.000000 -1.124875 2.492436
 205.000000 -1.207523 2.571594
 206.000000 -2.280977 2.438069
 207.000000 -1.250040 2.368863
 208.000000 -0.992987 2.433875
 209.000000 -1.943017 2.837116
 210.000000 -2.768463 2.764410
 211.000000 -2.257313 2.831181
 212.000000 -1.415132 3.021474
 213.000000 -2.072577 2.661543
 214.000000 -1.146349 2.695772
 215.000000 -1.132559 2.789814
 216.000000 -0.943060 2.519918
 217.000000 -1.223612 2.372743
 218.000000 -0.906106 2.221551
 219.000000 -1.131945 2.417572
 220.000000 -0.610139 2.706059
 221.000000 -0.914361 2.570101
 222.000000 -0.768210 2.003578
 223.000000 -1.050650 2.155810
 224.000000 -1.097718 2.227992
 225.000000 -1.639998 1.914066
 226.000000 -1.027350 2.166979
 227.000000 -1.097840 2.654145
 228.000000 -0.994683 2.275710
 229.000000 -1.309316 2.351421
 230.000000 -0.527737 2.576558
 231.000000 -1.199512 2.489252
 232.000000 -0.962036 2.421457
 233.000000 -0.843124 2.494493
 234.000000 -1.091672 2.629931
 235.000000 -1.276066 2.633296
 236.000000 -1.140651 2.365695
 237.000000 -1.053016 2.523677
 238.000000 -2.383171 2.572616
 239.000000 -2.679130 2.785180
 240.000000 -2.701379 2.743672
 241.000000 -2.688225 2.714580
 242.000000 -2.500169 2.579395
 243.000000 -2.244023 2.793306
 244.000000 -2.223182 2.399005
 245.000000 -2.394622 2.365825
 246.000000 -1.281580 2.373610
 247.000000 -1.400601 2.212771
 248.000000 -1.014589 2.700577
 249.000000 -0.929753 2.399713
 250.000000 -1.578440 2.227123
 251.000000 -0.922901 1.015010
 252.000000 -1.034429 2.545726
 253.000000 -0.977473 3.002610
 254.000000 -0.978151 2.366646
 255.000000 -0.569370 2.452449
 256.000000 -0.986359 2.582230
 257.000000 -1.288507 2.580982
 258.000000 -0.959884 2.456200
 259.000000 -1.282072 2.380224
 260.000000 -1.238996 2.904054
 261.000000 -1.936400 2.876071
 262.000000 -1.060611 2.962299
 263.000000 -0.930609 2.314492
 264.000000 -0.990838 2.713007
 265.000000 -1.040774 2.972045
 266.000000 -1.056729 2.493136
 267.000000 -1.141753 2.398158
 268.000000 -1.143158 2.471759
 269.000000 -0.948614 2.671698
 270.000000 -0.885944 2.449406
 271.000000 -1.052025 2.400170
 272.000000 -1.179697 2.593394
 273.000000 -1.777653 2.483849
 274.000000 -2.498557 2.825784
 275.000000 -2.500584 2.712790
 276.000000 -1.595425 2.826230
 277.000000 -0.862016 2.984807
 278.000000 -1.079933 2.277351
 279.000000 -1.313645 1.998955
 280.000000 -1.157767 2.282305
 281.000000 -1.282352 2.691780
 282.000000 -1.751516 3.126403
 283.000000 -2.427577 2.605451
 284.000000 -2.375162 3.037079
 285.000000 -2.329888 2.629655
 286.000000 -2.196376 2.403182
 287.000000 -1.213454 3.002420
 288.000000 -1.069601 2.725496
 289.000000 -0.610138 2.420797
 290.000000 -1.379430 2.461418
 291.000000 -1.101205 2.547297
 292.000000 -0.987024 2.797835
 293.000000 -0.944848 2.679081
 294.000000 -1.070095 1.946281
 295.000000 -1.905951 2.107361
 296.000000 -1.128532 2.380630
 297.000000 -0.901061 2.718113
 298.000000 -0.795011 2.554009
 299.000000 -0.744561 2.186193
 300.000000 -0.830466 2.713820
 301.000000 -1.773662 2.383541
 302.000000 -2.160212 2.695765
 303.000000 -1.856199 2.180172
 304.000000 -1.590484 1.797628
 305.000000 -1.397532 2.141657
 306.000000 -2.092642 2.405393
 307.000000 -0.794379 2.419216
 308.000000 -0.523278 2.272337
 309.000000 -0.467686 2.454897
 310.000000 -1.005852 2.834003
 311.000000 -1.157148 2.789380
 312.000000 -1.040116 2.370236
 313.000000 -0.957745 2.500985
 314.000000 -1.019047 2.294419
 315.000000 -1.702231 2.176877
 316.000000 -0.795137 1.978279
 317.000000 -0.903624 2.534486
 318.000000 -1.001987 2.258353
 319.000000 -0.987334 2.453418
 320.000000 -1.700959 1.910772
 321.000000 -2.592531 2.409316
 322.000000 -1.303775 2.198221
 323.000000 -1.013942 2.232102
 324.000000 -0.999282 2.064470
 325.000000 -0.824346 2.437191
 326.000000 -1.191260 2.769824
 327.000000 -1.921895 2.233743
 328.000000 -2.059261 2.947692
 329.000000 -1.027621 2.525503
 330.000000 -1.287561 2.559226
 331.000000 -0.933983 2.516980
 332.000000 -1.162336 2.732510
 333.000000 -0.540947 2.332125
 334.000000 -1.059211 2.528759
 335.000000 -1.174928 2.534598
 336.000000 -1.075036 2.242913
 337.000000 -0.840634 2.505226
 338.000000 -1.446474 2.798280
 339.000000 -1.385008 2.742469
 340.000000 -1.298482 2.509787
 341.000000 -1.254823 2.592328
 342.000000 -1.333785 2.846910
 343.000000 -1.151506 2.575019
 344.000000 -1.169450 2.046795
 345.000000 -1.117440 2.494259
 346.000000 -1.193665 2.084973
 347.000000 -1.472771 2.544067
 348.000000 -2.418115 2.827538
 349.000000 -2.774243 2.891270
 350.000000 -2.669125 2.626790
 351.000000 -2.289205 2.919044
 352.000000 -2.076104 2.455917
 353.000000 -1.803027 3.037541
 354.000000 -1.366461 2.277525
 355.000000 -1.270192 2.603349
 356.000000 -0.672745 2.432342
 357.000000 -1.414518 2.523835
 358.000000 -1.117245 2.696967
 359.000000 -2.409813 2.805407
 360.000000 -2.366368 2.886603
 361.000000 -0.890911 2.676447
 362.000000 -1.088222 2.252833
 363.000000 -1.212066 2.450639
 364.000000 -0.984794 2.333163
 365.000000 -1.093888 2.313873
 366.000000 -1.039071 2.599555
 367.000000 -0.907072 2.377905
 368.000000 -1.406243 2.826395
 369.000000 -1.236207 2.734889
 370.000000 -0.962543 2.660773
 371.000000 -0.652149 2.796538
 372.000000 -0.678917 2.446967
 373.000000 -2.228334 2.823536
 374.000000 -2.355962 2.657345
 375.000000 -1.910332 2.164953
 376.000000 -1.164768 2.363427
 377.000000 -1.837893 2.778702
 378.000000 -2.526282 2.604485
 379.000000 -2.263010 2.308997
 380.000000 -1.070701 2.544082
 381.000000 -1.094781 3.114601
 382.000000 -1.215363 2.401789
 383.000000 -1.151717 2.432956
 384.000000 -1.222290 2.524966
 385.000000 -1.214416 2.553468
 386.000000 -1.341501 2.743732
 387.000000 -0.920245 2.813159
 388.000000 -1.703721 3.036258
 389.000000 -1.318216 2.622983
 390.000000 -1.380737 2.304323
 391.000000 -1.860383 2.457741
 392.000000 -2.602423 2.559228
 393.000000 -0.871143 2.354544
 394.000000 -1.151548 2.243626
 395.000000 -1.376021 1.369676
 396.000000 -1.330864 2.267331
 397.000000 -1.155222 2.451915
 398.000000 -1.222708 2.440907
 399.000000 -1.021029 2.208022
 400.000000 -1.353623 2.116057
