#! FIELDS time phi psi
#! SET min_phi -pi
#! SET max_phi pi
#! SET min_psi -pi
#! SET max_psi pi
 0.000000 -2.899823 0.004894
 1.000000 -2.717048 -0.228595
 2.000000 -1.913444 0.148653
 3.000000 -2.076260 -0.078761
 4.000000 -2.728375 -0.048170
 5.000000 -2.206108 -0.254088
 6.000000 -2.662027 -0.183551
 7.000000 -1.346983 -0.125721
 8.000000 -2.179002 -0.122366
 9.000000 -1.292384 -0.427120
 10.000000 -1.084133 -0.775883
 11.000000 -1.073742 -0.839677
 12.000000 -1.675975 -0.104603
 13.000000 -1.532861 -0.347034
 14.000000 -1.841842 -0.179535
 15.000000 -2.475750 0.177127
 16.000000 -1.772510 0.028628
 17.000000 -1.857827 0.282780
 18.000000 -1.607042 -0.042466
 19.000000 -0.982726 -0.714857
 20.000000 -1.143424 -0.503250
 21.000000 -1.416393 -0.322832
 22.000000 -1.667585 -0.045371
 23.000000 -1.672108 0.227215
 24.000000 -1.516460 -0.403645
 25.000000 -1.777215 -0.272833
 26.000000 -2.092487 0.125349
 27.000000 -1.524457 -0.364105
 28.000000 -1.912235 -0.108766
 29.000000 -1.018915 -0.909220
 30.000000 -1.313139 -0.305687
 31.000000 -1.051441 -0.551325
 32.000000 -0.998715 -0.579498
 33.000000 -1.772531 -0.525705
 34.000000 -1.047933 -0.789105
 35.000000 -1.500935 -0.534251
 36.000000 -1.446610 -0.449274
 37.000000 -1.823825 -0.008474
 38.000000 -1.079872 -0.789298
 39.000000 -2.030902 0.162573
 40.000000 -1.570657 -0.286568
 41.000000 -1.357559 -0.065617
 42.000000 -1.233399 -0.789154
 43.000000 -1.930128 0.085355
 44.000000 -2.697213 0.496634
 45.000000 -1.312873 -0.618649
 46.000000 -1.131287 -0.953379
 47.000000 -1.127427 -0.760738
 48.000000 -0.994148 -0.740542
 49.000000 -0.968055 -0.893772
 50.000000 -1.112753 -0.657086
 51.000000 -1.426915 -0.516798
 52.000000 -1.097656 -0.797687
 53.000000 -1.591987 -0.192024
 54.000000 -1.225875 -0.308872
 55.000000 -1.024400 -0.710416
 56.000000 -0.978171 -0.733314
 57.000000 -1.112339 -0.392551
 58.000000 -1.099003 -0.574711
 59.000000 -0.633294 -0.887752
 60.000000 -1.794180 -0.011298
 61.000000 -0.880361 -1.240480
 62.000000 -1.886773 -0.056989
 63.000000 -1.092892 -0.445978
 64.000000 -1.606226 -0.231234
 65.000000 -1.039795 -0.624219
 66.000000 -1.847328 0.180119
 67.000000 -2.149551 0.180039
 68.000000 -1.736095 0.164040
 69.000000 -1.460968 0.410301
 70.000000 -1.694063 0.111522
 71.000000 -1.351244 -0.258625
 72.000000 -1.226126 -0.244484
 73.000000 -1.847554 0.177611
 74.000000 -1.515211 -0.078845
 75.000000 -1.837882 -0.443060
 76.000000 -1.975029 0.110215
 77.000000 -1.239221 -0.766298
 78.000000 -1.575404 -0.125036
 79.000000 -1.797415 -0.271610
 80.000000 -1.768262 0.095132
 81.000000 -1.618547 -0.224973
 82.000000 -1.374774 -0.227001
 83.000000 -1.147430 -0.318005
 84.000000 -1.698914 0.238839
 85.000000 -1.638090 -0.184381
 86.000000 -1.135246 -0.731869
 87.000000 -1.334762 -0.277701
 88.000000 -2.055631 0.101022
 89.000000 -1.867141 0.054959
 90.000000 -1.849569 0.193872
 91.000000 -1.219080 -0.514586
 92.000000 -1.097217 -0.686571
 93.000000 -0.940644 -0.752707
 94.000000 -2.263194 0.097863
 95.000000 -1.710825 0.061480
 96.000000 -2.071825 -0.170467
 97.000000 -2.185260 -0.170554
 98.000000 -1.633634 -0.322837
 99.000000 -0.971548 -0.738772
 100.000000 -1.880732 0.361723
 101.000000 -1.844271 -0.026525
 102.000000 -1.352219 -0.627040
 103.000000 -2.231074 -0.405535
 104.000000 -1.577011 -0.155322
 105.000000 -1.667070 -0.155579
 106.000000 -2.318958 -0.020733
 107.000000 -2.119852 0.228570
 108.000000 -1.815882 0.010969
 109.000000 -1.527173 -0.015144
 110.000000 -1.584278 0.170897
 111.000000 -1.363471 -0.376691
 112.000000 -2.743185 0.047151
 113.000000 -2.646138 0.831951
 114.000000 -1.967400 0.261015
 115.000000 -1.625434 0.356220
 116.000000 -1.813083 0.961407
 117.000000 -1.880134 -0.526021
 118.000000 -0.975775 -0.658578
 119.000000 -1.008114 -0.831830
 120.000000 -1.094275 -0.767720
 121.000000 -1.654891 -0.279651
 122.000000 -1.013330 -0.837589
 123.000000 -1.072507 -0.655105
 124.000000 -0.922126 -0.789258
 125.000000 -0.918373 -0.774663
 126.000000 -1.805792 -0.794313
 127.000000 -1.632096 -0.315068
 128.000000 -1.238402 -0.552546
 129.000000 -1.628454 -0.474900
 130.000000 -1.815525 0.297821
 131.000000 -1.068760 -0.681719
 132.000000 -1.576214 -0.055306
 133.000000 -2.784058 -0.235531
 134.000000 -2.159317 0.531159
 135.000000 -1.538919 -0.332549
 136.000000 -1.519155 0.368087
 137.000000 -1.663306 0.025732
 138.000000 -1.608760 0.490186
 139.000000 -2.484746 0.346633
 140.000000 -2.780548 0.448285
 141.000000 -2.671887 0.744876
 142.000000 -2.589496 0.564250
 143.000000 -2.096338 0.365860
 144.000000 -1.960725 -0.059601
 145.000000 -2.173509 -0.540783
 146.000000 -1.834281 0.473933
 147.000000 -1.975062 0.004628
 148.000000 -2.219245 0.604437
 149.000000 -1.356351 -0.221725
 150.000000 -2.158547 -0.047157
 151.000000 -2.017387 0.141968
 152.000000 -1.941139 -0.015696
 153.000000 -2.575142 0.881121
 154.000000 -2.630411 0.582486
 155.000000 -2.980666 0.105239
 156.000000 -2.786736 -0.534646
 157.000000 -2.123371 -0.696429
 158.000000 -1.305779 -0.208307
 159.000000 -1.626558 0.064677
 160.000000 -1.044550 -0.756476
 161.000000 -1.470930 -0.259755
 162.000000 -1.456034 -0.574976
 163.000000 -2.051493 -0.165880
 164.000000 -2.062151 -1.297886
 165.000000 -2.033129 -0.384419
 166.000000 -1.172476 -0.718932
 167.000000 -1.616308 -0.104372
 168.000000 -2.064450 0.231898
 169.000000 -1.251079 -0.392406
 170.000000 -1.171737 -0.646414
 171.000000 -2.003735 0.287137
 172.000000 -1.049035 -0.646496
 173.000000 -1.116835 -0.815165
 174.000000 -1.019328 -0.798502
 175.000000 -1.745265 0.174938
 176.000000 -1.427186 0.125703
 177.000000 -1.921127 -0.037979
 178.000000 -2.095637 0.217815
 179.000000 -1.712974 0.016909
 180.000000 -2.472475 -0.184213
 181.000000 -1.834086 -0.116928
 182.000000 -1.159910 0.791090
 183.000000 -1.394124 2.433906
 184.000000 -1.804567 2.701279
 185.000000 -1.117221 2.408011
 186.000000 -1.860483 2.566702
 187.000000 -1.774034 2.033939
 188.000000 -1.546720 2.357069
 189.000000 -1.414700 1.589565
 190.000000 -1.650889 2.022833
 191.000000 -2.129781 2.250960
 192.000000 -2.476545 2.832377
 193.000000 -2.203316 2.794726
 194.000000 -2.705897 2.722546
 195.000000 -1.125765 2.812870
 196.000000 -0.960782 2.453664
 197.000000 -1.680733 3.034057
 198.000000 -2.445491 2.179817
 199.000000 -2.443219 2.743367
 200.000000 -2.613669 2.607244
 201.000000 -2.515182 -2.755405
 202.000000 -1.990790 3.071895
 203.000000 -2.516381 2.931536
 204.000000 -2.626519 2.984169
 205.000000 -1.269037 2.513083
 206.000000 -1.815794 2.666100
 207.000000 -2.225225 3.030162
 208.000000 -1.471543 2.601706
 209.000000 -1.380704 2.829688
 210.000000 -0.867114 2.041265
 211.000000 -1.338734 2.632603
 212.000000 -0.939773 1.953827
 213.000000 -1.778771 2.609142
 214.000000 -1.003542 2.277032
 215.000000 -1.611582 1.334577
 216.000000 -2.441323 2.817888
 217.000000 -2.538090 2.202429
 218.000000 -1.891064 2.795749
 219.000000 -0.549470 2.710461
 220.000000 -0.980727 2.366681
 221.000000 -0.977443 2.214147
 222.000000 -1.001059 2.529102
 223.000000 -0.998337 2.674930
 224.000000 -1.256914 -3.066636
 225.000000 -0.849851 2.387341
 226.000000 -1.183116 2.385062
 227.000000 -1.938863 2.757854
 228.000000 -2.456591 2.441608
 229.000000 -2.417745 2.588100
 230.000000 -2.438393 2.334001
 231.000000 -2.401113 2.792990
 232.000000 -2.258169 2.829658
 233.000000 -2.389439 2.786451
 234.000000 -1.496123 2.396724
 235.000000 -2.035851 2.324917
 236.000000 -1.821180 2.761017
 237.000000 -2.040548 2.870482
 238.000000 -1.083080 2.722324
 239.000000 -1.473114 2.477803
 240.000000 -0.887162 2.427421
 241.000000 -1.049982 2.649527
 242.000000 -1.189294 2.628149
 243.000000 -1.209882 2.475330
 244.000000 -1.024160 2.648663
 245.000000 -1.032041 2.236662
 246.000000 -1.463591 2.791244
 247.000000 -2.425145 2.727212
 248.000000 -1.107018 2.604874
 249.000000 -0.898848 2.550333
 250.000000 -1.093270 2.338208
 251.000000 -0.944141 2.606905
 252.000000 -0.891583 2.653108
 253.000000 -1.205019 2.611389
 254.000000 -1.460388 2.532705
 255.000000 -0.882725 2.691475
 256.000000 -1.249044 2.602475
 257.000000 -1.482190 2.225812
 258.000000 -2.166949 2.730481
 259.000000 -1.922360 2.618406
 260.000000 -1.788114 2.529048
 261.000000 -1.074311 2.226840
 262.000000 -0.932341 2.101722
 263.000000 -1.169807 2.597925
 264.000000 -1.259218 2.089796
 265.000000 -0.616688 2.447400
 266.000000 -1.090572 2.070104
 267.000000 -0.944870 2.814297
 268.000000 -1.034144 2.474309
 269.000000 -0.784956 2.821511
 270.000000 -1.470415 2.513315
 271.000000 -1.622546 2.199712
 272.000000 -1.428691 2.561689
 273.000000 -1.951763 2.423159
 274.000000 -1.104503 2.641469
 275.000000 -1.099275 2.206901
 276.000000 -1.538669 3.022924
 277.000000 -1.030577 2.495438
 278.000000 -0.926966 2.579622
 279.000000 -1.058980 2.505063
 280.000000 -2.389988 2.131900
 281.000000 -2.289835 2.805780
 282.000000 -2.087896 2.723377
 283.000000 -2.052915 2.637018
 284.000000 -2.465325 2.457124
 285.000000 -1.483580 2.188580
 286.000000 -2.376458 2.656470
 287.000000 -1.773015 2.341348
 288.000000 -1.321763 2.059126
 289.000000 -1.192975 2.332760
 290.000000 -0.963580 2.651109
 291.000000 -1.241641 2.613781
 292.000000 -1.954625 2.897670
 293.000000 -1.144983 2.730022
 294.000000 -1.123107 2.715541
 295.000000 -1.202145 2.451279
 296.000000 -1.079776 2.788059
 297.000000 -1.616935 2.764052
 298.000000 -1.107527 2.617002
 299.000000 -0.953967 2.690286
 300.000000 -1.596591 3.127685
 301.000000 -1.424646 2.873224
 302.000000 -1.899521 2.703704
 303.000000 -2.091828 2.102967
 304.000000 -2.519501 2.547192
 305.000000 -2.410732 2.950548
 306.000000 -2.514960 2.806244
 307.000000 -2.755911 2.747604
 308.000000 -1.765725 2.041643
 309.000000 -0.851902 2.512509
 310.000000 -1.459869 2.491730
 311.000000 -2.168617 2.435344
 312.000000 -1.095512 2.623649
 313.000000 -0.617819 2.430686
 314.000000 -1.446347 2.636780
 315.000000 -2.504417 2.613580
 316.000000 -2.254593 2.896154
 317.000000 -2.609843 2.689955
 318.000000 -1.906886 -2.835832
 319.000000 -2.387019 2.710794
 320.000000 -1.766281 2.754936
 321.000000 -1.157760 2.665258
 322.000000 -1.559485 2.720649
 323.000000 -0.993144 2.773327
 324.000000 -1.356804 2.631282
 325.000000 -0.898127 2.777605
 326.000000 -1.617035 2.889284
 327.000000 -0.639135 2.735847
 328.000000 -1.241421 2.328685
 329.000000 -0.949634 2.318290
 330.000000 -1.005209 2.561633
 331.000000 -1.003071 2.572025
 332.000000 -1.087060 2.538135
 333.000000 -2.393887 2.951217
 334.000000 -2.009165 3.006601
 335.000000 -2.595535 2.578679
 336.000000 -3.033885 2.848512
 337.000000 -2.004110 3.021873
 338.000000 -0.759539 2.676319
 339.000000 -1.105018 2.580525
 340.000000 -1.108425 2.435055
 341.000000 -1.246886 1.960051
 342.000000 -1.057005 2.512069
 343.000000 -1.377960 2.482489
 344.000000 -1.114694 2.370858
 345.000000 -0.705080 2.330605
 346.000000 -0.774676 2.133017
 347.000000 -1.446532 2.590179
 348.000000 -1.399369 2.742867
 349.000000 -1.226453 1.747483
 350.000000 -2.070315 1.844115
 351.000000 -1.721702 1.568320
 352.000000 -0.929772 2.444488
 353.000000 -0.535288 2.339162
 354.000000 -3.059540 2.022999
 355.000000 -2.488500 2.685863
 356.000000 -2.682414 2.728383
 357.000000 -2.182665 2.027376
 358.000000 -1.778446 2.691612
 359.000000 -2.694792 2.813279
 360.000000 -2.136550 2.281105
 361.000000 -2.221033 2.506730
 362.000000 -1.412804 2.016693
 363.000000 -1.359709 2.405516
 364.000000 -1.552279 2.311916
 365.000000 -0.833531 2.374018
 366.000000 -1.243850 2.694949
 367.000000 -1.200731 2.981252
 368.000000 -0.698027 2.507425
 369.000000 -2.044353 1.897347
 370.000000 -1.849589 1.988602
 371.000000 -1.729699 2.348006
 372.000000 -1.038567 2.441450
 373.000000 -1.550549 2.639123
 374.000000 -1.494384 2.352527
 375.000000 -1.021967 2.548184
 376.000000 -1.389467 2.007633
 377.000000 -1.135532 2.498229
 378.000000 -1.140613 2.331135
 379.000000 -1.059271 2.570033
 380.000000 -1.074727 2.570860
 381.000000 -1.406466 2.695490
 382.000000 -1.198761 2.280955
 383.000000 -1.373397 2.132970
 384.000000 -1.003140 2.460577
 385.000000 -1.073950 2.695708
 386.000000 -1.065101 2.596782
 387.000000 -1.306638 2.553191
 388.000000 -0.975604 2.051221
 389.000000 -2.256965 1.804157
 390.000000 -0.887029 2.724215
 391.000000 -1.009289 2.511783
 392.000000 -0.436776 2.094034
 393.000000 -1.871318 1.949806
 394.000000 -2.701736 2.835285
 395.000000 -2.924538 3.029519
 396.000000 -1.890207 2.490354
 397.000000 -1.165807 2.514664
 398.000000 -0.997669 2.371788
 399.000000 -1.190164 1.769290
 400.000000 -0.840100 2.977296
