#! FIELDS time phi psi
#! SET min_phi -pi
#! SET max_phi pi
#! SET min_psi -pi
#! SET max_psi pi
 0.000000 -2.005311 0.959405
 1.000000 -1.494137 1.445150
 2.000000 -2.164390 0.367202
 3.000000 -1.029183 -0.438628
 4.000000 -1.027158 -0.835457
 5.000000 -1.225645 -0.670915
 6.000000 -1.455976 -0.378788
 7.000000 -1.735542 0.074749
 8.000000 -1.747593 0.126533
 9.000000 -1.418373 0.780440
 10.000000 -1.053727 2.344273
 11.000000 -1.147815 2.483616
 12.000000 -1.251668 2.706726
 13.000000 -0.980393 2.430988
 14.000000 -0.949972 2.164798
 15.000000 -1.561187 2.147849
 16.000000 -0.996408 2.750304
 17.000000 -1.081964 2.523722
 18.000000 -1.047370 2.569336
 19.000000 -1.051805 2.562096
 20.000000 -1.043680 1.788845
 21.000000 -1.115612 2.598717
 22.000000 -2.398145 2.558023
 23.000000 -1.294899 2.354781
 24.000000 -0.867948 2.452056
 25.000000 -1.105077 2.593719
 26.000000 -1.883692 2.870872
 27.000000 -2.684085 2.922682
 28.000000 -1.446716 2.633629
 29.000000 -1.344846 2.464120
 30.000000 -1.050764 2.722440
 31.000000 -1.354299 2.157848
 32.000000 -1.611384 2.587318
 33.000000 -1.214619 2.332155
 34.000000 -1.174606 2.580717
 35.000000 -1.053185 2.524025
 36.000000 -1.401559 2.266526
 37.000000 -1.139804 2.263815
 38.000000 -1.412128 2.640741
 39.000000 -1.266128 2.555281
 40.000000 -1.221788 2.704320
 41.000000 -1.107219 2.299604
 42.000000 -1.371172 2.942514
 43.000000 -1.346618 2.247020
 44.000000 -1.628124 2.813615
 45.000000 -1.919676 2.258289
 46.000000 -2.345947 2.828714
 47.000000 -2.506251 2.814903
 48.000000 -2.538170 2.935992
 49.000000 -2.893572 2.867031
 50.000000 -1.107077 2.532639
 51.000000 -1.139385 2.459773
 52.000000 -2.233662 2.267379
 53.000000 -2.123882 2.822102
 54.000000 -2.777004 2.820349
 55.000000 -2.707186 2.908874
 56.000000 -2.777809 2.928501
 57.000000 -2.465443 2.953866
 58.000000 -2.743568 2.863695
 59.000000 -2.616537 2.750711
 60.000000 -2.000222 2.714191
 61.000000 -2.605256 2.512452
 62.000000 -2.114973 2.758966
 63.000000 -2.734955 2.494315
 64.000000 -2.772198 2.517559
 65.000000 -2.883502 2.470459
 66.000000 -2.480832 3.101424
 67.000000 -2.267104 2.803096
 68.000000 -2.139363 2.505130
 69.000000 -1.300161 2.713026
 70.000000 -1.114895 2.538571
 71.000000 -0.860692 2.028449
 72.000000 -1.096165 2.583212
 73.000000 -1.609512 2.271095
 74.000000 -1.071890 2.413826
 75.000000 -1.428035 2.620691
 76.000000 -1.505883 2.635128
 77.000000 -1.094233 2.254304
 78.000000 -1.400779 2.758652
 79.000000 -1.985105 2.375915
 80.000000 -2.656267 2.509885
 81.000000 -2.490149 2.889984
 82.000000 -2.956521 2.685084
 83.000000 -2.768705 2.789106
 84.000000 -1.778032 2.580097
 85.000000 -0.809330 2.641071
 86.000000 -1.234867 2.583840
 87.000000 -1.180832 2.548848
 88.000000 -1.042334 2.455802
 89.000000 -1.285767 2.260254
 90.000000 -0.993055 2.415894
 91.000000 -1.260640 2.167947
 92.000000 -1.147700 2.509717
 93.000000 -0.881994 2.719416
 94.000000 -0.963315 2.685753
 95.000000 -0.929899 2.687925
 96.000000 -1.013993 2.666665
 97.000000 -1.139418 2.545652
 98.000000 -0.995831 2.376493
 99.000000 -0.981528 2.271863
 100.000000 -1.085603 2.355471
 101.000000 -0.977689 2.441679
 102.000000 -2.104950 2.451560
 103.000000 -2.538080 2.444576
 104.000000 -0.549312 2.191884
 105.000000 -1.410215 2.608993
 106.000000 -1.138114 2.618940
 107.000000 -1.062953 2.709230
 108.000000 -1.129274 2.684564
 109.000000 -0.935437 2.790123
 110.000000 -1.025130 2.894300
 111.000000 -1.467879 2.267242
 112.000000 -0.530412 2.257583
 113.000000 -2.006596 2.378498
 114.000000 -1.216973 2.400128
 115.000000 -1.161662 2.591922
 116.000000 -0.962496 2.565623
 117.000000 -2.669439 2.537798
 118.000000 -2.623246 2.719709
 119.000000 -2.181484 2.858751
 120.000000 -1.875070 2.610439
 121.000000 -1.208519 2.642841
 122.000000 -1.100783 2.537770
 123.000000 -0.829593 2.542381
 124.000000 -0.654534 2.277552
 125.000000 -1.160886 2.188077
 126.000000 -1.303482 1.777225
 127.000000 -1.289481 2.343529
 128.000000 -2.443230 2.963986
 129.000000 -2.459325 2.619939
 130.000000 -2.355134 2.718597
 131.000000 -1.585497 3.122129
 132.000000 -1.589105 2.291688
 133.000000 -1.471774 2.443138
 134.000000 -1.403710 2.559511
 135.000000 -0.989948 2.483704
 136.000000 -1.189810 2.539989
 137.000000 -1.326580 2.570316
 138.000000 -1.199898 2.110310
 139.000000 -1.681711 2.821597
 140.000000 -1.913327 2.852712
 141.000000 -0.842453 3.136999
 142.000000 -1.288077 3.040192
 143.000000 -1.135011 2.493368
 144.000000 -1.311576 2.890634
 145.000000 -1.486871 2.737859
 146.000000 -1.082043 2.344299
 147.000000 -1.500697 2.214032
 148.000000 -1.370485 2.841534
 149.000000 -1.305007 2.595496
 150.000000 -1.048695 2.547414
 151.000000 -1.100464 2.642990
 152.000000 -2.029693 2.155376
 153.000000 -1.099789 2.447930
 154.000000 -1.218051 2.535268
 155.000000 -1.410099 2.732622
 156.000000 -1.454330 2.540063
 157.000000 -1.127969 2.728280
 158.000000 -1.672247 2.194439
 159.000000 -1.138126 2.784599
 160.000000 -1.024088 2.474424
 161.000000 -1.291438 2.742104
 162.000000 -1.138304 2.610164
 163.000000 -0.826881 2.395287
 164.000000 -1.101055 2.894188
 165.000000 -0.788103 2.736363
 166.000000 -1.128743 2.652860
 167.000000 -1.134561 2.805487
 168.000000 -1.256804 2.312890
 169.000000 -1.075069 2.446949
 170.000000 -1.309959 2.481763
 171.000000 -1.247232 2.640489
 172.000000 -1.276778 2.357195
 173.000000 -1.793683 2.475853
 174.000000 -1.518491 2.317507
 175.000000 -1.689990 2.526082
 176.000000 -1.058667 2.325930
 177.000000 -0.961639 2.678250
 178.000000 -1.014915 2.323509
 179.000000 -1.158329 2.602879
 180.000000 -0.869245 2.280073
 181.000000 -1.067421 2.507504
 182.000000 -1.512607 2.545092
 183.000000 -1.205153 2.703982
 184.000000 -1.315552 2.821716
 185.000000 -1.279468 2.113061
 186.000000 -0.799326 2.555536
 187.000000 -1.050507 2.201339
 188.000000 -1.199775 2.390508
 189.000000 -0.863822 2.647879
 190.000000 -0.719750 2.576527
 191.000000 -1.129768 2.708499
 192.000000 -1.122665 2.410487
 193.000000 -1.256009 2.683921
 194.000000 -1.657308 2.484477
 195.000000 -1.401153 1.969934
 196.000000 -1.351298 2.258282
 197.000000 -1.989659 2.213002
 198.000000 -2.230898 2.616611
 199.000000 -1.185750 2.853563
 200.000000 -1.112393 2.237311
 201.000000 -1.393843 2.241666
 202.000000 -0.988110 2.652363
 203.000000 -1.103368 1.818660
 204.000000 -0.899413 2.545807
 205.000000 -1.124437 2.550405
 206.000000 -0.894790 2.443964
 207.000000 -0.997326 2.431000
 208.000000 -1.079771 2.509719
 209.000000 -1.477705 2.582924
 210.000000 -2.779486 2.812060
 211.000000 -3.114777 2.930558
 212.000000 -2.590578 2.590941
 213.000000 -3.023723 2.466935
 214.000000 -2.607101 2.927442
 215.000000 -2.843814 2.848305
 216.000000 -2.650466 2.852036
 217.000000 -2.890998 2.758935
 218.000000 -1.801225 2.079601
 219.000000 -2.133494 2.177285
 220.000000 -1.271369 2.336713
 221.000000 -0.771337 2.213525
 222.000000 -1.084382 2.524524
 223.000000 -0.876148 2.449664
 224.000000 -0.529079 2.405366
 225.000000 -1.240221 2.470041
 226.000000 -1.402724 2.656935
 227.000000 -1.076469 2.783125
 228.000000 -0.999159 2.617151
 229.000000 -0.975768 2.178699
 230.000000 -1.151637 2.428179
 231.000000 -1.208493 2.658022
 232.000000 -1.238244 2.564522
 233.000000 -1.683026 2.421239
 234.000000 -1.472724 2.589846
 235.000000 -1.145907 2.410705
 236.000000 -0.691338 2.427169
 237.000000 -1.064480 2.393399
 238.000000 -0.966976 2.599490
 239.000000 -1.167598 2.475296
 240.000000 -1.614427 2.786071
 241.000000 -1.499994 2.514501
 242.000000 -2.246451 1.962192
 243.000000 -2.784157 2.455157
 244.000000 -2.700598 2.895717
 245.000000 -2.599477 2.851653
 246.000000 -2.296937 -3.113472
 247.000000 -2.356909 2.405105
 248.000000 -2.731470 2.468152
 249.000000 -2.683317 2.973853
 250.000000 -2.400015 2.914474
 251.000000 -2.747310 2.954496
 252.000000 -1.652451 2.783681
 253.000000 -2.094741 2.248119
 254.000000 -2.502788 2.799062
 255.000000 -2.133319 2.344962
 256.000000 -2.207655 -3.058001
 257.000000 -2.171080 2.732923
 258.000000 -1.371191 2.415209
 259.000000 -1.115597 2.685799
 260.000000 -1.036133 2.500920
 261.000000 -1.478938 2.770665
 262.000000 -1.183275 2.764041
 263.000000 -0.751130 2.655545
 264.000000 -0.726319 2.604833
 265.000000 -1.144037 2.408788
 266.000000 -1.329268 3.102891
 267.000000 -1.140963 2.161330
 268.000000 -1.031605 2.511688
 269.000000 -1.305749 2.961468
 270.000000 -1.391313 2.642512
 271.000000 -1.108867 2.201583
 272.000000 -0.897548 2.629161
 273.000000 -0.963567 2.381384
 274.000000 -1.064489 2.429572
 275.000000 -0.885464 2.651022
 276.000000 -1.268707 2.711313
 277.000000 -1.044663 2.460792
 278.000000 -1.087967 2.637366
 279.000000 -0.990836 2.276236
 280.000000 -1.085074 2.613231
 281.000000 -1.719211 2.356357
 282.000000 -1.481859 2.864850
 283.000000 -1.205788 2.938744
 284.000000 -0.891392 2.308408
 285.000000 -1.097264 2.616266
 286.000000 -0.954023 2.394797
 287.000000 -1.058013 3.017892
 288.000000 -0.946608 2.578720
 289.000000 -1.034227 2.754079
 290.000000 -1.373558 2.353746
 291.000000 -2.642880 2.539792
 292.000000 -1.963473 2.157696
 293.000000 -1.527157 2.852923
 294.000000 -1.339239 2.575824
 295.000000 -2.051005 2.839321
 296.000000 -1.891291 2.397742
 297.000000 -1.116135 2.376340
 298.000000 -0.723412 2.567017
 299.000000 -0.728169 2.017764
 300.000000 -0.900390 1.752281
 301.000000 -1.144417 2.598254
 302.000000 -0.826896 2.350177
 303.000000 -0.978360 2.564921
 304.000000 -1.419987 3.041945
 305.000000 -1.175827 2.652686
 306.000000 -1.065669 2.627565
 307.000000 -1.027953 2.194194
 308.000000 -0.853741 2.386053
 309.000000 -0.337270 2.169706
 310.000000 -1.148587 2.377139
 311.000000 -2.239634 2.833108
 312.000000 -2.767007 2.749331
 313.000000 -2.704378 -3.036642
 314.000000 -1.150411 2.552523
 315.000000 -1.008874 2.518667
 316.000000 -1.150827 2.627565
 317.000000 -1.526198 3.026137
 318.000000 -1.762082 2.123023
 319.000000 -1.278522 2.223124
 320.000000 -1.109285 2.285000
 321.000000 -1.140240 2.395565
 322.000000 -1.081788 2.514386
 323.000000 -1.199839 2.668005
 324.000000 -0.788355 2.552043
 325.000000 -1.180734 2.725123
 326.000000 -2.167620 -2.932182
 327.000000 -0.686239 2.465927
 328.000000 -1.167118 2.671211
 329.000000 -1.302511 2.902938
 330.000000 -1.078576 2.605023
 331.000000 -0.971330 2.683643
 332.000000 -1.255792 2.733082
 333.000000 -1.197210 2.607481
 334.000000 -1.239780 2.059924
 335.000000 -0.938901 2.860133
 336.000000 -1.105748 2.548303
 337.000000 -1.017259 2.505822
 338.000000 -1.234284 3.044507
 339.000000 -1.144431 2.311155
 340.000000 -1.331738 2.080877
 341.000000 -0.993669 2.427639
 342.000000 -2.287975 3.137317
 343.000000 -2.194830 2.543502
 344.000000 -1.943343 2.623775
 345.000000 -1.399361 2.191820
 346.000000 -1.079482 2.267869
 347.000000 -1.540031 2.628594
 348.000000 -1.072692 2.655450
 349.000000 -0.431946 2.445528
 350.000000 -1.249877 2.626410
 351.000000 -0.573003 2.519651
 352.000000 -1.985628 2.493001
 353.000000 -1.011153 2.580081
 354.000000 -1.178779 2.466886
 355.000000 -1.176681 2.692040
 356.000000 -1.769762 2.876455
 357.000000 -0.975748 2.394056
 358.000000 -1.752392 2.257195
 359.000000 -1.999200 2.592598
 360.000000 -1.758146 2.656126
 361.000000 -1.345815 2.643957
 362.000000 -1.162592 2.733954
 363.000000 -1.075864 2.035077
 364.000000 -0.783120 2.683217
 365.000000 -1.180985 2.655410
 366.000000 -1.122680 2.546099
 367.000000 -1.510577 2.612996
 368.000000 -1.583317 1.833511
 369.000000 -1.885574 2.508276
 370.000000 -2.271277 2.649411
 371.000000 -2.709698 3.067235
 372.000000 -1.502793 2.412158
 373.000000 -1.965263 2.590307
 374.000000 -2.194671 2.580392
 375.000000 -2.392684 2.385167
 376.000000 -2.588610 2.998093
 377.000000 -2.949556 2.753941
 378.000000 -2.441652 2.287971
 379.000000 -2.649170 2.776972
 380.000000 -2.568781 2.621356
 381.000000 -1.063718 2.706464
 382.000000 -1.052945 2.518766
 383.000000 -0.943442 2.284623
 384.000000 -0.734601 2.674414
 385.000000 -1.626781 2.201648
 386.000000 -0.963709 2.637329
 387.000000 -1.759979 2.219717
 388.000000 -1.307561 2.851082
 389.000000 -1.496268 2.842434
 390.000000 -0.492179 2.549199
 391.000000 -0.786300 2.453047
 392.000000 -0.867206 2.204861
 393.000000 -1.197186 2.261646
 394.000000 -0.728290 2.447417
 395.000000 -1.159239 2.671196
 396.000000 -1.746547 2.999455
 397.000000 -0.985776 3.010941
 398.000000 -1.244838 2.385668
 399.000000 -1.774028 2.925217
 400.000000 -2.897221 2.787890
