#! FIELDS time phi psi
#! SET min_phi -pi
#! SET max_phi pi
#! SET min_psi -pi
#! SET max_psi pi
 0.000000 -2.751988 0.946874
 1.000000 -1.614014 0.067661
 2.000000 -0.960979 -0.599787
 3.000000 -1.858927 -0.242819
 4.000000 -1.371452 -0.380368
 5.000000 -0.940318 -0.829831
 6.000000 -1.590955 -0.314756
 7.000000 -1.807558 -0.149566
 8.000000 -1.168004 0.064322
 9.000000 -1.144754 -0.755390
 10.000000 -1.574145 -0.316369
 11.000000 -2.191908 0.377127
 12.000000 -1.055736 -0.824074
 13.000000 -1.979814 0.372983
 14.000000 -1.420267 -0.356582
 15.000000 -1.468819 -0.287366
 16.000000 -1.695916 0.292843
 17.000000 -1.606203 1.032639
 18.000000 -2.136228 0.509397
 19.000000 -1.919182 0.209502
 20.000000 -2.097155 0.298793
 21.000000 -2.001265 0.052006
 22.000000 -2.027975 0.004689
 23.000000 -2.074460 0.054404
 24.000000 -0.996005 -0.237038
 25.000000 -1.144770 -0.605317
 26.000000 -1.007507 -0.526997
 27.000000 -1.591525 -0.183441
 28.000000 -1.734765 0.131301
 29.000000 -2.497021 0.120309
 30.000000 -2.042147 0.021615
 31.000000 -1.026988 -0.757138
 32.000000 -1.008840 -0.820621
 33.000000 -1.005576 -0.813152
 34.000000 -1.341344 -0.400136
 35.000000 -1.498185 -0.048679
 36.000000 -1.509667 -0.164987
 37.000000 -1.150923 -0.730361
 38.000000 -1.486814 -0.086967
 39.000000 -1.259552 -0.632558
 40.000000 -1.301527 -0.186492
 41.000000 -1.642933 0.006428
 42.000000 -1.896853 0.128088
 43.000000 -0.977287 -0.622498
 44.000000 -1.199388 -0.546291
 45.000000 -1.272961 -0.372287
 46.000000 -0.874365 -0.607955
 47.000000 -1.359372 -0.497442
 48.000000 -1.729424 -0.194184
 49.000000 -0.931144 -0.664392
 50.000000 -2.209841 0.435942
 51.000000 -1.570414 -0.071432
 52.000000 -2.259514 -0.348577
 53.000000 -1.898027 0.330241
 54.000000 -1.830413 0.063091
 55.000000 -1.110135 -0.707193
 56.000000 -1.891471 0.317367
 57.000000 -0.914279 -0.388411
 58.000000 -1.568466 -0.031686
 59.000000 -2.044075 0.205121
 60.000000 -1.418809 -0.235467
 61.000000 -2.296994 0.424208
 62.000000 -1.927125 0.272579
 63.000000 -2.088745 0.525346
 64.000000 -1.409189 -0.395911
 65.000000 -1.736641 -0.269554
 66.000000 -1.440779 -0.028467
 67.000000 -1.050597 -0.840535
 68.000000 -1.657920 0.152131
 69.000000 -1.137441 -0.609417
 70.000000 -2.057109 0.402657
 71.000000 -3.054873 0.272906
 72.000000 -2.950364 0.645490
 73.000000 -2.528974 0.101993
 74.000000 -2.041127 0.626129
 75.000000 -1.912897 0.179380
 76.000000 -2.658643 -0.416839
 77.000000 -1.906782 0.191436
 78.000000 -2.013002 0.309810
 79.000000 -1.027928 -0.779624
 80.000000 -1.283787 -0.725690
 81.000000 -1.026585 -0.600734
 82.000000 -2.297775 0.302258
 83.000000 -2.537846 0.387341
 84.000000 -1.776072 -0.033263
 85.000000 -2.626090 0.894981
 86.000000 -2.040947 0.128959
 87.000000 -2.114318 0.318837
 88.000000 -1.655151 0.264193
 89.000000 -1.761910 0.081420
 90.000000 -1.262066 -0.364031
 91.000000 -1.261646 -0.336923
 92.000000 -1.685315 -0.001646
 93.000000 -1.790155 -0.035360
 94.000000 -1.216016 -0.566288
 95.000000 -1.610181 0.043413
 96.000000 -1.776524 0.005300
 97.000000 -1.682654 -0.211420
 98.000000 -1.551426 -0.331846
 99.000000 -1.729257 -0.249195
 100.000000 -1.718540 0.061944
 101.000000 -1.719882 -0.138377
 102.000000 -0.917808 -0.907581
 103.000000 -1.884410 0.249102
 104.000000 -1.780272 0.517393
 105.000000 -1.748034 -0.138427
 106.000000 -2.857902 -0.151762
 107.000000 -2.089466 0.232943
 108.000000 -1.033762 -0.696591
 109.000000 -1.328458 -0.540409
 110.000000 -1.144771 -0.739236
 111.000000 -1.031732 -0.411514
 112.000000 -1.452652 0.001199
 113.000000 -1.180881 -0.621931
 114.000000 -1.319703 -0.460898
 115.000000 -0.858011 -0.909129
 116.000000 -1.433062 -0.819448
 117.000000 -1.429907 -0.519762
 118.000000 -1.215584 -0.697189
 119.000000 -1.010643 -0.829793
 120.000000 -0.820298 -0.767571
 121.000000 -0.995330 -0.685192
 122.000000 -1.694957 -0.185448
 123.000000 -1.042624 -0.620117
 124.000000 -1.557710 0.024462
 125.000000 -2.337206 0.758458
 126.000000 -1.697434 0.012380
 127.000000 -1.821727 0.143004
 128.000000 -2.109463 -0.100424
 129.000000 -1.450813 -0.156710
 130.000000 -0.934467 -0.919514
 131.000000 -1.480911 -0.848023
 132.000000 -1.126265 -0.763159
 133.000000 -1.119791 -0.788687
 134.000000 -0.954747 -0.635527
 135.000000 -1.126031 -0.840569
 136.000000 -1.631374 0.171527
 137.000000 -1.351179 -0.616903
 138.000000 -1.550038 0.231200
 139.000000 -1.649155 0.345608
 140.000000 -1.056414 -0.787620
 141.000000 -1.697764 -0.042664
 142.000000 -2.117567 0.136684
 143.000000 -2.004490 -0.186376
 144.000000 -1.421052 -0.389868
 145.000000 -2.188716 0.046861
 146.000000 -2.693482 -0.315806
 147.000000 -1.663906 0.089847
 148.000000 -2.353493 0.146759
 149.000000 -2.059776 0.145444
 150.000000 -2.173812 0.747108
 151.000000 -2.380268 0.971968
 152.000000 -2.542478 0.727501
 153.000000 -2.816155 0.104526
 154.000000 -1.977893 0.004868
 155.000000 -1.711550 0.126929
 156.000000 -0.905311 -0.810798
 157.000000 -0.914686 -0.771268
 158.000000 -1.763671 -0.277062
 159.000000 -1.691571 -0.307318
 160.000000 -2.074229 0.137285
 161.000000 -1.139169 -0.251653
 162.000000 -1.497523 -0.678081
 163.000000 -1.535961 -0.290272
 164.000000 -1.829155 -0.617798
 165.000000 -1.005538 -0.529779
 166.000000 -0.874742 -0.396813
 167.000000 -1.677836 -0.292390
 168.000000 -1.426870 -0.805113
 169.000000 -1.130106 -0.423725
 170.000000 -1.125144 -0.729837
 171.000000 -1.047226 -0.679785
 172.000000 -1.345213 -0.303211
 173.000000 -2.089238 0.348371
 174.000000 -2.092624 0.441805
 175.000000 -1.898026 -0.155526
 176.000000 -2.009303 0.042675
 177.000000 -2.744561 0.955096
 178.000000 -2.619077 0.102583
 179.000000 -1.176661 -0.869913
 180.000000 -0.869755 -0.708860
 181.000000 -0.948578 -0.917918
 182.000000 -1.391066 -0.556993
 183.000000 -2.140502 -0.110547
 184.000000 -1.627912 -0.028868
 185.000000 -1.463740 -0.362221
 186.000000 -1.577041 -0.162489
 187.000000 -2.182473 -0.091665
 188.000000 -2.669626 0.152220
 189.000000 -2.509624 0.213721
 190.000000 -2.210658 0.225956
 191.000000 -1.839856 0.275855
 192.000000 -1.532604 -0.206824
 193.000000 -1.486419 -0.247965
 194.000000 -2.037618 -0.291465
 195.000000 -2.062414 -0.150773
 196.000000 -1.393261 0.001635
 197.000000 -1.563623 -0.136890
 198.000000 -1.678267 0.119856
 199.000000 -1.602085 -0.165957
 200.000000 -1.024327 -0.835248
 201.000000 -1.911788 0.082321
 202.000000 -1.352441 -0.518708
 203.000000 -1.068586 -0.696689
 204.000000 -1.964104 0.431827
 205.000000 -2.462153 0.352816
 206.000000 -1.514261 0.365180
 207.000000 -1.635518 0.119252
 208.000000 -1.623224 0.323943
 209.000000 -1.917784 0.027482
 210.000000 -2.042648 0.128075
 211.000000 -1.995778 0.463280
 212.000000 -1.733222 -0.162865
 213.000000 -1.236840 -0.622301
 214.000000 -1.307719 -0.178224
 215.000000 -1.300780 -0.680288
 216.000000 -0.950450 -0.645031
 217.000000 -2.364368 0.200084
 218.000000 -2.015724 -0.312575
 219.000000 -1.830159 -0.092719
 220.000000 -1.704488 0.285875
 221.000000 -1.355044 -0.590537
 222.000000 -1.516416 0.012150
 223.000000 -1.749414 -0.109965
 224.000000 -1.717822 -0.193665
 225.000000 -1.597539 -0.387909
 226.000000 -2.117712 -0.447388
 227.000000 -0.948181 -0.836342
 228.000000 -1.342110 -0.303112
 229.000000 -1.531481 -0.373041
 230.000000 -1.810525 0.172754
 231.000000 -1.836936 0.254439
 232.000000 -1.813733 0.046292
 233.000000 -2.500648 0.355018
 234.000000 -2.876244 -0.142411
 235.000000 -2.734037 0.785899
 236.000000 -2.415975 0.479869
 237.000000 -3.048343 1.352919
 238.000000 -2.925109 1.414687
 239.000000 -2.217957 1.921923
 240.000000 -2.684667 2.680532
 241.000000 -2.514235 2.813526
 242.000000 -2.293434 2.090471
 243.000000 -1.724366 2.979556
 244.000000 -2.588843 2.566176
 245.000000 -1.725424 2.463288
 246.000000 -1.527074 1.583492
 247.000000 -0.942180 2.943727
 248.000000 -1.181335 2.723285
 249.000000 -1.354600 2.641363
 250.000000 -1.761883 2.748236
 251.000000 -1.854608 1.954621
 252.000000 -0.925635 2.379498
 253.000000 -1.243333 2.831315
 254.000000 -1.225344 2.580313
 255.000000 -1.081361 2.497527
 256.000000 -1.213552 2.449318
 257.000000 -1.181000 2.652582
 258.000000 -1.617460 -3.068890
 259.000000 -2.802212 2.495816
 260.000000 -2.299801 3.041095
 261.000000 -2.495961 2.780700
 262.000000 -2.529561 2.687644
 263.000000 -2.286446 2.740386
 264.000000 -1.043401 2.684923
 265.000000 -2.097009 2.696584
 266.000000 -1.465064 2.580842
 267.000000 -0.806968 2.410409
 268.000000 -1.514317 2.399430
 269.000000 -2.314619 2.986717
 270.000000 -2.759971 2.762601
 271.000000 -2.835695 2.771760
 272.000000 -2.116868 2.270363
 273.000000 -2.338576 2.043621
 274.000000 -2.115046 0.238134
 275.000000 -2.818719 0.349768
 276.000000 -2.907063 -0.157411
 277.000000 -2.552976 -0.088894
 278.000000 -2.659757 1.508979
 279.000000 -2.473094 1.358090
 280.000000 -2.367190 2.377792
 281.000000 -1.725779 2.349438
 282.000000 -1.962909 2.279850
 283.000000 -1.369419 2.656083
 284.000000 -1.233431 2.775787
 285.000000 -0.984878 2.476981
 286.000000 -1.066656 2.492345
 287.000000 -0.860297 2.332549
 288.000000 -1.536014 2.796951
 289.000000 -1.159144 2.282355
 290.000000 -1.136980 2.809688
 291.000000 -0.981050 2.271023
 292.000000 -1.154784 2.635404
 293.000000 -1.038456 2.607079
 294.000000 -1.170342 2.192355
 295.000000 -1.352056 2.412938
 296.000000 -2.422789 2.561211
 297.000000 -2.200573 2.809901
 298.000000 -2.202886 2.687802
 299.000000 -2.831913 2.743205
 300.000000 -2.300349 2.854477
 301.000000 -0.809608 2.571538
 302.000000 -0.960395 2.514760
 303.000000 -1.337114 2.746681
 304.000000 -0.984252 2.627637
 305.000000 -0.592477 2.590230
 306.000000 -0.491699 2.165773
 307.000000 -0.807999 2.396335
 308.000000 -1.238062 2.578560
 309.000000 -0.917664 2.672595
 310.000000 -1.045328 2.390964
 311.000000 -1.158915 2.366453
 312.000000 -1.420274 2.839828
 313.000000 -1.089565 2.599960
 314.000000 -1.337086 2.360381
 315.000000 -1.206096 2.574320
 316.000000 -0.986365 2.887021
 317.000000 -1.121714 2.303869
 318.000000 -0.936349 2.566742
 319.000000 -1.528760 2.355463
 320.000000 -0.867958 2.359761
 321.000000 -1.165044 2.618594
 322.000000 -0.934005 2.533052
 323.000000 -1.215806 2.573518
 324.000000 -1.100699 2.477383
 325.000000 -1.637488 2.443279
 326.000000 -1.973102 2.227051
 327.000000 -1.996153 2.601055
 328.000000 -1.468084 2.450365
 329.000000 -1.634035 2.535869
 330.000000 -1.277498 2.374160
 331.000000 -1.305930 2.135741
 332.000000 -1.387111 2.379629
 333.000000 -1.155503 2.312737
 334.000000 -0.817161 2.516360
 335.000000 -1.209373 2.844246
 336.000000 -1.193598 2.688777
 337.000000 -1.623940 2.149621
 338.000000 -1.137335 2.741350
 339.000000 -1.332763 2.492420
 340.000000 -1.212717 2.575825
 341.000000 -0.967600 2.455365
 342.000000 -2.249222 2.495513
 343.000000 -2.500388 2.400558
 344.000000 -1.984135 2.033917
 345.000000 -1.188015 2.433501
 346.000000 -1.126829 2.695642
 347.000000 -1.295699 2.558704
 348.000000 -0.970325 2.369313
 349.000000 -1.258550 2.805596
 350.000000 -2.378423 2.795342
 351.000000 -1.711720 2.137037
 352.000000 -1.929513 2.485360
 353.000000 -2.134816 2.345929
 354.000000 -2.516890 2.387695
 355.000000 -2.735812 2.966752
 356.000000 -2.386131 2.075653
 357.000000 -2.086801 1.972736
 358.000000 -1.556616 2.204718
 359.000000 -1.215716 2.675734
 360.000000 -1.154523 2.531923
 361.000000 -1.512680 2.626087
 362.000000 -1.765781 2.460591
 363.000000 -2.288923 2.896871
 364.000000 -2.408420 2.378154
 365.000000 -2.673453 2.907124
 366.000000 -2.493845 2.758262
 367.000000 -2.002494 2.333484
 368.000000 -2.316486 2.571190
 369.000000 -2.459159 2.622867
 370.000000 -0.943005 2.334637
 371.000000 -1.510719 2.710699
 372.000000 -1.200631 2.610541
 373.000000 -1.112287 2.578841
 374.000000 -1.673119 2.714291
 375.000000 -2.495101 2.948677
 376.000000 -0.867445 2.507740
 377.000000 -1.010063 2.125079
 378.000000 -1.088155 2.524954
 379.000000 -1.571499 1.943792
 380.000000 -1.096425 2.053899
 381.000000 -1.434357 2.061891
 382.000000 -1.559307 2.072886
 383.000000 -1.951124 2.277307
 384.000000 -1.078386 2.644206
 385.000000 -0.765942 2.159116
 386.000000 -0.962330 2.842254
 387.000000 -1.689635 2.236410
 388.000000 -0.975650 2.892279
 389.000000 -1.618687 3.046773
 390.000000 -2.290401 2.729770
 391.000000 -2.725235 2.964010
 392.000000 -2.423810 2.230515
 393.000000 -1.118271 2.732112
 394.000000 -1.342427 2.661379
 395.000000 -1.884871 2.804201
 396.000000 -2.323936 2.666768
 397.000000 -2.162587 2.871384
 398.000000 -0.468630 2.514738
 399.000000 -1.527906 2.083872
 400.000000 -2.206161 2.085580
