#! FIELDS time phi psi
#! SET min_phi -pi
#! SET max_phi pi
#! SET min_psi -pi
#! SET max_psi pi
 0.000000 -2.751988 0.946874
 1.000000 -1.976526 0.390991
 2.000000 -1.264257 -0.372185
 3.000000 -1.422695 -0.387543
 4.000000 -1.398843 -0.354749
 5.000000 -1.904929 -0.402411
 6.000000 -1.764874 0.006143
 7.000000 -1.566895 0.028695
 8.000000 -1.925016 0.377643
 9.000000 -1.793308 0.028123
 10.000000 -2.084259 -0.089302
 11.000000 -2.786317 -0.214697
 12.000000 -2.599250 0.239520
 13.000000 -1.678883 -0.044958
 14.000000 -1.066400 -0.706496
 15.000000 -0.970407 -0.711220
 16.000000 -1.078483 -0.740752
 17.000000 -1.242285 -0.531212
 18.000000 -1.170489 -0.654260
 19.000000 -1.157917 -0.667936
 20.000000 -1.415503 -0.198977
 21.000000 -2.332367 0.345923
 22.000000 -1.831491 0.052684
 23.000000 -1.682506 -0.061833
 24.000000 -1.719589 -0.060860
 25.000000 -2.178657 -0.541948
 26.000000 -1.370635 -0.473614
 27.000000 -1.534809 -0.054188
 28.000000 -1.136509 -0.465115
 29.000000 -1.350702 -1.141480
 30.000000 -1.160879 -0.494265
 31.000000 -2.192902 -0.039323
 32.000000 -1.415065 -0.068544
 33.000000 -1.776256 -0.085763
 34.000000 -1.184224 -0.563591
 35.000000 -2.284556 0.056807
 36.000000 -1.163189 -0.464017
 37.000000 -1.035205 -0.666657
 38.000000 -1.579446 -0.384197
 39.000000 -1.303589 -0.229045
 40.000000 -1.782770 -1.491798
 41.000000 -1.883038 -2.234823
 42.000000 -1.078089 2.427946
 43.000000 -1.489832 2.968013
 44.000000 -1.134747 2.795800
 45.000000 -1.007396 2.387959
 46.000000 -1.443862 2.775341
 47.000000 -1.230052 2.357914
 48.000000 -1.241246 2.739035
 49.000000 -1.035182 2.757240
 50.000000 -1.094180 2.003189
 51.000000 -1.157666 1.961232
 52.000000 -0.695248 2.543758
 53.000000 -1.201812 2.365015
 54.000000 -1.240639 2.724685
 55.000000 -0.845361 2.410326
 56.000000 -1.154200 2.858810
 57.000000 -1.401607 2.616972
 58.000000 -1.052607 2.696099
 59.000000 -0.609415 2.572671
 60.000000 -1.275931 2.511183
 61.000000 -0.911097 2.465345
 62.000000 -0.423030 2.366378
 63.000000 -1.079649 2.524594
 64.000000 -1.104636 2.401105
 65.000000 -1.342769 2.748506
 66.000000 -1.007107 2.644920
 67.000000 -0.821957 2.500633
 68.000000 -1.010190 2.395383
 69.000000 -1.048468 2.569769
 70.000000 -1.644306 2.555263
 71.000000 -1.216499 2.450264
 72.000000 -1.231307 2.263172
 73.000000 -1.453686 1.856684
 74.000000 -1.400120 2.619425
 75.000000 -1.158143 2.474043
 76.000000 -1.582656 2.014102
 77.000000 -1.238763 2.130312
 78.000000 -0.963191 2.556031
 79.000000 -0.591387 2.512699
 80.000000 -0.976018 2.460617
 81.000000 -0.498042 2.182484
 82.000000 -1.277464 2.902504
 83.000000 -0.784392 2.802018
 84.000000 -1.313623 2.698578
 85.000000 -1.561651 2.856988
 86.000000 -1.292322 2.747032
 87.000000 -0.887839 2.357747
 88.000000 -1.033426 2.571693
 89.000000 -1.034328 2.530522
 90.000000 -0.826412 2.748202
 91.000000 -0.856958 2.740095
 92.000000 -1.098819 2.624350
 93.000000 -1.693122 2.970296
 94.000000 -2.043084 2.988199
 95.000000 -2.626952 2.550364
 96.000000 -1.996470 2.507229
 97.000000 -1.094052 2.771442
 98.000000 -1.204086 2.642945
 99.000000 -1.118782 2.818761
 100.000000 -1.059526 2.593098
 101.000000 -1.252226 2.610776
 102.000000 -1.258948 2.804795
 103.000000 -1.279873 2.653848
 104.000000 -1.726441 2.479589
 105.000000 -1.593570 2.544738
 106.000000 -0.987490 2.414883
 107.000000 -2.134937 2.431873
 108.000000 -1.082186 1.787834
 109.000000 -1.647304 2.661730
 110.000000 -1.590826 2.521128
 111.000000 -0.920213 2.616209
 112.000000 -0.851726 2.176460
 113.000000 -0.897523 2.484250
 114.000000 -0.678829 2.616754
 115.000000 -1.312854 2.589547
 116.000000 -0.945144 2.459981
 117.000000 -1.076316 2.516076
 118.000000 -1.240318 2.574060
 119.000000 -1.672479 2.014523
 120.000000 -2.056015 2.277581
 121.000000 -1.511588 2.235872
 122.000000 -0.848146 2.262749
 123.000000 -1.048557 2.529564
 124.000000 -1.248772 2.526892
 125.000000 -2.756028 2.625546
 126.000000 -2.931607 2.721570
 127.000000 -2.644319 2.577339
 128.000000 -2.236648 2.492127
 129.000000 -0.948280 2.485665
 130.000000 -1.026921 2.161858
 131.000000 -1.042595 2.214978
 132.000000 -0.764871 2.363807
 133.000000 -1.445029 2.191969
 134.000000 -1.461993 2.425405
 135.000000 -1.283295 2.520600
 136.000000 -1.377750 2.669931
 137.000000 -1.216277 2.860176
 138.000000 -1.060272 2.487629
 139.000000 -1.125074 2.704172
 140.000000 -1.066371 2.624936
 141.000000 -1.135184 2.283598
 142.000000 -1.684846 2.255644
 143.000000 -2.542970 2.547017
 144.000000 -2.698463 2.855822
 145.000000 -2.754140 2.872399
 146.000000 -2.585374 2.923344
 147.000000 -2.549096 2.646901
 148.000000 -2.723917 2.821907
 149.000000 -2.831735 2.632661
 150.000000 -2.354893 2.766435
 151.000000 -2.729892 3.064754
 152.000000 -2.372282 2.191105
 153.000000 -2.459673 2.693282
 154.000000 -2.423163 2.496000
 155.000000 -2.230685 2.519325
 156.000000 -2.458759 2.724234
 157.000000 -2.401081 2.923301
 158.000000 -2.709144 2.656975
 159.000000 -2.672129 2.292415
 160.000000 -2.008379 2.592398
 161.000000 -1.960258 2.662354
 162.000000 -1.035719 2.331694
 163.000000 -1.357558 2.323836
 164.000000 -1.500208 2.592512
 165.000000 -0.362029 2.327817
 166.000000 -1.128095 2.488454
 167.000000 -1.422320 2.153867
 168.000000 -1.297418 2.329736
 169.000000 -1.090179 2.327051
 170.000000 -1.138349 2.600282
 171.000000 -1.314332 2.674627
 172.000000 -1.223224 2.641012
 173.000000 -1.088548 2.467706
 174.000000 -0.920010 2.882910
 175.000000 -1.151002 2.571241
 176.000000 -1.399546 2.987115
 177.000000 -1.275526 2.747208
 178.000000 -1.273857 2.569920
 179.000000 -1.673490 2.776979
 180.000000 -1.127277 2.414577
 181.000000 -1.989496 2.207818
 182.000000 -1.288284 2.054074
 183.000000 -1.339399 2.496239
 184.000000 -1.003622 2.526800
 185.000000 -0.721076 1.826845
 186.000000 -1.169732 2.213012
 187.000000 -1.980720 1.928581
 188.000000 -1.862259 2.214490
 189.000000 -2.082203 2.158727
 190.000000 -1.351220 2.628554
 191.000000 -2.264389 2.441168
 192.000000 -2.619505 2.568111
 193.000000 -2.604058 2.547965
 194.000000 -2.157801 2.085113
 195.000000 -1.122317 2.423727
 196.000000 -1.221878 2.674148
 197.000000 -0.975718 2.659306
 198.000000 -1.132926 2.582950
 199.000000 -0.870711 2.279375
 200.000000 -1.412476 2.351593
 201.000000 -1.607581 2.754232
 202.000000 -0.922908 2.470656
 203.000000 -0.847963 2.584189
 204.000000 -1.150362 2.402526
 205.000000 -0.772678 2.633883
 206.000000 -1.088177 2.294804
 207.000000 -1.063130 2.363277
 208.000000 -1.468880 1.514561
 209.000000 -2.733179 3.097664
 210.000000 -1.230610 2.459265
 211.000000 -1.030127 2.536250
 212.000000 -1.061164 2.447028
 213.000000 -1.098767 2.597220
 214.000000 -1.258363 2.756847
 215.000000 -0.689787 2.668919
 216.000000 -1.029342 2.669960
 217.000000 -1.059506 2.527481
 218.000000 -1.345982 2.028614
 219.000000 -1.749034 2.683460
 220.000000 -2.140975 2.415893
 221.000000 -0.913467 2.493307
 222.000000 -1.456734 2.478542
 223.000000 -1.242528 2.566635
 224.000000 -1.196895 2.857786
 225.000000 -1.084616 2.400131
 226.000000 -1.094840 2.232636
 227.000000 -1.559202 1.507844
 228.000000 -1.734364 1.142722
 229.000000 -2.858706 -0.028335
 230.000000 -1.942012 -0.136759
 231.000000 -2.661836 0.405714
 232.000000 -2.947435 0.232536
 233.000000 -1.819908 0.372651
 234.000000 -1.984308 -0.011555
 235.000000 -1.589333 0.149488
 236.000000 -2.003653 0.404568
 237.000000 -2.388314 0.480495
 238.000000 -1.683205 -0.178459
 239.000000 -2.074576 0.182083
 240.000000 -1.156379 -0.398518
 241.000000 -1.078147 -0.645478
 242.000000 -1.262513 -0.671371
 243.000000 -0.989492 -0.999056
 244.000000 -1.070214 -0.550613
 245.000000 -1.116170 -0.629824
 246.000000 -1.574980 -0.367392
 247.000000 -1.067329 -0.731189
 248.000000 -2.077632 -0.226814
 249.000000 -1.954658 0.260745
 250.000000 -1.803687 -0.045441
 251.000000 -1.227048 -0.410550
 252.000000 -1.536420 -0.261875
 253.000000 -2.300405 0.739110
 254.000000 -2.720575 0.227040
 255.000000 -1.635258 -0.389634
 256.000000 -1.398533 -0.220289
 257.000000 -1.667409 -0.014754
 258.000000 -1.988420 -0.153018
 259.000000 -2.001680 -0.194154
 260.000000 -1.270881 -0.497908
 261.000000 -2.197368 0.199497
 262.000000 -1.677462 -0.168602
 263.000000 -1.428452 -0.137564
 264.000000 -1.509077 -0.225316
 265.000000 -1.822726 0.316885
 266.000000 -1.574980 0.095269
 267.000000 -1.580887 -0.003893
 268.000000 -1.096355 -0.695979
 269.000000 -1.050355 -0.647875
 270.000000 -1.065855 -0.785028
 271.000000 -1.302533 -0.822640
 272.000000 -1.006686 -0.611713
 273.000000 -1.596021 0.310664
 274.000000 -1.261069 -0.299307
 275.000000 -1.394073 -0.575740
 276.000000 -1.496254 -0.254339
 277.000000 -1.568262 -0.064824
 278.000000 -1.486510 -0.361316
 279.000000 -2.548247 0.703086
 280.000000 -1.926548 -0.193268
 281.000000 -2.063217 -0.348550
 282.000000 -1.019823 -0.674608
 283.000000 -0.909271 -0.700480
 284.000000 -1.045291 -0.646121
 285.000000 -1.026426 -0.826686
 286.000000 -1.138363 -0.810078
 287.000000 -1.705985 -0.008616
 288.000000 -1.420309 -0.040136
 289.000000 -0.988141 -0.743559
 290.000000 -1.046167 -0.809251
 291.000000 -1.312078 -0.132704
 292.000000 -1.062741 -0.707332
 293.000000 -1.081726 -0.878302
 294.000000 -1.503580 -0.233581
 295.000000 -2.026033 0.226412
 296.000000 -1.554518 0.070245
 297.000000 -1.797044 0.941332
 298.000000 -1.630790 1.738209
 299.000000 -1.606868 1.012988
 300.000000 -1.791999 0.451744
 301.000000 -1.393249 -0.308131
 302.000000 -2.373139 0.812156
 303.000000 -2.025622 0.169869
 304.000000 -1.798124 -0.568889
 305.000000 -1.474282 -0.028988
 306.000000 -0.963224 -0.873733
 307.000000 -1.397867 -0.266139
 308.000000 -1.386608 -0.384871
 309.000000 -1.124247 -0.145232
 310.000000 -1.185947 -0.459204
 311.000000 -2.300245 0.040263
 312.000000 -1.115067 -0.840730
 313.000000 -1.112015 -0.695745
 314.000000 -1.175853 -0.432274
 315.000000 -1.763621 -0.000342
 316.000000 -1.234408 -0.760543
 317.000000 -1.604254 -0.038773
 318.000000 -1.335853 -0.609255
 319.000000 -1.297549 -0.467822
 320.000000 -2.086259 0.116953
 321.000000 -2.936489 -0.183133
 322.000000 -1.712106 0.036355
 323.000000 -1.813063 0.052508
 324.000000 -1.854217 0.157051
 325.000000 -1.867465 -0.329013
 326.000000 -1.813790 0.053141
 327.000000 -1.535737 -0.126405
 328.000000 -1.791749 -0.026283
 329.000000 -1.856166 0.611399
 330.000000 -2.144559 0.177622
 331.000000 -2.047022 0.233517
 332.000000 -1.963566 -0.025974
 333.000000 -2.911078 -0.166753
 334.000000 -1.276107 -0.619601
 335.000000 -1.217301 -0.746191
 336.000000 -1.969515 -0.022398
 337.000000 -1.712240 0.316516
 338.000000 -1.721890 0.135962
 339.000000 -1.602297 -0.243968
 340.000000 -1.761145 0.080704
 341.000000 -2.128687 -0.215507
 342.000000 -2.845379 0.181057
 343.000000 -2.421212 0.406499
 344.000000 -2.159922 1.389232
 345.000000 -2.185987 2.887643
 346.000000 -0.847440 2.658721
 347.000000 -1.063028 2.622167
 348.000000 -1.463854 2.945913
 349.000000 -1.775483 2.960412
 350.000000 -1.013214 2.969798
 351.000000 -0.907912 2.715997
 352.000000 -1.396459 2.330440
 353.000000 -1.001955 2.367843
 354.000000 -1.222514 2.414579
 355.000000 -1.099724 2.610901
 356.000000 -1.711120 2.211306
 357.000000 -1.027876 2.444721
 358.000000 -1.144153 2.665468
 359.000000 -0.966516 2.666608
 360.000000 -1.128733 2.476351
 361.000000 -1.044305 2.224232
 362.000000 -1.136145 2.517298
 363.000000 -1.234570 2.637010
 364.000000 -0.912029 2.455817
 365.000000 -1.216952 2.659082
 366.000000 -1.093736 2.461041
 367.000000 -1.136397 2.367874
 368.000000 -0.836057 2.470203
 369.000000 -1.472681 2.692613
 370.000000 -2.629390 2.593823
 371.000000 -2.592693 2.928213
 372.000000 -2.333754 2.619937
 373.000000 -2.362699 2.616430
 374.000000 -2.173347 2.952455
 375.000000 -1.414812 2.992883
 376.000000 -1.094119 1.751430
 377.000000 -1.084313 2.687647
 378.000000 -0.972785 2.452767
 379.000000 -1.107537 2.590276
 380.000000 -1.278328 2.424572
 381.000000 -1.560249 2.533481
 382.000000 -1.213990 2.592956
 383.000000 -1.948586 2.515427
 384.000000 -1.405729 2.857991
 385.000000 -1.909046 2.762314
 386.000000 -1.425930 2.902279
 387.000000 -1.203696 2.314410
 388.000000 -1.728839 2.714643
 389.000000 -2.262410 2.175809
 390.000000 -1.763552 2.068112
 391.000000 -2.835581 3.098976
 392.000000 -2.577892 2.199392
 393.000000 -2.234327 -3.053936
 394.000000 -1.205003 2.688458
 395.000000 -1.084902 2.801115
 396.000000 -1.236306 2.619541
 397.000000 -1.492880 2.973572
 398.000000 -0.228274 2.381663
 399.000000 -1.290256 2.043398
 400.000000 -1.032236 2.539533
