#! FIELDS time phi psi
#! SET min_phi -pi
#! SET max_phi pi
#! SET min_psi -pi
#! SET max_psi pi
 0.000000 3.104817 -0.951424
 1.000000 -1.894040 0.143891
 2.000000 -1.797888 0.429988
 3.000000 -1.946434 0.173985
 4.000000 -2.198351 0.110462
 5.000000 -1.685967 -0.103589
 6.000000 -1.983068 0.108441
 7.000000 -1.367616 -0.511233
 8.000000 -1.807363 -0.060254
 9.000000 -0.723724 -0.835962
 10.000000 -0.973331 -0.645939
 11.000000 -1.205275 -0.454495
 12.000000 -1.813779 -0.073779
 13.000000 -1.516737 0.155124
 14.000000 -1.933218 0.446468
 15.000000 -1.870829 -0.199117
 16.000000 -1.572934 -0.282482
 17.000000 -1.971734 0.096552
 18.000000 -2.504968 0.344443
 19.000000 -1.566125 0.016845
 20.000000 -1.722691 0.096302
 21.000000 -1.439654 -0.284072
 22.000000 -1.942874 -0.492310
 23.000000 -2.437831 -0.992627
 24.000000 -2.668708 -1.671761
 25.000000 -2.194866 -1.419313
 26.000000 -2.984123 -0.796330
 27.000000 -2.015606 -0.811429
 28.000000 -1.827219 -0.179291
 29.000000 -2.014188 -0.127604
 30.000000 -1.631032 0.159007
 31.000000 -1.808362 0.144969
 32.000000 -1.601880 -0.253940
 33.000000 -2.040318 0.079476
 34.000000 -1.333131 -0.579769
 35.000000 -1.848587 0.227662
 36.000000 -2.287177 0.192897
 37.000000 -2.154769 -0.226966
 38.000000 -2.896114 0.636650
 39.000000 -2.667281 0.283316
 40.000000 -2.215480 0.031267
 41.000000 -1.579675 0.135366
 42.000000 -1.875609 -0.069544
 43.000000 -1.881590 0.149533
 44.000000 -1.526036 -0.420132
 45.000000 -1.732066 -0.213917
 46.000000 -1.618022 0.004893
 47.000000 -1.912324 -0.222660
 48.000000 -1.545436 -0.223197
 49.000000 -1.717958 -0.185727
 50.000000 -0.985033 -0.785395
 51.000000 -1.115420 -0.691789
 52.000000 -1.723264 -0.277290
 53.000000 -2.034881 -0.180703
 54.000000 -0.891373 -0.739444
 55.000000 -1.230857 -0.405476
 56.000000 -1.094827 -0.404142
 57.000000 -1.192901 -0.720982
 58.000000 -1.124543 -0.702881
 59.000000 -1.056476 -0.720361
 60.000000 -1.216349 -0.646337
 61.000000 -1.711911 0.310472
 62.000000 -1.220218 -0.179845
 63.000000 -1.056682 -0.780463
 64.000000 -1.415202 -0.381398
 65.000000 -1.110633 -0.684583
 66.000000 -1.562559 -0.008412
 67.000000 -1.178188 -0.888039
 68.000000 -1.282345 -0.315438
 69.000000 -1.526697 -0.128666
 70.000000 -1.018205 0.276217
 71.000000 -1.296434 0.482730
 72.000000 -1.822844 0.922029
 73.000000 -1.367464 2.787588
 74.000000 -1.858701 1.977759
 75.000000 -1.402641 2.539994
 76.000000 -0.684510 2.676395
 77.000000 -0.855085 2.211782
 78.000000 -1.413092 1.837829
 79.000000 -1.180288 2.460992
 80.000000 -0.939707 2.645901
 81.000000 -0.868736 2.266295
 82.000000 -1.116616 2.694969
 83.000000 -1.130345 2.419689
 84.000000 -0.968988 2.327760
 85.000000 -1.159804 2.976224
 86.000000 -1.874120 2.859078
 87.000000 -1.176858 2.567933
 88.000000 -1.218179 2.419023
 89.000000 -1.402374 2.657587
 90.000000 -1.069491 2.822278
 91.000000 -1.463271 2.682688
 92.000000 -1.176662 2.402559
 93.000000 -1.132446 2.364592
 94.000000 -1.054939 2.400066
 95.000000 -1.155947 2.498460
 96.000000 -1.337837 2.547842
 97.000000 -0.872412 2.586021
 98.000000 -0.996400 2.112821
 99.000000 -1.323596 2.793045
 100.000000 -1.031149 2.547132
 101.000000 -1.572639 2.312090
 102.000000 -1.304347 2.610773
 103.000000 -0.560428 2.455374
 104.000000 -1.186413 2.145355
 105.000000 -1.153911 2.621333
 106.000000 -0.893815 2.121725
 107.000000 -0.992866 2.447987
 108.000000 -0.969647 2.559268
 109.000000 -0.965542 2.427762
 110.000000 -1.167845 2.573314
 111.000000 -1.055252 2.647704
 112.000000 -1.057080 2.600254
 113.000000 -1.239347 2.671306
 114.000000 -0.942776 2.348313
 115.000000 -2.752984 2.751156
 116.000000 -2.435424 2.238473
 117.000000 -1.793641 2.467317
 118.000000 -2.284198 2.318132
 119.000000 -1.306196 2.484928
 120.000000 -1.299632 2.671835
 121.000000 -1.218255 2.570236
 122.000000 -1.008427 2.609085
 123.000000 -1.047426 3.099847
 124.000000 -1.440019 2.888590
 125.000000 -1.076344 2.501705
 126.000000 -1.382230 2.618769
 127.000000 -1.016424 2.539190
 128.000000 -1.295511 2.233010
 129.000000 -1.203497 2.578939
 130.000000 -1.042033 2.125167
 131.000000 -0.653575 2.078957
 132.000000 -1.211906 2.583413
 133.000000 -1.687541 2.351108
 134.000000 -0.888470 2.181030
 135.000000 -1.757114 2.693887
 136.000000 -2.437431 2.369817
 137.000000 -1.386086 2.656723
 138.000000 -1.038749 2.701986
 139.000000 -2.336222 2.441828
 140.000000 -2.765109 2.842748
 141.000000 -2.005365 2.604020
 142.000000 -1.416411 2.315813
 143.000000 -1.562936 2.630584
 144.000000 -1.169991 2.610733
 145.000000 -1.047776 2.423911
 146.000000 -1.753035 2.478104
 147.000000 -1.377174 2.688090
 148.000000 -1.351187 2.657830
 149.000000 -2.572843 2.220647
 150.000000 -2.691183 2.408587
 151.000000 -2.580537 2.425430
 152.000000 -2.158896 2.695600
 153.000000 -1.711829 2.669000
 154.000000 -1.297313 2.768327
 155.000000 -0.742569 2.794736
 156.000000 -0.929553 2.463678
 157.000000 -1.102115 2.442437
 158.000000 -1.114208 2.571750
 159.000000 -1.083171 2.321941
 160.000000 -1.397608 2.812017
 161.000000 -0.841516 2.474836
 162.000000 -1.475863 2.960264
 163.000000 -0.839498 2.702918
 164.000000 -1.515167 2.483071
 165.000000 -2.239516 2.317301
 166.000000 -0.926378 2.535796
 167.000000 -1.562845 2.537678
 168.000000 -1.104054 2.403571
 169.000000 -1.042292 2.401751
 170.000000 -1.179513 2.495095
 171.000000 -1.104355 1.819522
 172.000000 -2.614045 2.862574
 173.000000 -2.747473 3.056470
 174.000000 -2.680131 2.430686
 175.000000 -2.634838 2.465342
 176.000000 -1.415592 2.322513
 177.000000 -1.271365 2.656791
 178.000000 -0.854118 2.498579
 179.000000 -0.905049 2.624102
 180.000000 -2.299361 2.441525
 181.000000 -2.377528 2.393301
 182.000000 -2.366042 1.982704
 183.000000 -2.177185 2.397044
 184.000000 -1.981972 2.744537
 185.000000 -0.686254 2.477183
 186.000000 -1.050271 2.570624
 187.000000 -0.963444 2.722333
 188.000000 -0.971988 2.699237
 189.000000 -0.986076 2.297168
 190.000000 -1.286517 2.721970
 191.000000 -1.085804 2.608893
 192.000000 -1.113662 2.309022
 193.000000 -1.140079 2.411388
 194.000000 -0.996208 2.598676
 195.000000 -1.346718 1.962865
 196.000000 -1.090441 2.396229
 197.000000 -0.938621 2.650242
 198.000000 -0.730567 2.481080
 199.000000 -0.813011 2.862158
 200.000000 -1.570337 2.571390
 201.000000 -0.969664 2.754381
 202.000000 -1.096052 2.514502
 203.000000 -2.303873 2.833470
 204.000000 -2.754358 3.015249
 205.000000 -2.691437 2.994647
 206.000000 -2.786165 2.921212
 207.000000 -2.573655 2.720363
 208.000000 -2.830108 2.883847
 209.000000 -2.450158 2.748448
 210.000000 -2.065971 1.860480
 211.000000 -1.949756 2.469893
 212.000000 -1.317477 2.477887
 213.000000 -0.910716 2.730995
 214.000000 -1.125689 2.343184
 215.000000 -0.953408 2.408476
 216.000000 -1.033804 2.456696
 217.000000 -1.112500 1.836886
 218.000000 -1.031441 2.511776
 219.000000 -1.145652 2.327462
 220.000000 -1.108319 2.616836
 221.000000 -1.376765 3.052071
 222.000000 -1.143014 2.699279
 223.000000 -0.613007 2.354842
 224.000000 -0.925334 2.360717
 225.000000 -0.807857 2.355502
 226.000000 -1.151813 2.394708
 227.000000 -1.156537 2.578249
 228.000000 -1.016935 2.587436
 229.000000 -1.856994 2.676351
 230.000000 -2.243928 2.749236
 231.000000 -2.540350 2.721062
 232.000000 -2.661304 -3.109565
 233.000000 -2.240320 2.934451
 234.000000 -2.579815 3.077119
 235.000000 -2.338209 2.874709
 236.000000 -2.581864 2.789122
 237.000000 -2.047661 2.645902
 238.000000 -1.891093 2.775911
 239.000000 -1.041688 2.468522
 240.000000 -1.569491 2.739314
 241.000000 -1.392970 2.056596
 242.000000 -2.748790 2.884236
 243.000000 -2.598164 2.530387
 244.000000 -2.900258 2.789200
 245.000000 -2.639183 2.740204
 246.000000 -2.589316 2.370423
 247.000000 -2.360236 2.714487
 248.000000 -2.524542 2.283651
 249.000000 -2.391147 2.589291
 250.000000 -2.535322 2.675843
 251.000000 -1.035238 2.501121
 252.000000 -1.189248 2.095356
 253.000000 -1.084009 2.268456
 254.000000 -1.330975 2.249636
 255.000000 -0.835861 2.449331
 256.000000 -1.001720 2.532104
 257.000000 -1.111154 2.591139
 258.000000 -1.515367 2.183433
 259.000000 -1.138932 2.423410
 260.000000 -2.603397 2.812209
 261.000000 -0.934705 2.607174
 262.000000 -1.057076 2.411937
 263.000000 -1.103061 2.477900
 264.000000 -1.421227 2.583185
 265.000000 -0.884119 2.370437
 266.000000 -2.046117 2.850745
 267.000000 -1.004579 2.435765
 268.000000 -1.326408 2.853240
 269.000000 -1.299381 3.032020
 270.000000 -1.154708 2.614295
 271.000000 -1.765410 3.004157
 272.000000 -1.671406 2.979508
 273.000000 -1.105942 2.552519
 274.000000 -1.041731 2.638383
 275.000000 -1.631460 2.543426
 276.000000 -3.023603 2.515471
 277.000000 -1.592934 2.729103
 278.000000 -1.277813 2.380078
 279.000000 -1.186646 2.245415
 280.000000 -1.180580 2.482737
 281.000000 -1.164165 -3.011930
 282.000000 -1.180598 2.605228
 283.000000 -0.979428 2.666108
 284.000000 -1.217655 2.667518
 285.000000 -1.488929 2.741015
 286.000000 -1.225284 2.429722
 287.000000 -1.306981 2.403077
 288.000000 -1.507070 2.942709
 289.000000 -1.708176 2.423980
 290.000000 -1.478782 2.643588
 291.000000 -1.307519 2.329372
 292.000000 -1.429433 2.845119
 293.000000 -1.628417 2.597733
 294.000000 -1.400924 2.724761
 295.000000 -1.210784 2.580273
 296.000000 -2.580741 2.491394
 297.000000 -2.784514 2.586637
 298.000000 -2.054972 2.569156
 299.000000 -2.023111 -2.409512
 300.000000 -1.372814 -1.475195
 301.000000 -1.750379 -1.417273
 302.000000 -1.615716 -0.350157
 303.000000 -1.873294 -0.306444
 304.000000 -2.138247 0.241249
 305.000000 -2.525823 -0.367485
 306.000000 -1.682080 -0.315362
 307.000000 -1.751674 -0.053779
 308.000000 -2.678291 0.406819
 309.000000 -1.954066 0.069310
 310.000000 -2.289632 0.066257
 311.000000 -1.688827 0.176061
 312.000000 -1.747299 0.185483
 313.000000 -2.393423 0.357946
 314.000000 -2.021818 0.082684
 315.000000 -2.708764 0.068797
 316.000000 -1.593284 -0.166711
 317.000000 -1.764445 0.261931
 318.000000 -2.418672 -0.325950
 319.000000 -1.845849 -0.822509
 320.000000 -1.581588 -1.777002
 321.000000 -1.885358 -1.445086
 322.000000 -2.543364 -1.549763
 323.000000 -1.664338 -1.649048
 324.000000 -2.808090 -0.200660
 325.000000 -2.236532 -0.145383
 326.000000 -1.850674 -0.307363
 327.000000 -2.004297 0.410430
 328.000000 -2.452432 -0.092773
 329.000000 -1.812238 0.495488
 330.000000 -1.988623 -0.117525
 331.000000 -1.415930 0.036330
 332.000000 -1.236897 -0.202111
 333.000000 -1.190037 -0.936580
 334.000000 -2.001407 0.081756
 335.000000 -2.557825 -0.213569
 336.000000 -2.306619 0.312838
 337.000000 -3.076150 0.345725
 338.000000 -2.171505 0.413252
 339.000000 -1.912270 0.292072
 340.000000 -2.194365 0.523422
 341.000000 -1.279505 -0.214343
 342.000000 -1.643156 0.066130
 343.000000 -1.556051 0.415410
 344.000000 -1.927404 0.093015
 345.000000 -1.413082 0.617715
 346.000000 -1.610786 0.005657
 347.000000 -1.717004 0.001226
 348.000000 -1.494649 -0.651795
 349.000000 -1.558219 -0.310653
 350.000000 -1.499482 -0.219655
 351.000000 -1.343846 -0.419677
 352.000000 -2.026460 0.033467
 353.000000 -2.091172 0.208153
 354.000000 -2.081977 0.000658
 355.000000 -2.139591 0.362120
 356.000000 -1.963767 0.011401
 357.000000 -2.004524 -0.953659
 358.000000 -1.950330 -0.127787
 359.000000 -1.775071 -0.254109
 360.000000 -1.224028 -0.255016
 361.000000 -1.091346 -0.710313
 362.000000 -1.209608 -0.485348
 363.000000 -2.467242 0.077282
 364.000000 -2.070366 0.034975
 365.000000 -1.053684 -0.686064
 366.000000 -2.286585 -0.099186
 367.000000 -1.492578 -0.107511
 368.000000 -1.842175 -0.122288
 369.000000 -1.816922 0.028798
 370.000000 -1.750389 -0.601504
 371.000000 -2.586622 0.208682
 372.000000 -1.578379 -0.022003
 373.000000 -1.659826 -0.434663
 374.000000 -1.876200 -0.000663
 375.000000 -1.752189 -0.229203
 376.000000 -1.720007 0.257441
 377.000000 -1.272923 -0.691126
 378.000000 -1.344048 -0.779284
 379.000000 -1.238363 -0.602991
 380.000000 -1.159312 -0.689140
 381.000000 -1.622339 0.243284
 382.000000 -1.597974 -0.369407
 383.000000 -2.259758 0.011405
 384.000000 -1.945240 -0.125992
 385.000000 -1.485753 -0.036930
 386.000000 -1.985193 -0.012613
 387.000000 -1.040952 -0.695466
 388.000000 -1.145197 -0.619319
 389.000000 -2.552974 -1.069308
 390.000000 -1.856218 -0.200312
 391.000000 -0.972153 -0.901535
 392.000000 -2.212768 -0.561398
 393.000000 -2.444023 -0.137833
 394.000000 -1.564834 -0.418649
 395.000000 -1.023812 -0.674359
 396.000000 -1.352173 -0.388971
 397.000000 -1.148571 -0.724584
 398.000000 -1.595066 -0.349062
 399.000000 -1.696880 0.403918
 400.000000 -1.663338 0.172319
