#! FIELDS time phi psi
#! SET min_phi -pi
#! SET max_phi pi
#! SET min_psi -pi
#! SET max_psi pi
 0.000000 3.104817 -0.951424
 1.000000 -1.968602 0.118102
 2.000000 -1.858545 0.090145
 3.000000 -1.840141 0.393395
 4.000000 -2.018233 -0.210186
 5.000000 -2.251109 0.140762
 6.000000 -1.844689 0.403073
 7.000000 -1.537496 -0.257265
 8.000000 -0.994976 -0.855677
 9.000000 -1.130670 -0.679652
 10.000000 -1.758744 -0.634428
 11.000000 -1.194117 -0.169988
 12.000000 -1.118199 -0.526625
 13.000000 -1.371995 -0.774735
 14.000000 -1.378038 -0.459463
 15.000000 -0.929848 -0.718203
 16.000000 -1.502542 -0.162760
 17.000000 -1.102348 -0.726583
 18.000000 -2.042435 0.316913
 19.000000 -1.743218 -0.074826
 20.000000 -2.185473 0.300450
 21.000000 -1.404585 -0.133737
 22.000000 -2.372117 0.206905
 23.000000 -1.162533 -0.549531
 24.000000 -1.719257 -0.195754
 25.000000 -1.778950 0.409098
 26.000000 -1.523980 -0.290097
 27.000000 -1.659687 0.077800
 28.000000 -1.264031 -0.531895
 29.000000 -1.584884 -0.655598
 30.000000 -1.301362 -0.704008
 31.000000 -1.025140 -0.695875
 32.000000 -1.094619 -0.793963
 33.000000 -1.310873 -0.525222
 34.000000 -1.245604 -0.297869
 35.000000 -1.521314 -0.126755
 36.000000 -1.847612 -0.158860
 37.000000 -1.558273 -0.457839
 38.000000 -0.530500 -1.464521
 39.000000 -2.041279 0.227041
 40.000000 -1.735834 0.383024
 41.000000 -1.605788 0.154068
 42.000000 -1.206321 -0.519983
 43.000000 -1.210033 -0.549351
 44.000000 -1.865492 0.058813
 45.000000 -1.873836 0.435381
 46.000000 -1.751144 0.041460
 47.000000 -2.163695 -0.320605
 48.000000 -1.862167 0.431609
 49.000000 3.033924 0.498704
 50.000000 -3.099955 0.084623
 51.000000 -2.927198 -0.667323
 52.000000 -2.224478 -0.016138
 53.000000 -2.148974 0.092864
 54.000000 -2.008326 0.265780
 55.000000 -1.770053 0.433331
 56.000000 -1.820130 -0.133392
 57.000000 -2.587075 0.146232
 58.000000 -1.571714 0.088789
 59.000000 -1.517837 0.286660
 60.000000 -1.410566 0.078288
 61.000000 -2.301851 -0.289335
 62.000000 -2.393043 0.725305
 63.000000 -2.621348 0.771278
 64.000000 -2.924009 0.172151
 65.000000 -2.215127 0.245834
 66.000000 -1.960161 0.217534
 67.000000 -1.503348 -0.206384
 68.000000 -1.605315 -0.465753
 69.000000 -2.039700 -0.485092
 70.000000 -1.973352 0.070824
 71.000000 -1.929504 -0.642568
 72.000000 -2.014834 0.229232
 73.000000 -2.068064 0.074747
 74.000000 -1.573638 -0.177811
 75.000000 -1.697713 -0.290154
 76.000000 -1.571247 -0.093018
 77.000000 -1.376020 -0.295065
 78.000000 -2.020775 -0.346700
 79.000000 -2.040716 0.146616
 80.000000 -2.007656 0.301039
 81.000000 -1.539490 -0.335256
 82.000000 -1.743791 -0.046962
 83.000000 -2.142447 0.344491
 84.000000 -2.586825 2.440224
 85.000000 -2.467412 2.706965
 86.000000 -2.725776 2.589923
 87.000000 -2.692951 3.099102
 88.000000 -2.627760 2.939658
 89.000000 -2.594386 2.241133
 90.000000 -2.305901 2.205864
 91.000000 -2.381526 2.712456
 92.000000 -2.602969 2.938348
 93.000000 -1.915522 2.882123
 94.000000 -1.038026 2.208342
 95.000000 -1.629753 2.423303
 96.000000 -2.659374 2.926114
 97.000000 -2.749231 3.053363
 98.000000 -2.796200 2.878849
 99.000000 -0.963321 2.882163
 100.000000 -0.930786 2.894410
 101.000000 -1.876779 2.536495
 102.000000 -1.074865 2.328705
 103.000000 -1.415957 2.719088
 104.000000 -0.952486 2.579260
 105.000000 -1.077277 2.298789
 106.000000 -1.068055 2.465594
 107.000000 -1.246922 2.618357
 108.000000 -0.616436 2.527198
 109.000000 -1.090879 2.559708
 110.000000 -1.187426 2.603134
 111.000000 -1.048793 2.533895
 112.000000 -1.077902 2.513235
 113.000000 -0.981390 2.692580
 114.000000 -1.438034 2.112712
 115.000000 -1.101886 2.288053
 116.000000 -1.220590 2.422270
 117.000000 -1.588973 2.356291
 118.000000 -2.039767 1.967035
 119.000000 -2.850714 0.724371
 120.000000 -2.709756 0.398304
 121.000000 -2.137135 -0.579679
 122.000000 -2.986188 0.106108
 123.000000 -2.262497 0.677040
 124.000000 -1.811139 0.155189
 125.000000 -1.294268 -0.260375
 126.000000 -1.369297 -0.759754
 127.000000 -1.362940 -0.383622
 128.000000 -0.618088 -1.174924
 129.000000 -1.208372 -0.694713
 130.000000 -1.252195 -0.704077
 131.000000 -1.765975 -0.039427
 132.000000 -1.910210 0.186336
 133.000000 -1.883709 -0.438892
 134.000000 -1.828709 0.157983
 135.000000 -1.713209 0.182524
 136.000000 -1.093057 -0.763396
 137.000000 -1.330864 -0.484886
 138.000000 -1.815643 -0.307675
 139.000000 -1.995483 -0.111694
 140.000000 -1.108135 -0.677404
 141.000000 -1.075016 -0.912579
 142.000000 -1.057830 -0.890022
 143.000000 -1.094662 -0.762765
 144.000000 -1.030653 -0.642756
 145.000000 -1.705779 -0.130219
 146.000000 -1.852858 -0.177868
 147.000000 -1.051622 -0.444056
 148.000000 -0.917267 -0.706373
 149.000000 -1.695957 -0.130393
 150.000000 -2.478355 0.406344
 151.000000 3.109620 0.871428
 152.000000 -2.123890 -0.172571
 153.000000 -2.767321 0.239583
 154.000000 -2.276228 0.753116
 155.000000 -1.692537 -0.276802
 156.000000 -1.701666 -0.729500
 157.000000 -1.832980 -0.353296
 158.000000 -1.057418 -0.550185
 159.000000 -1.573876 -0.457951
 160.000000 -1.776410 -0.190020
 161.000000 -2.830818 1.054680
 162.000000 -2.938814 0.601750
 163.000000 3.041909 0.210355
 164.000000 -2.197326 0.148010
 165.000000 -1.058681 -0.637101
 166.000000 -2.005962 0.173270
 167.000000 -2.109924 0.200123
 168.000000 -2.615802 1.053439
 169.000000 -2.913083 0.881604
 170.000000 -1.937723 0.269512
 171.000000 -1.946464 0.290934
 172.000000 -1.306314 -0.600758
 173.000000 -1.050192 -0.733346
 174.000000 -1.908811 0.227517
 175.000000 -1.396193 -0.760071
 176.000000 -1.872186 -0.089402
 177.000000 -1.588981 -0.580380
 178.000000 -0.969365 -0.806117
 179.000000 -0.953707 -0.745470
 180.000000 -1.082265 -0.808068
 181.000000 -0.760657 -1.010122
 182.000000 -1.795474 0.168619
 183.000000 -1.319433 -0.464028
 184.000000 -1.082389 -0.851940
 185.000000 -1.122247 -0.632118
 186.000000 -0.962921 -0.828304
 187.000000 -1.611353 0.290273
 188.000000 -1.940459 0.431465
 189.000000 -2.091021 0.691112
 190.000000 -1.925006 -0.551347
 191.000000 -1.692188 -0.279894
 192.000000 -1.305009 -0.650166
 193.000000 -1.264652 -0.327244
 194.000000 -1.243519 -1.105616
 195.000000 -2.631014 0.222458
 196.000000 -2.667138 -0.253757
 197.000000 -1.491460 -0.131613
 198.000000 -2.098215 0.034833
 199.000000 -2.119880 0.355191
 200.000000 -1.676315 0.003115
 201.000000 -1.661947 0.339015
 202.000000 -1.459833 0.687280
 203.000000 -1.528697 -0.031243
 204.000000 -1.496315 0.157616
 205.000000 -1.499871 -0.331397
 206.000000 -1.282961 -0.624531
 207.000000 -1.288276 -0.470498
 208.000000 -0.991967 -0.697388
 209.000000 -1.010367 -0.740765
 210.000000 -1.339611 -0.277251
 211.000000 -1.656825 -0.220326
 212.000000 -1.937547 0.207649
 213.000000 -2.343575 0.193946
 214.000000 -0.800266 -0.611237
 215.000000 -1.729789 -0.788976
 216.000000 -1.301814 -0.386822
 217.000000 -2.746111 0.129779
 218.000000 -1.783331 0.123717
 219.000000 -1.667581 0.131873
 220.000000 -1.603140 -0.238288
 221.000000 -1.259441 -0.658106
 222.000000 -1.080584 -0.545451
 223.000000 -1.772418 0.104267
 224.000000 -1.813638 0.192535
 225.000000 -1.597139 -0.072392
 226.000000 -1.832455 0.468343
 227.000000 -0.892055 -0.797716
 228.000000 -1.210254 -0.482065
 229.000000 -1.418863 -0.492116
 230.000000 -0.727322 -0.878763
 231.000000 -1.293956 -0.386139
 232.000000 -2.283299 0.111157
 233.000000 -2.438474 1.007993
 234.000000 -2.413037 0.944363
 235.000000 -2.292263 0.895719
 236.000000 -2.539277 0.533429
 237.000000 -1.367523 0.022981
 238.000000 -1.644700 -0.051064
 239.000000 -1.645272 -0.365594
 240.000000 -0.938788 -0.735850
 241.000000 -1.465061 -0.271941
 242.000000 -1.865558 -0.578921
 243.000000 -1.110670 -0.826404
 244.000000 -0.999512 -0.742379
 245.000000 -1.423317 -0.207852
 246.000000 -1.314218 -0.226709
 247.000000 -1.592354 -0.175409
 248.000000 -1.255024 -0.798371
 249.000000 -1.929078 0.239354
 250.000000 -2.095333 -0.215225
 251.000000 -1.877005 0.146280
 252.000000 -1.765141 0.479088
 253.000000 -1.967431 0.047433
 254.000000 -1.795949 0.096537
 255.000000 -1.741451 0.207625
 256.000000 -2.049384 0.407167
 257.000000 -1.043891 -0.838466
 258.000000 -1.254307 -0.784510
 259.000000 -1.426214 -0.480429
 260.000000 -1.230697 -0.397763
 261.000000 -1.596194 -0.119840
 262.000000 -1.660113 0.036121
 263.000000 -1.750825 -0.098372
 264.000000 -1.055393 -0.819606
 265.000000 -1.121782 -0.676336
 266.000000 -1.606794 -0.883915
 267.000000 -1.700922 -0.182082
 268.000000 -2.038570 0.808954
 269.000000 -1.875543 0.169428
 270.000000 -1.851268 -0.163592
 271.000000 -1.340472 -0.440641
 272.000000 -1.279685 -0.206464
 273.000000 -0.979149 -0.638445
 274.000000 -0.999284 -0.542484
 275.000000 -1.484858 0.137279
 276.000000 -1.984206 -0.036287
 277.000000 -1.386217 -0.423115
 278.000000 -1.205057 -0.607873
 279.000000 -1.796234 0.088644
 280.000000 -1.529059 -0.110062
 281.000000 -1.694740 -0.012087
 282.000000 -2.334158 -0.129421
 283.000000 -2.048847 0.359734
 284.000000 -2.181035 0.387964
 285.000000 -2.449166 1.133720
 286.000000 -1.663613 1.646650
 287.000000 -2.377302 2.782153
 288.000000 -2.869691 2.565422
 289.000000 -2.763621 2.526204
 290.000000 -2.641616 2.739870
 291.000000 -2.789440 2.795847
 292.000000 -2.814253 2.986148
 293.000000 -2.477255 2.990897
 294.000000 -2.703054 2.719910
 295.000000 -1.705728 2.163068
 296.000000 -0.896579 2.319009
 297.000000 -1.835297 2.268494
 298.000000 -1.855598 1.707576
 299.000000 -1.452450 2.572367
 300.000000 -0.965862 2.111385
 301.000000 -1.895315 2.206134
 302.000000 -1.078285 2.453063
 303.000000 -1.431568 2.002205
 304.000000 -2.188121 2.009997
 305.000000 -1.249002 2.353406
 306.000000 -1.263187 2.628873
 307.000000 -1.126184 2.301609
 308.000000 -0.666247 2.370038
 309.000000 -1.971545 2.501797
 310.000000 -2.795642 2.768926
 311.000000 -2.581307 2.473249
 312.000000 -2.445009 2.693940
 313.000000 -2.915964 3.111404
 314.000000 -2.719402 2.794444
 315.000000 -2.018633 2.384252
 316.000000 -2.544953 2.522589
 317.000000 -1.600549 1.002376
 318.000000 -1.453756 1.344960
 319.000000 -1.606488 2.026943
 320.000000 -2.442812 2.554898
 321.000000 -1.888151 0.517540
 322.000000 -1.588255 0.059274
 323.000000 -1.389598 -0.296423
 324.000000 -1.124427 -0.787964
 325.000000 -0.999040 -0.782451
 326.000000 -1.350519 -0.376040
 327.000000 -0.958847 -0.878688
 328.000000 -1.628701 -0.244342
 329.000000 -2.075694 0.057415
 330.000000 -1.684874 0.013369
 331.000000 -1.904845 0.358125
 332.000000 -1.821132 0.264538
 333.000000 -1.859760 0.216082
 334.000000 -1.600528 -0.098620
 335.000000 -2.095844 -0.057125
 336.000000 -2.169969 0.239812
 337.000000 -1.983528 0.263771
 338.000000 -1.815032 -0.013170
 339.000000 -1.324488 -0.251694
 340.000000 -1.002878 -0.877287
 341.000000 -1.874590 0.072148
 342.000000 -1.418173 -0.042776
 343.000000 -1.762932 0.341088
 344.000000 -1.512820 -0.485058
 345.000000 -1.494588 -0.575195
 346.000000 -2.018954 -0.085101
 347.000000 -2.218548 -0.247275
 348.000000 -1.800988 -0.103514
 349.000000 -1.228568 -0.673801
 350.000000 -1.133884 -0.742583
 351.000000 -1.106731 -0.737118
 352.000000 -1.227066 -0.447864
 353.000000 -1.859753 0.036696
 354.000000 -1.796118 0.109662
 355.000000 -1.761370 0.354151
 356.000000 -2.037783 -0.129272
 357.000000 -2.285817 0.087802
 358.000000 -1.740110 -0.294280
 359.000000 -2.399772 0.123551
 360.000000 -1.936474 -0.168662
 361.000000 -1.745310 0.103924
 362.000000 -1.272614 -0.590707
 363.000000 -1.274557 -0.520673
 364.000000 -1.986004 0.359976
 365.000000 -1.460111 -0.239445
 366.000000 -1.190126 -0.601917
 367.000000 -1.401132 -0.306426
 368.000000 -0.913939 -0.744896
 369.000000 -1.175358 -0.302210
 370.000000 -0.822159 -0.839857
 371.000000 -1.837181 -0.101384
 372.000000 -2.348531 -0.097135
 373.000000 -0.984520 -0.586033
 374.000000 -1.119756 -0.538641
 375.000000 -1.322490 -0.475725
 376.000000 -1.788124 -0.101089
 377.000000 -1.134919 -0.704125
 378.000000 -0.906630 -0.848073
 379.000000 -1.022953 -0.614448
 380.000000 -1.302637 -0.622514
 381.000000 -1.974934 0.332069
 382.000000 -2.113938 -0.174890
 383.000000 -1.835012 0.181324
 384.000000 -2.053353 0.384393
 385.000000 -1.682188 -0.072045
 386.000000 -1.542377 -0.667802
 387.000000 -1.663982 -0.154412
 388.000000 -0.912013 -0.662705
 389.000000 -1.569002 -0.004152
 390.000000 -2.206465 0.107948
 391.000000 -1.889986 0.091781
 392.000000 -1.886183 -0.068578
 393.000000 -1.787568 0.561105
 394.000000 -2.048253 0.297444
 395.000000 -2.487380 0.089645
 396.000000 -1.917744 -0.507761
 397.000000 -1.049212 -0.697116
 398.000000 -1.689723 -0.731286
 399.000000 -1.280939 -1.002564
 400.000000 -1.889732 0.393658
