#! FIELDS time phi psi
#! SET min_phi -pi
#! SET max_phi pi
#! SET min_psi -pi
#! SET max_psi pi
 0.000000 -2.005311 0.959405
 1.000000 -2.297993 1.643980
 2.000000 -1.632489 2.906710
 3.000000 -1.332399 2.528302
 4.000000 -1.905882 2.844683
 5.000000 -1.378321 2.776119
 6.000000 -1.095767 2.412817
 7.000000 -0.926976 2.315413
 8.000000 -0.844434 2.760109
 9.000000 -0.887997 2.113289
 10.000000 -0.933701 2.542263
 11.000000 -1.117980 2.424493
 12.000000 -1.125289 2.490630
 13.000000 -1.229368 2.676139
 14.000000 -1.519185 2.579066
 15.000000 -1.114154 2.691316
 16.000000 -1.028575 2.599492
 17.000000 -1.331895 2.274415
 18.000000 -1.022946 2.288247
 19.000000 -1.319890 2.803643
 20.000000 -0.857171 2.879239
 21.000000 -1.740921 2.277698
 22.000000 -1.177327 2.606118
 23.000000 -1.067623 2.735679
 24.000000 -1.089404 2.518510
 25.000000 -1.136027 2.557022
 26.000000 -1.256320 2.657985
 27.000000 -1.024221 2.673991
 28.000000 -1.043015 2.760405
 29.000000 -0.737156 2.198410
 30.000000 -1.100473 1.968502
 31.000000 -1.380770 1.933142
 32.000000 -1.743840 2.182437
 33.000000 -1.484989 1.956811
 34.000000 -1.137621 2.695049
 35.000000 -0.865817 2.420768
 36.000000 -1.002709 2.694745
 37.000000 -0.928473 2.720242
 38.000000 -1.260334 2.409078
 39.000000 -1.108846 2.622439
 40.000000 -0.557697 2.642731
 41.000000 -0.853475 2.517180
 42.000000 -1.608291 2.668519
 43.000000 -1.298530 2.219231
 44.000000 -1.117410 2.651515
 45.000000 -1.325592 2.743022
 46.000000 -1.141949 2.483896
 47.000000 -0.934898 2.491498
 48.000000 -1.545966 -3.124949
 49.000000 -0.595107 2.408817
 50.000000 -1.278617 2.242329
 51.000000 -2.266373 2.761019
 52.000000 -2.186875 2.521381
 53.000000 -1.930309 2.725855
 54.000000 -2.326177 2.165928
 55.000000 -2.645959 2.790352
 56.000000 -2.141902 2.533341
 57.000000 -2.415090 2.898040
 58.000000 -2.292080 2.857999
 59.000000 -1.727882 2.565379
 60.000000 -1.497450 2.665287
 61.000000 -1.956339 2.387146
 62.000000 -1.272699 2.504005
 63.000000 -1.585398 2.489487
 64.000000 -1.307878 2.296538
 65.000000 -1.352928 2.550135
 66.000000 -1.136182 2.434752
 67.000000 -1.315767 2.512144
 68.000000 -0.974215 2.271825
 69.000000 -1.219889 2.681056
 70.000000 -1.158917 2.615412
 71.000000 -1.256009 2.529902
 72.000000 -0.692597 2.769608
 73.000000 -0.600225 2.239904
 74.000000 -0.995788 2.623561
 75.000000 -1.840896 2.727023
 76.000000 -0.916859 2.152271
 77.000000 -1.201232 2.748714
 78.000000 -1.168607 2.361529
 79.000000 -0.937026 2.352937
 80.000000 -0.955562 2.550381
 81.000000 -1.033155 2.501108
 82.000000 -1.558947 2.888563
 83.000000 -2.299600 2.346219
 84.000000 -1.923279 2.871488
 85.000000 -2.444970 3.059859
 86.000000 -1.997630 2.340910
 87.000000 -0.980788 2.189992
 88.000000 -1.695324 1.596394
 89.000000 -1.886532 2.551591
 90.000000 -1.221484 2.175701
 91.000000 -1.982215 2.607984
 92.000000 -1.237192 2.618410
 93.000000 -0.958342 2.289504
 94.000000 -1.152029 2.592896
 95.000000 -0.886949 2.814441
 96.000000 -1.292828 2.959785
 97.000000 -1.136802 2.544918
 98.000000 -1.102251 2.559960
 99.000000 -1.339228 2.672338
 100.000000 -1.176721 2.707790
 101.000000 -0.998954 2.311131
 102.000000 -1.228839 1.992848
 103.000000 -1.163654 2.384577
 104.000000 -1.011284 2.450096
 105.000000 -1.074161 2.249299
 106.000000 -1.378387 2.669820
 107.000000 -0.945700 2.582327
 108.000000 -2.004237 1.978183
 109.000000 -2.624099 1.282280
 110.000000 -2.810732 1.484371
 111.000000 -2.197206 2.034274
 112.000000 -2.503569 2.445167
 113.000000 -1.006667 2.256207
 114.000000 -1.304273 2.133314
 115.000000 -1.465629 2.475620
 116.000000 -2.223561 2.613659
 117.000000 -2.672244 -3.135263
 118.000000 -2.189457 2.225417
 119.000000 -1.331241 2.304458
 120.000000 -2.329585 2.112183
 121.000000 -2.122733 2.154747
 122.000000 -1.059777 2.446441
 123.000000 -2.040373 2.431419
 124.000000 -2.133637 2.260734
 125.000000 -0.953762 2.298331
 126.000000 -1.018875 2.392147
 127.000000 -1.143236 2.298816
 128.000000 -0.761892 2.411387
 129.000000 -1.267032 2.340738
 130.000000 -1.398690 2.704010
 131.000000 -1.143744 2.360001
 132.000000 -1.573275 2.775296
 133.000000 -1.537171 2.712392
 134.000000 -1.791310 2.458519
 135.000000 -1.292254 2.737995
 136.000000 -1.559438 2.424764
 137.000000 -1.214433 2.638230
 138.000000 -1.543208 -2.549613
 139.000000 -2.471050 2.508563
 140.000000 -2.230168 2.991026
 141.000000 -2.607012 -3.046238
 142.000000 -2.386544 2.261263
 143.000000 -2.047340 1.888828
 144.000000 -1.386730 1.799813
 145.000000 -0.969637 2.218404
 146.000000 -1.713087 2.199818
 147.000000 -1.631283 2.655382
 148.000000 -1.895564 -2.450997
 149.000000 -1.956553 2.414765
 150.000000 -1.086454 2.457913
 151.000000 -1.049700 2.624155
 152.000000 -1.010038 2.373596
 153.000000 -1.132042 2.460661
 154.000000 -1.244449 2.735002
 155.000000 -1.125829 2.161542
 156.000000 -0.986908 2.294869
 157.000000 -1.907602 2.186272
 158.000000 -0.875532 1.920865
 159.000000 -1.279516 2.310496
 160.000000 -1.097951 2.494072
 161.000000 -0.949148 1.979546
 162.000000 -1.007762 2.465582
 163.000000 -1.278972 2.202748
 164.000000 -1.156780 2.546878
 165.000000 -1.095227 2.327663
 166.000000 -1.012598 2.348812
 167.000000 -2.130898 2.374514
 168.000000 -1.725835 2.123772
 169.000000 -1.376596 2.425989
 170.000000 -1.356095 2.781033
 171.000000 -1.075133 2.469401
 172.000000 -0.696014 2.340339
 173.000000 -0.891833 2.560159
 174.000000 -1.069562 2.300129
 175.000000 -2.291492 2.634960
 176.000000 -1.492442 2.681241
 177.000000 -0.755066 2.596839
 178.000000 -1.233006 2.544749
 179.000000 -1.153039 2.318889
 180.000000 -1.424867 2.881987
 181.000000 -1.205107 2.379507
 182.000000 -0.986923 2.455916
 183.000000 -1.131698 2.420119
 184.000000 -1.102605 2.453628
 185.000000 -1.534805 2.328399
 186.000000 -1.111230 2.661104
 187.000000 -1.096944 2.492782
 188.000000 -1.208176 2.378685
 189.000000 -0.585596 2.602513
 190.000000 -1.076921 2.484666
 191.000000 -1.993853 2.316274
 192.000000 -2.128600 1.900485
 193.000000 -1.772321 2.077143
 194.000000 -2.384584 2.397904
 195.000000 -2.071560 2.457619
 196.000000 -1.515166 2.465373
 197.000000 -2.049401 2.667961
 198.000000 -1.747937 2.427739
 199.000000 -1.596688 2.617300
 200.000000 -1.808725 1.649054
 201.000000 -1.425326 1.936554
 202.000000 -1.400914 1.877730
 203.000000 -1.169999 2.487330
 204.000000 -1.052796 2.985168
 205.000000 -1.400627 2.410493
 206.000000 -1.139693 2.419563
 207.000000 -1.149664 2.373280
 208.000000 -1.061629 2.216163
 209.000000 -1.148225 2.515569
 210.000000 -1.847359 2.624396
 211.000000 -1.291811 2.428568
 212.000000 -1.078325 2.077897
 213.000000 -1.116946 2.310278
 214.000000 -1.187497 2.412409
 215.000000 -1.176691 2.803349
 216.000000 -1.038891 2.370086
 217.000000 -1.223471 2.543470
 218.000000 -1.515753 2.317414
 219.000000 -1.381892 2.511548
 220.000000 -1.576175 2.411723
 221.000000 -0.637274 2.421627
 222.000000 -1.096712 2.150146
 223.000000 -1.892448 2.686619
 224.000000 -1.091592 2.325891
 225.000000 -1.157911 2.732084
 226.000000 -1.112827 2.580980
 227.000000 -1.418002 2.633242
 228.000000 -1.035645 2.669914
 229.000000 -1.377039 3.118643
 230.000000 -2.538838 2.860680
 231.000000 -2.462872 2.615796
 232.000000 -2.853986 2.935861
 233.000000 -2.655679 2.856309
 234.000000 -2.533063 2.812841
 235.000000 -1.957000 2.666601
 236.000000 -2.557303 2.526394
 237.000000 3.069592 1.894056
 238.000000 -2.789487 2.973356
 239.000000 -2.586624 2.299522
 240.000000 -2.821529 0.707846
 241.000000 -1.363047 -0.368912
 242.000000 -2.024644 0.405924
 243.000000 -1.401918 -0.324695
 244.000000 -1.529489 -0.317587
 245.000000 -1.954521 -0.550020
 246.000000 -2.822587 0.138922
 247.000000 -2.834897 0.377718
 248.000000 -2.433441 -0.269515
 249.000000 -2.545778 0.501577
 250.000000 -1.721158 -0.149153
 251.000000 -1.047840 -0.753489
 252.000000 -1.109357 -0.645721
 253.000000 -1.536922 -0.530972
 254.000000 -1.421516 -0.491122
 255.000000 -1.634948 -0.067598
 256.000000 -1.973295 0.311927
 257.000000 -1.760087 -0.038944
 258.000000 -1.457131 -0.141288
 259.000000 -1.043215 -0.797069
 260.000000 -1.050698 -0.818497
 261.000000 -1.192808 -0.726699
 262.000000 -0.956870 -0.640478
 263.000000 -1.195246 -0.758743
 264.000000 -1.067555 -0.769261
 265.000000 -0.989310 -0.837269
 266.000000 -1.004312 -0.791314
 267.000000 -1.298616 -0.640343
 268.000000 -1.044163 -1.182083
 269.000000 -1.220708 -0.452228
 270.000000 -1.648152 0.034612
 271.000000 -2.174450 -0.804684
 272.000000 -1.245650 -0.371792
 273.000000 -1.433166 -0.495254
 274.000000 -1.686084 -0.039148
 275.000000 -1.308342 -0.112743
 276.000000 -1.106355 -0.539940
 277.000000 -0.883692 -0.697628
 278.000000 -1.665472 -0.175077
 279.000000 -1.550326 0.068250
 280.000000 -2.052910 0.078489
 281.000000 -1.955947 0.509375
 282.000000 -1.945455 0.359090
 283.000000 -1.489059 -0.197045
 284.000000 -2.871148 0.253738
 285.000000 -1.652136 0.174518
 286.000000 -1.122890 -0.616825
 287.000000 -2.066247 0.083689
 288.000000 -1.523904 -0.349231
 289.000000 -1.519710 -0.274565
 290.000000 -1.898050 0.240085
 291.000000 -2.201082 -0.051148
 292.000000 -1.075202 -0.773940
 293.000000 -1.313166 -0.665212
 294.000000 -1.622462 -0.451332
 295.000000 -1.142697 -0.740649
 296.000000 -1.167986 -0.705022
 297.000000 -1.035638 -0.734964
 298.000000 -1.016373 -0.820276
 299.000000 -1.109563 -0.832201
 300.000000 -1.053464 -0.553159
 301.000000 -1.952519 -0.173991
 302.000000 -1.841548 0.182701
 303.000000 -2.389177 0.409364
 304.000000 -2.390686 0.956127
 305.000000 -1.955178 -0.407229
 306.000000 -1.050665 -0.717801
 307.000000 -2.219095 -0.292574
 308.000000 -1.846964 0.246245
 309.000000 -1.745110 0.124814
 310.000000 -1.761087 0.265698
 311.000000 -1.689834 0.070827
 312.000000 -1.147295 -1.083652
 313.000000 -1.086193 -0.705237
 314.000000 -1.690422 0.094899
 315.000000 -1.443963 -0.285782
 316.000000 -1.003591 -0.840662
 317.000000 -1.042972 -0.609758
 318.000000 -1.164628 -0.681307
 319.000000 -1.669332 -0.055185
 320.000000 -1.704184 0.362726
 321.000000 -1.900882 0.288356
 322.000000 -1.682887 -0.132360
 323.000000 -2.180864 0.227622
 324.000000 -1.658300 0.182559
 325.000000 -1.075244 -0.811039
 326.000000 -1.595235 -0.144358
 327.000000 -1.689542 -0.101442
 328.000000 -1.915144 0.301271
 329.000000 -2.168050 0.376161
 330.000000 -2.028268 0.323362
 331.000000 -1.653006 -0.017752
 332.000000 -1.665105 0.420158
 333.000000 -1.303018 -0.520671
 334.000000 -2.088553 0.359545
 335.000000 -1.019632 -0.833247
 336.000000 -1.049881 -0.792918
 337.000000 -1.263139 -0.455511
 338.000000 -1.611639 -0.274408
 339.000000 -0.915878 -0.872845
 340.000000 -1.073804 -0.821228
 341.000000 -0.978408 -0.833466
 342.000000 -1.029762 -0.729253
 343.000000 -1.079902 -0.686461
 344.000000 -1.612504 -0.315394
 345.000000 -1.661388 -0.262514
 346.000000 -1.705318 -0.333643
 347.000000 -0.880324 -0.763456
 348.000000 -1.073676 -0.752071
 349.000000 -0.996283 -0.673130
 350.000000 -1.092355 -0.878234
 351.000000 -1.146494 -0.943421
 352.000000 -1.110148 -0.757221
 353.000000 -1.106573 -0.931448
 354.000000 -1.230780 -0.278294
 355.000000 -1.687651 -0.052677
 356.000000 -2.031181 -0.131038
 357.000000 -1.326041 -0.692453
 358.000000 -1.009703 -0.759066
 359.000000 -1.449975 -0.215683
 360.000000 -1.167289 -0.272453
 361.000000 -1.881652 -0.027429
 362.000000 -1.756635 0.057206
 363.000000 -1.845067 -0.041728
 364.000000 -1.749779 0.363958
 365.000000 -1.784232 0.120818
 366.000000 -1.292304 -0.751233
 367.000000 -1.790971 0.315087
 368.000000 -1.551092 -0.146673
 369.000000 -1.417033 0.502658
 370.000000 -1.821395 0.268851
 371.000000 -1.763693 -0.467740
 372.000000 -2.124074 0.073226
 373.000000 -1.524104 0.881964
 374.000000 -1.358665 1.950063
 375.000000 -1.652150 2.811009
 376.000000 -1.590464 -2.968815
 377.000000 -0.969026 2.627286
 378.000000 -1.073720 2.202507
 379.000000 -0.848813 2.171035
 380.000000 -1.426679 2.836121
 381.000000 -0.864155 2.285629
 382.000000 -1.057825 2.064447
 383.000000 -1.699563 -3.049630
 384.000000 -1.358319 2.645124
 385.000000 -1.099483 2.340610
 386.000000 -1.143623 2.780255
 387.000000 -2.074483 2.438314
 388.000000 -2.643350 2.548154
 389.000000 -2.781000 2.955372
 390.000000 -2.190849 2.413270
 391.000000 -2.217716 -2.584717
 392.000000 -2.199882 3.119749
 393.000000 -0.874230 2.639293
 394.000000 -1.289653 1.986355
 395.000000 -2.309472 2.613577
 396.000000 -2.241954 3.031715
 397.000000 -2.148179 0.830427
 398.000000 -1.458355 0.493554
 399.000000 -2.561621 1.953251
 400.000000 -1.481368 2.707228
