#! FIELDS time phi psi
#! SET min_phi -pi
#! SET max_phi pi
#! SET min_psi -pi
#! SET max_psi pi
 0.000000 -2.751988 0.946874
 1.000000 -1.394042 0.499783
 2.000000 -1.977562 0.086785
 3.000000 -1.774174 0.093463
 4.000000 -1.975367 0.096964
 5.000000 -1.947300 0.499127
 6.000000 -1.744682 0.049644
 7.000000 -2.189903 0.165321
 8.000000 -1.795733 0.272901
 9.000000 -1.886669 0.126189
 10.000000 -1.706131 -0.278530
 11.000000 -0.834047 -1.024129
 12.000000 -0.991406 -0.737747
 13.000000 -1.080227 -0.479243
 14.000000 -2.103187 -0.747099
 15.000000 -1.610615 0.015539
 16.000000 -2.034210 0.291471
 17.000000 -2.014937 0.372883
 18.000000 -1.632551 0.183203
 19.000000 -1.274799 -0.364681
 20.000000 -1.015432 -0.720330
 21.000000 -1.452808 -0.304564
 22.000000 -1.316492 -0.325774
 23.000000 -1.684573 0.170043
 24.000000 -2.029472 0.048470
 25.000000 -1.316785 -0.120693
 26.000000 -1.149159 -0.734317
 27.000000 -1.935068 0.087553
 28.000000 -1.850483 0.046606
 29.000000 -1.478308 -0.370855
 30.000000 -1.815476 0.162360
 31.000000 -1.717361 -0.226802
 32.000000 -1.854701 0.432274
 33.000000 -1.360857 -0.411361
 34.000000 -1.150242 -0.739103
 35.000000 -1.601694 -0.086248
 36.000000 -2.018344 0.042911
 37.000000 -1.254685 -0.722244
 38.000000 -1.038534 -0.718635
 39.000000 -1.053019 -0.795978
 40.000000 -1.077577 -0.838384
 41.000000 -0.997875 -0.815609
 42.000000 -1.100931 -0.829217
 43.000000 -1.195044 -0.670583
 44.000000 -1.120715 -0.799517
 45.000000 -0.855791 -1.028257
 46.000000 -0.959115 -0.696388
 47.000000 -1.293474 -0.832868
 48.000000 -1.710769 -0.543777
 49.000000 -2.121056 0.234598
 50.000000 -0.953438 -0.850729
 51.000000 -1.482684 -0.248695
 52.000000 -1.822464 -0.099461
 53.000000 -1.809019 0.080764
 54.000000 -1.609720 0.054237
 55.000000 -3.026464 0.243849
 56.000000 3.100016 1.541408
 57.000000 -3.040801 0.983249
 58.000000 -2.518511 1.184499
 59.000000 -2.264860 0.017391
 60.000000 -2.442345 -0.263991
 61.000000 -2.887394 0.489697
 62.000000 -1.936931 0.097640
 63.000000 -2.469976 0.090903
 64.000000 -1.796466 -0.855655
 65.000000 -2.063348 0.349994
 66.000000 -1.813050 0.286847
 67.000000 -2.226186 -0.235422
 68.000000 -3.129694 0.770250
 69.000000 -1.854762 0.455711
 70.000000 -1.849769 0.005786
 71.000000 -1.568069 0.032236
 72.000000 -1.157982 -0.679064
 73.000000 -1.612532 0.520810
 74.000000 -1.878789 -0.073776
 75.000000 -2.200703 0.056686
 76.000000 -1.520689 0.211623
 77.000000 -1.983802 0.211335
 78.000000 -1.092096 -0.727504
 79.000000 -1.664458 -0.536092
 80.000000 -1.375088 -0.291730
 81.000000 -1.938421 0.012953
 82.000000 -1.851997 -0.065658
 83.000000 -1.364725 -0.748380
 84.000000 -1.167310 -0.745174
 85.000000 -1.893445 -0.311831
 86.000000 -1.750954 -0.192111
 87.000000 -1.093845 -0.888460
 88.000000 -0.992606 -0.652294
 89.000000 -1.183723 -0.715151
 90.000000 -1.589137 0.391010
 91.000000 -2.475208 0.456391
 92.000000 -2.432090 0.699996
 93.000000 -2.262472 0.772581
 94.000000 -1.814885 -0.294052
 95.000000 -1.555034 -0.174393
 96.000000 -1.981234 0.217926
 97.000000 -2.044165 0.172453
 98.000000 -2.215518 -0.205123
 99.000000 -2.826693 0.054718
 100.000000 -3.017738 0.670608
 101.000000 -1.138173 0.615461
 102.000000 -1.747293 0.103208
 103.000000 -2.365035 1.235346
 104.000000 -1.498561 0.024127
 105.000000 -1.189847 -0.412687
 106.000000 -1.450271 -0.325267
 107.000000 -2.257796 0.148240
 108.000000 -2.886517 0.987721
 109.000000 -1.970309 1.165962
 110.000000 -2.576373 0.555309
 111.000000 -2.275518 0.560750
 112.000000 -2.394571 0.365562
 113.000000 -1.424200 -0.152452
 114.000000 -1.688424 0.072543
 115.000000 -1.760393 0.012511
 116.000000 -1.770452 -0.025288
 117.000000 -2.245055 0.197844
 118.000000 -1.619555 -0.293563
 119.000000 -1.233325 -0.211067
 120.000000 -1.079569 -0.585814
 121.000000 -1.061947 -0.701729
 122.000000 -0.893637 -0.583565
 123.000000 -1.314787 -0.647473
 124.000000 -1.106900 -0.662179
 125.000000 -1.029790 -0.568441
 126.000000 -1.887228 0.179444
 127.000000 -2.015874 -0.085176
 128.000000 -1.799303 0.178365
 129.000000 -1.940706 0.270248
 130.000000 -1.244893 0.076312
 131.000000 -1.587397 -0.336886
 132.000000 -1.599125 0.250170
 133.000000 -1.863915 0.064430
 134.000000 -1.466106 -0.760100
 135.000000 -1.783914 0.047679
 136.000000 -1.376626 -0.459997
 137.000000 -1.884940 0.010136
 138.000000 -1.222378 -0.512321
 139.000000 -1.574437 -0.383616
 140.000000 -1.670278 0.248240
 141.000000 -1.502429 0.263585
 142.000000 -2.087064 0.049159
 143.000000 -1.424656 0.073166
 144.000000 -1.800800 0.130567
 145.000000 -1.803113 -0.172972
 146.000000 -2.221468 -0.852647
 147.000000 -2.606335 -0.978043
 148.000000 -1.081699 -0.586822
 149.000000 -1.578397 0.650623
 150.000000 -1.639375 0.154810
 151.000000 -2.121297 0.119326
 152.000000 -1.881466 0.066582
 153.000000 -1.819416 0.104631
 154.000000 -1.762145 -0.015320
 155.000000 -2.269317 0.434269
 156.000000 -1.879064 0.404688
 157.000000 -3.016426 0.294346
 158.000000 -2.165809 0.299661
 159.000000 -1.184048 -0.683061
 160.000000 -0.925010 -0.841355
 161.000000 -1.956165 -0.034932
 162.000000 -1.865867 0.378083
 163.000000 -2.093305 0.186689
 164.000000 -3.069481 -0.009802
 165.000000 -2.894345 -0.130918
 166.000000 -2.569578 -0.034672
 167.000000 -1.226139 -0.574875
 168.000000 -1.968419 0.153164
 169.000000 -1.979154 0.392190
 170.000000 -2.679984 0.194584
 171.000000 -2.033185 -0.236368
 172.000000 -1.944411 -0.029749
 173.000000 -1.873508 0.098976
 174.000000 -1.803223 -0.268284
 175.000000 -1.359471 -0.303046
 176.000000 -1.260932 -0.608864
 177.000000 -1.182707 -0.606734
 178.000000 -1.461569 -0.411301
 179.000000 -1.821362 -0.103306
 180.000000 -2.283108 -0.203106
 181.000000 -1.600478 -0.175719
 182.000000 -1.704161 0.060386
 183.000000 -1.765381 0.121157
 184.000000 -1.867388 0.130362
 185.000000 -1.304089 -0.286148
 186.000000 -1.345099 0.349855
 187.000000 -1.727765 0.250099
 188.000000 -0.951990 -0.807268
 189.000000 -1.356020 -0.767663
 190.000000 -1.080623 -0.510403
 191.000000 -0.992690 -0.789187
 192.000000 -1.212537 -0.523031
 193.000000 -1.667539 -0.116735
 194.000000 -1.847963 0.156538
 195.000000 -1.242742 -0.754901
 196.000000 -1.306442 -0.437226
 197.000000 -1.314956 -0.500326
 198.000000 -2.023509 0.028844
 199.000000 -1.447374 -0.318512
 200.000000 -1.980119 0.221389
 201.000000 -1.194524 -0.467068
 202.000000 -1.758215 0.056757
 203.000000 -2.123312 -0.139934
 204.000000 -1.825887 -0.036874
 205.000000 -1.363985 -0.274289
 206.000000 -1.270221 -0.681582
 207.000000 -1.206359 -0.301979
 208.000000 -2.118694 0.332611
 209.000000 -1.280021 -0.298402
 210.000000 -1.211900 -0.578589
 211.000000 -1.226965 -0.521948
 212.000000 -2.012102 0.075599
 213.000000 -2.587504 0.287580
 214.000000 -1.858704 -0.064571
 215.000000 -2.455583 0.324971
 216.000000 -1.779702 -0.124551
 217.000000 -1.157922 -0.523475
 218.000000 -1.264661 -0.491212
 219.000000 -1.143806 -0.772360
 220.000000 -1.034383 -0.713872
 221.000000 -1.827838 -0.010899
 222.000000 -2.142202 0.084473
 223.000000 -2.589845 -0.213988
 224.000000 -2.910854 -0.361822
 225.000000 -2.080145 0.039238
 226.000000 -1.742727 -0.084883
 227.000000 -1.652966 -0.060769
 228.000000 -2.668780 0.194628
 229.000000 -2.804829 0.183287
 230.000000 -2.159626 0.140168
 231.000000 -3.120119 0.578625
 232.000000 -1.389848 -0.148590
 233.000000 -1.999750 0.256087
 234.000000 -2.105890 0.390853
 235.000000 -1.987577 -0.155117
 236.000000 -2.196284 0.071289
 237.000000 -1.262800 -0.561061
 238.000000 -0.948315 -0.766943
 239.000000 -1.157320 -0.527277
 240.000000 -2.002465 0.180201
 241.000000 -1.884290 0.109025
 242.000000 -1.790165 0.139782
 243.000000 -1.856436 0.382775
 244.000000 -2.826510 -0.083921
 245.000000 -2.983307 0.125584
 246.000000 -2.878778 0.387781
 247.000000 -2.817863 0.359158
 248.000000 -1.594495 -0.316888
 249.000000 -1.863189 -0.091903
 250.000000 -1.877872 -0.056820
 251.000000 -1.669326 -0.038193
 252.000000 -1.886365 -0.105174
 253.000000 -1.984179 0.002632
 254.000000 -2.756476 0.300166
 255.000000 -2.916333 0.046653
 256.000000 -2.693304 -0.320789
 257.000000 -2.562583 0.265426
 258.000000 -2.664735 0.409134
 259.000000 -1.765894 0.129393
 260.000000 -1.874499 0.164335
 261.000000 -1.432653 -0.226081
 262.000000 -1.273392 -0.538849
 263.000000 -1.654971 0.115422
 264.000000 -0.948367 -0.663911
 265.000000 -1.063825 -0.781364
 266.000000 -1.009195 -0.796151
 267.000000 -1.682188 0.090520
 268.000000 -1.634034 -0.249010
 269.000000 -1.930748 -0.169518
 270.000000 -1.577585 -0.243704
 271.000000 -2.018149 0.082082
 272.000000 -1.926801 0.389058
 273.000000 -1.676691 0.107673
 274.000000 -1.999181 -0.096429
 275.000000 -2.269177 -0.267079
 276.000000 -1.344453 -0.506632
 277.000000 -1.060232 0.172523
 278.000000 -1.729016 -0.274091
 279.000000 -1.254642 -0.361153
 280.000000 -1.014644 0.977440
 281.000000 -1.573419 2.633344
 282.000000 -0.883424 2.316449
 283.000000 -1.200584 2.719950
 284.000000 -1.010509 2.737860
 285.000000 -0.917257 2.779870
 286.000000 -1.110043 2.461135
 287.000000 -1.107560 2.288773
 288.000000 -1.017380 2.511184
 289.000000 -0.975510 2.617611
 290.000000 -1.029320 2.648432
 291.000000 -0.983588 2.580295
 292.000000 -1.155516 2.808272
 293.000000 -1.068415 2.722211
 294.000000 -1.327889 2.310577
 295.000000 -1.831703 2.460003
 296.000000 -1.307137 2.572559
 297.000000 -0.942074 2.535587
 298.000000 -1.026084 2.297642
 299.000000 -1.317798 2.748434
 300.000000 -1.538437 2.332107
 301.000000 -1.058436 2.579298
 302.000000 -1.226720 2.343400
 303.000000 -0.900942 2.511882
 304.000000 -1.111355 2.627976
 305.000000 -1.440555 1.976216
 306.000000 -0.907637 2.232675
 307.000000 -1.450680 2.808613
 308.000000 -0.867070 2.817561
 309.000000 -1.205213 2.883871
 310.000000 -0.833686 2.989050
 311.000000 -0.960755 2.775324
 312.000000 -0.716729 2.508558
 313.000000 -1.324458 2.392266
 314.000000 -2.259575 2.593697
 315.000000 -1.325526 2.225786
 316.000000 -1.155610 2.995107
 317.000000 -2.557468 2.636631
 318.000000 -2.333435 2.856695
 319.000000 -2.540300 2.569996
 320.000000 -1.271747 2.734551
 321.000000 -2.473274 2.650177
 322.000000 -1.924412 -2.659355
 323.000000 -1.722645 -2.348228
 324.000000 -2.666028 3.067451
 325.000000 -2.317548 2.165807
 326.000000 -2.792444 2.764543
 327.000000 -2.428885 3.016319
 328.000000 -1.626163 3.013639
 329.000000 -1.648789 2.604350
 330.000000 -0.962340 2.194036
 331.000000 -1.070689 2.662668
 332.000000 -1.181856 2.785708
 333.000000 -0.800275 2.577876
 334.000000 -1.472439 2.497187
 335.000000 -1.055699 2.542899
 336.000000 -1.216926 2.383393
 337.000000 -1.217416 2.670661
 338.000000 -1.755664 2.945225
 339.000000 -1.962843 2.447081
 340.000000 -1.312398 1.967704
 341.000000 -1.300233 2.003474
 342.000000 -1.283653 2.608833
 343.000000 -0.750309 2.658735
 344.000000 -1.173989 2.494345
 345.000000 -2.311095 2.764250
 346.000000 -2.430649 2.564189
 347.000000 -2.762474 2.698818
 348.000000 -1.593433 2.245210
 349.000000 -2.224839 2.768002
 350.000000 -2.425430 2.673685
 351.000000 -2.771025 2.649026
 352.000000 -1.720053 2.569872
 353.000000 -1.103807 2.347961
 354.000000 -1.045146 2.397253
 355.000000 -0.996413 2.445762
 356.000000 -1.070453 2.557670
 357.000000 -1.358692 2.411298
 358.000000 -1.113127 2.525439
 359.000000 -1.320514 2.710647
 360.000000 -0.769759 2.391708
 361.000000 -1.401992 2.713122
 362.000000 -0.902167 2.476047
 363.000000 -1.965432 2.425602
 364.000000 -1.300150 2.869614
 365.000000 -1.922194 2.294099
 366.000000 -1.021719 2.379497
 367.000000 -1.317970 2.617858
 368.000000 -0.890119 2.638055
 369.000000 -1.102136 2.516482
 370.000000 -1.002851 2.414097
 371.000000 -0.923635 2.410337
 372.000000 -1.125760 1.885887
 373.000000 -1.175632 2.158220
 374.000000 -1.253940 2.155760
 375.000000 -1.160739 2.547537
 376.000000 -1.222878 2.426336
 377.000000 -1.397649 2.504085
 378.000000 -2.068054 2.005354
 379.000000 -2.088028 2.337244
 380.000000 -1.805237 2.317553
 381.000000 -0.860696 2.453034
 382.000000 -1.000148 2.650810
 383.000000 -0.950893 2.735312
 384.000000 -1.226247 2.288544
 385.000000 -1.011228 2.573458
 386.000000 -1.210996 3.054001
 387.000000 -1.302085 2.575422
 388.000000 -1.290964 2.907271
 389.000000 -0.999891 2.483837
 390.000000 -1.025879 2.552863
 391.000000 -0.663366 2.739103
 392.000000 -1.357191 2.444326
 393.000000 -0.938372 2.745068
 394.000000 -1.123588 2.485983
 395.000000 -1.057815 2.078967
 396.000000 -0.955498 2.422069
 397.000000 -1.403331 2.426755
 398.000000 -0.822637 2.218282
 399.000000 -1.016483 2.675611
 400.000000 -1.412617 2.575645
