#! FIELDS time phi psi
#! SET min_phi -pi
#! SET max_phi pi
#! SET min_psi -pi
#! SET max_psi pi
 0.000000 -2.553053 0.606275
 1.000000 -2.487409 0.350324
 2.000000 -2.086869 0.320550
 3.000000 -1.825990 0.047998
 4.000000 -1.977457 0.072865
 5.000000 -1.837440 0.180824
 6.000000 -2.254183 0.266324
 7.000000 -0.966828 -0.896783
 8.000000 -1.252008 -0.773522
 9.000000 -1.194039 -0.341232
 10.000000 -1.275224 -0.490074
 11.000000 -2.029771 0.061922
 12.000000 -1.179929 -0.737980
 13.000000 -1.549043 0.064014
 14.000000 -1.687595 -0.041509
 15.000000 -1.229694 -0.571899
 16.000000 -1.668787 -0.093012
 17.000000 -1.844637 0.347013
 18.000000 -1.698384 -0.203753
 19.000000 -0.979784 -0.865195
 20.000000 -1.105401 -0.660708
 21.000000 -1.141026 -0.825219
 22.000000 -1.465825 -0.282627
 23.000000 -1.122387 -0.603052
 24.000000 -1.192106 -0.735914
 25.000000 -0.720929 -0.969510
 26.000000 -1.083669 -0.531016
 27.000000 -1.208357 -0.379066
 28.000000 -2.538588 -0.119757
 29.000000 -2.750638 0.093030
 30.000000 -2.769690 0.250705
 31.000000 -2.834089 -0.007758
 32.000000 -2.027035 0.107430
 33.000000 -2.066517 0.087442
 34.000000 -1.885267 -0.208522
 35.000000 -2.186478 0.494296
 36.000000 -2.124637 0.387245
 37.000000 -2.680283 0.256654
 38.000000 -2.852779 0.223426
 39.000000 -1.800238 -0.537086
 40.000000 -1.264634 -0.141004
 41.000000 -1.548177 0.592573
 42.000000 -2.015985 0.092458
 43.000000 -1.555985 -0.169334
 44.000000 -1.588811 -0.123654
 45.000000 -0.979006 -0.737121
 46.000000 -0.917640 -0.752018
 47.000000 -1.022653 -0.869949
 48.000000 -1.151262 -0.790298
 49.000000 -0.946387 -0.912675
 50.000000 -1.727611 -0.354383
 51.000000 -1.822011 0.021789
 52.000000 -1.466097 -0.144732
 53.000000 -1.910037 0.419957
 54.000000 -1.356439 -0.423103
 55.000000 -1.872434 -0.296431
 56.000000 -2.905089 -0.017970
 57.000000 -3.045033 -0.064390
 58.000000 -1.950410 -0.025789
 59.000000 -1.635932 0.088789
 60.000000 -2.262220 -0.047486
 61.000000 -1.746824 0.109938
 62.000000 -1.956564 0.586258
 63.000000 -1.628437 0.336982
 64.000000 -1.752277 0.029996
 65.000000 -1.596651 0.101394
 66.000000 -1.774047 0.211594
 67.000000 -1.893811 0.016138
 68.000000 -1.829551 -0.048102
 69.000000 -1.687096 0.199621
 70.000000 -1.879669 0.487549
 71.000000 -2.083218 0.313178
 72.000000 -2.687989 0.196335
 73.000000 -2.052201 0.043243
 74.000000 -1.700082 0.111406
 75.000000 -1.745360 -0.470037
 76.000000 -1.867999 -0.335733
 77.000000 -1.791820 0.409599
 78.000000 -1.377195 -0.281311
 79.000000 -1.109826 -0.488951
 80.000000 -1.256522 -0.266623
 81.000000 -1.576079 -0.053971
 82.000000 -1.610312 -0.052881
 83.000000 -1.009434 -0.677587
 84.000000 -1.259450 -0.996058
 85.000000 -1.034509 -0.748009
 86.000000 -1.784692 -0.142996
 87.000000 -2.095872 0.190563
 88.000000 -1.459332 0.925891
 89.000000 -2.328144 0.243678
 90.000000 -1.589936 -0.413400
 91.000000 -1.767145 -0.019139
 92.000000 -1.749877 -0.059205
 93.000000 -1.147097 -0.605852
 94.000000 -2.432429 -0.165727
 95.000000 -2.535326 0.399306
 96.000000 -2.295530 0.385597
 97.000000 -1.669349 -0.234558
 98.000000 -1.696834 0.058354
 99.000000 -2.714102 0.584218
 100.000000 -1.615566 -0.076153
 101.000000 -1.703547 0.112780
 102.000000 -1.787404 -0.420182
 103.000000 -1.782541 0.421531
 104.000000 -1.445024 -0.625410
 105.000000 -1.459632 -0.444444
 106.000000 -2.005993 0.030323
 107.000000 -1.118989 -0.875243
 108.000000 -1.591992 -0.879645
 109.000000 -1.495757 -0.079189
 110.000000 -1.195301 -0.495266
 111.000000 -1.044313 -0.575638
 112.000000 -1.103502 -0.687399
 113.000000 -1.603213 0.065518
 114.000000 -1.763951 0.066258
 115.000000 -1.281447 -0.353394
 116.000000 -1.497283 -0.494721
 117.000000 -1.502725 -0.366246
 118.000000 -1.503928 -0.354869
 119.000000 -1.955489 0.079751
 120.000000 -0.847742 -0.773587
 121.000000 -0.986494 -0.775453
 122.000000 -0.799224 -0.902938
 123.000000 -1.282392 -0.501035
 124.000000 -1.598553 -0.240241
 125.000000 -1.729872 0.116944
 126.000000 -1.987135 -0.042055
 127.000000 -1.954205 0.047397
 128.000000 -1.641561 0.304032
 129.000000 -2.001429 0.309038
 130.000000 -1.339312 -0.544710
 131.000000 -1.028274 -0.700507
 132.000000 -0.943126 -0.805976
 133.000000 -1.439846 -0.398080
 134.000000 -1.294500 -0.361251
 135.000000 -1.029451 -0.451198
 136.000000 -1.252163 -0.461812
 137.000000 -1.192153 -0.385046
 138.000000 -1.082485 -0.712244
 139.000000 -1.833588 -0.131541
 140.000000 -1.138671 -0.805903
 141.000000 -0.879344 -0.909835
 142.000000 -1.562030 0.108103
 143.000000 -1.841024 0.061141
 144.000000 -1.942582 0.072014
 145.000000 -1.758362 -0.235257
 146.000000 -1.779607 0.329027
 147.000000 -2.136662 0.157773
 148.000000 -1.114165 -0.742029
 149.000000 -0.953596 -0.794671
 150.000000 -1.023869 -0.790590
 151.000000 -1.086992 -0.759176
 152.000000 -1.543641 -0.569833
 153.000000 -0.961947 -0.978093
 154.000000 -1.220910 -0.417112
 155.000000 -1.701271 -0.302246
 156.000000 -1.062294 -0.629628
 157.000000 -1.359545 -0.407875
 158.000000 -1.433280 -0.228312
 159.000000 -1.982331 -0.284759
 160.000000 -1.995152 0.327690
 161.000000 -1.385438 -0.208860
 162.000000 -1.100105 -0.562553
 163.000000 -1.028280 -0.791408
 164.000000 -1.685342 0.413292
 165.000000 -1.008425 -0.720215
 166.000000 -1.452745 0.599802
 167.000000 -1.779461 -0.070913
 168.000000 -1.646968 0.127000
 169.000000 -1.658630 -0.350319
 170.000000 -1.621026 0.084624
 171.000000 -1.637094 0.065673
 172.000000 -1.509022 0.135954
 173.000000 -2.248227 -0.506720
 174.000000 -1.800616 0.094870
 175.000000 -1.104432 -0.811109
 176.000000 -1.031442 -0.884245
 177.000000 -1.815227 -0.022581
 178.000000 -1.882224 0.309767
 179.000000 -1.915453 -0.007191
 180.000000 -1.795879 0.297021
 181.000000 -0.978870 -0.779749
 182.000000 -1.309783 -0.448410
 183.000000 -0.928112 -1.151768
 184.000000 -1.073954 -0.657813
 185.000000 -1.807307 0.100745
 186.000000 -2.081676 0.295070
 187.000000 -1.119695 -0.786504
 188.000000 -1.975424 0.057370
 189.000000 -1.379196 -0.359888
 190.000000 -1.052334 -0.640956
 191.000000 -1.565258 -0.128041
 192.000000 -1.564876 0.082560
 193.000000 -2.372033 -0.445599
 194.000000 -1.760043 -0.075761
 195.000000 -1.125837 -0.834709
 196.000000 -1.148113 -0.907888
 197.000000 -1.011494 -0.695749
 198.000000 -1.179522 -0.686143
 199.000000 -1.187146 -0.616059
 200.000000 -1.120848 -0.684118
 201.000000 -1.033866 -0.708786
 202.000000 -2.126563 -0.110994
 203.000000 -1.751842 -0.073560
 204.000000 -1.459919 -0.526583
 205.000000 -1.573972 0.011488
 206.000000 -1.534773 0.422459
 207.000000 -1.545503 -0.349526
 208.000000 -1.131285 -0.663699
 209.000000 -1.379029 -0.449065
 210.000000 -1.308138 -0.285440
 211.000000 -0.964346 -0.828673
 212.000000 -0.904508 -0.723268
 213.000000 -1.757537 -0.447529
 214.000000 -1.105828 -0.771738
 215.000000 -1.692339 0.022355
 216.000000 -1.670490 -0.133908
 217.000000 -2.244896 0.301574
 218.000000 -1.272570 -0.346038
 219.000000 -1.794983 -0.194930
 220.000000 -1.806794 -0.160303
 221.000000 -1.817180 0.131675
 222.000000 -1.830360 0.066285
 223.000000 -1.843263 0.166973
 224.000000 -2.144014 0.275357
 225.000000 -1.000428 -0.549032
 226.000000 -1.063991 -0.850166
 227.000000 -1.766641 0.172967
 228.000000 -2.030254 -0.051089
 229.000000 -1.763826 0.474668
 230.000000 -1.368292 -0.543836
 231.000000 -1.838719 -0.152538
 232.000000 -2.442791 -0.505104
 233.000000 -1.885139 0.019555
 234.000000 -1.813115 -0.189030
 235.000000 -2.282044 0.300624
 236.000000 -1.848196 0.218216
 237.000000 -1.835010 -0.010766
 238.000000 -1.785184 0.582062
 239.000000 -1.878093 0.217468
 240.000000 -1.752303 0.006717
 241.000000 -1.723599 0.352648
 242.000000 -2.112332 0.134633
 243.000000 -1.681756 0.130041
 244.000000 -1.035199 -0.881538
 245.000000 -0.990124 -0.773074
 246.000000 -1.049911 -0.939071
 247.000000 -1.293423 -0.436429
 248.000000 -1.308438 -0.210313
 249.000000 -0.824918 -0.994166
 250.000000 -1.472728 -0.386867
 251.000000 -1.133579 -0.592043
 252.000000 -1.381834 -0.196809
 253.000000 -1.853623 -0.048747
 254.000000 -2.178075 0.755689
 255.000000 -2.571823 0.436619
 256.000000 -2.531907 0.463000
 257.000000 -2.541117 -0.606583
 258.000000 -2.072617 0.074028
 259.000000 -2.018191 -0.059050
 260.000000 -1.594531 -0.094274
 261.000000 -1.595479 -0.128707
 262.000000 -0.914929 -0.703126
 263.000000 -0.896394 -0.696930
 264.000000 -1.099216 -0.867421
 265.000000 -0.947765 -0.792840
 266.000000 -1.132595 -0.627663
 267.000000 -1.088859 -0.553945
 268.000000 -1.197913 -0.566155
 269.000000 -1.737026 -0.200541
 270.000000 -1.368505 -0.234350
 271.000000 -1.804426 -0.056913
 272.000000 -1.578341 -0.362185
 273.000000 -1.890325 -0.038059
 274.000000 -1.889296 0.039599
 275.000000 -2.335272 0.929445
 276.000000 -1.658244 -0.452966
 277.000000 -1.590379 -0.131835
 278.000000 -1.604677 -0.471924
 279.000000 -1.005795 -0.700381
 280.000000 -1.706873 0.074307
 281.000000 -1.707374 -0.045207
 282.000000 -1.022190 -0.552700
 283.000000 -1.199082 -0.531847
 284.000000 -1.084249 -0.490356
 285.000000 -1.850863 0.190544
 286.000000 -2.257599 0.337255
 287.000000 -2.047075 0.006324
 288.000000 -1.786132 0.113052
 289.000000 -1.666722 -0.071623
 290.000000 -1.898456 0.348367
 291.000000 -1.082253 -0.405140
 292.000000 -2.436729 0.575227
 293.000000 -2.183854 0.278517
 294.000000 -1.878084 0.356737
 295.000000 -2.251763 0.068711
 296.000000 -1.820679 -0.220654
 297.000000 -1.197201 -0.727658
 298.000000 -1.721550 -0.127798
 299.000000 -1.370750 -0.255024
 300.000000 -1.271372 -0.704044
 301.000000 -1.311921 -0.301763
 302.000000 -1.140288 -0.451993
 303.000000 -1.168117 -0.699163
 304.000000 -1.308875 -0.161061
 305.000000 -0.919676 -0.786424
 306.000000 -1.707444 -0.055917
 307.000000 -2.130832 -0.099273
 308.000000 -2.126108 0.129772
 309.000000 -2.223958 0.295591
 310.000000 -2.504060 0.097091
 311.000000 -1.307182 -0.460534
 312.000000 -1.792501 -0.252454
 313.000000 -1.366537 1.113893
 314.000000 -1.021092 2.565761
 315.000000 -0.946380 2.651166
 316.000000 -0.952220 2.714036
 317.000000 -1.457995 2.054066
 318.000000 -1.168292 2.089096
 319.000000 -1.089732 2.501257
 320.000000 -1.065382 2.520586
 321.000000 -1.049922 2.454503
 322.000000 -1.739284 2.655359
 323.000000 -0.989630 2.061663
 324.000000 -0.829492 2.530772
 325.000000 -1.106040 2.375475
 326.000000 -0.939447 2.531056
 327.000000 -1.523131 2.223046
 328.000000 -1.166890 2.329191
 329.000000 -1.057614 2.261866
 330.000000 -2.134193 2.269992
 331.000000 -1.200955 2.221701
 332.000000 -1.193018 2.273544
 333.000000 -1.205516 2.485208
 334.000000 -0.910519 2.821577
 335.000000 -1.070705 2.376392
 336.000000 -1.109653 2.484900
 337.000000 -0.994964 2.279164
 338.000000 -1.492912 2.418462
 339.000000 -0.745613 2.428921
 340.000000 -0.996857 2.550908
 341.000000 -0.978556 2.429873
 342.000000 -1.315255 2.668846
 343.000000 -1.226053 2.537511
 344.000000 -1.206145 2.538629
 345.000000 -1.212731 3.008393
 346.000000 -0.744529 2.466896
 347.000000 -0.898405 2.334530
 348.000000 -1.836590 2.333801
 349.000000 -1.273185 2.373662
 350.000000 -0.590635 2.329844
 351.000000 -1.372011 2.912833
 352.000000 -1.320227 -2.608846
 353.000000 -1.260772 -2.610747
 354.000000 -0.938910 2.540107
 355.000000 -1.003379 2.233419
 356.000000 -1.288339 2.505960
 357.000000 -1.199548 2.399167
 358.000000 -0.954498 2.554215
 359.000000 -0.858240 2.563980
 360.000000 -0.778015 2.218651
 361.000000 -1.310281 2.702178
 362.000000 -2.222411 2.373582
 363.000000 -2.377133 2.468283
 364.000000 -1.202879 2.718490
 365.000000 -1.367826 2.574032
 366.000000 -1.400370 2.144019
 367.000000 -1.178927 2.573271
 368.000000 -2.391472 -3.033885
 369.000000 -1.148210 2.660068
 370.000000 -1.076549 1.831508
 371.000000 -0.969476 2.455745
 372.000000 -1.249839 1.877631
 373.000000 -1.442238 2.286410
 374.000000 -1.304424 2.344949
 375.000000 -1.096746 2.372704
 376.000000 -1.194033 2.460887
 377.000000 -0.824179 2.145486
 378.000000 -1.226024 2.332005
 379.000000 -1.501663 2.938387
 380.000000 -1.282964 1.961111
 381.000000 -1.344060 2.805735
 382.000000 -1.137661 1.930512
 383.000000 -1.403532 2.238031
 384.000000 -0.993885 2.395819
 385.000000 -0.995925 2.368568
 386.000000 -1.087121 2.607150
 387.000000 -0.659655 2.525401
 388.000000 -0.899177 2.560668
 389.000000 -1.078157 2.537758
 390.000000 -1.239111 1.912370
 391.000000 -1.461730 2.964917
 392.000000 -1.301483 2.577993
 393.000000 -0.962753 2.347639
 394.000000 -1.021484 1.984306
 395.000000 -0.932474 2.563735
 396.000000 -0.783385 2.653350
 397.000000 -0.602584 2.267729
 398.000000 -0.986360 2.484297
 399.000000 -1.325297 2.717800
 400.000000 -0.824067 2.241437
