#! FIELDS time phi psi
#! SET min_phi -pi
#! SET max_phi pi
#! SET min_psi -pi
#! SET max_psi pi
 0.000000 3.104817 -0.951424
 1.000000 -1.342138 -0.396995
 2.000000 -2.203968 0.508741
 3.000000 -1.728740 0.175643
 4.000000 -1.928654 0.046880
 5.000000 -1.729056 0.228153
 6.000000 -1.765370 -0.063048
 7.000000 -1.646723 0.078390
 8.000000 -1.730116 0.242848
 9.000000 -2.338111 0.662999
 10.000000 -1.961004 0.101034
 11.000000 -1.960724 0.240935
 12.000000 -1.870599 0.068145
 13.000000 -1.062094 -0.859267
 14.000000 -1.289618 -0.505590
 15.000000 -1.070119 -0.779756
 16.000000 -1.169851 -0.508550
 17.000000 -0.986797 -0.711484
 18.000000 -0.839445 -1.021675
 19.000000 -3.046007 0.698725
 20.000000 -2.491831 -0.270540
 21.000000 -2.212922 -1.119803
 22.000000 -3.128725 0.899099
 23.000000 -2.931374 2.112660
 24.000000 -2.587889 2.742383
 25.000000 -1.671907 2.648380
 26.000000 -1.780296 2.019885
 27.000000 -1.289171 2.068038
 28.000000 -1.073127 2.302561
 29.000000 -1.036369 2.490641
 30.000000 -1.300658 3.045093
 31.000000 -0.974370 2.558526
 32.000000 -1.598938 2.521733
 33.000000 -1.359706 2.680257
 34.000000 -1.416797 2.651913
 35.000000 -1.442254 3.066649
 36.000000 -1.314211 2.586341
 37.000000 -1.338747 2.052096
 38.000000 -1.656556 2.467121
 39.000000 -1.271611 2.172388
 40.000000 -1.388747 2.559347
 41.000000 -1.280557 2.022566
 42.000000 -1.128483 2.629959
 43.000000 -1.164393 2.256430
 44.000000 -1.558465 2.735313
 45.000000 -1.148428 2.584160
 46.000000 -1.410287 2.501087
 47.000000 -1.345040 2.989079
 48.000000 -0.882650 2.500135
 49.000000 -1.039783 2.436790
 50.000000 -1.897956 2.708480
 51.000000 -0.880925 2.305053
 52.000000 -0.590089 2.603179
 53.000000 -1.125433 2.463460
 54.000000 -2.171444 2.470490
 55.000000 -2.524968 2.837774
 56.000000 -1.295965 2.437587
 57.000000 -2.818439 2.714164
 58.000000 -1.475058 3.009491
 59.000000 -1.626061 2.316195
 60.000000 -2.694632 2.644075
 61.000000 -2.649703 -3.091738
 62.000000 -2.602607 -3.135820
 63.000000 -2.806994 2.797829
 64.000000 -2.622354 -3.139076
 65.000000 -2.693162 3.003145
 66.000000 -2.384385 2.453955
 67.000000 -1.860655 2.341788
 68.000000 -1.188056 2.373235
 69.000000 -0.868321 2.440355
 70.000000 -1.168221 2.387985
 71.000000 -1.325292 2.731050
 72.000000 -0.870665 2.955156
 73.000000 -1.530461 2.600550
 74.000000 -1.237537 2.633806
 75.000000 -1.725701 2.570071
 76.000000 -1.010774 2.648222
 77.000000 -0.823868 2.795050
 78.000000 -2.309313 2.310364
 79.000000 -1.539011 2.560186
 80.000000 -1.079088 2.076662
 81.000000 -1.306114 1.959032
 82.000000 -1.067888 2.428187
 83.000000 -0.984646 2.737093
 84.000000 -0.828158 2.463759
 85.000000 -1.113797 2.164022
 86.000000 -1.788041 2.538310
 87.000000 -2.573565 2.877582
 88.000000 -2.390981 2.542238
 89.000000 -2.111993 2.578567
 90.000000 -1.475891 1.768068
 91.000000 -2.217828 2.898873
 92.000000 -1.853848 2.496800
 93.000000 -1.241860 2.475489
 94.000000 -1.087368 2.312625
 95.000000 -1.178470 2.938158
 96.000000 -1.014853 2.319112
 97.000000 -1.222821 2.364200
 98.000000 -1.562194 1.919757
 99.000000 -1.380621 2.144696
 100.000000 -1.374755 2.220531
 101.000000 -1.406401 2.364434
 102.000000 -0.894632 2.413529
 103.000000 -1.061483 2.498360
 104.000000 -0.936811 2.083334
 105.000000 -0.649424 2.204227
 106.000000 -1.759430 2.449491
 107.000000 -2.265042 2.598410
 108.000000 -2.581752 2.747079
 109.000000 -2.806883 2.820843
 110.000000 -2.633531 2.785053
 111.000000 -2.109902 2.746316
 112.000000 -2.716262 2.412928
 113.000000 -2.635444 2.304027
 114.000000 -2.189004 2.677935
 115.000000 -1.926951 2.609196
 116.000000 -2.458286 2.793406
 117.000000 -2.250096 3.063799
 118.000000 -2.653819 2.816284
 119.000000 -2.363586 2.357195
 120.000000 -2.706683 2.919012
 121.000000 -1.872611 2.105801
 122.000000 -1.628219 2.503775
 123.000000 -2.542635 3.055353
 124.000000 -2.372233 2.159214
 125.000000 -2.297420 3.039342
 126.000000 -1.972873 2.789433
 127.000000 -1.070403 2.783207
 128.000000 -1.371206 2.419880
 129.000000 -1.067009 2.149203
 130.000000 -1.107351 1.849474
 131.000000 -1.249269 2.515082
 132.000000 -2.191928 1.809666
 133.000000 -1.534380 2.355867
 134.000000 -2.300466 2.778300
 135.000000 -2.541214 -3.036723
 136.000000 -2.531750 2.672306
 137.000000 -2.180346 2.540239
 138.000000 -0.959048 2.650905
 139.000000 -1.329412 3.061090
 140.000000 -1.318439 2.631920
 141.000000 -1.030621 2.592446
 142.000000 -1.350285 2.383981
 143.000000 -0.732915 2.353091
 144.000000 -1.333291 2.609009
 145.000000 -1.042060 2.329775
 146.000000 -1.103566 2.395623
 147.000000 -1.395494 3.053807
 148.000000 -1.064704 2.564777
 149.000000 -0.592503 2.237527
 150.000000 -1.735636 2.473028
 151.000000 -2.462606 2.368369
 152.000000 -1.328383 3.005154
 153.000000 -2.173036 2.517615
 154.000000 -1.438946 2.678527
 155.000000 -1.229377 2.625564
 156.000000 -1.175533 2.535670
 157.000000 -0.732357 2.706529
 158.000000 -0.886129 2.875318
 159.000000 -1.522394 2.422580
 160.000000 -1.356880 2.375228
 161.000000 -1.021168 2.642595
 162.000000 -1.530446 2.255989
 163.000000 -2.308640 2.924944
 164.000000 -2.055552 2.257861
 165.000000 -1.108311 1.790162
 166.000000 -1.109031 2.465760
 167.000000 -1.253627 2.490485
 168.000000 -0.905853 2.427099
 169.000000 -2.154815 2.748432
 170.000000 -1.743272 -3.050324
 171.000000 -1.105777 2.924222
 172.000000 -1.597874 2.980383
 173.000000 -1.226634 2.634690
 174.000000 -0.818742 2.695700
 175.000000 -1.213006 2.486111
 176.000000 -1.065256 2.598749
 177.000000 -1.077173 2.506871
 178.000000 -1.118973 2.484800
 179.000000 -1.560684 2.803610
 180.000000 -1.306157 2.829413
 181.000000 -0.845465 2.691730
 182.000000 -1.226053 2.629645
 183.000000 -1.054706 2.574058
 184.000000 -1.196407 2.367125
 185.000000 -1.368358 2.203390
 186.000000 -1.270864 3.001633
 187.000000 -1.177340 2.571762
 188.000000 -1.072170 2.620273
 189.000000 -0.841525 2.772221
 190.000000 -1.006465 2.395474
 191.000000 -0.942062 2.610070
 192.000000 -0.896150 2.443112
 193.000000 -1.101853 2.929427
 194.000000 -0.624119 2.450101
 195.000000 -1.263644 2.093884
 196.000000 -1.106968 2.375610
 197.000000 -1.249931 2.079327
 198.000000 -1.420937 2.021542
 199.000000 -1.903602 1.139853
 200.000000 -1.229883 1.888780
 201.000000 -0.949254 2.608308
 202.000000 -2.019594 2.286578
 203.000000 -0.710388 2.495326
 204.000000 -0.720604 2.478330
 205.000000 -2.046238 2.976596
 206.000000 -0.675882 2.616948
 207.000000 -1.224540 2.320614
 208.000000 -1.206679 2.388073
 209.000000 -0.995258 2.497793
 210.000000 -1.090708 2.356297
 211.000000 -1.067208 2.311950
 212.000000 -1.298063 2.013571
 213.000000 -1.075069 2.650290
 214.000000 -1.052485 2.729172
 215.000000 -1.500686 2.502350
 216.000000 -2.102003 2.362075
 217.000000 -1.931465 1.927017
 218.000000 -2.550891 2.179174
 219.000000 -2.155853 2.376084
 220.000000 -1.622693 2.469159
 221.000000 -1.272480 2.655558
 222.000000 -0.981039 2.646233
 223.000000 -0.929848 2.725485
 224.000000 -0.864641 2.457081
 225.000000 -1.155744 2.682659
 226.000000 -0.928084 2.679569
 227.000000 -0.659044 2.326293
 228.000000 -0.718565 2.230978
 229.000000 -1.419251 2.900199
 230.000000 -1.106159 2.497866
 231.000000 -1.287472 2.686767
 232.000000 -1.416149 2.638448
 233.000000 -0.975424 2.481076
 234.000000 -1.104166 2.507712
 235.000000 -1.159438 2.533349
 236.000000 -1.586062 2.617251
 237.000000 -1.364822 2.196126
 238.000000 -0.970195 2.350307
 239.000000 -1.408968 2.467041
 240.000000 -1.442699 2.849235
 241.000000 -1.514959 2.649948
 242.000000 -2.053106 2.303293
 243.000000 -2.486180 2.210569
 244.000000 -2.575656 2.693685
 245.000000 -2.624238 3.015968
 246.000000 -2.351912 2.979807
 247.000000 -1.069046 2.676789
 248.000000 -1.464501 2.277037
 249.000000 -1.771377 2.881041
 250.000000 -0.860656 2.269875
 251.000000 -1.134928 2.257220
 252.000000 -0.645685 2.306869
 253.000000 -1.207814 2.560937
 254.000000 -0.775904 2.306306
 255.000000 -1.130567 2.886343
 256.000000 -1.852981 2.267541
 257.000000 -2.443490 2.455389
 258.000000 -2.691326 2.819480
 259.000000 -2.338904 2.760551
 260.000000 -2.800131 2.896846
 261.000000 -2.479202 2.918313
 262.000000 -2.556106 2.648775
 263.000000 -2.564761 2.650279
 264.000000 -2.411057 2.480635
 265.000000 -1.334452 2.428038
 266.000000 -1.258603 2.118301
 267.000000 -1.116184 2.564232
 268.000000 -0.885047 2.239923
 269.000000 -0.997464 2.144317
 270.000000 -1.100625 2.493141
 271.000000 -0.972453 2.528442
 272.000000 -1.193974 2.425313
 273.000000 -0.781473 2.542108
 274.000000 -0.932247 2.683510
 275.000000 -0.563767 2.775171
 276.000000 -0.852428 2.292549
 277.000000 -1.069523 2.555144
 278.000000 -1.081480 2.186729
 279.000000 -1.048668 2.548103
 280.000000 -1.239897 2.490995
 281.000000 -1.035684 2.284510
 282.000000 -0.952830 2.430566
 283.000000 -2.384973 2.928968
 284.000000 -1.310830 2.616500
 285.000000 -0.950826 2.397720
 286.000000 -1.660449 2.403519
 287.000000 -1.148994 2.534931
 288.000000 -0.924695 2.358241
 289.000000 -0.909672 2.399731
 290.000000 -0.947482 2.914275
 291.000000 -0.997141 2.754661
 292.000000 -0.829166 2.169511
 293.000000 -0.883286 1.806126
 294.000000 -1.246884 2.956938
 295.000000 -1.128268 2.443732
 296.000000 -1.342772 2.272112
 297.000000 -2.467217 2.666933
 298.000000 -2.330978 2.500934
 299.000000 -1.379591 2.243895
 300.000000 -0.967760 2.112979
 301.000000 -1.247158 2.422886
 302.000000 -1.467832 2.663919
 303.000000 -2.190456 2.870507
 304.000000 -1.202677 2.709362
 305.000000 -1.598441 2.454472
 306.000000 -1.104551 2.055480
 307.000000 -1.517842 2.077561
 308.000000 -1.153994 2.461490
 309.000000 -0.991367 2.573510
 310.000000 -1.737575 1.413927
 311.000000 -1.519456 2.224777
 312.000000 -1.262465 2.749440
 313.000000 -1.318466 2.870546
 314.000000 -1.069822 2.400887
 315.000000 -1.028700 2.356903
 316.000000 -1.089970 2.545960
 317.000000 -1.082255 2.476213
 318.000000 -1.102971 2.431136
 319.000000 -1.118326 2.661514
 320.000000 -2.500268 2.287884
 321.000000 -2.610739 2.997935
 322.000000 -1.950902 2.354880
 323.000000 -1.556644 2.430050
 324.000000 -1.432218 2.833097
 325.000000 -1.138491 2.675783
 326.000000 -1.179036 2.992983
 327.000000 -1.335378 2.574541
 328.000000 -1.360313 2.340075
 329.000000 -1.378295 1.686090
 330.000000 -1.164569 2.712902
 331.000000 -1.097842 2.553296
 332.000000 -1.119459 2.445189
 333.000000 -1.392964 2.444442
 334.000000 -1.034736 2.636733
 335.000000 -1.663469 2.193178
 336.000000 -2.259015 2.648581
 337.000000 -0.998722 2.585588
 338.000000 -1.424383 2.676388
 339.000000 -2.387278 2.386023
 340.000000 -2.052779 3.027670
 341.000000 -2.627112 2.895132
 342.000000 -2.526526 2.780921
 343.000000 -1.011109 2.527614
 344.000000 -2.688898 2.910277
 345.000000 -2.215869 2.782906
 346.000000 -1.961809 2.248840
 347.000000 -1.855933 2.108385
 348.000000 -2.486671 1.840822
 349.000000 -1.358394 2.418216
 350.000000 -1.608819 2.568714
 351.000000 -1.898417 2.956023
 352.000000 -1.051003 2.796402
 353.000000 -0.666815 2.218125
 354.000000 -0.885685 2.509033
 355.000000 -1.111196 2.435985
 356.000000 -0.876214 2.098446
 357.000000 -0.795966 2.148484
 358.000000 -1.110101 2.435755
 359.000000 -1.178421 2.685355
 360.000000 -1.273094 2.990604
 361.000000 -0.775076 2.100574
 362.000000 -0.772115 2.612715
 363.000000 -1.304181 2.732695
 364.000000 -0.943606 2.514361
 365.000000 -0.948337 2.642646
 366.000000 -0.980042 2.485076
 367.000000 -0.856669 2.362191
 368.000000 -1.144642 2.603046
 369.000000 -1.185230 2.545513
 370.000000 -0.757379 2.647347
 371.000000 -0.778819 2.442254
 372.000000 -1.340186 2.584118
 373.000000 -1.441441 2.885796
 374.000000 -1.278269 2.555617
 375.000000 -1.696291 1.892859
 376.000000 -2.247130 2.669812
 377.000000 -2.637433 2.493909
 378.000000 -1.094378 2.412767
 379.000000 -0.647533 2.476913
 380.000000 -1.356008 2.528345
 381.000000 -1.679992 2.561341
 382.000000 -2.221975 2.427575
 383.000000 -0.914760 2.585894
 384.000000 -1.137994 2.458485
 385.000000 -1.117551 2.597066
 386.000000 -1.612417 -2.977469
 387.000000 -1.270262 2.555683
 388.000000 -1.314811 2.429429
 389.000000 -0.907950 2.468873
 390.000000 -0.931355 2.630258
 391.000000 -0.932248 2.681492
 392.000000 -0.949493 2.213313
 393.000000 -1.206316 2.557313
 394.000000 -1.229928 2.289222
 395.000000 -1.445648 2.178324
 396.000000 -1.899587 2.345219
 397.000000 -2.099831 2.926486
 398.000000 -2.929685 2.674872
 399.000000 -1.745002 2.605746
 400.000000 -1.834928 2.085731
