#! FIELDS time phi psi
#! SET min_phi -pi
#! SET max_phi pi
#! SET min_psi -pi
#! SET max_psi pi
 0.000000 -2.751988 0.946874
 1.000000 -1.665383 -0.010806
 2.000000 -0.891432 -0.677631
 3.000000 -1.963553 0.314116
 4.000000 -1.662754 -0.434094
 5.000000 -1.759330 0.292399
 6.000000 -2.133058 -0.051129
 7.000000 -2.002268 -0.319149
 8.000000 -1.308097 -0.333254
 9.000000 -1.147350 -0.686543
 10.000000 -1.012136 -0.697346
 11.000000 -1.836263 0.104873
 12.000000 -1.998433 -0.034220
 13.000000 -1.256175 -0.653584
 14.000000 -1.380941 -0.568760
 15.000000 -1.374363 -0.057759
 16.000000 -1.804997 -0.069972
 17.000000 -1.949220 0.199085
 18.000000 -1.136972 -0.594430
 19.000000 -1.722358 -0.203343
 20.000000 -2.404999 0.338898
 21.000000 -1.924556 0.265802
 22.000000 -1.912211 0.192512
 23.000000 -2.198683 0.004805
 24.000000 -1.854971 0.373208
 25.000000 -2.078554 0.311457
 26.000000 -2.131489 0.236733
 27.000000 -1.541366 0.242509
 28.000000 -1.657501 0.153326
 29.000000 -1.960471 0.510899
 30.000000 -2.076434 0.282904
 31.000000 -1.331608 -0.476957
 32.000000 -0.708668 -0.847360
 33.000000 -1.160383 -0.589043
 34.000000 -1.033698 -0.886686
 35.000000 -1.857309 0.005368
 36.000000 -1.473564 -0.327467
 37.000000 -1.403276 -0.428484
 38.000000 -1.116376 -0.544525
 39.000000 -1.250497 -0.553490
 40.000000 -1.820165 -0.130245
 41.000000 -1.792459 0.364159
 42.000000 -2.361676 0.518260
 43.000000 -1.457652 0.292698
 44.000000 -1.581990 0.311851
 45.000000 -1.964601 0.161842
 46.000000 -1.644800 0.139985
 47.000000 -2.130831 -0.508742
 48.000000 -1.706511 -0.054744
 49.000000 -2.725662 0.296699
 50.000000 -1.381261 -0.759516
 51.000000 -1.489190 -0.111018
 52.000000 -1.769185 0.080838
 53.000000 -1.668262 0.084498
 54.000000 -0.913560 -0.506543
 55.000000 -2.076721 0.191716
 56.000000 -1.745261 -0.109387
 57.000000 -1.750285 0.155236
 58.000000 -1.337709 -0.557741
 59.000000 -1.040323 -0.679313
 60.000000 -1.341288 -0.140169
 61.000000 -1.584236 -0.111645
 62.000000 -1.025152 -0.508247
 63.000000 -1.198212 -0.482433
 64.000000 -1.731179 0.044694
 65.000000 -1.768444 -0.524269
 66.000000 -1.125442 -0.528367
 67.000000 -1.713625 -0.393940
 68.000000 -1.865098 -0.126326
 69.000000 -2.452783 0.306136
 70.000000 -1.983809 0.180389
 71.000000 -2.293288 0.343086
 72.000000 -2.061138 0.051171
 73.000000 -1.599143 0.517905
 74.000000 -1.989348 0.440695
 75.000000 -1.577710 -0.048327
 76.000000 -1.578240 -0.129568
 77.000000 -1.885631 0.274042
 78.000000 -1.614944 0.291172
 79.000000 -1.221701 -0.443929
 80.000000 -1.250228 -0.412954
 81.000000 -1.709703 0.071967
 82.000000 -1.862726 -0.095673
 83.000000 -1.838978 -0.203310
 84.000000 -1.868479 -0.196833
 85.000000 -1.673537 0.072249
 86.000000 -2.003354 0.043820
 87.000000 -1.222719 -0.401462
 88.000000 -1.549674 -0.219079
 89.000000 -1.277830 -0.909063
 90.000000 -1.521217 0.136223
 91.000000 -1.350437 -0.554219
 92.000000 -1.281362 0.118774
 93.000000 -1.494500 -0.026688
 94.000000 -1.948279 0.019771
 95.000000 -2.083739 -0.088649
 96.000000 -0.965213 -0.716215
 97.000000 -1.641143 -0.126222
 98.000000 -1.900016 0.007309
 99.000000 -1.207978 -0.894565
 100.000000 -1.999501 -0.259171
 101.000000 -1.716993 0.091956
 102.000000 -0.931476 -0.672250
 103.000000 -1.745752 0.005807
 104.000000 -1.292360 -0.446739
 105.000000 -1.054370 -0.529845
 106.000000 -1.868933 0.047017
 107.000000 -1.955296 0.222737
 108.000000 -1.825013 -0.114339
 109.000000 -2.141680 0.125044
 110.000000 -1.730561 -0.036133
 111.000000 -1.750248 0.315986
 112.000000 -1.991795 0.021595
 113.000000 -2.183812 0.005517
 114.000000 -2.480263 0.710714
 115.000000 -2.458832 0.310725
 116.000000 -1.695258 -0.252245
 117.000000 -0.982392 -0.744246
 118.000000 -1.294358 -0.574004
 119.000000 -1.354555 -0.205982
 120.000000 -1.130243 -0.678873
 121.000000 -1.114248 -0.727837
 122.000000 -1.638929 0.217244
 123.000000 -1.328902 -0.515352
 124.000000 -1.183367 -0.357496
 125.000000 -0.994921 -0.666945
 126.000000 -1.979027 0.118726
 127.000000 -2.214940 0.237280
 128.000000 -1.335197 -0.390587
 129.000000 -0.981918 -0.746701
 130.000000 -1.237829 -0.532102
 131.000000 -1.123860 -0.668243
 132.000000 -1.508178 0.069965
 133.000000 -1.700433 -0.136138
 134.000000 -1.787169 0.011729
 135.000000 -1.847847 0.388379
 136.000000 -1.929125 0.291003
 137.000000 -1.880183 -0.198946
 138.000000 -1.160805 -0.539230
 139.000000 -1.424761 0.923721
 140.000000 -1.505160 0.502660
 141.000000 -1.340388 -0.153814
 142.000000 -1.180129 -0.615384
 143.000000 -1.781426 0.019929
 144.000000 -1.732768 0.022770
 145.000000 -1.714444 -0.030509
 146.000000 -1.066769 -0.681902
 147.000000 -1.161039 -0.310039
 148.000000 -1.112926 -0.643177
 149.000000 -1.277312 -0.312790
 150.000000 -1.876124 -0.341080
 151.000000 -1.959099 0.315711
 152.000000 -2.167062 0.461982
 153.000000 -1.056152 -0.756756
 154.000000 -1.111587 -0.619025
 155.000000 -1.104647 -0.766192
 156.000000 -1.053839 -0.516230
 157.000000 -1.013064 -0.638509
 158.000000 -1.061229 -0.723597
 159.000000 -1.125107 -0.553103
 160.000000 -1.502293 0.199382
 161.000000 -1.980296 0.221400
 162.000000 -2.473662 0.584510
 163.000000 -2.162123 0.123703
 164.000000 -2.187193 0.262437
 165.000000 -2.567707 0.188605
 166.000000 -1.622183 0.079244
 167.000000 -1.514427 -0.155763
 168.000000 -1.613619 0.071729
 169.000000 -1.656915 -0.074224
 170.000000 -1.482848 -0.345468
 171.000000 -1.249308 -0.471512
 172.000000 -1.004397 -0.656061
 173.000000 -1.092913 -0.697275
 174.000000 -1.147146 -0.585197
 175.000000 -0.986311 -0.301841
 176.000000 -1.314174 -0.580814
 177.000000 -1.974752 0.031855
 178.000000 -1.299843 -0.345809
 179.000000 -1.407031 -0.628099
 180.000000 -2.683780 1.067425
 181.000000 -1.577720 -0.241702
 182.000000 -2.333629 0.492598
 183.000000 -2.012246 0.080895
 184.000000 -1.721799 -0.051382
 185.000000 -2.141427 0.241685
 186.000000 -2.846615 -0.223810
 187.000000 -2.165914 -0.002775
 188.000000 -1.698696 0.110622
 189.000000 -1.759584 0.153608
 190.000000 -1.495982 -0.187351
 191.000000 -1.478631 0.089344
 192.000000 -1.607534 -0.145848
 193.000000 -1.232722 -0.649687
 194.000000 -1.327404 -0.380798
 195.000000 -1.450318 -0.189956
 196.000000 -2.025455 0.666372
 197.000000 -1.878473 0.139116
 198.000000 -1.737034 -0.346144
 199.000000 -1.495927 -0.036488
 200.000000 -1.316498 -0.472593
 201.000000 -2.550166 -0.382592
 202.000000 -2.256943 0.120888
 203.000000 -1.993651 0.196282
 204.000000 -1.523737 -0.024534
 205.000000 -2.007822 -0.422611
 206.000000 -1.945585 0.072150
 207.000000 -1.558932 0.184094
 208.000000 -1.477901 -0.380711
 209.000000 -1.420984 -0.339207
 210.000000 -1.448601 -0.296771
 211.000000 -1.266706 -0.337528
 212.000000 -1.838726 0.021986
 213.000000 -1.280285 -0.692745
 214.000000 -1.753752 -0.086821
 215.000000 -1.879911 -0.108331
 216.000000 -1.993793 0.209674
 217.000000 -2.761457 -0.202465
 218.000000 -1.661860 0.220329
 219.000000 -1.567897 0.634479
 220.000000 -1.466280 1.225570
 221.000000 -2.593242 1.086651
 222.000000 -1.661975 2.221883
 223.000000 -1.246534 2.739801
 224.000000 -0.902929 2.730481
 225.000000 -1.766672 2.447020
 226.000000 -1.668564 2.350314
 227.000000 -2.786597 2.794913
 228.000000 -1.266991 2.615624
 229.000000 -2.583967 2.519895
 230.000000 -2.522326 2.801043
 231.000000 -2.694407 2.874988
 232.000000 -2.715607 2.723129
 233.000000 -2.470996 2.641035
 234.000000 -2.176680 2.394251
 235.000000 -0.604121 2.322176
 236.000000 -1.956884 2.841806
 237.000000 -1.104687 2.281047
 238.000000 -1.487621 1.769616
 239.000000 -1.321541 2.081868
 240.000000 -1.181323 2.571606
 241.000000 -1.013505 2.332873
 242.000000 -1.235063 2.006695
 243.000000 -0.926323 2.360299
 244.000000 -1.642747 2.771316
 245.000000 -1.300187 2.290709
 246.000000 -1.736006 3.059711
 247.000000 -1.038259 2.653121
 248.000000 -1.194646 2.634083
 249.000000 -0.829627 2.947546
 250.000000 -0.918976 2.231205
 251.000000 -1.156473 2.376051
 252.000000 -1.284425 2.433626
 253.000000 -1.444756 2.631824
 254.000000 -1.718038 2.638186
 255.000000 -1.256477 2.508865
 256.000000 -0.753881 2.791690
 257.000000 -0.613066 2.328040
 258.000000 -1.095984 2.344519
 259.000000 -1.089226 2.331377
 260.000000 -1.682529 2.865976
 261.000000 -1.282186 2.796843
 262.000000 -1.762205 2.940426
 263.000000 -0.809027 3.026786
 264.000000 -0.916118 2.393317
 265.000000 -1.713174 1.997072
 266.000000 -2.071519 2.299741
 267.000000 -2.749613 2.750437
 268.000000 -2.540035 2.358885
 269.000000 -2.416359 -3.052787
 270.000000 -2.053175 2.529825
 271.000000 -2.372435 2.896755
 272.000000 -2.464864 2.680133
 273.000000 -1.670731 -2.215611
 274.000000 -2.237609 2.859430
 275.000000 -2.681509 2.885464
 276.000000 -1.996984 2.376611
 277.000000 -2.677863 2.662898
 278.000000 -1.839198 2.433461
 279.000000 -0.973136 2.297140
 280.000000 -2.729050 2.867005
 281.000000 -2.150786 1.893675
 282.000000 -2.632668 2.627863
 283.000000 -1.900522 2.825707
 284.000000 -1.119350 2.456177
 285.000000 -1.232276 2.539386
 286.000000 -1.491216 2.794497
 287.000000 -0.900178 2.511086
 288.000000 -0.944306 2.525848
 289.000000 -0.852507 2.345611
 290.000000 -1.033280 1.993835
 291.000000 -1.048192 2.676315
 292.000000 -1.213843 2.666296
 293.000000 -1.190229 1.927410
 294.000000 -1.069638 2.313632
 295.000000 -1.530260 -3.051162
 296.000000 -1.582789 2.766778
 297.000000 -1.152439 2.206126
 298.000000 -1.097921 2.667957
 299.000000 -0.959822 2.337479
 300.000000 -0.413368 2.289792
 301.000000 -1.244302 2.491005
 302.000000 -0.994659 2.408165
 303.000000 -2.083214 2.470166
 304.000000 -1.203733 2.491029
 305.000000 -1.403408 2.476264
 306.000000 -1.830211 2.837591
 307.000000 -1.682567 2.386206
 308.000000 -1.415636 2.894488
 309.000000 -1.180580 2.801917
 310.000000 -3.069540 2.299584
 311.000000 -2.438439 2.140897
 312.000000 -2.434071 2.813901
 313.000000 -2.846738 2.923896
 314.000000 -2.151934 2.632260
 315.000000 -1.826199 2.505512
 316.000000 -2.837324 2.678540
 317.000000 -2.090878 1.855921
 318.000000 -1.958192 2.290245
 319.000000 -2.697627 2.719731
 320.000000 -1.002230 2.437642
 321.000000 -2.529830 2.421496
 322.000000 -1.814074 2.530784
 323.000000 -1.929369 2.603890
 324.000000 -2.765261 2.828977
 325.000000 -1.747217 2.141341
 326.000000 -1.298546 2.540926
 327.000000 -1.127535 2.361385
 328.000000 -1.033409 2.473505
 329.000000 -2.599241 2.401587
 330.000000 -2.863294 2.912824
 331.000000 -1.376907 2.699000
 332.000000 -1.506150 2.041072
 333.000000 -1.721688 2.384134
 334.000000 -1.295412 2.982381
 335.000000 -1.987665 2.420100
 336.000000 -2.454754 2.512640
 337.000000 -2.138750 2.645591
 338.000000 -2.382340 2.529452
 339.000000 -2.205163 2.751567
 340.000000 -2.220609 2.469023
 341.000000 -2.018643 2.103570
 342.000000 -1.460648 2.209143
 343.000000 -2.544056 2.618272
 344.000000 -2.668910 2.662894
 345.000000 -2.556793 2.518744
 346.000000 -1.459420 2.586112
 347.000000 -1.062703 2.470876
 348.000000 -1.112712 2.220928
 349.000000 -1.234686 2.645266
 350.000000 -1.085180 2.817199
 351.000000 -1.007347 2.365047
 352.000000 -0.641693 2.228980
 353.000000 -1.128377 2.471062
 354.000000 -1.263434 2.566129
 355.000000 -1.364040 2.087343
 356.000000 -1.092586 2.474750
 357.000000 -0.804899 2.813171
 358.000000 -0.934434 2.452519
 359.000000 -1.088481 2.521922
 360.000000 -1.524069 2.344686
 361.000000 -1.116281 2.855347
 362.000000 -1.076187 2.471757
 363.000000 -0.799356 2.181173
 364.000000 -1.178798 2.616362
 365.000000 -1.020899 2.034141
 366.000000 -2.593218 2.501771
 367.000000 -2.947618 2.994564
 368.000000 -1.665552 2.407165
 369.000000 -2.743036 2.561044
 370.000000 -2.108383 2.499665
 371.000000 -2.129694 2.156058
 372.000000 -2.759960 3.000287
 373.000000 -2.631956 2.632248
 374.000000 -2.830740 2.767215
 375.000000 -1.814441 2.613524
 376.000000 -2.095371 2.678659
 377.000000 -2.511193 -2.980390
 378.000000 -2.175895 1.980871
 379.000000 -2.481655 2.282890
 380.000000 -1.768395 2.226199
 381.000000 -1.118130 2.515878
 382.000000 -1.210740 2.479134
 383.000000 -1.064871 2.748608
 384.000000 -1.273022 2.331833
 385.000000 -1.199721 2.591787
 386.000000 -1.369844 2.853657
 387.000000 -0.822108 2.433325
 388.000000 -1.230464 2.551548
 389.000000 -1.838419 2.957174
 390.000000 -2.514542 2.765371
 391.000000 -1.867587 2.181005
 392.000000 -2.779971 2.678244
 393.000000 -2.435081 2.448988
 394.000000 -2.923716 2.591515
 395.000000 -1.950324 2.416405
 396.000000 -1.541762 2.464771
 397.000000 -1.292384 2.561396
 398.000000 -1.286015 2.721473
 399.000000 -0.962488 2.518200
 400.000000 -1.091900 2.495448
