#! FIELDS time phi psi
#! SET min_phi -pi
#! SET max_phi pi
#! SET min_psi -pi
#! SET max_psi pi
 0.000000 0.479182 -2.458120
 1.000000 0.965647 -2.584792
 2.000000 1.233287 -2.993809
 3.000000 1.215588 3.058737
 4.000000 0.941280 -2.402674
 5.000000 0.814446 -3.048928
 6.000000 1.027675 -3.021081
 7.000000 0.875992 -2.721299
 8.000000 1.054134 -3.095185
 9.000000 0.849215 -2.564140
 10.000000 0.580139 -2.700115
 11.000000 1.030392 -3.005794
 12.000000 0.754443 -2.636923
 13.000000 0.608519 -2.427052
 14.000000 0.927301 -2.865051
 15.000000 1.041339 -2.684282
 16.000000 0.802130 -2.975991
 17.000000 0.727277 -2.986425
 18.000000 0.883015 -2.617785
 19.000000 1.070883 2.814335
 20.000000 0.853298 -2.473107
 21.000000 0.941983 3.129672
 22.000000 1.465420 -2.556024
 23.000000 0.936946 -2.491669
 24.000000 1.043724 3.060448
 25.000000 1.166571 -2.963688
 26.000000 0.872029 -2.863841
 27.000000 1.030042 -2.990297
 28.000000 0.925960 -2.503392
 29.000000 1.250746 -3.109243
 30.000000 1.127040 3.110108
 31.000000 0.802842 2.833361
 32.000000 1.138140 -2.756100
 33.000000 0.752454 -2.673626
 34.000000 1.022877 -2.777755
 35.000000 0.890923 -2.612691
 36.000000 1.048093 -2.922427
 37.000000 1.062343 -2.732213
 38.000000 0.924928 -2.609015
 39.000000 0.513226 -2.519715
 40.000000 0.683355 -2.755852
 41.000000 1.254499 -2.704223
 42.000000 1.022498 -2.912182
 43.000000 1.016728 -2.729852
 44.000000 0.971905 -3.054196
 45.000000 0.659178 -2.397351
 46.000000 0.976842 -2.938382
 47.000000 1.077498 -3.002194
 48.000000 0.730297 -2.532763
 49.000000 0.924513 -2.436291
 50.000000 1.027674 2.991013
 51.000000 0.820202 -2.796930
 52.000000 0.781816 -2.409923
 53.000000 1.065096 -2.141691
 54.000000 0.815554 -2.526761
 55.000000 1.001976 -2.658460
 56.000000 1.166845 2.541029
 57.000000 1.199021 -2.748116
 58.000000 0.935142 -2.684254
 59.000000 1.531576 -2.955666
 60.000000 1.004548 2.960156
 61.000000 0.921902 -2.646683
 62.000000 0.725819 -2.297398
 63.000000 1.014521 -2.941406
 64.000000 0.645914 -2.284506
 65.000000 0.874665 -2.667039
 66.000000 1.091194 2.846930
 67.000000 1.205177 2.810422
 68.000000 1.424938 2.517601
 69.000000 1.408631 2.607471
 70.000000 1.087087 2.928940
 71.000000 0.483703 -2.551971
 72.000000 0.990111 -2.886635
 73.000000 1.092962 -3.029077
 74.000000 1.193947 2.762835
 75.000000 1.427308 2.892571
 76.000000 1.122079 2.747907
 77.000000 0.827620 -2.598316
 78.000000 0.931497 -2.865349
 79.000000 0.633972 -2.590459
 80.000000 0.869647 -2.641466
 81.000000 0.862178 -2.739982
 82.000000 1.202071 -2.819593
 83.000000 0.585864 -2.175955
 84.000000 0.789609 -2.683364
 85.000000 0.956734 -2.516352
 86.000000 1.312711 2.717455
 87.000000 1.135095 2.900878
 88.000000 0.795853 -2.623583
 89.000000 0.718294 -2.154440
 90.000000 0.773557 3.137795
 91.000000 0.793216 -2.658780
 92.000000 0.859753 -2.460774
 93.000000 1.099966 -2.626704
 94.000000 0.655527 -2.271338
 95.000000 1.325297 -2.860289
 96.000000 0.893039 -2.219281
 97.000000 0.859857 -2.458415
 98.000000 0.817966 -2.301466
 99.000000 1.003743 -2.697564
 100.000000 1.035910 -2.622518
 101.000000 0.818087 -2.727066
 102.000000 0.708564 -3.068756
 103.000000 0.670716 -2.121321
 104.000000 0.593437 -2.374750
 105.000000 0.982625 -2.668667
 106.000000 0.855791 3.061105
 107.000000 1.391137 -3.128519
 108.000000 1.310880 2.609531
 109.000000 1.019491 -2.333495
 110.000000 1.004312 -2.935292
 111.000000 1.150084 -3.010272
 112.000000 0.802340 -2.806296
 113.000000 0.908391 -3.032233
 114.000000 0.921014 -2.797613
 115.000000 0.845074 -2.763959
 116.000000 0.620365 -2.775526
 117.000000 1.081647 -2.773976
 118.000000 1.042012 -3.106746
 119.000000 1.012287 -2.477596
 120.000000 0.973997 -2.802867
 121.000000 1.223855 -2.657382
 122.000000 0.949634 -2.861943
 123.000000 0.970556 -2.679465
 124.000000 0.785755 -2.889730
 125.000000 1.036738 -2.616103
 126.000000 1.164251 3.112682
 127.000000 0.971589 -2.908654
 128.000000 0.945827 -2.540510
 129.000000 0.957573 -3.067990
 130.000000 0.792113 -3.074058
 131.000000 0.882096 2.894204
 132.000000 0.902120 -2.485178
 133.000000 0.769067 -2.545787
 134.000000 0.624116 -2.534811
 135.000000 0.658005 -1.810089
 136.000000 0.613612 -2.652110
 137.000000 1.077429 -2.638974
 138.000000 0.568114 -2.624812
 139.000000 0.899779 2.600143
 140.000000 0.871408 -2.825429
 141.000000 0.457915 -2.493852
 142.000000 0.935566 -2.699891
 143.000000 1.063918 -2.679945
 144.000000 0.981083 -2.793894
 145.000000 1.156134 -2.938479
 146.000000 1.013417 -2.553548
 147.000000 0.708982 -2.565289
 148.000000 0.737711 -2.658955
 149.000000 0.798128 -2.501487
 150.000000 0.912256 -2.723491
 151.000000 0.864140 -2.529603
 152.000000 1.087881 -3.106701
 153.000000 0.884229 -2.392989
 154.000000 0.985052 -2.549517
 155.000000 1.198950 -2.791027
 156.000000 0.723251 -2.896690
 157.000000 0.999572 -2.536411
 158.000000 0.789083 -2.482694
 159.000000 0.952925 -2.474383
 160.000000 0.764139 -2.663673
 161.000000 1.054287 -2.918923
 162.000000 1.428319 2.553414
 163.000000 1.372613 -3.070649
 164.000000 0.791038 -2.320009
 165.000000 1.074073 3.116234
 166.000000 0.955827 -2.825024
 167.000000 0.800564 -2.616396
 168.000000 0.891261 -2.225466
 169.000000 1.001845 -2.836775
 170.000000 0.728939 -2.780238
 171.000000 1.357230 -2.482045
 172.000000 0.853088 -2.704814
 173.000000 1.058788 -2.475966
 174.000000 0.689517 -2.300230
 175.000000 0.877668 -2.589845
 176.000000 0.744326 -2.694935
 177.000000 0.702809 -2.558753
 178.000000 1.045944 -2.526552
 179.000000 0.819353 -2.504182
 180.000000 1.354367 2.864122
 181.000000 1.127878 -2.618063
 182.000000 1.114161 -3.031578
 183.000000 0.974291 -2.685729
 184.000000 1.094634 -2.700246
 185.000000 0.849400 -2.935905
 186.000000 1.107697 -2.579100
 187.000000 0.890989 -2.217534
 188.000000 0.449122 -2.400513
 189.000000 1.324948 2.622068
 190.000000 0.789455 3.110146
 191.000000 1.041491 -2.636779
 192.000000 1.005047 -2.676842
 193.000000 1.004347 -3.004269
 194.000000 0.828047 -2.707860
 195.000000 0.998929 -2.165653
 196.000000 0.812804 -2.779414
 197.000000 1.254659 2.952344
 198.000000 0.947224 -2.845542
 199.000000 0.961196 -2.462184
 200.000000 1.334240 2.517685
 201.000000 0.700543 -2.960156
 202.000000 1.099263 3.022548
 203.000000 0.638150 -2.887750
 204.000000 0.825568 -2.505721
 205.000000 1.081316 -2.875365
 206.000000 0.988924 -2.638686
 207.000000 0.981465 3.010124
 208.000000 1.000372 -2.126652
 209.000000 0.946947 -2.556254
 210.000000 1.215473 2.952726
 211.000000 1.136082 2.685939
 212.000000 0.958627 -3.119864
 213.000000 1.068838 -2.827260
 214.000000 1.025146 -2.512271
 215.000000 0.977573 -2.251055
 216.000000 1.082081 -2.916334
 217.000000 1.127678 -3.123328
 218.000000 1.199800 -2.792678
 219.000000 0.934835 -2.966952
 220.000000 1.091502 2.737360
 221.000000 1.353839 2.749150
 222.000000 1.338940 2.726168
 223.000000 1.102623 -2.428959
 224.000000 0.823812 -2.498966
 225.000000 0.858538 -2.819635
 226.000000 1.015781 -2.956373
 227.000000 0.908589 -2.678764
 228.000000 0.852450 -2.387252
 229.000000 0.252140 -2.198469
 230.000000 0.760620 -2.597577
 231.000000 0.985959 -2.906301
 232.000000 0.746067 -2.470355
 233.000000 0.738036 -2.166790
 234.000000 1.077864 -2.560322
 235.000000 0.962432 -2.557677
 236.000000 1.206145 3.098641
 237.000000 0.878659 -2.813799
 238.000000 0.839978 -2.645356
 239.000000 1.102510 -2.271502
 240.000000 1.337546 -2.745566
 241.000000 0.708203 -2.408096
 242.000000 1.197729 3.000072
 243.000000 1.227687 2.153794
 244.000000 1.867105 1.968169
 245.000000 2.895217 2.218920
 246.000000 -2.639656 2.728098
 247.000000 -2.753595 2.802672
 248.000000 -2.355537 2.316713
 249.000000 -1.925298 2.651944
 250.000000 -2.896953 2.939694
 251.000000 -2.569583 2.478597
 252.000000 -2.904206 2.805240
 253.000000 -2.816034 2.704538
 254.000000 -2.416180 2.119020
 255.000000 -2.436013 2.509552
 256.000000 -1.790177 2.793620
 257.000000 -2.227765 2.871518
 258.000000 -1.022133 2.550013
 259.000000 -1.769014 2.921693
 260.000000 -2.006805 1.937320
 261.000000 -1.166217 2.363928
 262.000000 -1.111349 2.598724
 263.000000 -1.846731 2.007723
 264.000000 -2.270954 2.748265
 265.000000 -2.909562 3.113614
 266.000000 -2.495475 2.919857
 267.000000 -1.718296 2.280289
 268.000000 -1.945280 2.513046
 269.000000 -0.742361 2.628489
 270.000000 -0.995708 2.138742
 271.000000 -1.208485 2.631792
 272.000000 -1.067342 2.344544
 273.000000 -1.241547 2.500914
 274.000000 -0.643265 2.348416
 275.000000 -0.933533 2.188548
 276.000000 -0.796849 2.469493
 277.000000 -2.166043 2.605100
 278.000000 -2.347025 2.302823
 279.000000 -2.653869 2.971278
 280.000000 -2.625081 2.125799
 281.000000 -2.123979 2.411064
 282.000000 -2.677658 2.450822
 283.000000 -2.584992 2.365374
 284.000000 -2.703328 2.778726
 285.000000 -2.265486 2.626427
 286.000000 -1.055986 2.639229
 287.000000 -1.105114 2.514605
 288.000000 -1.144145 2.629296
 289.000000 -0.989244 2.574457
 290.000000 -1.189536 2.355196
 291.000000 -1.027221 2.522810
 292.000000 -1.385302 2.169733
 293.000000 -0.947707 2.431281
 294.000000 -1.030671 2.612629
 295.000000 -0.854920 2.549661
 296.000000 -1.114478 2.458323
 297.000000 -1.127088 2.402117
 298.000000 -2.565152 2.836987
 299.000000 -2.360346 2.870716
 300.000000 -1.313601 2.400851
 301.000000 -1.158387 2.828265
 302.000000 -0.998149 2.617112
 303.000000 -1.036749 2.526664
 304.000000 -0.918845 2.230927
 305.000000 -0.977435 2.459738
 306.000000 -0.974611 2.755956
 307.000000 -1.109369 2.835327
 308.000000 -1.086411 2.437572
 309.000000 -1.591507 2.220603
 310.000000 -1.576222 2.200653
 311.000000 -2.432159 2.742819
 312.000000 -2.415759 1.999621
 313.000000 -2.416200 2.345794
 314.000000 -1.231205 2.251147
 315.000000 -1.081430 2.486329
 316.000000 -1.620100 2.374092
 317.000000 -1.078242 2.738022
 318.000000 -0.998553 2.499159
 319.000000 -1.373744 2.595148
 320.000000 -1.273133 2.529470
 321.000000 -1.424073 2.103744
 322.000000 -1.006050 2.130394
 323.000000 -2.522868 2.646978
 324.000000 -1.432174 2.130714
 325.000000 -2.397748 2.184362
 326.000000 -2.158749 2.406485
 327.000000 -1.329973 2.545247
 328.000000 -1.805947 2.368427
 329.000000 -1.060165 2.344419
 330.000000 -0.875087 2.192600
 331.000000 -1.251913 2.686892
 332.000000 -1.429942 2.891386
 333.000000 -1.294623 2.798977
 334.000000 -1.158882 2.687390
 335.000000 -0.961252 2.678942
 336.000000 -1.082283 2.350192
 337.000000 -1.313055 2.046176
 338.000000 -1.031686 2.336013
 339.000000 -0.777142 2.199336
 340.000000 -1.158923 2.130898
 341.000000 -0.986029 2.550766
 342.000000 -2.676491 2.744710
 343.000000 -2.221899 2.631605
 344.000000 -2.376135 2.855218
 345.000000 -2.603763 2.378269
 346.000000 -2.942576 2.562654
 347.000000 -2.378979 2.890393
 348.000000 -2.428255 3.012130
 349.000000 -1.892915 2.433793
 350.000000 -1.121570 2.304116
 351.000000 -1.025582 2.189818
 352.000000 -1.119353 2.195590
 353.000000 -1.631672 2.481910
 354.000000 -1.170879 2.358253
 355.000000 -1.081792 2.477877
 356.000000 -1.147976 2.009348
 357.000000 -0.908071 2.409558
 358.000000 -1.434140 2.529164
 359.000000 -1.428179 2.663092
 360.000000 -0.476095 1.959805
 361.000000 -0.513795 2.418926
 362.000000 -1.429441 2.423381
 363.000000 -2.763710 2.776035
 364.000000 -1.786716 2.871406
 365.000000 -1.085800 2.701225
 366.000000 -0.983838 2.377906
 367.000000 -1.205880 2.563271
 368.000000 -1.771009 2.326068
 369.000000 -2.875680 2.902997
 370.000000 -2.460250 2.878421
 371.000000 -2.404928 2.658196
 372.000000 -2.532858 2.806097
 373.000000 -2.615324 2.898768
 374.000000 -2.013208 2.380476
 375.000000 -0.974347 2.661885
 376.000000 -1.202756 2.727761
 377.000000 -1.069641 2.293947
 378.000000 -2.952603 2.765676
 379.000000 -1.118913 2.475198
 380.000000 -1.343666 2.215195
 381.000000 -1.566330 2.983116
 382.000000 -1.237153 2.500508
 383.000000 -2.749467 2.857761
 384.000000 -2.252509 2.125836
 385.000000 -1.552843 2.935339
 386.000000 -1.787683 1.687902
 387.000000 -1.451057 2.814896
 388.000000 -0.954781 2.512980
 389.000000 -1.524259 2.241024
 390.000000 -0.953223 2.467678
 391.000000 -1.384377 2.948676
 392.000000 -0.646650 2.233272
 393.000000 -1.086016 2.855958
 394.000000 -1.113886 2.637124
 395.000000 -1.131457 2.592432
 396.000000 -1.536617 2.847790
 397.000000 -1.255519 2.506075
 398.000000 -1.762678 2.252097
 399.000000 -1.286778 2.456884
 400.000000 -0.999280 2.660057
