#! FIELDS time phi psi
#! SET min_phi -pi
#! SET max_phi pi
#! SET min_psi -pi
#! SET max_psi pi
 0.000000 -2.751988 0.946874
 1.000000 -1.994195 -0.169437
 2.000000 -1.047188 -0.687787
 3.000000 -1.079888 -0.603909
 4.000000 -1.241515 -0.331037
 5.000000 -1.733013 -0.021824
 6.000000 -1.772621 -0.042427
 7.000000 -2.429552 0.441727
 8.000000 -1.664956 0.264984
 9.000000 -1.597375 -0.239462
 10.000000 -1.326250 -0.426591
 11.000000 -1.260193 -0.488988
 12.000000 -1.087832 -0.509332
 13.000000 -1.332787 -0.517807
 14.000000 -1.306993 -0.494626
 15.000000 -1.966015 0.183917
 16.000000 -1.370515 -0.567470
 17.000000 -1.636874 -0.348550
 18.000000 -1.582240 0.010891
 19.000000 -1.839677 0.138938
 20.000000 -1.662784 -0.295443
 21.000000 -2.184498 0.661473
 22.000000 -2.181401 0.338991
 23.000000 -0.965942 -0.800476
 24.000000 -1.108852 -0.536234
 25.000000 -1.273770 -0.664641
 26.000000 -2.115784 0.031925
 27.000000 -1.686650 -0.069319
 28.000000 -1.705334 0.037254
 29.000000 -2.062259 0.173011
 30.000000 -1.399501 0.413963
 31.000000 -1.797844 0.195425
 32.000000 -1.910300 -0.042245
 33.000000 -1.352411 -0.623219
 34.000000 -1.248642 -0.560412
 35.000000 -1.131970 -0.728802
 36.000000 -1.346492 -0.238832
 37.000000 -1.322928 -0.573547
 38.000000 -0.988221 -0.858961
 39.000000 -1.191371 -0.507902
 40.000000 -1.675426 0.586190
 41.000000 -2.086376 -0.330120
 42.000000 -1.236804 -0.669310
 43.000000 -1.818274 -0.184725
 44.000000 -2.564382 -0.163951
 45.000000 -1.682833 -0.616942
 46.000000 -2.677512 -0.094506
 47.000000 -1.396136 -0.797648
 48.000000 -1.214745 -0.911248
 49.000000 -0.965893 -0.783797
 50.000000 -0.976545 -0.800821
 51.000000 -0.941479 -0.637785
 52.000000 -1.157287 -0.863127
 53.000000 -1.347339 0.408365
 54.000000 -1.802509 0.232178
 55.000000 -1.750399 0.056789
 56.000000 -1.378876 -0.231476
 57.000000 -2.387699 0.016455
 58.000000 -1.904395 -0.109721
 59.000000 -1.395689 -0.331494
 60.000000 -1.674808 -0.177687
 61.000000 -1.391281 -0.025005
 62.000000 -1.316126 -0.477085
 63.000000 -1.160428 -0.566217
 64.000000 -1.909543 -0.182196
 65.000000 -1.562124 -0.084875
 66.000000 -1.914930 -0.311849
 67.000000 -1.246647 -0.695363
 68.000000 -1.985893 -0.150603
 69.000000 -2.375270 0.212670
 70.000000 -1.856868 0.173882
 71.000000 -1.563189 -0.155624
 72.000000 -1.867244 0.083023
 73.000000 -1.809619 0.113009
 74.000000 -2.151470 0.315593
 75.000000 -2.116494 0.085436
 76.000000 -1.596617 -0.134805
 77.000000 -1.106072 -0.806464
 78.000000 -1.163948 -0.706907
 79.000000 -0.902471 -0.624942
 80.000000 -1.185859 -0.828485
 81.000000 -1.494508 0.448606
 82.000000 -1.888651 0.344227
 83.000000 -1.830811 0.100134
 84.000000 -1.675822 -0.106871
 85.000000 -1.839457 0.121395
 86.000000 -1.824409 0.060877
 87.000000 -1.520031 0.001204
 88.000000 -1.838310 0.010055
 89.000000 -1.142043 -0.834976
 90.000000 -1.593689 0.266529
 91.000000 -1.703731 0.294389
 92.000000 -1.782171 0.182821
 93.000000 -2.287603 0.427195
 94.000000 -2.503128 0.112884
 95.000000 -2.580078 0.673058
 96.000000 -1.942961 0.144766
 97.000000 -2.195971 0.157948
 98.000000 -1.882719 -0.210600
 99.000000 -1.116304 -0.296738
 100.000000 -2.085062 0.263243
 101.000000 -1.782058 -0.077105
 102.000000 -0.956594 -0.718758
 103.000000 -1.126530 -0.850211
 104.000000 -1.155934 -0.476974
 105.000000 -2.785408 0.260631
 106.000000 -2.522669 0.317581
 107.000000 -1.821518 0.234671
 108.000000 -1.566724 -0.198787
 109.000000 -1.783069 0.100667
 110.000000 -2.005538 0.011177
 111.000000 -0.778857 -0.887282
 112.000000 -1.082337 -0.649979
 113.000000 -1.387335 -0.596786
 114.000000 -1.178427 -0.730347
 115.000000 -1.035205 -0.648035
 116.000000 -0.957020 -0.526777
 117.000000 -1.007719 -0.709516
 118.000000 -1.299948 -0.257846
 119.000000 -1.027683 -0.733532
 120.000000 -1.042454 -0.713307
 121.000000 -1.135827 -0.667383
 122.000000 -0.860070 -0.793996
 123.000000 -1.203054 -0.767017
 124.000000 -1.066407 -0.795322
 125.000000 -1.232203 -0.494390
 126.000000 -1.940873 -0.008250
 127.000000 -1.943975 0.373875
 128.000000 -1.674680 0.022143
 129.000000 -1.289765 -0.701939
 130.000000 -1.832842 0.061807
 131.000000 -1.625017 -0.153431
 132.000000 -0.853454 -0.707674
 133.000000 -1.224807 -0.957311
 134.000000 -1.979321 0.120166
 135.000000 -1.148411 -0.559517
 136.000000 -1.001097 -0.801182
 137.000000 -1.081814 -0.737902
 138.000000 -1.304628 -0.663575
 139.000000 -1.411505 -0.116102
 140.000000 -1.838941 0.104576
 141.000000 -2.333455 0.372642
 142.000000 -2.040924 0.490975
 143.000000 -2.646019 0.585395
 144.000000 -1.752677 -0.144968
 145.000000 -1.715719 0.118875
 146.000000 -1.077163 -0.655534
 147.000000 -1.819476 -0.415406
 148.000000 -0.982560 -0.679055
 149.000000 -1.325719 -0.463342
 150.000000 -1.861245 0.124074
 151.000000 -2.120470 0.009186
 152.000000 -1.616660 -0.028462
 153.000000 -2.010671 0.589922
 154.000000 -1.876022 0.276592
 155.000000 -1.431109 -0.129752
 156.000000 -1.418775 0.230680
 157.000000 -1.696809 -0.122095
 158.000000 -0.801018 -0.832546
 159.000000 -1.065790 -0.936021
 160.000000 -1.278843 -0.730020
 161.000000 -1.924610 -0.013646
 162.000000 -0.972117 -0.549781
 163.000000 -1.046522 -0.656708
 164.000000 -1.322945 -0.772216
 165.000000 -1.459518 -0.235019
 166.000000 -2.833324 0.594592
 167.000000 -1.321406 -0.253757
 168.000000 -1.725101 0.485042
 169.000000 -1.891282 0.395331
 170.000000 -2.988953 0.771574
 171.000000 -3.128914 1.240034
 172.000000 -2.831904 0.549449
 173.000000 -2.424407 0.280646
 174.000000 -1.671117 0.210144
 175.000000 -1.410516 0.391577
 176.000000 -1.397382 -0.350665
 177.000000 -1.608570 -0.208716
 178.000000 -1.875939 0.256685
 179.000000 -2.516788 0.813997
 180.000000 -2.590358 0.303781
 181.000000 -2.044589 0.003325
 182.000000 -1.891957 -0.216282
 183.000000 -1.818433 0.237477
 184.000000 -1.912233 0.254115
 185.000000 -1.503830 -0.150036
 186.000000 -1.168162 -0.631879
 187.000000 -1.930634 -0.021319
 188.000000 -1.900234 0.270444
 189.000000 -1.028081 -0.754990
 190.000000 -1.344451 -0.375158
 191.000000 -1.784504 -0.317315
 192.000000 -1.667753 -0.266515
 193.000000 -1.771599 0.131074
 194.000000 -1.403846 -0.028064
 195.000000 -1.624046 -0.066460
 196.000000 -1.482585 -0.435401
 197.000000 -1.640219 0.019009
 198.000000 -1.600245 0.124448
 199.000000 -1.124212 -0.731977
 200.000000 -0.947542 -0.762624
 201.000000 -1.201156 -0.714558
 202.000000 -1.114903 -0.798473
 203.000000 -2.029836 0.463525
 204.000000 -1.631553 0.081745
 205.000000 -2.013456 -0.060959
 206.000000 -1.217607 -0.793136
 207.000000 -1.064995 -0.855084
 208.000000 -1.730463 -0.520187
 209.000000 -1.611296 -0.392579
 210.000000 -2.085902 0.201067
 211.000000 -2.490881 -0.501901
 212.000000 -2.340449 -0.491175
 213.000000 -2.782764 0.779100
 214.000000 -2.493994 0.171748
 215.000000 -1.543334 0.260056
 216.000000 -2.021482 0.426105
 217.000000 -2.508569 0.809647
 218.000000 -2.976878 -0.245180
 219.000000 -1.891238 -0.385150
 220.000000 -0.706778 -0.963368
 221.000000 -1.838665 0.079686
 222.000000 -2.400818 0.237534
 223.000000 -2.989668 0.451956
 224.000000 -2.443687 0.651085
 225.000000 -2.024234 0.344583
 226.000000 -2.057970 0.373218
 227.000000 -2.098136 0.314401
 228.000000 -2.371054 -0.455793
 229.000000 -1.057962 -0.352313
 230.000000 -1.874066 0.057583
 231.000000 -1.188281 -1.024680
 232.000000 -1.101504 -0.898234
 233.000000 -1.089095 -0.016665
 234.000000 -1.503148 -0.238018
 235.000000 -1.818277 -0.111604
 236.000000 -1.182817 -0.539181
 237.000000 -1.120424 -0.786472
 238.000000 -1.671694 -0.078395
 239.000000 -1.156049 -0.684709
 240.000000 -1.136741 -0.832483
 241.000000 -1.659454 -0.023981
 242.000000 -1.663666 0.005263
 243.000000 -0.936089 -0.730170
 244.000000 -1.224046 -0.356957
 245.000000 -1.455801 -0.368543
 246.000000 -1.719479 -0.378123
 247.000000 -1.063791 -0.647021
 248.000000 -2.245516 -0.109809
 249.000000 -1.724190 -0.191183
 250.000000 -1.828455 -0.184398
 251.000000 -1.126542 -0.749771
 252.000000 -1.640547 0.031780
 253.000000 -1.191899 -0.650701
 254.000000 -1.849494 0.074372
 255.000000 -1.884241 0.093377
 256.000000 -1.838261 0.375822
 257.000000 -1.510512 -0.148327
 258.000000 -0.863374 -0.757549
 259.000000 -1.374112 -0.583309
 260.000000 -1.062842 -0.675510
 261.000000 -1.193893 -0.450714
 262.000000 -1.800396 0.334714
 263.000000 -2.018440 0.357902
 264.000000 -1.733480 -0.003413
 265.000000 -1.800387 -0.096197
 266.000000 -1.939604 0.318743
 267.000000 -1.633026 0.085098
 268.000000 -2.132973 -0.043894
 269.000000 -1.718955 -0.021512
 270.000000 -1.755950 0.159714
 271.000000 -1.147501 -0.576504
 272.000000 -1.655679 0.020188
 273.000000 -1.407816 -0.369850
 274.000000 -1.367238 0.911211
 275.000000 -1.657738 0.575844
 276.000000 -1.632742 1.651874
 277.000000 -1.479567 0.429678
 278.000000 -1.678425 0.675953
 279.000000 -1.527498 -0.040301
 280.000000 -0.881691 -0.652315
 281.000000 -1.633894 0.019790
 282.000000 -1.041056 -0.885391
 283.000000 -1.531052 -0.423382
 284.000000 -1.194746 -0.702663
 285.000000 -0.976084 -0.548287
 286.000000 -1.932499 0.139165
 287.000000 -1.883867 -0.160391
 288.000000 -1.814055 0.424979
 289.000000 -1.860653 0.240532
 290.000000 -1.806725 0.035844
 291.000000 -1.917152 -0.439070
 292.000000 -1.352351 -0.571242
 293.000000 -1.246627 -0.510894
 294.000000 -1.510030 -0.450979
 295.000000 -1.509153 0.073443
 296.000000 -1.839138 -0.063582
 297.000000 -1.933580 0.096554
 298.000000 -2.671199 1.378137
 299.000000 -2.961632 0.149852
 300.000000 -1.554896 0.079337
 301.000000 -1.150366 -0.559234
 302.000000 -1.385881 -0.346072
 303.000000 -0.915625 -0.774753
 304.000000 -1.782544 0.023899
 305.000000 -1.278907 -0.274403
 306.000000 -2.078349 -0.149362
 307.000000 -1.967893 -0.260513
 308.000000 -1.965011 0.152065
 309.000000 -0.994013 -0.740323
 310.000000 -0.818583 -0.709728
 311.000000 -0.970979 -0.732895
 312.000000 -1.372607 -0.335260
 313.000000 -1.131329 -0.820254
 314.000000 -2.493162 0.102623
 315.000000 -1.323311 -0.421858
 316.000000 -1.624481 0.014538
 317.000000 -0.998796 -0.562448
 318.000000 -1.048948 -0.623589
 319.000000 -1.001234 -0.785988
 320.000000 -1.554578 0.150884
 321.000000 -1.154568 -0.561984
 322.000000 -2.288407 0.471018
 323.000000 -2.046124 0.163588
 324.000000 -1.880753 -0.146792
 325.000000 -1.976175 0.261008
 326.000000 -1.591097 -0.190975
 327.000000 -1.891541 0.452774
 328.000000 -1.633668 0.447544
 329.000000 -1.451651 -0.273003
 330.000000 -1.918163 0.099175
 331.000000 -1.691770 0.054933
 332.000000 -1.758454 1.464745
 333.000000 -1.571124 -0.065815
 334.000000 -2.005814 0.141501
 335.000000 -1.389979 -0.468253
 336.000000 -1.731505 -0.146885
 337.000000 -1.494013 -0.021271
 338.000000 -1.307211 -0.409813
 339.000000 -1.530854 0.055319
 340.000000 -2.027189 0.327355
 341.000000 -0.944170 -0.864679
 342.000000 -1.151914 -0.683073
 343.000000 -1.332662 -0.725598
 344.000000 -1.353613 -0.345084
 345.000000 -1.263013 -0.770338
 346.000000 -1.628802 -0.214413
 347.000000 -1.281881 -0.277807
 348.000000 -1.278137 -0.623467
 349.000000 -0.962578 -0.786143
 350.000000 -1.670467 -0.036950
 351.000000 -1.361079 -0.595964
 352.000000 -1.901494 0.092445
 353.000000 -1.825483 0.244518
 354.000000 -1.131016 -0.676345
 355.000000 -1.072036 -0.733451
 356.000000 -1.199136 -0.819800
 357.000000 -1.984571 -0.016201
 358.000000 -1.254807 -0.340388
 359.000000 -1.972531 0.403523
 360.000000 -1.731130 -0.052096
 361.000000 -1.721463 0.223387
 362.000000 -2.197973 -0.032627
 363.000000 -1.590472 0.200040
 364.000000 -1.567046 -0.138773
 365.000000 -1.829562 -0.021606
 366.000000 -1.495727 0.109087
 367.000000 -1.768231 0.176545
 368.000000 -1.752109 -0.133754
 369.000000 -1.983856 0.037566
 370.000000 -1.972273 -0.501362
 371.000000 -1.073102 -0.842146
 372.000000 -1.795426 0.284048
 373.000000 -3.047387 0.468654
 374.000000 -1.740780 -0.294228
 375.000000 -1.499984 -0.396618
 376.000000 -1.834411 -0.056216
 377.000000 -1.569904 -0.304248
 378.000000 -1.720915 -0.158956
 379.000000 -1.634648 -0.244739
 380.000000 -2.582418 0.553410
 381.000000 -1.909867 0.010453
 382.000000 -1.458755 -0.211530
 383.000000 -1.698190 -0.178522
 384.000000 -1.830881 -0.163476
 385.000000 -1.141809 -0.748381
 386.000000 -0.956304 -0.536488
 387.000000 -1.117444 -0.643325
 388.000000 -1.745726 -0.466768
 389.000000 -1.843350 0.148992
 390.000000 -2.433222 0.255870
 391.000000 -2.703030 0.241782
 392.000000 -1.712665 0.078278
 393.000000 -1.077332 -0.773388
 394.000000 -1.257277 -0.730187
 395.000000 -1.823088 -0.610521
 396.000000 -1.011457 -0.790715
 397.000000 -1.136795 -0.661049
 398.000000 -1.087197 -0.721850
 399.000000 -1.595016 -0.188810
 400.000000 -1.633479 -0.342829
