#! FIELDS time pair1 pair2 pair3 pair4 pair5 pair6 pair7 pair8 pair9 pair10 pair11 pair12 pair13 pair14 pair15 pair16 pair17 pair18 pair19 pair20 pair21 pair22 pair23 pair24 pair25 pair26 pair27 pair28 pair29 pair30 pair31 pair32 pair33 pair34 pair35 pair36 pair37 pair38 pair39 pair40 pair41 pair42 pair43 pair44 pair45
 0.000000 0.142822 0.231899 0.239585 0.372631 0.447218 0.463459 0.458897 0.587116 0.697977 0.124615 0.133989 0.241897 0.330203 0.351670 0.377383 0.467107 0.590323 0.224027 0.270782 0.351882 0.400815 0.456531 0.492723 0.627635 0.144260 0.245171 0.229480 0.248574 0.357553 0.474141 0.152859 0.152702 0.235597 0.255145 0.389401 0.248769 0.316016 0.334026 0.456923 0.119808 0.138625 0.248799 0.222443 0.275770 0.144160
 1.000000 0.150379 0.237364 0.237651 0.377526 0.437457 0.474369 0.468117 0.597512 0.706328 0.118870 0.133641 0.246370 0.331015 0.356098 0.381203 0.468689 0.588145 0.222328 0.280093 0.376315 0.393700 0.444722 0.482710 0.607452 0.146527 0.229144 0.245638 0.265917 0.369877 0.487182 0.153313 0.148310 0.232745 0.247663 0.382086 0.248131 0.317923 0.326383 0.456150 0.123992 0.133150 0.243938 0.222308 0.273236 0.144613
 2.000000 0.151013 0.235911 0.248697 0.378542 0.478938 0.479705 0.504907 0.570142 0.683672 0.124615 0.130250 0.236971 0.343064 0.357421 0.410241 0.442198 0.567941 0.218916 0.264322 0.361292 0.397868 0.479392 0.452073 0.586131 0.140549 0.250423 0.246225 0.290174 0.353952 0.475497 0.153993 0.158610 0.252937 0.248805 0.383142 0.245884 0.323699 0.329767 0.453447 0.126436 0.136488 0.241837 0.227176 0.271313 0.142625
 3.000000 0.148862 0.229643 0.236527 0.371233 0.437742 0.475020 0.473300 0.602417 0.720247 0.120864 0.129464 0.234653 0.313551 0.354508 0.381152 0.470415 0.596929 0.223877 0.269381 0.331931 0.403956 0.455523 0.495090 0.629034 0.146537 0.239844 0.245163 0.267806 0.371915 0.493296 0.152977 0.151532 0.237565 0.245455 0.382144 0.255543 0.349544 0.304667 0.443136 0.120719 0.140021 0.248274 0.230541 0.283438 0.145430
 4.000000 0.151291 0.233808 0.243805 0.380522 0.471972 0.480821 0.485458 0.585160 0.699754 0.122389 0.134967 0.245443 0.360090 0.350097 0.380459 0.443493 0.563785 0.229476 0.287091 0.420769 0.373774 0.421742 0.436249 0.548137 0.144382 0.239360 0.257604 0.288030 0.369305 0.496126 0.151324 0.155698 0.240206 0.246463 0.384485 0.239451 0.311577 0.315422 0.447113 0.122691 0.130866 0.246026 0.222250 0.284601 0.142902
 5.000000 0.144184 0.231368 0.239502 0.369263 0.481026 0.432638 0.417749 0.537834 0.634039 0.122580 0.131955 0.238977 0.369195 0.307462 0.323105 0.403508 0.510354 0.220132 0.271301 0.418947 0.310050 0.344873 0.370525 0.465795 0.138441 0.244027 0.244673 0.276082 0.355284 0.478465 0.157229 0.151192 0.236535 0.241265 0.377308 0.260749 0.338635 0.328326 0.461844 0.124443 0.131856 0.241781 0.227530 0.281769 0.143548
 6.000000 0.142194 0.228913 0.239426 0.367377 0.472238 0.440386 0.465949 0.523045 0.627874 0.123588 0.137746 0.242786 0.370829 0.310900 0.358773 0.384992 0.498487 0.230252 0.285550 0.434143 0.305963 0.365237 0.339448 0.437695 0.134295 0.236897 0.249818 0.302308 0.350059 0.478085 0.152902 0.159217 0.244182 0.251599 0.388672 0.259532 0.314207 0.351649 0.477855 0.121132 0.133701 0.242252 0.222227 0.269164 0.147479
 7.000000 0.146980 0.232090 0.230595 0.370904 0.463341 0.465950 0.454906 0.594446 0.704305 0.117341 0.129634 0.245677 0.334320 0.368633 0.394167 0.484827 0.607767 0.218874 0.284925 0.346342 0.428398 0.480001 0.524116 0.655526 0.144153 0.258370 0.244992 0.268121 0.369632 0.488082 0.159885 0.153899 0.241133 0.247823 0.380416 0.251599 0.342038 0.299364 0.431401 0.125244 0.137481 0.244534 0.232441 0.286888 0.139499
 8.000000 0.151116 0.243086 0.233452 0.376606 0.460509 0.460666 0.453313 0.579050 0.681253 0.123073 0.129120 0.249584 0.331109 0.362950 0.392694 0.470892 0.590926 0.221474 0.290288 0.349047 0.423832 0.480905 0.508716 0.639957 0.146711 0.245359 0.244452 0.270882 0.365791 0.482487 0.154159 0.149883 0.237287 0.245900 0.379460 0.254358 0.332743 0.328862 0.460618 0.123911 0.138946 0.244608 0.231417 0.278975 0.144017
 9.000000 0.142920 0.238659 0.233998 0.370358 0.465215 0.437853 0.440888 0.543886 0.639354 0.124684 0.136883 0.249100 0.372345 0.311642 0.338503 0.407384 0.509067 0.226824 0.285456 0.433455 0.305675 0.340814 0.368600 0.453541 0.140933 0.238474 0.245976 0.289422 0.355779 0.475325 0.155016 0.159468 0.250637 0.246303 0.380439 0.263002 0.334450 0.338729 0.467406 0.121577 0.131008 0.237339 0.217343 0.262916 0.141580
 10.000000 0.145839 0.232987 0.241033 0.371544 0.472157 0.455685 0.458005 0.566927 0.680245 0.120938 0.135440 0.240304 0.359401 0.333937 0.366089 0.433969 0.555470 0.222904 0.271135 0.403647 0.354037 0.409970 0.419920 0.539022 0.139621 0.240244 0.245581 0.279644 0.363913 0.489419 0.157991 0.150917 0.239769 0.245237 0.380364 0.253624 0.331234 0.325408 0.451263 0.124567 0.137641 0.248284 0.230430 0.288773 0.140791
 11.000000 0.145685 0.232441 0.237036 0.374861 0.470746 0.464192 0.496856 0.554485 0.673881 0.121165 0.133229 0.247299 0.361560 0.348330 0.408331 0.425283 0.553689 0.223125 0.284461 0.401623 0.388017 0.471902 0.429331 0.558134 0.143314 0.253369 0.244630 0.297473 0.347983 0.478801 0.158629 0.157235 0.251573 0.242790 0.384121 0.262023 0.331424 0.341444 0.472434 0.122385 0.135499 0.249211 0.223808 0.280303 0.146171
 12.000000 0.154201 0.239954 0.246654 0.389545 0.481685 0.490740 0.497734 0.597090 0.708414 0.121672 0.133596 0.250062 0.357919 0.360056 0.393788 0.455022 0.572603 0.222881 0.279548 0.385531 0.392025 0.450929 0.457569 0.574918 0.151747 0.260058 0.253346 0.282477 0.365788 0.485409 0.153144 0.149650 0.239512 0.237441 0.371135 0.242211 0.333147 0.299835 0.432470 0.123923 0.129711 0.239929 0.220948 0.276053 0.139410
 13.000000 0.151238 0.239422 0.242998 0.377338 0.483070 0.446772 0.454473 0.554552 0.655642 0.121680 0.131076 0.240235 0.364788 0.314159 0.351276 0.413063 0.524184 0.217888 0.267707 0.409168 0.314722 0.373894 0.376960 0.480480 0.142520 0.244322 0.245571 0.285836 0.363461 0.485434 0.154470 0.147557 0.236952 0.246625 0.380413 0.255276 0.328069 0.332748 0.461863 0.125519 0.136327 0.246765 0.225739 0.279396 0.141400
 14.000000 0.149138 0.238826 0.238697 0.374915 0.474154 0.455685 0.463571 0.557206 0.657880 0.122205 0.133963 0.243608 0.368925 0.317772 0.346095 0.410361 0.515217 0.224245 0.277624 0.426080 0.310085 0.344011 0.371055 0.457884 0.142972 0.239779 0.258149 0.304582 0.363788 0.486718 0.153763 0.158663 0.251879 0.242967 0.378213 0.250450 0.327329 0.323985 0.454275 0.123746 0.134800 0.240173 0.226667 0.272973 0.142618
 15.000000 0.147489 0.231422 0.243216 0.384069 0.475784 0.446152 0.447690 0.555624 0.663236 0.120983 0.136635 0.253192 0.371458 0.312604 0.338339 0.412770 0.526613 0.227011 0.289857 0.433403 0.306894 0.339638 0.375337 0.472129 0.148610 0.239065 0.254916 0.297789 0.367454 0.497657 0.153066 0.150615 0.238132 0.243887 0.382699 0.249235 0.308788 0.334637 0.462271 0.120291 0.138946 0.252139 0.227451 0.288139 0.144547
 16.000000 0.149094 0.238305 0.234096 0.368657 0.470937 0.421279 0.404804 0.537513 0.636044 0.123717 0.135551 0.241233 0.367087 0.301372 0.321983 0.406213 0.517039 0.233015 0.283889 0.429224 0.313772 0.352847 0.383496 0.482702 0.144959 0.239585 0.249850 0.284107 0.368458 0.495254 0.151849 0.156180 0.245271 0.250767 0.390338 0.257321 0.329327 0.333338 0.466371 0.126531 0.135573 0.250128 0.228731 0.286290 0.146068
 17.000000 0.145777 0.234830 0.236535 0.382191 0.474303 0.460906 0.450984 0.566495 0.668403 0.128491 0.131689 0.253529 0.370864 0.328532 0.341370 0.425623 0.533820 0.231011 0.298002 0.440030 0.330528 0.350167 0.396309 0.486779 0.150854 0.242895 0.262135 0.290863 0.373156 0.496933 0.150017 0.155029 0.237698 0.248367 0.385509 0.249642 0.317580 0.331015 0.462152 0.123069 0.131507 0.243313 0.223522 0.277577 0.145585
 18.000000 0.149248 0.239429 0.240553 0.375141 0.483574 0.445675 0.439838 0.555132 0.662917 0.122266 0.135503 0.243861 0.376907 0.312540 0.331792 0.412490 0.527886 0.224825 0.277224 0.431428 0.309919 0.340372 0.379306 0.487025 0.141566 0.246791 0.248837 0.284653 0.360029 0.484150 0.158528 0.152109 0.238667 0.240416 0.374257 0.249452 0.322064 0.315929 0.432707 0.120412 0.130526 0.237068 0.219322 0.266334 0.144180
 19.000000 0.147479 0.235614 0.243454 0.383309 0.490717 0.458801 0.461942 0.551946 0.642950 0.123102 0.134007 0.250519 0.372125 0.339211 0.372741 0.422050 0.527497 0.222162 0.282032 0.410167 0.369348 0.429621 0.416214 0.522949 0.146513 0.256338 0.242829 0.275133 0.350049 0.463908 0.156042 0.151341 0.238428 0.239362 0.372721 0.251000 0.324378 0.327333 0.459141 0.120897 0.132220 0.237396 0.221878 0.267090 0.143628
 20.000000 0.151730 0.234218 0.241352 0.383663 0.471871 0.474031 0.490356 0.569363 0.664997 0.120375 0.129618 0.251573 0.362538 0.350470 0.395688 0.432839 0.540438 0.220184 0.293614 0.410797 0.392664 0.462622 0.442084 0.553985 0.145623 0.254498 0.244904 0.285472 0.349984 0.460619 0.159534 0.149479 0.238046 0.240655 0.369938 0.254910 0.320476 0.339800 0.465615 0.122581 0.133248 0.233594 0.223170 0.260200 0.142580
 21.000000 0.152565 0.239151 0.246735 0.383846 0.464462 0.484645 0.486981 0.601488 0.713940 0.122935 0.138485 0.247398 0.330183 0.371797 0.407119 0.477614 0.602317 0.230784 0.282101 0.348652 0.423918 0.486906 0.505025 0.636513 0.146690 0.247655 0.246400 0.273777 0.366302 0.487116 0.154541 0.155445 0.245235 0.246132 0.382471 0.250352 0.334178 0.314487 0.450239 0.124880 0.134722 0.246047 0.227519 0.283803 0.142790
 22.000000 0.146157 0.232794 0.235283 0.367625 0.478620 0.436306 0.454423 0.525975 0.626562 0.123754 0.130192 0.236131 0.356737 0.321635 0.371384 0.401709 0.518388 0.224671 0.272765 0.395563 0.353590 0.430601 0.392847 0.512352 0.142359 0.249229 0.240127 0.281663 0.349574 0.469772 0.151859 0.151403 0.240416 0.242944 0.377412 0.254051 0.324507 0.332808 0.460957 0.122715 0.137117 0.241601 0.228600 0.272998 0.145031
 23.000000 0.147638 0.233260 0.239201 0.373316 0.476540 0.465572 0.506810 0.550862 0.668737 0.122315 0.135462 0.241797 0.361335 0.343182 0.410610 0.418784 0.546441 0.229109 0.280045 0.405884 0.375237 0.468775 0.413967 0.545286 0.142990 0.247372 0.250607 0.302293 0.356945 0.481330 0.153808 0.151585 0.242250 0.247293 0.379041 0.242332 0.296051 0.335611 0.449592 0.127503 0.134648 0.240271 0.227361 0.270985 0.142485
 24.000000 0.151360 0.236449 0.238676 0.379233 0.477069 0.445938 0.451678 0.547735 0.658204 0.123264 0.133357 0.246860 0.369969 0.303728 0.330652 0.398100 0.512493 0.230239 0.291091 0.435223 0.297854 0.328373 0.361256 0.453851 0.146710 0.243682 0.258772 0.305776 0.363632 0.497052 0.150429 0.160583 0.250940 0.246528 0.388804 0.253492 0.319734 0.331097 0.464338 0.123304 0.131829 0.250667 0.222771 0.289320 0.144972
 25.000000 0.145551 0.241630 0.232011 0.370111 0.462129 0.446499 0.491274 0.525332 0.633666 0.125148 0.130683 0.242679 0.358706 0.327484 0.398190 0.396127 0.517419 0.221097 0.273224 0.409617 0.346471 0.442340 0.371937 0.493180 0.144121 0.236377 0.245516 0.304087 0.348346 0.475401 0.148354 0.156898 0.247067 0.252274 0.391593 0.239077 0.278950 0.348375 0.472942 0.123130 0.137066 0.249880 0.223414 0.276212 0.147306
 26.000000 0.148101 0.235805 0.234190 0.381777 0.452730 0.484853 0.504024 0.586106 0.701266 0.123183 0.134614 0.255961 0.338333 0.379290 0.429327 0.470756 0.598284 0.231407 0.301320 0.380916 0.434570 0.509718 0.501307 0.633364 0.151898 0.243996 0.259758 0.299668 0.369169 0.495004 0.152148 0.156170 0.245402 0.251784 0.391515 0.250084 0.312585 0.344224 0.477804 0.124944 0.132567 0.250721 0.220066 0.281499 0.145117
 27.000000 0.149218 0.236480 0.242200 0.382889 0.483683 0.449530 0.454306 0.539972 0.643912 0.125176 0.132563 0.248608 0.371059 0.307979 0.333554 0.392071 0.502006 0.226173 0.285508 0.428922 0.296941 0.330667 0.346637 0.435386 0.147475 0.244201 0.256137 0.298749 0.355192 0.485258 0.147394 0.156681 0.245075 0.239445 0.381180 0.252638 0.321722 0.327428 0.462538 0.123503 0.129842 0.243666 0.225082 0.282319 0.147343
 28.000000 0.150894 0.234361 0.238153 0.374600 0.485644 0.424220 0.437029 0.508669 0.612129 0.123507 0.132507 0.240512 0.373870 0.296046 0.341029 0.370304 0.486591 0.230465 0.284282 0.433619 0.325025 0.396713 0.355467 0.466791 0.144423 0.250968 0.230740 0.269613 0.335680 0.461381 0.157127 0.153470 0.239927 0.240360 0.378214 0.255280 0.305421 0.342061 0.464987 0.123329 0.130775 0.242299 0.225224 0.281231 0.144392
 29.000000 0.147831 0.229028 0.236991 0.375751 0.479711 0.440908 0.467976 0.524241 0.628319 0.121277 0.131404 0.241050 0.366040 0.303799 0.352381 0.380317 0.493156 0.226581 0.278103 0.423704 0.301805 0.363087 0.335906 0.434073 0.149646 0.244847 0.247413 0.294433 0.353873 0.479137 0.150273 0.146660 0.234949 0.240678 0.377521 0.244481 0.301584 0.337334 0.463868 0.119071 0.135901 0.246822 0.220148 0.273896 0.144603
 30.000000 0.148694 0.234235 0.242008 0.376146 0.490013 0.444762 0.450033 0.549068 0.661293 0.124539 0.130315 0.239583 0.372184 0.306041 0.334548 0.403542 0.523056 0.222868 0.273470 0.424246 0.298682 0.339935 0.359697 0.467749 0.143129 0.249265 0.253237 0.295401 0.365519 0.496787 0.152882 0.154146 0.241971 0.247366 0.386889 0.246791 0.317876 0.322002 0.447676 0.121930 0.138120 0.249828 0.228083 0.282200 0.148247
 31.000000 0.143962 0.233440 0.239729 0.377309 0.478437 0.441355 0.419793 0.560451 0.656078 0.120370 0.136949 0.249485 0.371713 0.314765 0.320975 0.426568 0.531730 0.221436 0.276959 0.419621 0.308584 0.328527 0.392873 0.486578 0.145121 0.240965 0.245353 0.269811 0.367362 0.488211 0.146601 0.151836 0.238004 0.249582 0.387006 0.236301 0.311971 0.308809 0.440761 0.125196 0.132064 0.245890 0.221578 0.274620 0.146455
 32.000000 0.145341 0.238556 0.237010 0.375140 0.472345 0.464560 0.475585 0.566660 0.682223 0.123535 0.134425 0.245198 0.356671 0.347085 0.387258 0.438110 0.564313 0.221903 0.270727 0.392776 0.366749 0.434992 0.422323 0.548658 0.146935 0.248194 0.246759 0.276653 0.360852 0.488062 0.151914 0.147601 0.231972 0.240903 0.381873 0.238265 0.303251 0.316376 0.449512 0.122004 0.134848 0.250034 0.227484 0.287729 0.148448
 33.000000 0.148586 0.233086 0.240092 0.381793 0.480907 0.470297 0.459549 0.593419 0.692064 0.121668 0.135004 0.251058 0.366870 0.353096 0.371627 0.465766 0.577679 0.227827 0.290856 0.406877 0.398008 0.438018 0.485820 0.605893 0.147872 0.258403 0.249309 0.273819 0.373660 0.485041 0.160368 0.158016 0.244199 0.254774 0.385356 0.263292 0.353515 0.326261 0.453026 0.120358 0.135163 0.237567 0.218030 0.256020 0.144406
 34.000000 0.151625 0.239151 0.247921 0.386065 0.452959 0.490474 0.490249 0.613382 0.734135 0.122519 0.133600 0.248081 0.317487 0.375514 0.405223 0.489478 0.621047 0.219914 0.276281 0.314485 0.426924 0.483348 0.521128 0.662458 0.145344 0.249449 0.246799 0.272377 0.369413 0.494422 0.156965 0.157692 0.240778 0.254639 0.392178 0.257932 0.327151 0.331724 0.456852 0.121446 0.136081 0.249470 0.224502 0.282719 0.145221
 35.000000 0.149275 0.231115 0.243774 0.379627 0.454962 0.489975 0.497547 0.601362 0.722920 0.121971 0.135650 0.246467 0.313568 0.379699 0.412206 0.486426 0.619591 0.229487 0.287571 0.315300 0.440656 0.494915 0.531271 0.673867 0.144350 0.248793 0.250627 0.276986 0.367577 0.493696 0.154567 0.157115 0.237327 0.253736 0.393193 0.251161 0.315511 0.332675 0.464101 0.120868 0.136253 0.250699 0.226861 0.287550 0.146782
 36.000000 0.148849 0.239476 0.241681 0.378309 0.448790 0.479611 0.488330 0.596061 0.711139 0.122886 0.134425 0.243971 0.320545 0.363641 0.402440 0.470039 0.597282 0.222326 0.271008 0.333026 0.404567 0.472763 0.484465 0.621736 0.145719 0.244922 0.242349 0.270559 0.363935 0.483949 0.151898 0.147054 0.234145 0.245216 0.381809 0.245695 0.320713 0.322345 0.455303 0.123081 0.137150 0.247760 0.226422 0.277629 0.146782
 37.000000 0.149067 0.247081 0.239842 0.374747 0.434410 0.478951 0.479997 0.591176 0.705951 0.126846 0.131548 0.244397 0.316299 0.365826 0.398349 0.465843 0.589938 0.217764 0.268496 0.315311 0.408268 0.471767 0.483839 0.616458 0.143677 0.247782 0.241284 0.267942 0.352847 0.472582 0.149275 0.149870 0.236089 0.240312 0.375778 0.249042 0.331495 0.318969 0.454002 0.122813 0.129472 0.242219 0.219691 0.277447 0.141566
 38.000000 0.145788 0.233868 0.243041 0.387891 0.473018 0.483378 0.484484 0.595951 0.713920 0.121186 0.136532 0.260985 0.355508 0.374513 0.406612 0.475522 0.603687 0.222353 0.296326 0.382340 0.419340 0.477731 0.493341 0.625931 0.148236 0.257637 0.253742 0.283933 0.370011 0.497324 0.161904 0.158231 0.243627 0.252432 0.390933 0.274638 0.353184 0.346157 0.478061 0.122315 0.136004 0.250284 0.225916 0.287320 0.143871
 39.000000 0.148587 0.242804 0.240029 0.376428 0.464556 0.475043 0.489662 0.578329 0.694647 0.125483 0.139334 0.249251 0.337979 0.372263 0.416859 0.464776 0.593014 0.232121 0.287788 0.352406 0.428245 0.498390 0.496706 0.633818 0.143436 0.248310 0.248238 0.282030 0.358091 0.478838 0.160605 0.153564 0.238053 0.240289 0.371516 0.256924 0.319908 0.325891 0.442662 0.121700 0.130127 0.233825 0.223325 0.270261 0.140154
 40.000000 0.149432 0.239708 0.234921 0.378984 0.445372 0.474778 0.476792 0.592973 0.710816 0.122090 0.131034 0.251151 0.325309 0.366516 0.401449 0.470966 0.601051 0.222117 0.289519 0.349754 0.416276 0.477262 0.493823 0.631918 0.147868 0.246966 0.247180 0.277220 0.365580 0.490412 0.154793 0.150097 0.237937 0.242697 0.381645 0.264413 0.347705 0.329632 0.465059 0.121824 0.136510 0.247099 0.226658 0.278257 0.148274
