#! FIELDS time phi psi
#! SET min_phi -pi
#! SET max_phi pi
#! SET min_psi -pi
#! SET max_psi pi
 0.000000 -1.159045 2.430449
 1.000000 -1.531662 2.592779
 2.000000 -2.129905 2.721440
 3.000000 -2.889243 2.531906
 4.000000 -2.688748 -3.057311
 5.000000 -2.115113 -3.122599
 6.000000 -0.554036 2.459783
 7.000000 -0.955901 2.480144
 8.000000 -1.018724 2.524218
 9.000000 -1.132920 2.608287
 10.000000 -1.096293 2.501591
 11.000000 -1.050798 2.390432
 12.000000 -1.626488 3.071257
 13.000000 -1.349116 2.525105
 14.000000 -1.464746 2.579579
 15.000000 -1.391494 2.462375
 16.000000 -1.003250 2.265570
 17.000000 -1.011783 2.783142
 18.000000 -1.159262 2.570414
 19.000000 -1.347766 2.752670
 20.000000 -0.942749 2.716045
 21.000000 -1.255989 2.142426
 22.000000 -1.323864 2.753786
 23.000000 -1.469557 2.681718
 24.000000 -1.388420 2.367621
 25.000000 -0.981168 2.538181
 26.000000 -1.135133 2.415682
 27.000000 -1.300150 2.266831
 28.000000 -1.088210 1.904599
 29.000000 -1.213207 2.385747
 30.000000 -1.078049 2.497917
 31.000000 -1.071901 2.614762
 32.000000 -1.368671 2.134116
 33.000000 -1.150133 2.567093
 34.000000 -1.196197 2.356712
 35.000000 -1.366791 2.431599
 36.000000 -1.001851 2.729506
 37.000000 -1.079681 2.609827
 38.000000 -1.111845 2.485733
 39.000000 -1.246315 2.261161
 40.000000 -0.979892 2.967130
