#! FIELDS time pair1 pair2 pair3 pair4 pair5 pair6 pair7 pair8 pair9 pair10 pair11 pair12 pair13 pair14 pair15 pair16 pair17 pair18 pair19 pair20 pair21 pair22 pair23 pair24 pair25 pair26 pair27 pair28 pair29 pair30 pair31 pair32 pair33 pair34 pair35 pair36 pair37 pair38 pair39 pair40 pair41 pair42 pair43 pair44 pair45
 0.000000 0.142822 0.231899 0.239585 0.372631 0.447218 0.463459 0.458897 0.587116 0.697977 0.124615 0.133989 0.241897 0.330203 0.351670 0.377383 0.467107 0.590323 0.224027 0.270782 0.351882 0.400815 0.456531 0.492723 0.627635 0.144260 0.245171 0.229480 0.248574 0.357553 0.474141 0.152859 0.152702 0.235597 0.255145 0.389401 0.248769 0.316016 0.334026 0.456923 0.119808 0.138625 0.248799 0.222443 0.275770 0.144160
 1.000000 0.149318 0.236920 0.237926 0.375102 0.433788 0.479371 0.501266 0.586162 0.698241 0.119243 0.134985 0.244798 0.325263 0.360795 0.411733 0.455936 0.578675 0.223593 0.278275 0.364158 0.397384 0.475617 0.464152 0.593142 0.144613 0.231052 0.248141 0.285014 0.362967 0.481568 0.154409 0.147875 0.234022 0.245728 0.379617 0.252391 0.307415 0.343229 0.471378 0.124647 0.132699 0.242467 0.222410 0.271980 0.144309
 2.000000 0.144354 0.235225 0.247324 0.385418 0.487805 0.463503 0.438329 0.592098 0.684306 0.127910 0.136773 0.253268 0.374225 0.334313 0.330288 0.455976 0.553671 0.226155 0.284162 0.423926 0.338780 0.334357 0.438154 0.521641 0.145787 0.246907 0.252067 0.282193 0.375341 0.489018 0.150363 0.160374 0.253004 0.251815 0.380512 0.256727 0.364820 0.305047 0.439859 0.128074 0.137386 0.239067 0.230651 0.273214 0.137572
 3.000000 0.146499 0.230855 0.241157 0.370601 0.477644 0.440846 0.426485 0.560344 0.663695 0.120408 0.137117 0.240776 0.365040 0.327260 0.347330 0.434614 0.549623 0.227642 0.278214 0.415825 0.357336 0.398226 0.435405 0.548716 0.139778 0.239142 0.246207 0.277714 0.363461 0.485492 0.155000 0.157728 0.246128 0.244471 0.378637 0.251366 0.333710 0.308067 0.434054 0.122658 0.135418 0.241052 0.228930 0.280109 0.140691
 4.000000 0.147496 0.235155 0.238212 0.376660 0.468873 0.451009 0.435097 0.565884 0.655796 0.125128 0.129484 0.247172 0.363831 0.318895 0.326310 0.424370 0.519690 0.223238 0.289988 0.428852 0.322516 0.332092 0.399591 0.474480 0.142148 0.237329 0.252685 0.287197 0.365335 0.481236 0.147550 0.156122 0.245051 0.245577 0.376906 0.256938 0.344501 0.322718 0.458123 0.124210 0.135107 0.238835 0.228022 0.273690 0.140833
 5.000000 0.148704 0.232177 0.233152 0.367370 0.474528 0.436332 0.452417 0.524310 0.620143 0.119612 0.133195 0.237685 0.366210 0.309479 0.354869 0.387167 0.494895 0.228083 0.277786 0.424058 0.312656 0.374202 0.349984 0.442762 0.144461 0.242860 0.257655 0.303929 0.362101 0.487141 0.150479 0.155142 0.240853 0.249788 0.387506 0.247937 0.306101 0.339367 0.471632 0.121988 0.131890 0.246747 0.218792 0.277216 0.144509
 6.000000 0.147611 0.241147 0.230317 0.370466 0.461318 0.453662 0.454988 0.566383 0.678546 0.124358 0.129070 0.243249 0.360812 0.322729 0.346036 0.424818 0.541225 0.222481 0.280195 0.419383 0.327794 0.360830 0.397906 0.500807 0.144986 0.239779 0.250984 0.287287 0.366728 0.495353 0.149576 0.151855 0.241203 0.243692 0.385145 0.250050 0.332015 0.319805 0.457570 0.121338 0.136550 0.250864 0.224537 0.280959 0.148677
 7.000000 0.145310 0.235304 0.238919 0.380697 0.455601 0.478318 0.477435 0.604905 0.712061 0.125455 0.134198 0.250960 0.328297 0.370604 0.400693 0.487484 0.608537 0.227152 0.286297 0.338733 0.426235 0.483628 0.522120 0.656751 0.148822 0.256035 0.243742 0.268950 0.369088 0.481871 0.159204 0.150286 0.238105 0.246872 0.378381 0.254700 0.342432 0.313397 0.438331 0.120083 0.134425 0.239128 0.216901 0.257562 0.144672
 8.000000 0.145976 0.232588 0.235883 0.372520 0.469056 0.455238 0.467208 0.547334 0.667208 0.121367 0.130637 0.242210 0.344563 0.345689 0.388476 0.431107 0.564135 0.220554 0.275140 0.372712 0.387333 0.459950 0.442984 0.582609 0.144395 0.249451 0.238401 0.268935 0.347026 0.475585 0.154913 0.146318 0.230625 0.239710 0.378689 0.248920 0.308788 0.334450 0.459266 0.125064 0.132212 0.246345 0.228291 0.286819 0.147330
 9.000000 0.148640 0.244283 0.235780 0.370181 0.469469 0.460680 0.465793 0.573283 0.681920 0.123839 0.136125 0.239077 0.351993 0.343409 0.380916 0.444391 0.564624 0.226464 0.266071 0.381580 0.368801 0.434857 0.438565 0.562303 0.144796 0.248220 0.247398 0.277292 0.366127 0.486516 0.156643 0.150333 0.238849 0.244174 0.379850 0.250897 0.331044 0.315576 0.447593 0.125160 0.132367 0.242194 0.223817 0.272839 0.144952
 10.000000 0.144617 0.237914 0.234627 0.381498 0.478456 0.468410 0.486125 0.571267 0.688835 0.123827 0.132868 0.256115 0.366947 0.357595 0.404090 0.448069 0.576491 0.222065 0.289354 0.402237 0.394567 0.467617 0.451988 0.586045 0.151727 0.265613 0.244822 0.282678 0.356590 0.481014 0.156451 0.150828 0.236901 0.243608 0.379274 0.250647 0.314593 0.328862 0.449882 0.119185 0.136301 0.244569 0.223291 0.274148 0.145114
 11.000000 0.142944 0.232105 0.233107 0.366571 0.459932 0.467432 0.479806 0.573943 0.683266 0.120689 0.135063 0.240905 0.346296 0.357460 0.400054 0.450833 0.570934 0.224058 0.274046 0.372603 0.398178 0.467659 0.460050 0.583896 0.142130 0.244747 0.253310 0.289484 0.367837 0.490842 0.158524 0.156643 0.245845 0.247194 0.384787 0.257874 0.338263 0.327220 0.465578 0.123859 0.137441 0.247597 0.230237 0.283565 0.145966
 12.000000 0.147153 0.235412 0.239345 0.369715 0.482301 0.445701 0.448906 0.543407 0.646976 0.124728 0.131886 0.237792 0.361903 0.331558 0.368620 0.419420 0.539237 0.224698 0.273192 0.404926 0.360303 0.423974 0.410078 0.528501 0.141085 0.245141 0.250625 0.287480 0.362415 0.491726 0.152824 0.156096 0.244499 0.248921 0.393148 0.247000 0.322507 0.326694 0.467070 0.124234 0.135831 0.253162 0.227055 0.284150 0.152516
 13.000000 0.149646 0.234422 0.236981 0.378126 0.471026 0.454427 0.455933 0.557327 0.661770 0.120607 0.131735 0.250418 0.372846 0.315306 0.335871 0.409946 0.517804 0.224219 0.294267 0.440659 0.320272 0.348748 0.382186 0.474646 0.145062 0.243479 0.247564 0.283018 0.359051 0.481617 0.155193 0.155727 0.243220 0.248292 0.383901 0.252773 0.317208 0.338830 0.464307 0.122780 0.132114 0.242955 0.220429 0.273759 0.142426
 14.000000 0.147068 0.229109 0.242640 0.384813 0.491864 0.455776 0.455778 0.569449 0.673918 0.122434 0.132284 0.251137 0.378284 0.315121 0.333156 0.423723 0.532587 0.223340 0.287927 0.435147 0.310024 0.330607 0.391350 0.482648 0.149228 0.251953 0.258871 0.302869 0.373666 0.500997 0.151080 0.149736 0.241878 0.245000 0.383211 0.242103 0.322921 0.311426 0.443515 0.124056 0.134179 0.248254 0.220159 0.274616 0.145127
 15.000000 0.150087 0.232231 0.246923 0.382519 0.489349 0.436627 0.441346 0.535810 0.625931 0.119453 0.135370 0.246485 0.374251 0.304593 0.339111 0.395536 0.498080 0.222693 0.278521 0.426808 0.305954 0.357588 0.358142 0.450961 0.144658 0.244747 0.242041 0.286086 0.355052 0.472633 0.152693 0.147194 0.239673 0.243019 0.374214 0.240169 0.304112 0.328635 0.449163 0.124712 0.134855 0.240421 0.222128 0.266419 0.140649
 16.000000 0.145248 0.236461 0.239239 0.379724 0.488013 0.443136 0.433513 0.564505 0.670010 0.124342 0.138485 0.255157 0.386233 0.315141 0.328381 0.426850 0.536413 0.230705 0.295520 0.444627 0.322988 0.343457 0.406731 0.500190 0.145138 0.253436 0.242862 0.278658 0.361161 0.487337 0.154664 0.150509 0.241120 0.238776 0.377516 0.252883 0.338163 0.305792 0.440294 0.120158 0.137211 0.248976 0.225524 0.283628 0.144104
 17.000000 0.148761 0.233638 0.240306 0.376078 0.449311 0.475889 0.492734 0.601399 0.714409 0.125144 0.131792 0.241158 0.311029 0.363791 0.409635 0.480761 0.606358 0.228324 0.280293 0.313525 0.424322 0.495395 0.519351 0.655685 0.146068 0.245898 0.242332 0.279721 0.371976 0.490912 0.156096 0.150708 0.244598 0.252242 0.387251 0.255678 0.341769 0.329430 0.463328 0.121445 0.142839 0.252717 0.221797 0.272402 0.143391
 18.000000 0.145485 0.231037 0.241185 0.375721 0.459831 0.477383 0.494469 0.588508 0.708944 0.122907 0.139039 0.250008 0.350138 0.366680 0.413672 0.464892 0.595249 0.232108 0.294574 0.390319 0.420086 0.492342 0.490725 0.627499 0.139757 0.240950 0.250548 0.291735 0.365974 0.493069 0.155181 0.158626 0.248268 0.251255 0.388882 0.256010 0.327704 0.330094 0.455770 0.124020 0.134978 0.245917 0.224343 0.275307 0.145726
 19.000000 0.147736 0.236347 0.236502 0.376546 0.471233 0.459644 0.450904 0.566838 0.675682 0.121910 0.130939 0.246238 0.346887 0.354213 0.380501 0.452351 0.575239 0.221018 0.280533 0.371264 0.406105 0.461869 0.478177 0.607630 0.146171 0.251686 0.240246 0.261002 0.356415 0.478645 0.154990 0.152728 0.236660 0.245963 0.382619 0.250064 0.320952 0.329773 0.459812 0.124234 0.135919 0.248618 0.231409 0.294009 0.141848
 20.000000 0.145952 0.233861 0.241240 0.380155 0.467573 0.469080 0.493486 0.573886 0.681429 0.123568 0.136649 0.250511 0.350332 0.359307 0.412980 0.453117 0.574029 0.226985 0.285028 0.393754 0.396286 0.473977 0.458207 0.582588 0.146181 0.243610 0.247566 0.294387 0.361184 0.481675 0.153522 0.158915 0.253111 0.248296 0.384377 0.257342 0.329056 0.335717 0.464961 0.121840 0.134510 0.242012 0.217839 0.262349 0.144184
 21.000000 0.142878 0.231251 0.233745 0.365024 0.449937 0.464673 0.465619 0.586172 0.700097 0.123907 0.135576 0.239729 0.329213 0.359946 0.393666 0.469670 0.595512 0.230664 0.280480 0.357164 0.412936 0.472513 0.496895 0.628863 0.139525 0.246792 0.238525 0.267047 0.361734 0.483745 0.159126 0.148111 0.238237 0.243787 0.381615 0.247673 0.340479 0.308631 0.448021 0.124547 0.136371 0.249161 0.225870 0.279229 0.146758
 22.000000 0.151109 0.237676 0.240449 0.373164 0.439434 0.485968 0.492164 0.601209 0.732681 0.120058 0.127303 0.235289 0.323846 0.358370 0.389914 0.462507 0.599018 0.212899 0.259062 0.346517 0.389814 0.447217 0.467137 0.607516 0.146353 0.252749 0.246254 0.269498 0.363985 0.494160 0.158117 0.150963 0.237870 0.237626 0.379885 0.249201 0.338634 0.296083 0.430119 0.123110 0.133214 0.249068 0.228941 0.292087 0.147394
 23.000000 0.147289 0.236315 0.243350 0.383336 0.480855 0.473638 0.465040 0.602014 0.719319 0.123309 0.135281 0.250735 0.370045 0.343586 0.356595 0.464294 0.586431 0.223593 0.280929 0.421457 0.348761 0.367294 0.450360 0.563111 0.147448 0.243980 0.261163 0.295034 0.382500 0.513572 0.155644 0.151905 0.241023 0.246408 0.387903 0.249219 0.344930 0.295672 0.434412 0.123268 0.138094 0.253207 0.228449 0.286784 0.148533
 24.000000 0.152381 0.239737 0.243189 0.378889 0.465087 0.474318 0.514797 0.557203 0.678414 0.121959 0.136312 0.245367 0.346575 0.357057 0.424909 0.431596 0.563806 0.226982 0.281711 0.392744 0.390704 0.484593 0.431473 0.568131 0.142366 0.238707 0.249104 0.300894 0.351889 0.478004 0.154884 0.151858 0.241083 0.246864 0.378824 0.248721 0.294330 0.349744 0.462464 0.127098 0.133390 0.239669 0.226652 0.271737 0.142723
 25.000000 0.141961 0.224457 0.243405 0.378609 0.453436 0.480480 0.480114 0.608902 0.726426 0.123604 0.136062 0.248620 0.329589 0.368380 0.397434 0.486425 0.613608 0.227603 0.285808 0.345834 0.423795 0.480079 0.518479 0.654252 0.143906 0.244683 0.242992 0.269746 0.371115 0.494039 0.154237 0.150106 0.240271 0.248074 0.385843 0.247711 0.342171 0.305100 0.443277 0.124796 0.140232 0.252339 0.230679 0.285778 0.145829
 26.000000 0.143979 0.228017 0.239351 0.375675 0.456322 0.464888 0.496788 0.547465 0.651896 0.121483 0.131030 0.242335 0.335732 0.347118 0.404833 0.421481 0.537980 0.219730 0.270563 0.362968 0.385026 0.469653 0.425899 0.548577 0.147000 0.244918 0.238927 0.285018 0.340016 0.454609 0.151980 0.152921 0.246353 0.236715 0.367091 0.258323 0.325487 0.342102 0.466350 0.123357 0.133480 0.233865 0.225539 0.267421 0.138224
 27.000000 0.150320 0.231368 0.241754 0.378867 0.488006 0.453521 0.457272 0.552002 0.655735 0.121404 0.136136 0.245780 0.380192 0.310582 0.331400 0.402306 0.508818 0.231918 0.288796 0.442901 0.314589 0.338126 0.374370 0.462354 0.145715 0.252212 0.249756 0.290009 0.357050 0.480413 0.161313 0.147353 0.239979 0.233568 0.368727 0.260854 0.347381 0.323756 0.454983 0.123689 0.133660 0.240260 0.225836 0.274215 0.142668
 28.000000 0.137920 0.224183 0.226298 0.364255 0.460913 0.427511 0.421621 0.536027 0.637323 0.127397 0.129341 0.242557 0.362727 0.304943 0.325278 0.404694 0.513670 0.231717 0.292342 0.434554 0.318760 0.350716 0.385867 0.480180 0.144682 0.238256 0.248662 0.285256 0.359369 0.483613 0.149857 0.156946 0.246370 0.243016 0.380422 0.258033 0.331513 0.327637 0.458251 0.123895 0.130234 0.240102 0.222776 0.273622 0.144278
 29.000000 0.145000 0.230965 0.237000 0.375638 0.483723 0.460423 0.474772 0.562848 0.664148 0.119424 0.136301 0.248566 0.379480 0.325414 0.358621 0.419625 0.524913 0.225522 0.283988 0.433845 0.321036 0.362945 0.382752 0.473088 0.145660 0.249794 0.263765 0.309879 0.373817 0.495266 0.154312 0.158685 0.248226 0.251392 0.384121 0.252984 0.327176 0.328837 0.456650 0.123049 0.138054 0.242429 0.227715 0.273973 0.141432
 30.000000 0.146397 0.242629 0.235289 0.364984 0.468103 0.459439 0.469525 0.563863 0.682625 0.125447 0.133735 0.240219 0.369374 0.318352 0.339826 0.418944 0.536393 0.223665 0.273690 0.423268 0.303218 0.329926 0.376907 0.477468 0.138535 0.242994 0.252367 0.287557 0.364265 0.492761 0.153016 0.154419 0.240169 0.244199 0.380113 0.250841 0.329100 0.312735 0.439677 0.124780 0.135359 0.246724 0.232860 0.295193 0.140325
 31.000000 0.150695 0.241886 0.243664 0.383410 0.480010 0.441960 0.470919 0.521652 0.626004 0.123126 0.134985 0.248520 0.370323 0.312995 0.370942 0.384226 0.499896 0.222147 0.276453 0.422775 0.318286 0.402395 0.346101 0.456167 0.149944 0.240429 0.256564 0.311019 0.356765 0.483555 0.155644 0.155930 0.245491 0.247544 0.380828 0.255047 0.296407 0.355597 0.473611 0.126499 0.131141 0.241557 0.223553 0.278614 0.138744
 32.000000 0.150053 0.243832 0.247463 0.383347 0.462592 0.470419 0.457731 0.592021 0.701516 0.127177 0.140036 0.248216 0.347776 0.346967 0.364327 0.458211 0.577114 0.231374 0.277966 0.392288 0.375007 0.418222 0.456348 0.575525 0.146004 0.234337 0.240333 0.257864 0.366455 0.487569 0.152902 0.146523 0.231121 0.245198 0.382060 0.245426 0.323020 0.320751 0.454375 0.122955 0.137000 0.250238 0.227656 0.286658 0.144478
 33.000000 0.150794 0.238046 0.239643 0.373409 0.473046 0.445255 0.409943 0.574709 0.678889 0.121856 0.133679 0.242531 0.361073 0.328942 0.327472 0.448973 0.565764 0.225763 0.283221 0.411433 0.366276 0.382574 0.464215 0.581967 0.139094 0.243622 0.235552 0.253736 0.360174 0.482254 0.157820 0.149766 0.236078 0.244855 0.382818 0.255478 0.350694 0.307963 0.442381 0.126764 0.134365 0.246848 0.230467 0.285792 0.146485
 34.000000 0.147614 0.237443 0.237525 0.377832 0.484555 0.467432 0.494224 0.563168 0.678272 0.119637 0.130039 0.245986 0.369527 0.344791 0.398187 0.429495 0.553860 0.213497 0.270884 0.404471 0.360874 0.438882 0.408599 0.532637 0.146352 0.255738 0.255227 0.302339 0.364936 0.492403 0.157178 0.154486 0.244012 0.248856 0.385842 0.249020 0.315016 0.332662 0.457981 0.121491 0.137007 0.248483 0.222897 0.277806 0.143593
 35.000000 0.154852 0.239503 0.245118 0.383356 0.492386 0.436928 0.426729 0.550383 0.653065 0.122658 0.132574 0.244649 0.377321 0.304120 0.326651 0.407512 0.521177 0.225089 0.282475 0.435474 0.321129 0.363414 0.389935 0.496105 0.147136 0.250909 0.245791 0.283635 0.361566 0.488898 0.158764 0.149091 0.241011 0.239719 0.378745 0.244471 0.314919 0.315888 0.441708 0.123976 0.134153 0.247314 0.224386 0.279725 0.145537
 36.000000 0.147214 0.234028 0.245157 0.378555 0.476640 0.437140 0.427384 0.553349 0.646475 0.122299 0.137281 0.247128 0.368323 0.300018 0.312405 0.409257 0.507895 0.225790 0.282030 0.425002 0.297459 0.318519 0.377113 0.460845 0.140535 0.235792 0.232312 0.265181 0.351484 0.466246 0.148209 0.143899 0.233882 0.235820 0.365126 0.243000 0.319376 0.310182 0.434098 0.122385 0.134313 0.237011 0.223808 0.269303 0.138065
 37.000000 0.146793 0.232250 0.244364 0.377240 0.477122 0.430258 0.410089 0.544993 0.636328 0.123774 0.138528 0.248729 0.363248 0.319922 0.336899 0.423472 0.529333 0.231054 0.288524 0.418245 0.345552 0.380659 0.415096 0.511896 0.142071 0.234868 0.239027 0.271943 0.357940 0.479079 0.146489 0.153029 0.244796 0.244305 0.380890 0.252913 0.338724 0.323571 0.459920 0.123398 0.136275 0.247227 0.225220 0.279675 0.143032
 38.000000 0.150017 0.230222 0.248348 0.381614 0.486615 0.457861 0.452197 0.577911 0.690077 0.120254 0.135403 0.245967 0.374885 0.312263 0.322634 0.428460 0.543445 0.224136 0.281980 0.433458 0.303725 0.314299 0.398378 0.498740 0.141541 0.243830 0.251448 0.288092 0.370005 0.498817 0.157591 0.156461 0.246984 0.247592 0.387748 0.264278 0.349991 0.321037 0.453535 0.124744 0.136286 0.248558 0.228405 0.281137 0.148226
 39.000000 0.150572 0.234175 0.238793 0.384323 0.490307 0.460504 0.454042 0.570204 0.668032 0.119055 0.133289 0.254165 0.384896 0.321472 0.334356 0.422693 0.524644 0.223540 0.293670 0.443740 0.326971 0.347001 0.396768 0.483033 0.149713 0.256412 0.257476 0.292582 0.371961 0.493195 0.154871 0.155872 0.245165 0.250194 0.386703 0.248018 0.327846 0.324530 0.457320 0.123491 0.135665 0.246079 0.223506 0.273980 0.145003
 40.000000 0.149322 0.237750 0.237510 0.378663 0.488063 0.453832 0.458951 0.557313 0.665923 0.123863 0.129143 0.246026 0.378854 0.320713 0.352126 0.414192 0.530866 0.221689 0.282314 0.434488 0.330558 0.384683 0.383892 0.492554 0.146659 0.256527 0.248875 0.281231 0.365022 0.491822 0.158307 0.157372 0.239979 0.254499 0.394216 0.251772 0.308475 0.339584 0.468027 0.122246 0.140378 0.253555 0.233054 0.292879 0.147214
