#! FIELDS time phi psi
#! SET min_phi -pi
#! SET max_phi pi
#! SET min_psi -pi
#! SET max_psi pi
 0.000000 0.934509 0.338912
 1.000000 1.155612 0.354176
 2.000000 0.490230 1.152720
 3.000000 0.980266 0.737269
 4.000000 0.418036 1.459797
 5.000000 0.566353 0.907227
 6.000000 1.533968 1.149923
 7.000000 1.384470 0.731238
 8.000000 1.221974 1.709021
 9.000000 1.276505 2.527745
 10.000000 1.429532 2.561679
 11.000000 1.353721 2.179969
 12.000000 1.792641 1.498633
 13.000000 0.796357 -2.769178
 14.000000 0.899017 -2.837366
 15.000000 0.692827 -2.636960
 16.000000 0.923221 3.068401
 17.000000 1.033760 -2.815877
 18.000000 0.910555 3.090591
 19.000000 1.334005 3.080531
 20.000000 0.894530 -3.010041
 21.000000 0.954992 -3.005281
 22.000000 1.003116 -2.792098
 23.000000 1.121716 -2.732264
 24.000000 0.931739 -2.717228
 25.000000 0.942586 2.990815
 26.000000 1.664662 2.622471
 27.000000 0.999179 2.974116
 28.000000 1.359064 2.994950
 29.000000 0.928718 3.064975
 30.000000 1.023578 2.508228
 31.000000 1.167873 1.482302
 32.000000 1.403453 0.259887
 33.000000 0.784230 1.409944
 34.000000 0.976101 1.429034
 35.000000 1.317194 1.219049
 36.000000 1.145207 0.678329
 37.000000 1.002303 0.980148
 38.000000 1.347294 0.278364
 39.000000 1.417289 0.788260
 40.000000 1.424315 1.074653
