#! FIELDS time pair1 pair2 pair3 pair4 pair5 pair6 pair7 pair8 pair9 pair10 pair11 pair12 pair13 pair14 pair15 pair16 pair17 pair18 pair19 pair20 pair21 pair22 pair23 pair24 pair25 pair26 pair27 pair28 pair29 pair30 pair31 pair32 pair33 pair34 pair35 pair36 pair37 pair38 pair39 pair40 pair41 pair42 pair43 pair44 pair45
 0.000000 0.144599 0.238501 0.243018 0.386572 0.434084 0.476169 0.594751 0.445059 0.571974 0.125435 0.142538 0.265392 0.304634 0.347744 0.464177 0.331766 0.467591 0.232742 0.306433 0.301619 0.358171 0.465263 0.340266 0.465396 0.147777 0.242975 0.253190 0.365033 0.269996 0.411546 0.152115 0.152954 0.239435 0.242504 0.374753 0.246747 0.298727 0.347107 0.473408 0.120905 0.136158 0.239171 0.227009 0.271089 0.143917
 1.000000 0.149030 0.235597 0.236333 0.375333 0.462261 0.449979 0.549346 0.442029 0.556811 0.122874 0.132970 0.248638 0.332459 0.318718 0.408481 0.340059 0.464280 0.228340 0.295779 0.353413 0.328297 0.388931 0.361693 0.465276 0.144132 0.245565 0.258217 0.358592 0.299728 0.442661 0.155480 0.153278 0.238885 0.245913 0.386767 0.261507 0.285899 0.384210 0.513129 0.120033 0.135945 0.251843 0.224297 0.287049 0.146328
 2.000000 0.148311 0.237460 0.243399 0.377653 0.429256 0.469061 0.592920 0.461182 0.579546 0.123689 0.137386 0.248359 0.309356 0.327166 0.448560 0.329838 0.455440 0.228263 0.286072 0.323552 0.322088 0.430006 0.312445 0.418820 0.143112 0.244880 0.252684 0.372286 0.288974 0.429020 0.153157 0.150266 0.245683 0.248252 0.386292 0.254332 0.299401 0.368709 0.496444 0.129445 0.134941 0.252510 0.224644 0.286365 0.142218
 3.000000 0.144340 0.228493 0.246710 0.381160 0.449660 0.451462 0.547399 0.436213 0.532429 0.122250 0.135366 0.247501 0.310210 0.324392 0.413553 0.339623 0.448958 0.221036 0.274653 0.295846 0.327080 0.384059 0.366083 0.455528 0.144489 0.249924 0.245516 0.351912 0.268395 0.401312 0.152279 0.144669 0.232682 0.230914 0.362538 0.250192 0.274365 0.366309 0.482287 0.122082 0.131507 0.235468 0.225144 0.272267 0.141262
 4.000000 0.143544 0.230501 0.238755 0.378139 0.457195 0.461287 0.575123 0.439810 0.568722 0.120656 0.134004 0.248685 0.319728 0.336483 0.444339 0.343631 0.485422 0.220316 0.276727 0.303493 0.338356 0.426400 0.359942 0.492335 0.147719 0.264051 0.258871 0.371357 0.282873 0.432256 0.162474 0.153131 0.243986 0.241946 0.385707 0.259270 0.293437 0.376226 0.508691 0.120108 0.133098 0.251072 0.217745 0.276092 0.151162
 5.000000 0.148792 0.234421 0.246554 0.388697 0.474389 0.465726 0.524208 0.506524 0.622158 0.123766 0.135683 0.254492 0.351861 0.318958 0.376273 0.372345 0.490659 0.226433 0.290079 0.384299 0.296132 0.322188 0.348429 0.436644 0.148762 0.248093 0.265092 0.344780 0.331257 0.472066 0.154273 0.150857 0.238010 0.242843 0.383455 0.248873 0.276168 0.366869 0.489344 0.123106 0.132850 0.245487 0.223835 0.274275 0.150748
 6.000000 0.148930 0.239790 0.241282 0.380025 0.436332 0.473322 0.590911 0.467412 0.591156 0.125710 0.135133 0.251275 0.297654 0.346759 0.456469 0.366281 0.497106 0.228504 0.293046 0.287487 0.372860 0.462976 0.406203 0.524794 0.144104 0.248228 0.245689 0.360307 0.276614 0.417575 0.152777 0.149121 0.236294 0.245953 0.381262 0.256144 0.289099 0.373275 0.495994 0.125563 0.134373 0.246240 0.226429 0.282570 0.142429
 7.000000 0.151634 0.242763 0.235767 0.376602 0.447180 0.464179 0.585828 0.436002 0.561891 0.124294 0.132064 0.247459 0.311739 0.329097 0.446893 0.322089 0.460193 0.227209 0.289380 0.307821 0.341353 0.445574 0.338946 0.464761 0.145427 0.257305 0.252123 0.367500 0.272800 0.420660 0.158231 0.153026 0.243173 0.244804 0.388785 0.252998 0.294914 0.366019 0.500752 0.124121 0.137703 0.255830 0.229548 0.291374 0.150502
 8.000000 0.144986 0.230827 0.241963 0.380691 0.433695 0.455480 0.571217 0.418782 0.530462 0.125315 0.140744 0.253919 0.306088 0.320641 0.431377 0.301770 0.421589 0.238296 0.300365 0.321953 0.325015 0.415348 0.295961 0.384428 0.145925 0.241124 0.251344 0.366373 0.273679 0.416548 0.151924 0.149359 0.241953 0.242293 0.378890 0.247816 0.289838 0.354628 0.472484 0.123114 0.137441 0.247301 0.224698 0.274228 0.145808
 9.000000 0.150735 0.239077 0.239199 0.380486 0.457764 0.456991 0.548803 0.463268 0.569918 0.122780 0.138221 0.255094 0.336168 0.316544 0.400132 0.343753 0.456049 0.232839 0.301983 0.356788 0.319905 0.368897 0.357683 0.444642 0.144506 0.251356 0.253821 0.356989 0.297310 0.435383 0.159969 0.154910 0.248490 0.246729 0.387861 0.261582 0.290794 0.385177 0.512798 0.124924 0.134974 0.251462 0.223446 0.282041 0.146489
 10.000000 0.148091 0.241473 0.232441 0.368353 0.448292 0.447419 0.527122 0.459681 0.558252 0.127804 0.134201 0.242014 0.310723 0.325569 0.394291 0.371581 0.484221 0.234696 0.288411 0.306596 0.351677 0.379720 0.427530 0.529294 0.141905 0.260129 0.243362 0.343157 0.277226 0.408625 0.156761 0.157010 0.248044 0.241253 0.381645 0.265409 0.295828 0.380790 0.512333 0.126024 0.133488 0.248493 0.230913 0.293576 0.144631
 11.000000 0.148852 0.238854 0.237864 0.368263 0.416599 0.459133 0.560791 0.472004 0.595370 0.123215 0.136536 0.246891 0.307548 0.317890 0.415178 0.341937 0.464973 0.229965 0.291316 0.324678 0.319731 0.391343 0.350581 0.448939 0.143948 0.252357 0.241909 0.353057 0.272916 0.414022 0.152148 0.149737 0.238004 0.242442 0.378041 0.250527 0.277036 0.372122 0.491721 0.122854 0.133458 0.242425 0.222796 0.272244 0.144489
 12.000000 0.150635 0.235599 0.242862 0.377205 0.439569 0.473743 0.586213 0.471621 0.609910 0.121951 0.134004 0.241352 0.302632 0.336128 0.442074 0.356978 0.498198 0.225781 0.275091 0.287858 0.348875 0.433536 0.384735 0.511821 0.145389 0.260774 0.251533 0.364184 0.281578 0.429113 0.158559 0.149429 0.237053 0.245206 0.378558 0.257290 0.284754 0.378583 0.494907 0.123106 0.135864 0.240310 0.225371 0.264979 0.147547
 13.000000 0.147167 0.233506 0.236155 0.372099 0.442724 0.454820 0.563249 0.455457 0.579084 0.125686 0.130725 0.241739 0.315374 0.317101 0.419858 0.340536 0.470578 0.228298 0.285344 0.343837 0.306523 0.387200 0.327515 0.437581 0.142397 0.237975 0.263279 0.371866 0.308795 0.449383 0.155425 0.156847 0.248992 0.250733 0.383820 0.261205 0.296736 0.384076 0.504766 0.122082 0.134737 0.243592 0.216901 0.266070 0.140858
 14.000000 0.151911 0.238818 0.244242 0.383068 0.447992 0.462820 0.573852 0.461115 0.584076 0.121214 0.130388 0.247419 0.316689 0.321078 0.425621 0.342249 0.470138 0.216564 0.279823 0.329286 0.313148 0.392624 0.340707 0.448280 0.143391 0.241464 0.250116 0.363673 0.290298 0.431030 0.150585 0.149783 0.243033 0.246832 0.378288 0.258494 0.293593 0.381133 0.499137 0.126909 0.135059 0.240917 0.223672 0.266130 0.141866
 15.000000 0.144309 0.236216 0.232828 0.371625 0.443769 0.447542 0.562729 0.415902 0.526431 0.123276 0.131818 0.246601 0.306278 0.324723 0.432672 0.323495 0.449178 0.222434 0.282668 0.289159 0.337022 0.420307 0.352814 0.466204 0.143597 0.252962 0.246862 0.363182 0.266340 0.407118 0.157309 0.148556 0.244273 0.237977 0.377880 0.246132 0.283512 0.361637 0.489895 0.123556 0.136169 0.251655 0.224049 0.284932 0.144042
 16.000000 0.144281 0.232364 0.237112 0.375107 0.443491 0.458907 0.547593 0.481141 0.603047 0.120557 0.137554 0.252686 0.336228 0.318146 0.404328 0.350214 0.474153 0.227026 0.292558 0.367479 0.303613 0.366392 0.330657 0.430770 0.143927 0.249628 0.255855 0.355851 0.305632 0.446670 0.158849 0.150110 0.238539 0.245112 0.382347 0.251984 0.271334 0.379274 0.501260 0.122123 0.136224 0.249596 0.224100 0.282991 0.143461
 17.000000 0.137920 0.229785 0.229116 0.367060 0.437816 0.446549 0.506527 0.506301 0.627326 0.125925 0.132944 0.246323 0.318404 0.316250 0.371443 0.393806 0.516386 0.227901 0.285514 0.326475 0.309976 0.320255 0.407168 0.508048 0.146209 0.256572 0.251297 0.343663 0.314371 0.454319 0.151321 0.153964 0.251970 0.244279 0.384319 0.245945 0.288196 0.363112 0.485676 0.125228 0.135665 0.248427 0.221858 0.271577 0.147326
 18.000000 0.146779 0.232418 0.243725 0.379691 0.450153 0.462392 0.516603 0.525325 0.638695 0.121004 0.134142 0.246351 0.329020 0.317393 0.370807 0.390879 0.505627 0.220581 0.276002 0.350011 0.291722 0.313806 0.367475 0.453441 0.144198 0.243467 0.261270 0.340156 0.337221 0.475152 0.154690 0.148152 0.231108 0.245742 0.384065 0.243446 0.259164 0.364936 0.483190 0.121631 0.133282 0.245668 0.221698 0.271921 0.150429
 19.000000 0.149241 0.229369 0.247342 0.379596 0.442041 0.452788 0.553293 0.441207 0.562049 0.121963 0.134026 0.242194 0.305216 0.314760 0.409192 0.330032 0.459424 0.225353 0.278605 0.302453 0.315140 0.378599 0.344177 0.452125 0.141496 0.247964 0.251446 0.359990 0.283863 0.429019 0.160876 0.155814 0.244998 0.246611 0.382944 0.265241 0.291220 0.382758 0.502946 0.124523 0.132442 0.240279 0.223609 0.268414 0.146598
 20.000000 0.149730 0.236656 0.240040 0.382322 0.455125 0.459296 0.496570 0.529457 0.648946 0.123373 0.133791 0.252992 0.316544 0.327893 0.358203 0.419593 0.541919 0.227466 0.296179 0.310646 0.345721 0.334616 0.460464 0.568539 0.146086 0.254755 0.251932 0.323080 0.325831 0.462947 0.153496 0.160627 0.245833 0.247865 0.386126 0.253634 0.284853 0.363629 0.483756 0.120545 0.134060 0.245141 0.225377 0.282172 0.145072
 21.000000 0.145890 0.229550 0.237038 0.380814 0.453769 0.464009 0.562646 0.464583 0.558654 0.122789 0.137124 0.259636 0.313104 0.353072 0.440557 0.389545 0.494827 0.234500 0.313634 0.312412 0.395830 0.454412 0.454627 0.545873 0.146205 0.255721 0.251068 0.357284 0.288794 0.415092 0.161991 0.151033 0.243319 0.245947 0.377821 0.262667 0.290911 0.387898 0.504072 0.123495 0.136942 0.245450 0.223433 0.275029 0.141552
 22.000000 0.146489 0.228539 0.243405 0.388150 0.456536 0.452946 0.527798 0.468873 0.567180 0.120370 0.137772 0.258819 0.329651 0.311736 0.382183 0.347058 0.453487 0.228674 0.298908 0.342300 0.303048 0.337285 0.350927 0.432466 0.150446 0.251819 0.254806 0.350013 0.298138 0.431216 0.158962 0.151301 0.244268 0.235308 0.374279 0.243879 0.266154 0.365704 0.489238 0.122845 0.132868 0.245367 0.224430 0.282223 0.143475
 23.000000 0.148327 0.232069 0.250394 0.396506 0.466620 0.469559 0.566457 0.464399 0.581527 0.124197 0.138065 0.261488 0.322225 0.343961 0.433980 0.370795 0.503503 0.228913 0.296407 0.307243 0.364107 0.422784 0.419230 0.545980 0.153759 0.262897 0.254434 0.363716 0.280130 0.423874 0.158874 0.151582 0.244137 0.238791 0.382323 0.264413 0.296226 0.382322 0.516889 0.123895 0.133417 0.253689 0.224896 0.292363 0.147628
 24.000000 0.148704 0.233902 0.245304 0.379132 0.430361 0.454958 0.548377 0.464476 0.589543 0.120520 0.138091 0.247592 0.299910 0.313799 0.401303 0.343693 0.473648 0.226486 0.283611 0.302914 0.305334 0.361150 0.347850 0.457936 0.142446 0.242926 0.247364 0.354261 0.282744 0.426916 0.149124 0.156901 0.246564 0.242955 0.379903 0.246795 0.273236 0.363209 0.484865 0.123507 0.127063 0.238198 0.216954 0.266380 0.145317
 25.000000 0.148714 0.237626 0.250068 0.385114 0.443272 0.484697 0.599226 0.467673 0.597404 0.125483 0.138528 0.253293 0.303338 0.352288 0.461168 0.356951 0.495939 0.227653 0.290959 0.286437 0.369926 0.462768 0.387151 0.516907 0.141743 0.250587 0.250122 0.360730 0.269711 0.416246 0.153509 0.154486 0.238832 0.240539 0.381720 0.248437 0.281556 0.356805 0.486515 0.121668 0.131244 0.245194 0.225331 0.283737 0.148098
 26.000000 0.147139 0.226747 0.234414 0.372529 0.424663 0.451147 0.573845 0.424765 0.539241 0.119557 0.130015 0.242107 0.291981 0.316515 0.435709 0.310743 0.436141 0.224664 0.284257 0.290319 0.333626 0.438951 0.330553 0.441621 0.145959 0.243904 0.244242 0.361533 0.267599 0.404489 0.146468 0.148304 0.239579 0.242992 0.375408 0.246335 0.296919 0.354138 0.477194 0.124627 0.134800 0.243559 0.223667 0.276653 0.138730
 27.000000 0.150868 0.238556 0.242458 0.375005 0.430838 0.462197 0.553148 0.483964 0.609608 0.122090 0.131046 0.240483 0.301022 0.318790 0.403319 0.361167 0.491686 0.219004 0.271238 0.292650 0.316589 0.366838 0.379918 0.495803 0.141834 0.248779 0.244397 0.349481 0.286163 0.428829 0.152046 0.147442 0.236267 0.242912 0.381883 0.247057 0.268444 0.373660 0.499581 0.123859 0.136810 0.252626 0.227754 0.290484 0.144821
 28.000000 0.149576 0.235826 0.245457 0.385407 0.449809 0.462103 0.551647 0.459667 0.563132 0.123495 0.138615 0.256199 0.318919 0.323917 0.405587 0.346146 0.454668 0.231649 0.300761 0.334733 0.325701 0.377023 0.357897 0.437548 0.143882 0.241754 0.253057 0.351128 0.291978 0.426700 0.152168 0.153740 0.238858 0.247154 0.381273 0.250430 0.273097 0.376003 0.492112 0.117920 0.138741 0.244362 0.224793 0.273478 0.144465
 29.000000 0.146676 0.233549 0.236493 0.373709 0.445123 0.443313 0.550290 0.429514 0.551375 0.123211 0.131404 0.246216 0.312100 0.314315 0.412414 0.327829 0.456679 0.224815 0.289512 0.319031 0.324042 0.395244 0.344739 0.451386 0.141142 0.244223 0.244755 0.351212 0.282664 0.426834 0.151750 0.155711 0.237624 0.252915 0.388085 0.259935 0.282207 0.379112 0.498568 0.122102 0.132068 0.242334 0.220193 0.269854 0.145698
 30.000000 0.149389 0.240269 0.237756 0.374440 0.453354 0.437997 0.547162 0.413993 0.533230 0.122564 0.134985 0.245943 0.310710 0.317871 0.417240 0.331151 0.461522 0.226206 0.283313 0.296397 0.338328 0.409120 0.373145 0.488046 0.142762 0.254185 0.241083 0.352185 0.270906 0.415796 0.158546 0.149097 0.236670 0.245082 0.380971 0.260908 0.288034 0.381756 0.503044 0.122413 0.135451 0.244837 0.223549 0.272613 0.145993
 31.000000 0.150745 0.238718 0.244700 0.381745 0.459238 0.462314 0.541547 0.488698 0.600048 0.123345 0.134633 0.247283 0.331474 0.316351 0.391343 0.360242 0.474516 0.224664 0.281903 0.345116 0.299042 0.339530 0.354587 0.442603 0.143419 0.248968 0.260649 0.356568 0.311207 0.446458 0.155917 0.155470 0.246333 0.241555 0.374476 0.251653 0.276705 0.369850 0.484122 0.123398 0.130315 0.233947 0.221036 0.262237 0.142158
 32.000000 0.149580 0.225863 0.249680 0.382154 0.436385 0.455700 0.556587 0.448636 0.572654 0.119189 0.134216 0.243668 0.298017 0.317184 0.412421 0.338760 0.473566 0.222472 0.279052 0.298151 0.317597 0.385498 0.356682 0.474511 0.142035 0.243450 0.245467 0.353939 0.275533 0.424176 0.149753 0.155158 0.241820 0.248451 0.390890 0.256168 0.286672 0.378494 0.509459 0.120652 0.139033 0.254262 0.228011 0.287239 0.150023
 33.000000 0.150619 0.237718 0.243610 0.379608 0.448710 0.457264 0.534440 0.483656 0.603216 0.126483 0.136521 0.247099 0.319125 0.314334 0.384892 0.362300 0.484510 0.234149 0.292281 0.337166 0.314286 0.346231 0.376782 0.477269 0.142246 0.239739 0.254774 0.348875 0.308961 0.446269 0.147963 0.150983 0.239416 0.245130 0.376024 0.244108 0.266812 0.369770 0.484350 0.124016 0.137437 0.242351 0.229776 0.280061 0.139632
 34.000000 0.147801 0.233775 0.245302 0.388595 0.436938 0.471484 0.587480 0.451691 0.561133 0.122483 0.139879 0.259802 0.297829 0.340696 0.449773 0.345760 0.468727 0.230647 0.300634 0.291026 0.353579 0.444299 0.366450 0.476660 0.149148 0.248616 0.248447 0.362152 0.271419 0.409054 0.154781 0.148145 0.234463 0.243518 0.383458 0.243528 0.276677 0.358567 0.489012 0.124057 0.138138 0.257672 0.232246 0.306145 0.142706
 35.000000 0.147709 0.231564 0.238619 0.386979 0.460186 0.464535 0.579453 0.454252 0.582826 0.124603 0.133600 0.258494 0.324575 0.333696 0.441372 0.347533 0.482881 0.231605 0.306465 0.336454 0.346576 0.434499 0.361127 0.475678 0.152480 0.258565 0.259157 0.370667 0.296408 0.445184 0.158082 0.153994 0.240013 0.252396 0.392343 0.256020 0.281791 0.377176 0.499889 0.123717 0.133229 0.248791 0.220150 0.273077 0.149750
 36.000000 0.148395 0.237308 0.237840 0.378815 0.444664 0.457137 0.571757 0.448343 0.571176 0.124105 0.138798 0.256737 0.324014 0.323198 0.431283 0.333692 0.460177 0.235531 0.307106 0.343647 0.338244 0.425795 0.352738 0.459270 0.144253 0.249066 0.246808 0.358154 0.282112 0.421632 0.158679 0.152036 0.236713 0.248407 0.378234 0.265217 0.292653 0.385036 0.501946 0.124121 0.133450 0.238382 0.224199 0.270411 0.140018
 37.000000 0.140068 0.227642 0.232594 0.366764 0.437206 0.453516 0.535550 0.476876 0.594328 0.121054 0.132435 0.242213 0.306995 0.329700 0.403491 0.379521 0.501630 0.220674 0.275494 0.301383 0.331418 0.372141 0.401764 0.504614 0.141365 0.253158 0.251923 0.347606 0.298065 0.436727 0.159878 0.151132 0.235368 0.244039 0.379012 0.258221 0.279530 0.382055 0.499731 0.116082 0.134097 0.241796 0.216335 0.265462 0.144516
 38.000000 0.147692 0.240874 0.234630 0.374134 0.439552 0.468731 0.576859 0.478741 0.606566 0.126179 0.132883 0.247493 0.308696 0.338305 0.437288 0.370467 0.501569 0.228375 0.288784 0.310493 0.352280 0.424841 0.396264 0.511205 0.144703 0.249337 0.254445 0.364155 0.296078 0.437782 0.149833 0.151714 0.238868 0.248220 0.382322 0.252224 0.275967 0.373969 0.492758 0.124848 0.130675 0.241647 0.219005 0.269537 0.142692
 39.000000 0.149268 0.234951 0.235945 0.375067 0.439392 0.448795 0.542065 0.443218 0.553239 0.121824 0.132917 0.246751 0.307480 0.313614 0.398444 0.336346 0.454015 0.226685 0.290725 0.312834 0.325421 0.374386 0.369857 0.467103 0.143698 0.237004 0.252692 0.358169 0.286353 0.425663 0.146854 0.154110 0.249455 0.241257 0.378985 0.249660 0.286465 0.368978 0.492944 0.124314 0.135370 0.244119 0.225098 0.273295 0.144841
 40.000000 0.143632 0.227176 0.232871 0.376407 0.440203 0.451229 0.545985 0.443176 0.553955 0.120942 0.129865 0.251512 0.314727 0.320945 0.407668 0.339931 0.461807 0.222499 0.295258 0.331207 0.325492 0.378796 0.361682 0.465318 0.147414 0.248093 0.250553 0.357410 0.275416 0.415667 0.154587 0.157347 0.250745 0.239936 0.382099 0.266824 0.302033 0.380366 0.513686 0.125551 0.133451 0.248978 0.229299 0.291096 0.145880
