#! FIELDS time phi psi
#! SET min_phi -pi
#! SET max_phi pi
#! SET min_psi -pi
#! SET max_psi pi
 0.000000 -1.037043 -0.732779
 1.000000 -0.816588 -1.058133
 2.000000 -1.297026 -0.450944
 3.000000 -0.840934 -0.650977
 4.000000 -1.024290 -0.743013
 5.000000 -1.259673 -0.194662
 6.000000 -1.539392 -0.165286
 7.000000 -1.167061 -0.738216
 8.000000 -1.340725 -0.304241
 9.000000 -2.023631 0.089758
 10.000000 -1.631588 0.031956
 11.000000 -2.041896 0.109952
 12.000000 -2.161101 -0.071743
 13.000000 -1.481144 -0.351827
 14.000000 -2.914188 0.044231
 15.000000 -2.183411 0.313362
 16.000000 -2.844294 0.447383
 17.000000 -2.925356 0.959834
 18.000000 -2.128689 0.244830
 19.000000 -2.242158 0.620881
 20.000000 -2.259425 -0.078094
 21.000000 -1.088010 -0.647108
 22.000000 -1.636350 0.008785
 23.000000 -1.177583 -0.580340
 24.000000 -1.755700 -0.263772
 25.000000 -1.838447 0.215071
 26.000000 -2.377467 -0.111279
 27.000000 -1.941268 0.118568
 28.000000 -1.737963 0.110686
 29.000000 -1.589851 -0.190930
 30.000000 -2.269826 -0.129457
 31.000000 -2.070292 0.488923
 32.000000 -1.756180 0.119508
 33.000000 -2.263174 -0.641787
 34.000000 -1.281841 -0.419452
 35.000000 -2.360089 0.097632
 36.000000 -2.666217 0.333177
 37.000000 -3.044398 0.474227
 38.000000 -2.723008 0.765767
 39.000000 -1.543126 -0.261582
 40.000000 -0.924527 -0.878474
