#! FIELDS time phi psi
#! SET min_phi -pi
#! SET max_phi pi
#! SET min_psi -pi
#! SET max_psi pi
 0.000000 1.085730 3.011015
 1.000000 1.222941 2.248815
 2.000000 1.207773 2.085822
 3.000000 1.320233 1.374954
 4.000000 1.307563 0.429766
 5.000000 1.181587 0.737240
 6.000000 1.269309 0.387158
 7.000000 1.376294 0.648255
 8.000000 1.156597 0.877721
 9.000000 1.294761 0.501997
 10.000000 1.344247 0.699495
 11.000000 1.049024 0.751868
 12.000000 1.059586 1.241929
 13.000000 1.463927 0.670189
 14.000000 1.139576 0.643426
 15.000000 1.465315 0.589925
 16.000000 1.027186 0.590633
 17.000000 1.115311 0.391738
 18.000000 0.578543 1.112418
 19.000000 0.937801 0.982606
 20.000000 0.642367 0.762368
 21.000000 1.424351 0.793687
 22.000000 1.197988 0.571235
 23.000000 1.179415 1.309531
 24.000000 1.258860 0.522795
 25.000000 0.713985 1.290727
 26.000000 0.909495 0.655278
 27.000000 1.426691 0.709060
 28.000000 0.934509 0.338912
 29.000000 1.239983 0.182693
 30.000000 1.178954 0.605796
 31.000000 1.102599 0.200487
 32.000000 0.860456 0.600358
 33.000000 1.130475 0.407698
 34.000000 1.228988 1.256049
 35.000000 2.118273 0.515802
 36.000000 0.922656 0.855616
 37.000000 1.386400 0.420415
 38.000000 1.116902 0.475396
 39.000000 1.594711 0.307741
 40.000000 1.416358 0.454540
