#! FIELDS time phi psi
#! SET min_phi -pi
#! SET max_phi pi
#! SET min_psi -pi
#! SET max_psi pi
 0.000000 -0.961096 -0.887372
 1.000000 -1.099194 -0.670380
 2.000000 -1.839460 0.215143
 3.000000 -2.324487 0.338388
 4.000000 -1.514935 0.228717
 5.000000 -1.975741 0.492526
 6.000000 -1.942562 0.121590
 7.000000 -2.461201 1.102167
 8.000000 -1.815803 0.075421
 9.000000 -1.929933 0.322218
 10.000000 -1.781503 0.480678
 11.000000 -2.089149 0.308448
 12.000000 -2.049355 0.208657
 13.000000 -1.884273 0.412736
 14.000000 -1.750216 -0.275598
 15.000000 -1.463287 -0.439684
 16.000000 -1.691152 -0.173391
 17.000000 -1.620212 -0.381697
 18.000000 -1.543216 -0.016379
 19.000000 -2.198842 0.116287
 20.000000 -2.156925 0.177959
 21.000000 -1.634284 -0.008529
 22.000000 -1.857296 0.136537
 23.000000 -1.788908 0.298383
 24.000000 -1.820062 0.083317
 25.000000 -1.619104 0.111333
 26.000000 -1.292046 -0.185263
 27.000000 -1.893394 -0.451417
 28.000000 -2.104992 0.172541
 29.000000 -3.021689 0.546596
 30.000000 -1.787500 0.059216
 31.000000 -1.027656 -0.701886
 32.000000 -1.652705 0.073036
 33.000000 -2.135554 0.417581
 34.000000 -2.400688 -0.288221
 35.000000 -1.836297 0.195200
 36.000000 -2.032169 0.233480
 37.000000 -1.065963 -0.755207
 38.000000 -1.525069 -0.316409
 39.000000 -1.308061 -0.041675
 40.000000 -1.750416 -0.064981
