#! FIELDS time phi psi
#! SET min_phi -pi
#! SET max_phi pi
#! SET min_psi -pi
#! SET max_psi pi
 0.000000 1.078931 1.129057
 1.000000 1.492125 0.256710
 2.000000 1.873161 0.485663
 3.000000 0.750508 0.778418
 4.000000 1.231817 0.500732
 5.000000 1.128255 3.024618
 6.000000 0.529851 -2.670066
 7.000000 1.396118 2.838594
 8.000000 1.201765 -3.108931
 9.000000 1.182581 -1.305526
 10.000000 0.799224 -2.285936
 11.000000 0.986828 -1.770829
 12.000000 0.663720 -2.282435
 13.000000 0.649061 -2.463366
 14.000000 0.732854 -2.472589
 15.000000 1.049412 -2.693535
 16.000000 0.963443 -2.371117
 17.000000 0.990173 -2.576896
 18.000000 1.022795 -3.006557
 19.000000 1.341220 2.526272
 20.000000 0.995100 2.923359
 21.000000 0.884312 -2.808123
 22.000000 0.993928 -2.938533
 23.000000 0.984243 2.962764
 24.000000 0.860778 -2.946874
 25.000000 0.911064 -2.886764
 26.000000 1.194645 -3.109719
 27.000000 1.425389 2.762059
 28.000000 1.427601 2.509872
 29.000000 1.220963 2.142879
 30.000000 1.112549 2.666706
 31.000000 0.623955 -2.494564
 32.000000 0.904034 -2.644891
 33.000000 1.064661 -2.733695
 34.000000 0.886851 -3.011348
 35.000000 0.863540 -2.342259
 36.000000 0.784952 -3.110561
 37.000000 0.969409 -2.724239
 38.000000 0.929135 3.135380
 39.000000 0.847924 -2.345865
 40.000000 0.675857 -2.705208
