#! FIELDS time phi psi
#! SET min_phi -pi
#! SET max_phi pi
#! SET min_psi -pi
#! SET max_psi pi
 0.000000 -1.076972 2.560837
 1.000000 -1.080459 2.578916
 2.000000 -1.113417 2.726147
 3.000000 -1.214840 2.475641
 4.000000 -1.229102 2.572828
 5.000000 -1.389247 -3.064248
 6.000000 -1.597126 2.260595
 7.000000 -1.572035 2.898745
 8.000000 -2.480184 -3.060664
 9.000000 -2.364373 3.042130
 10.000000 -0.929429 2.349849
 11.000000 -1.541372 -3.125235
 12.000000 -1.090892 2.825167
 13.000000 -1.064551 2.612783
 14.000000 -1.000904 2.313964
 15.000000 -0.767064 2.405801
 16.000000 -1.421378 2.480742
 17.000000 -1.080321 2.348661
 18.000000 -0.246391 2.086272
 19.000000 -0.848817 2.718713
 20.000000 -0.814285 2.492750
 21.000000 -0.857909 2.536072
 22.000000 -0.550455 2.388503
 23.000000 -1.011283 2.484934
 24.000000 -1.013722 2.675578
 25.000000 -1.050722 2.483786
 26.000000 -1.084159 1.965598
 27.000000 -1.407627 2.778650
 28.000000 -1.089423 2.543821
 29.000000 -1.394981 2.556134
 30.000000 -2.134819 2.881210
 31.000000 -2.197435 2.727692
 32.000000 -1.576253 2.004168
 33.000000 -2.322592 2.176721
 34.000000 -2.628264 2.588942
 35.000000 -2.263296 2.676250
 36.000000 -1.657340 2.492321
 37.000000 -1.732140 2.331376
 38.000000 -1.311668 2.623494
 39.000000 -2.483351 2.090493
 40.000000 -1.887854 2.600702
