#! FIELDS time pair1 pair2 pair3 pair4 pair5 pair6 pair7 pair8 pair9 pair10 pair11 pair12 pair13 pair14 pair15 pair16 pair17 pair18 pair19 pair20 pair21 pair22 pair23 pair24 pair25 pair26 pair27 pair28 pair29 pair30 pair31 pair32 pair33 pair34 pair35 pair36 pair37 pair38 pair39 pair40 pair41 pair42 pair43 pair44 pair45
 0.000000 0.145582 0.232717 0.236072 0.369061 0.469747 0.432913 0.427855 0.552190 0.651646 0.121561 0.128273 0.238298 0.363112 0.304161 0.328253 0.414162 0.521036 0.216483 0.270679 0.419191 0.300907 0.336810 0.380971 0.474806 0.141018 0.239015 0.250743 0.297029 0.365976 0.488263 0.154084 0.153277 0.249090 0.244016 0.376231 0.248322 0.326028 0.317153 0.441570 0.128273 0.137586 0.243097 0.232194 0.281514 0.138398
 1.000000 0.149563 0.231851 0.243740 0.387902 0.489468 0.456603 0.434279 0.578399 0.677808 0.121746 0.133701 0.255932 0.382735 0.323278 0.326513 0.437389 0.543206 0.225942 0.297474 0.447392 0.326700 0.337877 0.417690 0.505627 0.150456 0.252337 0.261459 0.287977 0.378482 0.503921 0.157769 0.153616 0.233953 0.247665 0.386104 0.256041 0.324618 0.320439 0.456573 0.121795 0.132936 0.246832 0.225144 0.286004 0.145746
 2.000000 0.149161 0.247065 0.230517 0.376077 0.467492 0.444096 0.424006 0.570496 0.667689 0.127027 0.130426 0.249858 0.369337 0.314798 0.316136 0.432355 0.533597 0.225484 0.287473 0.429472 0.320022 0.325088 0.412149 0.496461 0.149780 0.243904 0.252525 0.282972 0.372537 0.492858 0.153789 0.150130 0.238355 0.241880 0.376844 0.261840 0.352020 0.318636 0.456920 0.119624 0.135473 0.243918 0.221578 0.273112 0.143126
 3.000000 0.153340 0.243419 0.239987 0.377468 0.476916 0.454231 0.453763 0.560922 0.673968 0.122205 0.137160 0.247032 0.376263 0.310292 0.326123 0.409446 0.523026 0.229985 0.286330 0.438766 0.305459 0.320615 0.375997 0.468246 0.143806 0.243814 0.251181 0.292371 0.360881 0.493016 0.158547 0.157417 0.251899 0.241270 0.383798 0.261291 0.345986 0.327869 0.464670 0.124567 0.133727 0.251660 0.225544 0.290034 0.145430
 4.000000 0.144586 0.236068 0.237926 0.375774 0.464337 0.449394 0.438924 0.553641 0.649538 0.125925 0.135728 0.249457 0.366071 0.315826 0.325458 0.411790 0.512188 0.229279 0.289064 0.432075 0.313093 0.328168 0.378214 0.459090 0.143740 0.234320 0.246451 0.274556 0.356406 0.474756 0.152869 0.149255 0.233722 0.237415 0.371357 0.257142 0.329562 0.330882 0.462914 0.121955 0.131564 0.236734 0.225539 0.272239 0.144173
 5.000000 0.149137 0.238571 0.245931 0.380087 0.476728 0.463763 0.467595 0.578872 0.692827 0.121054 0.138744 0.247083 0.369754 0.328332 0.355839 0.435048 0.554995 0.224040 0.274288 0.419388 0.330466 0.377890 0.405834 0.522403 0.144879 0.242772 0.245809 0.276335 0.368751 0.492310 0.155885 0.158272 0.246761 0.254859 0.391373 0.256698 0.327089 0.333924 0.456768 0.125032 0.136151 0.248010 0.225579 0.278744 0.144803
 6.000000 0.146663 0.238889 0.227233 0.361504 0.417564 0.469451 0.503423 0.560005 0.684276 0.125897 0.129015 0.236497 0.314480 0.357913 0.418938 0.433576 0.564886 0.227655 0.277310 0.347154 0.409658 0.494687 0.456283 0.592241 0.144990 0.242097 0.243218 0.291561 0.338740 0.463285 0.149776 0.150934 0.238508 0.230588 0.362573 0.247435 0.302567 0.326279 0.442852 0.118638 0.126071 0.231089 0.215428 0.264894 0.138290
 7.000000 0.154936 0.243350 0.247008 0.388671 0.469760 0.483042 0.483721 0.609576 0.729952 0.122188 0.133004 0.250232 0.343714 0.360967 0.393478 0.474882 0.605028 0.220676 0.281094 0.371474 0.401010 0.459522 0.487780 0.625246 0.147398 0.247873 0.245020 0.275654 0.371132 0.495469 0.150157 0.147638 0.240418 0.243649 0.379909 0.241118 0.333584 0.298821 0.423915 0.125371 0.140784 0.250923 0.232315 0.286416 0.144741
 8.000000 0.147326 0.230571 0.246165 0.378306 0.467730 0.479718 0.470817 0.601774 0.719001 0.122597 0.139018 0.246264 0.350340 0.359769 0.378959 0.471912 0.599188 0.231149 0.286000 0.387324 0.403923 0.447439 0.491938 0.624801 0.140392 0.243109 0.248660 0.268768 0.371603 0.498018 0.155563 0.153316 0.233054 0.251322 0.392739 0.251002 0.335181 0.311889 0.450746 0.120283 0.133735 0.250268 0.221813 0.279789 0.151113
 9.000000 0.147353 0.237044 0.240479 0.375116 0.492220 0.438866 0.426630 0.551317 0.649077 0.121807 0.134228 0.243428 0.377943 0.314048 0.332274 0.415753 0.523085 0.221265 0.272459 0.420982 0.321156 0.356509 0.390013 0.488558 0.144755 0.253002 0.250689 0.288092 0.362858 0.484986 0.158796 0.150183 0.241712 0.237247 0.371248 0.255239 0.344385 0.309939 0.440274 0.123507 0.133150 0.239637 0.225089 0.274499 0.140915
 10.000000 0.146578 0.243863 0.234745 0.374751 0.481864 0.432437 0.422101 0.541536 0.639721 0.125268 0.135300 0.247780 0.377322 0.308352 0.329147 0.406374 0.515552 0.225597 0.277234 0.426230 0.307924 0.349694 0.367706 0.473521 0.147922 0.249523 0.247881 0.280200 0.363563 0.480806 0.153633 0.150818 0.237489 0.244955 0.372651 0.249120 0.317877 0.326888 0.438773 0.123081 0.135518 0.236155 0.226879 0.269292 0.139936
 11.000000 0.150033 0.236571 0.238298 0.377293 0.483554 0.440794 0.450486 0.543927 0.647031 0.121400 0.134677 0.246281 0.370423 0.320133 0.362344 0.411298 0.526947 0.227706 0.283278 0.422624 0.334725 0.395107 0.388492 0.498136 0.148849 0.246741 0.255619 0.303281 0.367350 0.492899 0.152502 0.155013 0.248715 0.246735 0.383068 0.258708 0.335759 0.334558 0.462433 0.123102 0.134829 0.244422 0.220002 0.268339 0.143892
 12.000000 0.147289 0.241737 0.233893 0.377333 0.480162 0.455196 0.463607 0.568449 0.676583 0.125901 0.134967 0.249964 0.375320 0.322492 0.353657 0.425854 0.539628 0.230224 0.286365 0.430751 0.317065 0.356317 0.389219 0.492204 0.150432 0.248493 0.264539 0.310646 0.379041 0.503279 0.148064 0.154489 0.246729 0.248423 0.381272 0.245324 0.324000 0.315203 0.436407 0.125060 0.138827 0.242427 0.229349 0.270575 0.144465
 13.000000 0.154948 0.244321 0.239370 0.381933 0.475358 0.465082 0.473440 0.561971 0.674941 0.123863 0.129217 0.245540 0.365593 0.323119 0.353779 0.410641 0.528421 0.222052 0.281244 0.422788 0.330009 0.378558 0.378922 0.486912 0.147679 0.241994 0.256002 0.293879 0.365323 0.493660 0.149680 0.149853 0.236114 0.246394 0.383449 0.241023 0.306043 0.332045 0.457892 0.122417 0.133454 0.248662 0.220368 0.281966 0.142496
 14.000000 0.153529 0.240475 0.239255 0.382687 0.478833 0.446593 0.424802 0.566090 0.668780 0.121206 0.132136 0.250491 0.371701 0.326070 0.339903 0.434480 0.548587 0.224167 0.287383 0.431598 0.341797 0.372963 0.421732 0.528124 0.151321 0.244561 0.256332 0.284278 0.374552 0.499816 0.155923 0.151750 0.238755 0.245086 0.382128 0.247233 0.318879 0.319091 0.446639 0.124419 0.133008 0.246313 0.225200 0.283891 0.142930
 15.000000 0.148926 0.236728 0.247681 0.383315 0.477095 0.463797 0.448931 0.584541 0.693748 0.120975 0.137058 0.250258 0.368807 0.319429 0.318402 0.436398 0.547011 0.220604 0.279095 0.422985 0.300273 0.293426 0.397945 0.488141 0.142021 0.234883 0.257825 0.292611 0.374334 0.504946 0.152951 0.157613 0.247113 0.248560 0.390571 0.250248 0.334034 0.315842 0.454350 0.126091 0.136982 0.251686 0.232540 0.290539 0.148694
 16.000000 0.147902 0.239706 0.239706 0.378481 0.468646 0.465334 0.475279 0.573788 0.693862 0.121606 0.134462 0.251291 0.371868 0.326514 0.352841 0.427484 0.549613 0.220227 0.284947 0.432294 0.315916 0.351062 0.387987 0.496856 0.142699 0.238809 0.253494 0.288099 0.368551 0.500354 0.157750 0.149907 0.227161 0.248131 0.388099 0.245579 0.289308 0.335562 0.457519 0.117277 0.138928 0.251676 0.227774 0.284863 0.151413
 17.000000 0.149194 0.234923 0.238807 0.378060 0.484568 0.461243 0.501592 0.531938 0.650540 0.118803 0.134499 0.244904 0.367109 0.335848 0.401349 0.396778 0.525499 0.223020 0.275445 0.403208 0.356267 0.447049 0.376049 0.501672 0.148176 0.255830 0.253089 0.302937 0.351128 0.484934 0.155065 0.156071 0.241733 0.246923 0.388990 0.260175 0.314398 0.350465 0.481741 0.122837 0.136883 0.253127 0.231058 0.295476 0.147153
 18.000000 0.145963 0.239092 0.229471 0.365141 0.463458 0.458421 0.480106 0.574064 0.687173 0.128911 0.130752 0.238212 0.359285 0.340416 0.390928 0.443269 0.564961 0.232133 0.283261 0.421621 0.370093 0.440766 0.438641 0.557877 0.142495 0.246110 0.250302 0.296575 0.371300 0.494102 0.158168 0.156608 0.251646 0.253134 0.387781 0.249209 0.323263 0.325334 0.448976 0.125196 0.138863 0.247439 0.223868 0.271595 0.142383
 19.000000 0.149870 0.234823 0.246112 0.380326 0.488374 0.459453 0.469013 0.553597 0.668460 0.119704 0.137877 0.246927 0.377833 0.317909 0.346644 0.405089 0.523850 0.225115 0.280589 0.431568 0.310324 0.347938 0.366057 0.469713 0.141686 0.245410 0.252495 0.293820 0.356596 0.488849 0.154638 0.150695 0.238162 0.238852 0.379597 0.241475 0.307912 0.317725 0.444901 0.123369 0.128074 0.244051 0.219843 0.278117 0.146949
 20.000000 0.149382 0.231413 0.249197 0.386537 0.484368 0.464397 0.483762 0.560988 0.675965 0.122650 0.134878 0.248685 0.365999 0.329603 0.373397 0.417871 0.540102 0.224310 0.281615 0.416985 0.342124 0.409441 0.392667 0.512134 0.146274 0.239623 0.253279 0.295785 0.362822 0.489120 0.149596 0.151281 0.238740 0.242496 0.375550 0.247768 0.308872 0.327980 0.445750 0.123721 0.134752 0.241644 0.227967 0.278946 0.141640
 21.000000 0.145921 0.236188 0.239723 0.379291 0.489867 0.437486 0.454556 0.516400 0.604570 0.123637 0.136404 0.248960 0.381097 0.301206 0.339350 0.372894 0.469985 0.227135 0.280230 0.431696 0.293068 0.345083 0.318980 0.400065 0.149027 0.254450 0.240718 0.283644 0.344949 0.460497 0.155737 0.150133 0.239823 0.241108 0.373723 0.259989 0.327122 0.348047 0.476400 0.119779 0.137102 0.241290 0.223325 0.269418 0.141676
 22.000000 0.149807 0.237573 0.251750 0.389822 0.493551 0.464781 0.457618 0.578102 0.675310 0.121017 0.138622 0.252842 0.377854 0.326375 0.341342 0.432996 0.537045 0.219939 0.274816 0.420268 0.322450 0.355813 0.396791 0.493070 0.146891 0.245858 0.254057 0.283115 0.375199 0.492943 0.153209 0.158082 0.241767 0.256318 0.387435 0.254246 0.327448 0.332569 0.458688 0.119403 0.136356 0.244275 0.219991 0.274505 0.137728
 23.000000 0.146199 0.234088 0.243124 0.378179 0.479812 0.443384 0.475883 0.518354 0.628147 0.124004 0.131655 0.244199 0.367941 0.310627 0.366450 0.378657 0.497774 0.218998 0.273624 0.421210 0.307994 0.384631 0.331364 0.443980 0.143353 0.240171 0.250831 0.307995 0.345801 0.474268 0.153597 0.152532 0.242510 0.239975 0.373510 0.247689 0.295152 0.343167 0.457972 0.123179 0.131507 0.236951 0.222753 0.267748 0.142934
 24.000000 0.149419 0.239710 0.239218 0.379766 0.478566 0.464360 0.474899 0.568941 0.676362 0.121626 0.130334 0.245031 0.367909 0.322416 0.352501 0.420963 0.533499 0.216070 0.270165 0.416581 0.297121 0.334389 0.367887 0.467444 0.148064 0.242763 0.263945 0.302810 0.377027 0.499506 0.152476 0.156384 0.241688 0.252678 0.385229 0.244780 0.302873 0.330498 0.447978 0.125096 0.133903 0.239827 0.225621 0.269147 0.144544
 25.000000 0.145417 0.236385 0.240416 0.375180 0.471656 0.455905 0.435501 0.575411 0.696393 0.123580 0.135004 0.245369 0.369190 0.322858 0.319241 0.435672 0.558234 0.222508 0.275307 0.424388 0.327012 0.326820 0.417562 0.527543 0.142070 0.238451 0.247235 0.274367 0.361118 0.495091 0.160009 0.146140 0.231778 0.231961 0.373838 0.247261 0.339031 0.295292 0.428901 0.121219 0.131526 0.250555 0.225071 0.296442 0.144779
 26.000000 0.146986 0.235706 0.229744 0.375097 0.465719 0.444358 0.419929 0.573144 0.674856 0.121311 0.128822 0.254045 0.376589 0.318215 0.317807 0.439282 0.548231 0.221574 0.299551 0.446151 0.324828 0.326054 0.423216 0.517603 0.148391 0.250535 0.254947 0.283912 0.379439 0.505836 0.156371 0.152125 0.237845 0.254665 0.395462 0.245711 0.318141 0.320983 0.452051 0.124137 0.135270 0.252962 0.220830 0.275895 0.151010
 27.000000 0.149943 0.242393 0.238388 0.369985 0.480198 0.422273 0.407738 0.543518 0.644057 0.123522 0.135433 0.241690 0.374081 0.302542 0.322262 0.411722 0.522063 0.226808 0.277780 0.428271 0.310531 0.342877 0.387253 0.480514 0.142709 0.245742 0.249403 0.293307 0.365679 0.498177 0.155721 0.152977 0.247101 0.243214 0.388451 0.253884 0.339603 0.315350 0.460179 0.122658 0.136158 0.256504 0.222580 0.286023 0.150775
 28.000000 0.149756 0.240106 0.238105 0.380685 0.479110 0.458784 0.461550 0.570303 0.681754 0.122792 0.133660 0.254162 0.379732 0.319631 0.340179 0.423076 0.537277 0.224525 0.294038 0.440744 0.321053 0.352508 0.393426 0.498812 0.146188 0.249618 0.249666 0.283501 0.365655 0.488185 0.152335 0.156173 0.239804 0.248843 0.380865 0.252650 0.318242 0.326590 0.442640 0.119608 0.136985 0.241475 0.226206 0.274463 0.142860
 29.000000 0.146113 0.227857 0.244706 0.380225 0.482099 0.440411 0.475719 0.506364 0.598953 0.119962 0.134930 0.248165 0.374014 0.305066 0.362058 0.365847 0.471235 0.222495 0.283593 0.433200 0.297447 0.367983 0.312340 0.403743 0.142288 0.242145 0.247602 0.307743 0.342471 0.466613 0.156499 0.156835 0.247172 0.251456 0.388688 0.260102 0.307223 0.368068 0.493893 0.123535 0.135222 0.244612 0.221950 0.266687 0.148128
 30.000000 0.144021 0.230726 0.229715 0.368966 0.464476 0.439214 0.424987 0.554427 0.673452 0.121574 0.127322 0.244733 0.369473 0.311145 0.318506 0.418848 0.542034 0.219778 0.286316 0.436036 0.310083 0.313016 0.397549 0.503911 0.143809 0.244976 0.253503 0.291940 0.361671 0.499034 0.158285 0.152568 0.242722 0.236913 0.382313 0.251032 0.332683 0.309109 0.441609 0.121643 0.124719 0.248234 0.212071 0.279885 0.148462
 31.000000 0.148486 0.232461 0.236713 0.379463 0.472446 0.434633 0.422479 0.538780 0.640853 0.120491 0.129742 0.249239 0.368061 0.293779 0.300667 0.391221 0.497529 0.221294 0.289472 0.430726 0.284278 0.286846 0.353011 0.436320 0.146932 0.241930 0.240493 0.275590 0.348862 0.475203 0.149710 0.148493 0.238782 0.234359 0.373627 0.250940 0.325540 0.326493 0.457524 0.121668 0.133517 0.244466 0.224773 0.279087 0.145990
 32.000000 0.150247 0.241149 0.238751 0.378373 0.484779 0.454387 0.495417 0.526176 0.635482 0.122723 0.133813 0.244410 0.375261 0.314269 0.375209 0.378231 0.494265 0.224042 0.273308 0.424874 0.305271 0.385044 0.322258 0.429317 0.148425 0.250154 0.258374 0.314420 0.355906 0.481706 0.158382 0.155862 0.244217 0.247101 0.379688 0.264794 0.317592 0.358879 0.479176 0.123211 0.140392 0.242092 0.234292 0.278945 0.142608
 33.000000 0.150805 0.244231 0.233497 0.371496 0.460580 0.433069 0.433170 0.537068 0.641558 0.123721 0.136978 0.246274 0.365472 0.300415 0.327594 0.392150 0.502899 0.232628 0.289240 0.431060 0.303028 0.343379 0.355636 0.450551 0.142857 0.233497 0.243216 0.281732 0.355563 0.482303 0.148341 0.152938 0.239810 0.246473 0.384406 0.243239 0.299222 0.335091 0.460744 0.122593 0.136686 0.248681 0.227802 0.284916 0.144779
 34.000000 0.154220 0.239004 0.241700 0.383026 0.476242 0.454782 0.456991 0.562275 0.671479 0.126345 0.130610 0.248566 0.369965 0.312735 0.336103 0.411131 0.525727 0.230461 0.298888 0.443672 0.322205 0.351178 0.387513 0.483617 0.145348 0.242786 0.243869 0.279381 0.358422 0.487822 0.152371 0.149312 0.235194 0.242879 0.386794 0.247130 0.311623 0.328894 0.463876 0.118887 0.135683 0.251861 0.221752 0.277975 0.153147
 35.000000 0.149920 0.234085 0.241644 0.376678 0.475715 0.463323 0.513698 0.531544 0.645844 0.120598 0.132499 0.242425 0.350030 0.346503 0.420583 0.410477 0.536960 0.222360 0.278212 0.378155 0.390384 0.487214 0.425416 0.555797 0.142527 0.249096 0.242165 0.301048 0.338542 0.463614 0.154935 0.147682 0.238474 0.242423 0.374494 0.248437 0.300405 0.349934 0.468815 0.122482 0.135805 0.243914 0.222452 0.275637 0.138423
 36.000000 0.145368 0.231195 0.241446 0.380515 0.446973 0.489873 0.493373 0.610030 0.733388 0.124238 0.134952 0.249904 0.323149 0.377852 0.411204 0.487657 0.620282 0.227796 0.287254 0.337185 0.433030 0.493783 0.520828 0.661396 0.146615 0.245196 0.252016 0.279437 0.372845 0.500058 0.151225 0.155358 0.243041 0.250880 0.390812 0.250066 0.336056 0.318016 0.452295 0.123940 0.133810 0.250787 0.222207 0.283269 0.145468
 37.000000 0.152859 0.244303 0.234921 0.371875 0.438922 0.464591 0.468787 0.585987 0.695395 0.120541 0.129267 0.238120 0.310053 0.357962 0.396075 0.469614 0.594732 0.217679 0.267228 0.312130 0.410864 0.473929 0.504287 0.641827 0.143955 0.247905 0.234275 0.268457 0.353453 0.471146 0.151360 0.149606 0.239403 0.244683 0.380711 0.233208 0.300023 0.312448 0.440456 0.122303 0.134216 0.244432 0.219768 0.268963 0.145262
 38.000000 0.145221 0.229231 0.238956 0.373794 0.454286 0.471402 0.460021 0.599889 0.713936 0.126815 0.131427 0.242225 0.334827 0.356147 0.372508 0.474588 0.596706 0.229946 0.286477 0.376525 0.408406 0.442927 0.504722 0.627415 0.142457 0.242066 0.243245 0.266193 0.368938 0.492163 0.155093 0.150566 0.235544 0.246692 0.383287 0.250926 0.350387 0.301853 0.442720 0.121766 0.136891 0.249946 0.225460 0.284067 0.144187
 39.000000 0.148977 0.234096 0.242465 0.373678 0.466140 0.472074 0.497443 0.572987 0.693004 0.117460 0.133406 0.239117 0.354240 0.346361 0.398940 0.436504 0.564767 0.216578 0.265755 0.395225 0.368807 0.447701 0.427290 0.560488 0.140121 0.244002 0.244215 0.286374 0.355214 0.477993 0.161385 0.151845 0.242681 0.242390 0.374701 0.247556 0.307563 0.327405 0.438967 0.125646 0.130146 0.236626 0.221280 0.265200 0.142569
 40.000000 0.145403 0.232989 0.247318 0.387022 0.479088 0.451549 0.436445 0.565178 0.660561 0.124844 0.136448 0.256215 0.372759 0.325252 0.337867 0.430372 0.535069 0.224558 0.291297 0.433476 0.336204 0.365568 0.410139 0.503862 0.145134 0.238803 0.246209 0.276850 0.362649 0.483604 0.156087 0.153294 0.240736 0.245500 0.381666 0.257814 0.328952 0.334391 0.466616 0.122658 0.132307 0.243619 0.221482 0.275690 0.143259
