#! FIELDS time phi psi
#! SET min_phi -pi
#! SET max_phi pi
#! SET min_psi -pi
#! SET max_psi pi
 0.000000 -1.372931 -0.479967
 1.000000 -1.101821 -0.712806
 2.000000 -1.249408 -0.449382
 3.000000 -2.072055 0.172729
 4.000000 -1.952730 0.243826
 5.000000 -1.378739 -0.185179
 6.000000 -1.808361 0.543874
 7.000000 -1.686926 -0.113588
 8.000000 -1.261764 -0.442351
 9.000000 -1.848375 -0.257584
 10.000000 -1.914618 0.397810
 11.000000 -2.624497 -0.034267
 12.000000 -2.909072 0.224301
 13.000000 -2.788138 -0.061910
 14.000000 -1.480870 0.203363
 15.000000 -1.834407 -0.408271
 16.000000 -1.126225 -0.554887
 17.000000 -1.670202 -0.566555
 18.000000 -1.214104 -0.370206
 19.000000 -1.671968 0.243133
 20.000000 -1.983078 0.371292
 21.000000 -1.921760 0.109956
 22.000000 -1.647745 -0.017355
 23.000000 -1.752726 -0.070883
 24.000000 -2.477934 0.675081
 25.000000 -1.090693 -0.533220
 26.000000 -0.819733 -0.875549
 27.000000 -1.657013 0.001520
 28.000000 -1.727454 0.602659
 29.000000 -1.721597 0.157592
 30.000000 -2.066204 0.319104
 31.000000 -2.696396 0.399137
 32.000000 -1.420857 0.002141
 33.000000 -1.322680 -0.258046
 34.000000 -1.629111 1.179980
 35.000000 -1.432800 0.199613
 36.000000 -1.447624 1.761202
 37.000000 -1.165263 2.321014
 38.000000 -0.543083 2.418352
 39.000000 -1.497833 2.964485
 40.000000 -1.170362 2.577942
