#! FIELDS time phi psi
#! SET min_phi -pi
#! SET max_phi pi
#! SET min_psi -pi
#! SET max_psi pi
 0.000000 1.329527 0.415833
 1.000000 1.706940 0.184052
 2.000000 1.283949 0.350455
 3.000000 1.535088 0.179203
 4.000000 1.141273 0.762600
 5.000000 1.299246 0.467654
 6.000000 1.032997 0.877231
 7.000000 1.571340 0.495823
 8.000000 0.591206 0.963076
 9.000000 -1.252899 2.850761
 10.000000 -1.454935 2.058420
 11.000000 -1.229987 2.595399
 12.000000 -1.302147 1.969052
 13.000000 -1.454388 2.726790
 14.000000 -1.145180 2.488687
 15.000000 -0.820941 2.965468
 16.000000 -1.335759 2.612890
 17.000000 -1.058320 2.565713
 18.000000 -1.315089 2.971424
 19.000000 -1.743306 1.817506
 20.000000 -2.390036 0.376412
 21.000000 -1.801208 0.157991
 22.000000 -1.202157 -0.644324
 23.000000 -1.397012 -0.175300
 24.000000 -1.544785 -0.538759
 25.000000 -0.846200 -0.778551
 26.000000 -1.854188 -0.070453
 27.000000 -1.270244 -0.602628
 28.000000 -1.780043 -0.313067
 29.000000 -1.715748 0.203348
 30.000000 -2.124830 0.344791
 31.000000 -2.122441 0.270377
 32.000000 -1.897434 -0.236813
 33.000000 -1.902705 -0.004762
 34.000000 -0.948790 -0.523727
 35.000000 -1.370059 -0.412205
 36.000000 -1.078619 -0.597980
 37.000000 -1.080232 -0.784962
 38.000000 -0.938483 -0.687551
 39.000000 -1.531761 -0.038162
 40.000000 -1.577353 -0.041872
