#! FIELDS time phi psi
#! SET min_phi -pi
#! SET max_phi pi
#! SET min_psi -pi
#! SET max_psi pi
 0.000000 -1.788580 -0.126554
 1.000000 -1.685957 0.306119
 2.000000 -1.384261 -0.209435
 3.000000 -1.204670 -0.682389
 4.000000 -1.168471 -0.655230
 5.000000 -1.208762 -0.584204
 6.000000 -1.789594 -0.126916
 7.000000 -1.040372 -0.697280
 8.000000 -1.370740 -0.310616
 9.000000 -1.068009 -0.781346
 10.000000 -2.496080 0.631223
 11.000000 -2.316152 -0.072601
 12.000000 -2.146174 -0.077214
 13.000000 -1.301855 -0.609559
 14.000000 -1.701718 0.127986
 15.000000 -2.218778 0.081641
 16.000000 -1.535248 -0.139278
 17.000000 -1.124060 -0.598736
 18.000000 -2.198215 -0.116466
 19.000000 -1.213947 -0.597552
 20.000000 -1.177299 -0.426950
 21.000000 -1.130416 -0.927079
 22.000000 -0.916276 -0.847244
 23.000000 -1.191534 -0.673988
 24.000000 -1.426904 -0.177976
 25.000000 -1.220698 -0.290947
 26.000000 -0.996328 -0.824111
 27.000000 -1.279180 -0.517617
 28.000000 -1.476198 -0.449113
 29.000000 -1.051618 -0.740184
 30.000000 -1.194326 -0.319672
 31.000000 -2.005954 0.269395
 32.000000 -2.099408 0.132266
 33.000000 -1.600819 0.071143
 34.000000 -1.512078 -0.031224
 35.000000 -1.530160 0.608996
 36.000000 -1.863230 -0.201502
 37.000000 -2.184576 0.263495
 38.000000 -1.785299 0.491173
 39.000000 -1.833288 -0.129868
 40.000000 -1.425714 -0.321817
