#! FIELDS time phi psi
#! SET min_phi -pi
#! SET max_phi pi
#! SET min_psi -pi
#! SET max_psi pi
 0.000000 1.038934 1.402151
 1.000000 0.680885 1.174837
 2.000000 0.414554 1.398174
 3.000000 1.101094 0.625743
 4.000000 1.280785 0.170369
 5.000000 1.275677 0.455455
 6.000000 1.173823 0.489355
 7.000000 1.345162 0.303034
 8.000000 1.548738 0.710667
 9.000000 1.691507 0.018733
 10.000000 1.460829 0.463001
 11.000000 1.645139 0.302440
 12.000000 1.217918 3.085325
 13.000000 0.993817 0.994558
 14.000000 1.393289 0.180812
 15.000000 1.335692 0.483068
 16.000000 1.419227 0.268008
 17.000000 0.933629 1.152974
 18.000000 0.480889 0.936606
 19.000000 1.449532 0.543650
 20.000000 1.013167 0.783039
 21.000000 1.109686 0.435306
 22.000000 0.879537 0.697311
 23.000000 0.974890 0.433044
 24.000000 1.295653 0.648012
 25.000000 1.465077 0.253484
 26.000000 1.231633 1.570346
 27.000000 1.362221 2.361631
 28.000000 1.267505 3.089325
 29.000000 1.328961 2.419748
 30.000000 1.263186 3.047005
 31.000000 0.809466 -2.363968
 32.000000 1.146876 2.973275
 33.000000 0.882732 -2.590167
 34.000000 0.830930 -2.466596
 35.000000 0.589357 -2.178438
 36.000000 0.477859 -2.117523
 37.000000 0.926249 -3.058573
 38.000000 0.957386 -2.740829
 39.000000 0.876854 -2.528740
 40.000000 1.177654 -3.081337
