#! FIELDS time pair1 pair2 pair3 pair4 pair5 pair6 pair7 pair8 pair9 pair10 pair11 pair12 pair13 pair14 pair15 pair16 pair17 pair18 pair19 pair20 pair21 pair22 pair23 pair24 pair25 pair26 pair27 pair28 pair29 pair30 pair31 pair32 pair33 pair34 pair35 pair36 pair37 pair38 pair39 pair40 pair41 pair42 pair43 pair44 pair45
 0.000000 0.151000 0.242738 0.242078 0.381687 0.440705 0.483204 0.559751 0.512845 0.632089 0.121889 0.137510 0.254535 0.312848 0.347058 0.412703 0.398544 0.516536 0.225051 0.289525 0.308044 0.355548 0.385825 0.427299 0.525004 0.145427 0.250589 0.257764 0.348748 0.308415 0.445431 0.152256 0.155913 0.236457 0.255947 0.389987 0.256642 0.272488 0.386164 0.502249 0.120686 0.139320 0.246193 0.227932 0.275743 0.146728
 1.000000 0.141863 0.225093 0.232968 0.372629 0.434600 0.456521 0.565617 0.442744 0.563067 0.121202 0.128760 0.244673 0.308091 0.323750 0.426766 0.332691 0.461174 0.220148 0.281558 0.317153 0.319837 0.398107 0.333408 0.442189 0.147139 0.248956 0.256135 0.369473 0.283923 0.426298 0.151000 0.153529 0.245222 0.247075 0.383792 0.253010 0.282328 0.373977 0.497933 0.127299 0.138177 0.248135 0.233079 0.286521 0.143910
 2.000000 0.144931 0.237565 0.235962 0.378572 0.459101 0.450380 0.548814 0.446920 0.563911 0.122996 0.137554 0.258139 0.340707 0.316030 0.406618 0.333359 0.454882 0.227958 0.299473 0.360129 0.312043 0.372202 0.335893 0.430727 0.145248 0.251404 0.248101 0.353388 0.288016 0.432159 0.156131 0.148226 0.240162 0.243121 0.384533 0.250675 0.275817 0.377869 0.503544 0.124085 0.138228 0.253063 0.227706 0.283686 0.149057
 3.000000 0.144714 0.228004 0.239656 0.375816 0.434616 0.457386 0.559165 0.458014 0.575324 0.118979 0.132472 0.246491 0.298330 0.329038 0.421870 0.357112 0.482085 0.218241 0.280959 0.290986 0.332443 0.397555 0.376002 0.480793 0.142018 0.245088 0.248421 0.354673 0.284102 0.427300 0.151040 0.157721 0.240711 0.249890 0.389543 0.253671 0.272707 0.373435 0.495529 0.123911 0.131746 0.245039 0.225643 0.280724 0.148260
 4.000000 0.148101 0.237844 0.235858 0.378148 0.439038 0.444371 0.564144 0.416141 0.543186 0.125547 0.134763 0.251432 0.298962 0.323132 0.447091 0.308359 0.448510 0.232588 0.297231 0.292872 0.350348 0.474925 0.315942 0.440079 0.146918 0.246534 0.243354 0.353252 0.279503 0.429802 0.151638 0.155287 0.243331 0.251366 0.394039 0.260234 0.334024 0.338994 0.470235 0.126831 0.134205 0.251994 0.226991 0.283981 0.151756
 5.000000 0.151450 0.232338 0.243530 0.387621 0.446089 0.479943 0.574341 0.509599 0.634755 0.119021 0.133049 0.255443 0.312195 0.343433 0.450007 0.367742 0.500772 0.223164 0.297652 0.320353 0.357933 0.478278 0.338269 0.462853 0.147679 0.246820 0.258414 0.347902 0.330000 0.468347 0.156809 0.150163 0.238162 0.250601 0.388837 0.260296 0.350114 0.317118 0.453847 0.125435 0.138888 0.252913 0.229207 0.286198 0.146181
 6.000000 0.147895 0.230102 0.243774 0.383970 0.455111 0.445332 0.465847 0.538035 0.639417 0.122662 0.132246 0.250428 0.326305 0.304194 0.343407 0.391638 0.499365 0.223752 0.289631 0.343850 0.294771 0.339991 0.345812 0.436143 0.146024 0.241830 0.251545 0.305459 0.356142 0.480808 0.153925 0.153714 0.242574 0.246970 0.380130 0.258683 0.372069 0.280048 0.419998 0.119958 0.135433 0.242262 0.219281 0.267741 0.141283
 7.000000 0.151796 0.236580 0.244336 0.384168 0.467404 0.437865 0.429402 0.550849 0.655102 0.121202 0.137703 0.253257 0.329736 0.303173 0.323688 0.407316 0.517629 0.230022 0.295819 0.342698 0.304214 0.330294 0.380005 0.473212 0.146304 0.245736 0.250452 0.298238 0.361627 0.489610 0.149040 0.155515 0.253900 0.243641 0.380603 0.252079 0.375366 0.275155 0.410656 0.130399 0.128864 0.244495 0.221002 0.279668 0.140007
 8.000000 0.147180 0.229192 0.243230 0.385619 0.459509 0.457428 0.439039 0.584758 0.681618 0.123487 0.133128 0.253144 0.329135 0.317972 0.316084 0.440804 0.540841 0.226852 0.294664 0.345405 0.313051 0.299015 0.419920 0.496655 0.148125 0.253537 0.255697 0.289424 0.375930 0.497375 0.158095 0.152702 0.243772 0.244920 0.381137 0.254441 0.363619 0.282577 0.418286 0.123754 0.135270 0.243924 0.224644 0.272500 0.145743
 9.000000 0.147713 0.238204 0.234442 0.379717 0.459922 0.440430 0.471247 0.512665 0.621065 0.122352 0.132996 0.259457 0.324005 0.325072 0.386623 0.383346 0.504100 0.223432 0.300543 0.333600 0.332196 0.413148 0.343439 0.451457 0.149887 0.243317 0.254527 0.312584 0.347721 0.482229 0.149496 0.154123 0.237750 0.252579 0.393704 0.256677 0.364821 0.290084 0.434316 0.123762 0.139219 0.256002 0.232295 0.296402 0.147577
 10.000000 0.146741 0.244542 0.234261 0.373548 0.437791 0.439312 0.447161 0.540387 0.640932 0.125260 0.134235 0.246392 0.310838 0.302969 0.331388 0.396054 0.502013 0.223815 0.275628 0.308775 0.288441 0.328664 0.344019 0.434839 0.145554 0.244416 0.246635 0.287988 0.358726 0.481346 0.151859 0.150323 0.238267 0.245516 0.380560 0.251336 0.364491 0.277494 0.418264 0.120341 0.132834 0.243945 0.215854 0.268673 0.142443
 11.000000 0.150246 0.234544 0.246725 0.391812 0.470657 0.461838 0.442884 0.580632 0.682298 0.119537 0.138611 0.260839 0.337597 0.322521 0.323070 0.434283 0.540253 0.226208 0.297452 0.354397 0.308670 0.303752 0.399326 0.486941 0.150386 0.248542 0.264479 0.297088 0.379343 0.503363 0.153691 0.159565 0.244182 0.252367 0.386639 0.254370 0.364546 0.277896 0.416966 0.121713 0.134737 0.243288 0.224695 0.278519 0.141255
 12.000000 0.148098 0.232495 0.250882 0.386502 0.462412 0.453717 0.441979 0.575566 0.685248 0.119779 0.142341 0.253205 0.332349 0.315027 0.323552 0.431218 0.545327 0.227530 0.284313 0.344492 0.304252 0.313887 0.402276 0.501953 0.144298 0.251931 0.246676 0.279909 0.363056 0.490350 0.156809 0.146462 0.235773 0.234410 0.373027 0.258793 0.371820 0.280801 0.425805 0.123183 0.132374 0.244078 0.224519 0.277795 0.146578
 13.000000 0.145513 0.231571 0.242306 0.382744 0.457522 0.452365 0.444709 0.576015 0.680384 0.124020 0.134692 0.254600 0.330745 0.318961 0.331533 0.436272 0.545048 0.226462 0.296176 0.354431 0.315736 0.323671 0.412810 0.503025 0.145221 0.237668 0.256706 0.301400 0.373263 0.500259 0.149040 0.156464 0.250621 0.247718 0.386013 0.263560 0.377807 0.296184 0.437745 0.123734 0.133150 0.246270 0.217796 0.270542 0.144243
 14.000000 0.144997 0.235062 0.239038 0.370978 0.413557 0.450841 0.437692 0.580931 0.685992 0.125722 0.135422 0.242027 0.295508 0.310538 0.308243 0.438799 0.544119 0.229122 0.279948 0.317570 0.295364 0.270485 0.414626 0.497155 0.141188 0.232134 0.251597 0.289512 0.371142 0.494605 0.153896 0.150980 0.243469 0.243467 0.378000 0.258602 0.358437 0.307675 0.439554 0.124298 0.134829 0.243432 0.223493 0.273469 0.141958
 15.000000 0.147760 0.233197 0.236918 0.379248 0.443472 0.464229 0.447399 0.592084 0.706072 0.122727 0.133869 0.252907 0.301586 0.344328 0.344202 0.472590 0.593851 0.228257 0.299490 0.297089 0.374011 0.365766 0.501686 0.617800 0.146079 0.251533 0.245334 0.273214 0.362952 0.488735 0.153173 0.148492 0.235858 0.240676 0.380380 0.250603 0.337237 0.313182 0.451417 0.122021 0.136327 0.250577 0.227363 0.287535 0.146103
 16.000000 0.147577 0.233469 0.237937 0.378535 0.453525 0.441652 0.411024 0.566965 0.676405 0.125391 0.130219 0.245622 0.310860 0.318242 0.304457 0.446406 0.564286 0.226526 0.284002 0.303059 0.332928 0.301219 0.463596 0.572119 0.149168 0.254866 0.251295 0.282356 0.361885 0.491115 0.153330 0.154667 0.238944 0.243150 0.382561 0.261171 0.337749 0.327793 0.460540 0.119348 0.133244 0.249522 0.223164 0.291014 0.142622
 17.000000 0.148371 0.237853 0.234736 0.375983 0.450495 0.454676 0.448614 0.567891 0.673219 0.120921 0.134555 0.251239 0.320181 0.324059 0.315864 0.447721 0.556099 0.225852 0.292276 0.328399 0.329472 0.283193 0.463290 0.556333 0.144714 0.249778 0.252929 0.295505 0.356950 0.482445 0.155490 0.153561 0.237118 0.244334 0.381307 0.257259 0.316711 0.338860 0.469402 0.120739 0.134558 0.244732 0.226526 0.282846 0.144180
 18.000000 0.147452 0.238487 0.237464 0.374964 0.450491 0.429061 0.442812 0.508202 0.602446 0.128569 0.133757 0.251189 0.310490 0.312952 0.322726 0.415262 0.518950 0.232252 0.300656 0.316218 0.330377 0.293622 0.449174 0.533184 0.141856 0.243185 0.242107 0.300445 0.331083 0.457522 0.157747 0.155264 0.240450 0.249004 0.385010 0.263839 0.301814 0.373110 0.495452 0.121733 0.131362 0.241599 0.218767 0.268188 0.145320
 19.000000 0.147479 0.238858 0.234749 0.367530 0.436607 0.447995 0.561859 0.443340 0.564895 0.122951 0.133120 0.241172 0.311907 0.313351 0.419777 0.330433 0.457554 0.224664 0.279823 0.317054 0.317921 0.398999 0.345104 0.450889 0.138206 0.247307 0.241238 0.354810 0.276747 0.421104 0.156339 0.147272 0.236214 0.241731 0.380768 0.257490 0.282296 0.377542 0.502165 0.127601 0.132019 0.246862 0.226788 0.282979 0.146663
 20.000000 0.150017 0.239052 0.238349 0.380076 0.450655 0.472963 0.572928 0.489198 0.615458 0.123754 0.132744 0.247720 0.309291 0.342918 0.433249 0.388585 0.522450 0.226287 0.284573 0.299469 0.356839 0.419421 0.425136 0.548450 0.148196 0.256722 0.260407 0.364398 0.303705 0.446700 0.150639 0.156467 0.239516 0.253805 0.392972 0.251623 0.271713 0.379859 0.505794 0.119206 0.137946 0.254356 0.222973 0.287505 0.144727
 21.000000 0.153147 0.243713 0.245459 0.383626 0.451923 0.469576 0.576318 0.464334 0.579505 0.124314 0.135521 0.249229 0.312259 0.331382 0.429907 0.350637 0.473926 0.226314 0.285498 0.308068 0.334350 0.405036 0.365697 0.470738 0.143307 0.249199 0.255351 0.365560 0.290124 0.430074 0.154793 0.152778 0.244317 0.243641 0.381079 0.250487 0.278191 0.369573 0.491959 0.123911 0.130813 0.244410 0.218426 0.273938 0.142968
 22.000000 0.151162 0.234361 0.239975 0.375117 0.447473 0.441281 0.544950 0.438370 0.554158 0.119645 0.128039 0.238766 0.304023 0.310124 0.405538 0.341107 0.469371 0.216963 0.272833 0.292945 0.321051 0.384377 0.378012 0.493301 0.141637 0.246909 0.243772 0.354258 0.278776 0.421202 0.148543 0.156006 0.245124 0.246716 0.385225 0.256322 0.285158 0.376436 0.503010 0.125100 0.133465 0.246889 0.225892 0.282645 0.144758
 23.000000 0.149803 0.239312 0.237643 0.373787 0.427130 0.481706 0.577202 0.500664 0.624799 0.125710 0.133645 0.247984 0.301365 0.347266 0.433960 0.385618 0.508389 0.230786 0.296518 0.310731 0.367806 0.428063 0.418667 0.519176 0.146782 0.255488 0.253178 0.355893 0.290562 0.429635 0.152791 0.153538 0.235213 0.251287 0.386009 0.256283 0.275772 0.382204 0.498592 0.118402 0.136883 0.245400 0.222463 0.272943 0.146567
 24.000000 0.147476 0.230638 0.240693 0.377350 0.437981 0.457247 0.569250 0.444580 0.558274 0.120876 0.136858 0.249880 0.298010 0.333368 0.434808 0.350448 0.474629 0.229585 0.294651 0.285792 0.365936 0.440982 0.401399 0.513371 0.141443 0.246589 0.243397 0.355016 0.274827 0.414858 0.154551 0.152951 0.237617 0.247730 0.385151 0.255711 0.277867 0.372526 0.496029 0.126704 0.132801 0.247429 0.229028 0.290536 0.143140
 25.000000 0.146677 0.232357 0.240075 0.378795 0.479142 0.444522 0.524483 0.473055 0.568377 0.124032 0.136580 0.254315 0.355363 0.309209 0.380896 0.361609 0.464124 0.232280 0.304821 0.386692 0.313136 0.346217 0.378260 0.454333 0.142583 0.254010 0.249359 0.344119 0.309905 0.440524 0.155779 0.151202 0.244937 0.241506 0.380109 0.253537 0.287856 0.369743 0.497679 0.123814 0.134332 0.247833 0.222142 0.278864 0.144672
 26.000000 0.151212 0.239554 0.248060 0.395593 0.458093 0.489478 0.530910 0.558314 0.673244 0.123203 0.137873 0.264532 0.319722 0.357200 0.392143 0.446879 0.566319 0.226729 0.302572 0.312354 0.376376 0.375749 0.489667 0.599832 0.150977 0.252783 0.260847 0.333552 0.333434 0.465577 0.152725 0.154237 0.245864 0.244008 0.383004 0.256230 0.303865 0.365110 0.493454 0.123644 0.134674 0.247550 0.224243 0.280066 0.144776
 27.000000 0.152974 0.244143 0.246398 0.387590 0.452714 0.463474 0.523244 0.521177 0.646847 0.125032 0.136312 0.251657 0.318416 0.319357 0.372329 0.397454 0.523322 0.226499 0.284278 0.329239 0.300503 0.313244 0.389496 0.491244 0.147831 0.250619 0.257806 0.343360 0.331616 0.473704 0.158411 0.154033 0.239579 0.256486 0.391833 0.256566 0.271319 0.386017 0.500201 0.126902 0.139918 0.250653 0.233146 0.284835 0.147262
 28.000000 0.149630 0.232424 0.233598 0.368395 0.441149 0.448665 0.516476 0.486782 0.601623 0.116533 0.128472 0.236715 0.313083 0.307039 0.368768 0.366715 0.484662 0.217092 0.271864 0.319970 0.300734 0.322630 0.382136 0.477871 0.141517 0.249648 0.250064 0.342770 0.299628 0.438855 0.152771 0.151165 0.242833 0.235359 0.375411 0.249014 0.280162 0.363842 0.488047 0.123106 0.133899 0.242491 0.227557 0.275305 0.148812
 29.000000 0.151519 0.239251 0.235667 0.376940 0.459019 0.460337 0.554727 0.464424 0.586061 0.126984 0.131700 0.247625 0.335079 0.321434 0.406633 0.348218 0.475206 0.233474 0.299147 0.377779 0.325086 0.380551 0.353809 0.454781 0.145172 0.244910 0.258799 0.359323 0.300767 0.446022 0.149807 0.150433 0.239128 0.240653 0.383128 0.256800 0.285752 0.374478 0.504719 0.124523 0.131666 0.248654 0.224477 0.283812 0.148893
 30.000000 0.150897 0.242283 0.241669 0.382191 0.453188 0.455044 0.576352 0.422398 0.542131 0.124551 0.133783 0.248656 0.312392 0.321946 0.442366 0.308846 0.444367 0.223833 0.280908 0.306428 0.315249 0.429457 0.283057 0.406311 0.146663 0.256552 0.253024 0.363986 0.287931 0.431409 0.160153 0.157642 0.243692 0.257670 0.396434 0.262500 0.316621 0.361678 0.493369 0.122266 0.138596 0.252957 0.224602 0.281656 0.146854
 31.000000 0.143698 0.228703 0.231141 0.372517 0.449378 0.458137 0.563911 0.457757 0.576127 0.118474 0.129039 0.247681 0.307825 0.349179 0.443641 0.384572 0.510616 0.217612 0.285142 0.286426 0.386065 0.453679 0.446932 0.562691 0.146277 0.256271 0.256025 0.363722 0.294732 0.433186 0.152912 0.157620 0.242109 0.255018 0.385960 0.259604 0.279265 0.384307 0.497036 0.124583 0.135167 0.239660 0.226515 0.270433 0.142566
 32.000000 0.149950 0.237649 0.237584 0.378149 0.444897 0.455887 0.556849 0.448800 0.560433 0.125244 0.133308 0.246856 0.311647 0.318324 0.411065 0.336330 0.453879 0.231164 0.290451 0.323873 0.319947 0.382134 0.347362 0.438233 0.146769 0.250334 0.254372 0.362305 0.285813 0.424458 0.157130 0.150107 0.240682 0.239621 0.374158 0.253428 0.276706 0.373339 0.490320 0.125395 0.133019 0.239462 0.227055 0.273280 0.143736
 33.000000 0.151582 0.238330 0.240271 0.382218 0.473208 0.447045 0.520090 0.472395 0.575957 0.120930 0.133315 0.254075 0.337963 0.311535 0.375075 0.366682 0.475215 0.224047 0.297042 0.353286 0.310879 0.335692 0.383260 0.466559 0.147353 0.247148 0.256084 0.343770 0.318762 0.451393 0.149456 0.152151 0.242473 0.245793 0.380317 0.240718 0.270233 0.366425 0.483791 0.119837 0.140549 0.245705 0.225869 0.272364 0.143948
 34.000000 0.148748 0.232641 0.243444 0.383326 0.479890 0.433360 0.524216 0.442228 0.559573 0.124595 0.132337 0.249321 0.343913 0.295251 0.380917 0.332521 0.459924 0.226568 0.288488 0.360167 0.281484 0.331895 0.328600 0.434550 0.148465 0.257490 0.251404 0.353515 0.305436 0.447800 0.160116 0.151413 0.244395 0.246335 0.382817 0.254403 0.280710 0.380959 0.501739 0.123260 0.136275 0.250936 0.220622 0.278776 0.143659
 35.000000 0.147245 0.233677 0.236907 0.379907 0.427221 0.463865 0.552632 0.474069 0.581661 0.122801 0.132007 0.250731 0.297626 0.326885 0.407641 0.359169 0.469625 0.225500 0.290410 0.300302 0.330336 0.375983 0.379497 0.464728 0.149211 0.242411 0.255785 0.358381 0.291129 0.424210 0.149489 0.154577 0.242942 0.242825 0.374029 0.251231 0.273185 0.369631 0.482088 0.126511 0.131385 0.233071 0.228388 0.267797 0.142920
 36.000000 0.146072 0.240046 0.231199 0.367689 0.431168 0.434202 0.527251 0.439943 0.561937 0.126408 0.135816 0.246694 0.291995 0.323398 0.403726 0.366798 0.494819 0.233386 0.292043 0.287691 0.345973 0.389436 0.414833 0.526240 0.141782 0.240373 0.245076 0.347961 0.285792 0.426732 0.155708 0.154764 0.241332 0.245065 0.376141 0.266933 0.292633 0.385318 0.502055 0.123907 0.132578 0.235291 0.225889 0.267539 0.143028
 37.000000 0.146946 0.230985 0.238374 0.375719 0.443858 0.446755 0.543802 0.446223 0.561019 0.119269 0.132140 0.243713 0.321218 0.304140 0.397319 0.323836 0.446284 0.220604 0.275748 0.335675 0.286038 0.350855 0.315482 0.414302 0.145619 0.244802 0.255006 0.360773 0.291350 0.433248 0.151251 0.154910 0.243307 0.245451 0.383365 0.258263 0.284114 0.379338 0.504357 0.125064 0.135856 0.246325 0.231063 0.285421 0.145097
 38.000000 0.143976 0.232805 0.235943 0.367643 0.419572 0.460908 0.575314 0.454807 0.586632 0.120121 0.130713 0.237731 0.294296 0.324507 0.434383 0.339450 0.476984 0.215246 0.263532 0.288380 0.310055 0.400744 0.336002 0.457789 0.142401 0.247330 0.255282 0.369945 0.282719 0.429167 0.154175 0.157483 0.248735 0.248520 0.385915 0.259917 0.299003 0.378463 0.503750 0.123976 0.137015 0.245677 0.226621 0.273779 0.146731
 39.000000 0.138170 0.229177 0.231976 0.366449 0.433574 0.445979 0.533890 0.464475 0.585601 0.120636 0.135433 0.246840 0.310788 0.319866 0.399841 0.362803 0.487219 0.221384 0.279973 0.311021 0.313319 0.358059 0.374843 0.480553 0.139964 0.239827 0.252242 0.353979 0.300227 0.439003 0.154042 0.150479 0.244551 0.241549 0.373906 0.247833 0.276709 0.372651 0.488701 0.123875 0.136257 0.241466 0.224778 0.271037 0.140897
 40.000000 0.148439 0.241804 0.237112 0.380919 0.432376 0.472367 0.580960 0.460706 0.581777 0.124020 0.131339 0.253632 0.303152 0.336691 0.437902 0.344078 0.468950 0.220338 0.287767 0.292646 0.340168 0.415207 0.359047 0.463229 0.148852 0.250860 0.254332 0.366377 0.277874 0.419454 0.158902 0.153779 0.244133 0.243041 0.378855 0.258213 0.288533 0.370768 0.489094 0.124197 0.132019 0.239923 0.222921 0.269046 0.144810
