#! FIELDS time pair1 pair2 pair3 pair4 pair5 pair6 pair7 pair8 pair9 pair10 pair11 pair12 pair13 pair14 pair15 pair16 pair17 pair18 pair19 pair20 pair21 pair22 pair23 pair24 pair25 pair26 pair27 pair28 pair29 pair30 pair31 pair32 pair33 pair34 pair35 pair36 pair37 pair38 pair39 pair40 pair41 pair42 pair43 pair44 pair45
 0.000000 0.153167 0.235833 0.240934 0.384606 0.463933 0.446834 0.518558 0.469682 0.580831 0.119000 0.133705 0.251130 0.323076 0.314593 0.376444 0.369109 0.488410 0.225304 0.290002 0.331815 0.319240 0.343769 0.395793 0.495727 0.149943 0.252905 0.252218 0.340736 0.301354 0.440078 0.154952 0.151357 0.232951 0.240227 0.377447 0.261050 0.283415 0.377917 0.501256 0.117043 0.133948 0.243247 0.223090 0.278277 0.145220
 1.000000 0.146325 0.232441 0.241682 0.389396 0.443800 0.472416 0.590953 0.455980 0.576570 0.126151 0.132985 0.261017 0.305871 0.346234 0.458119 0.355028 0.487547 0.227721 0.306333 0.304284 0.367834 0.461505 0.383733 0.502552 0.150682 0.248395 0.253966 0.368947 0.282712 0.428088 0.160789 0.148963 0.239105 0.243530 0.386686 0.261524 0.301214 0.373853 0.506600 0.124004 0.132774 0.253772 0.220527 0.285210 0.148098
 2.000000 0.148899 0.239623 0.230794 0.379332 0.454071 0.470248 0.578845 0.464289 0.599555 0.122131 0.130587 0.259118 0.317291 0.355952 0.452121 0.382940 0.522384 0.224038 0.306212 0.310912 0.394540 0.465688 0.441917 0.570352 0.150615 0.260590 0.253730 0.361292 0.288094 0.435465 0.157474 0.162339 0.245082 0.261926 0.397659 0.272140 0.295003 0.397478 0.517873 0.122519 0.139043 0.246789 0.228285 0.274893 0.148398
 3.000000 0.147153 0.238330 0.233508 0.377206 0.449348 0.455800 0.567793 0.457748 0.584974 0.123106 0.132921 0.254075 0.332917 0.316332 0.423241 0.334157 0.463222 0.225697 0.297054 0.359445 0.307787 0.394119 0.325457 0.429652 0.146294 0.246621 0.255362 0.365963 0.295142 0.439115 0.154758 0.154032 0.243156 0.243189 0.378087 0.255589 0.279937 0.374608 0.492392 0.127322 0.129634 0.237099 0.223915 0.266824 0.145606
 4.000000 0.148064 0.241888 0.227794 0.363940 0.437383 0.440087 0.537923 0.425484 0.524372 0.122348 0.136635 0.245396 0.301110 0.320852 0.406209 0.338240 0.445952 0.231948 0.291283 0.299189 0.337670 0.393775 0.369823 0.454698 0.140093 0.244569 0.248518 0.347820 0.280907 0.415175 0.154441 0.151687 0.232441 0.241531 0.378584 0.246676 0.263007 0.364824 0.483291 0.116095 0.131347 0.245314 0.217509 0.280123 0.144094
 5.000000 0.148013 0.235330 0.246475 0.379334 0.455664 0.443022 0.407713 0.571067 0.661928 0.122898 0.138239 0.247439 0.314360 0.316013 0.305454 0.439998 0.540245 0.227205 0.282124 0.307047 0.320437 0.306708 0.431034 0.517773 0.141273 0.245610 0.249788 0.281581 0.366625 0.486856 0.150047 0.155929 0.247051 0.245475 0.381236 0.252670 0.354474 0.297035 0.433018 0.126436 0.128786 0.237211 0.220422 0.263228 0.145722
 6.000000 0.149897 0.237093 0.244579 0.384917 0.463493 0.459791 0.445882 0.580301 0.691334 0.122041 0.139750 0.256862 0.344341 0.316754 0.316010 0.432759 0.544591 0.230178 0.297936 0.386379 0.297679 0.276134 0.401724 0.489511 0.144506 0.239234 0.259913 0.297315 0.372357 0.503731 0.151740 0.157331 0.244143 0.246256 0.386943 0.262926 0.373493 0.286920 0.432800 0.122127 0.133585 0.247107 0.225047 0.281711 0.147496
 7.000000 0.151400 0.234418 0.248490 0.384069 0.455642 0.472483 0.466919 0.602160 0.715800 0.123101 0.134048 0.246579 0.311142 0.336348 0.346094 0.463365 0.580836 0.225058 0.283833 0.301803 0.345138 0.341188 0.465692 0.570934 0.142387 0.253144 0.256225 0.301340 0.373344 0.502021 0.153167 0.154276 0.248020 0.246848 0.385200 0.243879 0.338966 0.292469 0.424381 0.122740 0.133225 0.247479 0.216023 0.270660 0.144017
 8.000000 0.150097 0.237476 0.239387 0.378054 0.440348 0.458412 0.433564 0.588657 0.685107 0.124314 0.133037 0.249307 0.307407 0.322569 0.315574 0.448381 0.548425 0.228169 0.295340 0.312700 0.336341 0.330008 0.446638 0.533584 0.142130 0.241661 0.248330 0.272184 0.371016 0.486762 0.149937 0.153535 0.239309 0.248544 0.380487 0.249455 0.352369 0.294980 0.430926 0.124740 0.133600 0.238581 0.225595 0.269617 0.143060
 9.000000 0.147496 0.235593 0.240554 0.382315 0.455697 0.457412 0.525704 0.473011 0.564579 0.123301 0.135385 0.253681 0.319166 0.327073 0.413040 0.337840 0.445370 0.227302 0.293266 0.316297 0.335717 0.438485 0.297784 0.393808 0.146578 0.254476 0.252111 0.324855 0.315755 0.440655 0.159866 0.149375 0.233799 0.242648 0.380389 0.252456 0.354273 0.291608 0.433346 0.119545 0.136312 0.251247 0.224263 0.287586 0.144354
 10.000000 0.146626 0.230078 0.238046 0.378982 0.434652 0.448155 0.456318 0.540408 0.646592 0.121569 0.132095 0.250998 0.321224 0.304276 0.326038 0.393936 0.502309 0.224958 0.294352 0.356704 0.291251 0.314926 0.352688 0.437224 0.146673 0.240662 0.248751 0.281840 0.355242 0.481619 0.152069 0.152447 0.231588 0.244634 0.382453 0.258312 0.367176 0.283145 0.428293 0.124181 0.132144 0.243898 0.230558 0.288300 0.146096
 11.000000 0.141683 0.230901 0.236131 0.375766 0.455974 0.425918 0.484374 0.476820 0.588061 0.124374 0.138261 0.251464 0.325414 0.301672 0.381665 0.345640 0.468118 0.232476 0.290783 0.324905 0.309058 0.407746 0.300390 0.413593 0.148344 0.254389 0.247083 0.317377 0.335647 0.468566 0.155100 0.155016 0.242557 0.250370 0.385445 0.261561 0.367715 0.293068 0.428346 0.122939 0.136063 0.246564 0.224132 0.277240 0.143391
 12.000000 0.146751 0.232742 0.239209 0.376225 0.441329 0.456795 0.470053 0.547454 0.661200 0.120669 0.137335 0.246416 0.324449 0.312560 0.337375 0.400921 0.516141 0.228009 0.280809 0.345065 0.293177 0.318262 0.354199 0.448470 0.146130 0.240529 0.264335 0.307810 0.365350 0.498567 0.153016 0.153111 0.236899 0.242609 0.382739 0.251986 0.364693 0.268494 0.411856 0.121614 0.130889 0.245931 0.223128 0.283912 0.146062
 13.000000 0.146144 0.235226 0.243502 0.382794 0.463329 0.456289 0.449912 0.568027 0.678927 0.127158 0.139187 0.256564 0.344761 0.317682 0.325922 0.423332 0.535867 0.235368 0.303750 0.380380 0.315270 0.317556 0.394676 0.482434 0.143534 0.241952 0.253584 0.292428 0.365766 0.499974 0.152660 0.149650 0.235741 0.244583 0.389525 0.257056 0.368284 0.283447 0.431436 0.120553 0.134276 0.255713 0.220751 0.286573 0.150795
 14.000000 0.143840 0.236070 0.227002 0.364074 0.444258 0.441350 0.448032 0.556040 0.666558 0.116735 0.129375 0.242557 0.335185 0.303621 0.325098 0.413000 0.524090 0.211066 0.270882 0.359764 0.275596 0.293329 0.362676 0.453115 0.140719 0.246550 0.251081 0.294790 0.368362 0.497246 0.158332 0.153935 0.243202 0.252081 0.390694 0.267337 0.382975 0.293728 0.436253 0.125678 0.140488 0.254594 0.232392 0.292542 0.144655
 15.000000 0.146281 0.235875 0.236155 0.376091 0.437791 0.449175 0.437380 0.560096 0.665027 0.124647 0.131898 0.245239 0.310215 0.312535 0.320829 0.416405 0.525434 0.225180 0.279788 0.322707 0.300135 0.309280 0.379918 0.467914 0.147706 0.246443 0.254596 0.284137 0.365084 0.491774 0.157610 0.151717 0.236848 0.236413 0.376097 0.263608 0.370850 0.280938 0.423070 0.120917 0.131412 0.242357 0.225615 0.280895 0.146976
 16.000000 0.150585 0.241183 0.242045 0.380417 0.442948 0.461927 0.468518 0.561528 0.660292 0.124052 0.136653 0.249818 0.320829 0.318642 0.341855 0.411764 0.513741 0.228847 0.288284 0.342003 0.308289 0.335180 0.369925 0.450884 0.144177 0.244412 0.255212 0.293437 0.365582 0.486923 0.157550 0.152230 0.238155 0.248453 0.383866 0.262202 0.375561 0.291741 0.435119 0.124145 0.131776 0.243037 0.220955 0.271461 0.145100
 17.000000 0.149198 0.235521 0.235737 0.376464 0.458079 0.450502 0.444167 0.562214 0.668207 0.124282 0.128717 0.244444 0.323592 0.316639 0.334329 0.418655 0.530834 0.224958 0.286152 0.335061 0.318826 0.342202 0.391375 0.486345 0.146673 0.250966 0.260607 0.298918 0.370556 0.499657 0.155090 0.159402 0.247162 0.245766 0.386813 0.265789 0.377264 0.280528 0.425146 0.120482 0.134744 0.246773 0.224838 0.279887 0.147679
 18.000000 0.148300 0.234463 0.232265 0.371797 0.439282 0.454768 0.448578 0.573226 0.692518 0.116867 0.130836 0.244516 0.314283 0.315856 0.322548 0.430313 0.550116 0.218160 0.279152 0.318578 0.310491 0.308433 0.410937 0.514418 0.144478 0.248214 0.254945 0.295995 0.365693 0.500885 0.155312 0.152725 0.248799 0.236392 0.382758 0.252097 0.363520 0.278067 0.423318 0.126689 0.126246 0.246473 0.217794 0.273907 0.151885
 19.000000 0.141266 0.224682 0.232993 0.375762 0.445347 0.443528 0.424323 0.565117 0.669147 0.122776 0.132476 0.253371 0.312368 0.325566 0.318512 0.450942 0.561642 0.227820 0.300395 0.319415 0.344063 0.314712 0.473182 0.571512 0.146809 0.248781 0.248204 0.284187 0.357146 0.481388 0.151093 0.158625 0.246627 0.242916 0.380141 0.261406 0.340444 0.327556 0.458866 0.118233 0.130637 0.240958 0.216354 0.270840 0.142418
 20.000000 0.146209 0.231115 0.240460 0.384871 0.461095 0.460207 0.423287 0.591441 0.700954 0.117970 0.137819 0.259343 0.330158 0.329079 0.304179 0.459509 0.572067 0.224591 0.297062 0.334970 0.332482 0.292578 0.456955 0.556580 0.148597 0.251964 0.257451 0.279730 0.377154 0.504342 0.155419 0.152440 0.237600 0.245939 0.383867 0.251533 0.344309 0.303178 0.438120 0.125770 0.132755 0.248479 0.228241 0.292705 0.142555
 21.000000 0.143558 0.235881 0.237103 0.374839 0.454521 0.433333 0.407560 0.561349 0.649533 0.124631 0.133989 0.246457 0.325121 0.302738 0.300845 0.424614 0.521831 0.223576 0.276579 0.327037 0.291179 0.293974 0.386192 0.471297 0.146185 0.246814 0.252308 0.283353 0.377685 0.493381 0.151212 0.155952 0.244681 0.254982 0.386245 0.262111 0.371381 0.301007 0.442778 0.122923 0.138033 0.242351 0.223359 0.265375 0.142902
 22.000000 0.150343 0.235232 0.237129 0.374820 0.443863 0.464087 0.453138 0.592345 0.707433 0.120121 0.134852 0.245896 0.321143 0.321829 0.321635 0.446056 0.560665 0.228394 0.288818 0.341921 0.320426 0.308629 0.429387 0.526699 0.143485 0.247495 0.258985 0.291630 0.381194 0.509957 0.154926 0.152161 0.238504 0.249441 0.387489 0.252438 0.359514 0.282746 0.423426 0.122233 0.139054 0.252327 0.228493 0.288139 0.144641
 23.000000 0.149442 0.233570 0.245284 0.381915 0.448376 0.451050 0.424024 0.584829 0.687223 0.127570 0.136297 0.250539 0.312269 0.315298 0.305694 0.447314 0.555077 0.236244 0.302080 0.326383 0.327312 0.301150 0.451068 0.543169 0.141545 0.241390 0.248423 0.284591 0.369580 0.494104 0.155351 0.152279 0.247457 0.245728 0.383682 0.251724 0.353028 0.305703 0.444110 0.128413 0.134926 0.247073 0.226515 0.276657 0.145774
 24.000000 0.148398 0.226912 0.241713 0.386645 0.454605 0.473476 0.462810 0.598366 0.702375 0.119067 0.136158 0.257938 0.331958 0.332953 0.333780 0.454502 0.558181 0.229456 0.305000 0.366122 0.333282 0.317918 0.446588 0.528222 0.149114 0.247053 0.265226 0.299015 0.380172 0.502610 0.156333 0.154019 0.240701 0.242107 0.376927 0.258376 0.366078 0.282659 0.422410 0.121610 0.135255 0.238717 0.227932 0.271917 0.145582
 25.000000 0.148277 0.240237 0.229316 0.372796 0.430545 0.453726 0.442999 0.580066 0.685964 0.125682 0.130897 0.250333 0.316949 0.313517 0.314251 0.436006 0.542643 0.229996 0.299805 0.350772 0.309750 0.298225 0.415958 0.503612 0.146905 0.241319 0.254992 0.286395 0.376536 0.498495 0.151875 0.157652 0.246416 0.251146 0.388193 0.262233 0.370908 0.300540 0.448903 0.124238 0.135078 0.243623 0.224876 0.268364 0.149405
 26.000000 0.151268 0.233793 0.244256 0.378982 0.456930 0.453107 0.433168 0.581211 0.678898 0.120237 0.130434 0.240784 0.311591 0.320234 0.325782 0.442314 0.551654 0.218390 0.271079 0.300163 0.317259 0.322622 0.422943 0.524966 0.143757 0.255296 0.256587 0.291278 0.375911 0.496946 0.160393 0.154961 0.244076 0.248195 0.384995 0.257940 0.363036 0.294410 0.441763 0.121762 0.131848 0.240811 0.216319 0.257395 0.150113
 27.000000 0.149730 0.233628 0.235654 0.376958 0.453057 0.463150 0.451083 0.587280 0.702404 0.120187 0.133784 0.248085 0.318475 0.333051 0.334979 0.456374 0.574937 0.228375 0.292098 0.326930 0.349219 0.338671 0.468758 0.575820 0.146663 0.258023 0.254929 0.290773 0.367425 0.496377 0.156608 0.153235 0.243945 0.240784 0.381017 0.261467 0.360362 0.307482 0.444934 0.122344 0.128367 0.244399 0.215374 0.273092 0.145262
 28.000000 0.143129 0.228169 0.236992 0.366022 0.417779 0.443937 0.428502 0.573376 0.679677 0.122250 0.134867 0.239287 0.292419 0.312963 0.306372 0.444974 0.553802 0.227807 0.279859 0.292633 0.324057 0.293825 0.457232 0.551859 0.137815 0.243315 0.236941 0.277534 0.352087 0.475786 0.157820 0.148337 0.240770 0.241669 0.378393 0.263900 0.344402 0.335373 0.467635 0.125833 0.136352 0.245457 0.228530 0.276949 0.145853
 29.000000 0.147506 0.236848 0.242425 0.377988 0.461430 0.449418 0.437712 0.566338 0.662218 0.124439 0.134373 0.247162 0.321462 0.324991 0.320821 0.452642 0.559152 0.224680 0.281897 0.317583 0.334236 0.298391 0.473711 0.571127 0.143433 0.249203 0.251672 0.298225 0.359123 0.481783 0.153287 0.147912 0.235378 0.247750 0.383382 0.254576 0.326107 0.340771 0.476056 0.124262 0.140335 0.251245 0.231368 0.286505 0.144769
 30.000000 0.147801 0.230272 0.237611 0.379150 0.447189 0.452598 0.436243 0.587886 0.690803 0.119415 0.134811 0.252741 0.308498 0.326659 0.320670 0.464286 0.571001 0.227539 0.297439 0.312543 0.340984 0.311116 0.479359 0.570398 0.146492 0.243567 0.255073 0.295667 0.376108 0.500334 0.152476 0.150924 0.241948 0.247695 0.383080 0.246676 0.327069 0.316945 0.444375 0.121988 0.141686 0.248665 0.228355 0.276053 0.145220
 31.000000 0.149526 0.230740 0.247558 0.375529 0.439045 0.452492 0.473715 0.558449 0.684299 0.125932 0.134056 0.238147 0.315697 0.304067 0.337233 0.409511 0.537426 0.229408 0.278182 0.336110 0.285542 0.313230 0.366895 0.475605 0.137931 0.234891 0.258708 0.315641 0.367728 0.509089 0.153294 0.156675 0.249708 0.247978 0.392954 0.251086 0.369027 0.268213 0.411288 0.122446 0.135137 0.258275 0.219502 0.288134 0.148418
 32.000000 0.149670 0.233812 0.239429 0.376920 0.458616 0.433074 0.410348 0.548921 0.642224 0.121626 0.132473 0.247790 0.322899 0.304043 0.309752 0.410343 0.511911 0.225659 0.291967 0.340237 0.309595 0.319977 0.388543 0.468589 0.142804 0.240884 0.245607 0.278702 0.358114 0.483514 0.148782 0.153486 0.240878 0.241406 0.383178 0.259041 0.368638 0.285309 0.429331 0.121342 0.129696 0.245457 0.218835 0.275538 0.149459
 33.000000 0.148297 0.237626 0.236943 0.371201 0.443152 0.451261 0.441356 0.579976 0.688316 0.119925 0.130361 0.240886 0.307675 0.321428 0.336694 0.441420 0.556017 0.215977 0.271197 0.307002 0.317739 0.338303 0.411118 0.511731 0.140634 0.236453 0.256870 0.297700 0.383231 0.513865 0.152072 0.152427 0.244248 0.258298 0.399776 0.258619 0.372101 0.301151 0.445443 0.125901 0.141166 0.261172 0.224435 0.285860 0.148442
 34.000000 0.145014 0.228136 0.238958 0.380175 0.455659 0.431524 0.401350 0.558596 0.670943 0.124848 0.134075 0.254335 0.318204 0.304227 0.295017 0.425789 0.543508 0.231782 0.304751 0.323637 0.316445 0.294992 0.421610 0.521772 0.145966 0.250651 0.242549 0.277191 0.359032 0.493325 0.159053 0.151242 0.246010 0.235419 0.380259 0.242008 0.342983 0.271393 0.408055 0.123000 0.129838 0.251494 0.218071 0.284777 0.147570
 35.000000 0.146973 0.235130 0.235599 0.383597 0.450952 0.464408 0.478386 0.559409 0.667491 0.121709 0.131780 0.256308 0.331175 0.325168 0.354432 0.413349 0.523402 0.222524 0.293798 0.351733 0.317700 0.348524 0.377179 0.466462 0.151908 0.246984 0.262823 0.310596 0.363408 0.492490 0.152817 0.154402 0.247010 0.238682 0.380218 0.261719 0.378250 0.275804 0.423125 0.123895 0.130786 0.243010 0.222542 0.272349 0.149194
 36.000000 0.143851 0.231730 0.229961 0.374940 0.454767 0.444745 0.415501 0.579331 0.674519 0.119641 0.134257 0.257544 0.326245 0.323486 0.311724 0.454067 0.554694 0.225896 0.302091 0.339927 0.330353 0.306715 0.450869 0.536167 0.149953 0.243863 0.261239 0.292679 0.382071 0.502030 0.151687 0.154887 0.245041 0.246601 0.380952 0.251338 0.354322 0.292193 0.431422 0.124848 0.136594 0.240878 0.229288 0.271383 0.145465
 37.000000 0.145602 0.238833 0.235266 0.376618 0.449050 0.448457 0.437960 0.569639 0.672959 0.125607 0.135462 0.248196 0.319396 0.315141 0.326988 0.428674 0.537120 0.229597 0.281933 0.324754 0.306557 0.327301 0.392777 0.488247 0.149937 0.247301 0.261178 0.292604 0.380575 0.502484 0.148610 0.154981 0.239370 0.249491 0.381695 0.254507 0.364487 0.282367 0.421244 0.121396 0.137335 0.243549 0.227631 0.280095 0.139947
 38.000000 0.149496 0.241584 0.235087 0.377530 0.445647 0.448890 0.428852 0.581099 0.684476 0.122172 0.134138 0.255981 0.321643 0.314762 0.306273 0.444492 0.548647 0.225053 0.300510 0.337179 0.319382 0.299501 0.438565 0.526076 0.143698 0.239719 0.245279 0.276958 0.366265 0.487837 0.150413 0.153170 0.242654 0.242341 0.377606 0.253671 0.354572 0.296083 0.432002 0.119883 0.134915 0.242753 0.221011 0.271825 0.142250
 39.000000 0.144903 0.236047 0.234838 0.377619 0.456934 0.442771 0.439305 0.551355 0.653313 0.128332 0.136118 0.257529 0.332388 0.312431 0.333008 0.411068 0.516545 0.236958 0.312022 0.357227 0.322351 0.349106 0.385707 0.469781 0.145193 0.250412 0.245677 0.285878 0.360656 0.484697 0.159050 0.150605 0.241431 0.250464 0.385686 0.253750 0.374753 0.279573 0.415453 0.130050 0.136169 0.250914 0.230411 0.292255 0.139907
 40.000000 0.151954 0.228438 0.245424 0.383245 0.459762 0.447453 0.434779 0.569582 0.676609 0.121516 0.138517 0.252565 0.334537 0.303364 0.307612 0.419964 0.528165 0.236975 0.308190 0.369011 0.313378 0.312168 0.409458 0.496943 0.142092 0.242495 0.247929 0.285892 0.363143 0.490336 0.155171 0.153424 0.242231 0.241531 0.378060 0.260079 0.372180 0.279609 0.415905 0.122094 0.136037 0.247164 0.227888 0.288175 0.140826
