#! FIELDS time phi psi
#! SET min_phi -pi
#! SET max_phi pi
#! SET min_psi -pi
#! SET max_psi pi
 0.000000 -2.582646 2.650251
 1.000000 -2.149534 2.830947
 2.000000 -2.100101 2.744084
 3.000000 -1.584033 2.892503
 4.000000 -0.538157 2.271062
 5.000000 -2.283053 2.911202
 6.000000 -2.648779 3.005665
 7.000000 -2.770076 2.812982
 8.000000 -2.349244 3.084103
 9.000000 -2.597440 2.710669
 10.000000 -1.964168 2.026295
 11.000000 -1.220443 2.484058
 12.000000 -1.020248 2.274852
 13.000000 -1.168316 1.883546
 14.000000 -1.788194 2.689984
 15.000000 -1.440100 2.864516
 16.000000 -1.158151 2.383953
 17.000000 -1.082465 2.666875
 18.000000 -1.049389 2.328780
 19.000000 -1.104961 2.219302
 20.000000 -0.969092 2.344315
 21.000000 -1.066730 2.139947
 22.000000 -0.700198 2.408393
 23.000000 -1.188737 2.598830
 24.000000 -1.396586 2.140693
 25.000000 -1.185712 2.341535
 26.000000 -1.691806 1.399142
 27.000000 -2.727801 0.562772
 28.000000 -2.741421 0.975860
 29.000000 -2.390862 0.694805
 30.000000 -2.354702 0.475422
 31.000000 -2.878616 0.497877
 32.000000 -2.253381 -0.034986
 33.000000 -2.019678 0.147082
 34.000000 -2.074966 -0.088766
 35.000000 -1.995661 0.333629
 36.000000 -1.837701 -0.201184
 37.000000 -1.799959 0.391426
 38.000000 -1.734390 -0.088536
 39.000000 -1.256090 -0.623581
 40.000000 -1.294654 -0.493993
