#! FIELDS time pair1 pair2 pair3 pair4 pair5 pair6 pair7 pair8 pair9 pair10 pair11 pair12 pair13 pair14 pair15 pair16 pair17 pair18 pair19 pair20 pair21 pair22 pair23 pair24 pair25 pair26 pair27 pair28 pair29 pair30 pair31 pair32 pair33 pair34 pair35 pair36 pair37 pair38 pair39 pair40 pair41 pair42 pair43 pair44 pair45
 0.000000 0.144433 0.238246 0.235790 0.375088 0.448867 0.459576 0.570671 0.452437 0.579922 0.125952 0.132740 0.248624 0.321028 0.328964 0.433790 0.346113 0.480648 0.224116 0.283637 0.320928 0.332976 0.416536 0.364118 0.487752 0.144645 0.252402 0.251661 0.360486 0.285682 0.425439 0.151331 0.151423 0.236157 0.248081 0.377982 0.254067 0.281604 0.378831 0.497599 0.119645 0.137495 0.243596 0.223074 0.273832 0.140364
 1.000000 0.152243 0.237428 0.242559 0.384035 0.448693 0.473242 0.588892 0.447261 0.566772 0.118802 0.132518 0.248775 0.303952 0.343479 0.453041 0.346280 0.479558 0.219388 0.280633 0.283269 0.361738 0.454790 0.383148 0.508989 0.147431 0.257670 0.253016 0.365225 0.267561 0.410693 0.159129 0.153691 0.241762 0.237573 0.378414 0.265460 0.306191 0.373021 0.504471 0.119030 0.130077 0.244569 0.217513 0.276120 0.145966
 2.000000 0.143527 0.228742 0.238726 0.375554 0.436610 0.445416 0.554845 0.428040 0.553088 0.123527 0.133993 0.245725 0.306078 0.314177 0.417422 0.323651 0.455001 0.227062 0.282549 0.306390 0.318578 0.394256 0.339607 0.449579 0.145551 0.249283 0.244084 0.358470 0.273441 0.417912 0.156106 0.146513 0.238780 0.243793 0.375219 0.257890 0.293212 0.378574 0.495163 0.123895 0.137292 0.240385 0.223721 0.261253 0.145059
 3.000000 0.151086 0.246534 0.241439 0.389343 0.462018 0.476999 0.592867 0.447864 0.549948 0.123028 0.135993 0.258370 0.317682 0.352810 0.461359 0.354058 0.472373 0.221662 0.284652 0.295300 0.361501 0.449217 0.380680 0.487508 0.153065 0.259349 0.265068 0.379682 0.283374 0.421376 0.155335 0.155782 0.248988 0.243010 0.385978 0.259663 0.300223 0.372238 0.503240 0.121635 0.134052 0.254894 0.220384 0.289337 0.145866
 4.000000 0.145117 0.237538 0.226022 0.366734 0.440850 0.464544 0.563360 0.478223 0.597580 0.126471 0.126179 0.242844 0.319828 0.331098 0.421906 0.366074 0.489372 0.224504 0.287656 0.336495 0.335936 0.397203 0.384995 0.490292 0.144402 0.249642 0.264187 0.368223 0.305956 0.442712 0.153626 0.157540 0.246868 0.247154 0.381484 0.258236 0.284874 0.379402 0.500900 0.122943 0.133933 0.243090 0.223958 0.278858 0.139553
 5.000000 0.154172 0.242163 0.244139 0.377749 0.426129 0.465335 0.575338 0.463882 0.581007 0.118903 0.137160 0.245184 0.295843 0.323045 0.425484 0.343462 0.467788 0.223882 0.280459 0.300355 0.320334 0.398784 0.349113 0.455528 0.140050 0.241880 0.247768 0.360147 0.282749 0.423241 0.159875 0.150350 0.239829 0.245139 0.383798 0.262032 0.289748 0.382477 0.510213 0.127377 0.136360 0.252119 0.232097 0.295921 0.143269
 6.000000 0.152348 0.247986 0.240772 0.380191 0.441838 0.470129 0.560314 0.478989 0.600688 0.125423 0.130296 0.247344 0.312748 0.326302 0.409353 0.357427 0.484213 0.218133 0.278288 0.314465 0.313557 0.362283 0.364677 0.471781 0.143255 0.242442 0.257709 0.359671 0.294579 0.438321 0.153948 0.153043 0.245620 0.239217 0.381152 0.251551 0.278304 0.373798 0.502308 0.125048 0.138517 0.251275 0.234977 0.293016 0.147757
 7.000000 0.141961 0.233352 0.231627 0.364393 0.432519 0.468519 0.567498 0.483465 0.608963 0.123110 0.135639 0.242035 0.300895 0.343524 0.432669 0.382284 0.510777 0.228224 0.280287 0.287983 0.354910 0.414954 0.410601 0.523543 0.140517 0.252361 0.260962 0.365252 0.303541 0.443985 0.149603 0.164311 0.247423 0.259500 0.393794 0.246631 0.261803 0.371684 0.487373 0.123036 0.133724 0.242730 0.223638 0.275416 0.142232
 8.000000 0.150336 0.238332 0.238623 0.379212 0.462068 0.455975 0.533304 0.475376 0.573963 0.122625 0.133604 0.247687 0.337286 0.310941 0.383476 0.348765 0.450422 0.226475 0.286028 0.358130 0.293770 0.331187 0.334030 0.401075 0.146516 0.249836 0.264783 0.358025 0.322271 0.452506 0.156579 0.159138 0.249818 0.256647 0.388316 0.257709 0.283954 0.385462 0.496276 0.124844 0.135960 0.240225 0.221090 0.255809 0.147313
 9.000000 0.144669 0.235485 0.236696 0.376266 0.474204 0.442933 0.434895 0.566051 0.683324 0.125483 0.136521 0.248976 0.370791 0.312840 0.329501 0.427884 0.550878 0.231629 0.287077 0.430644 0.320152 0.349853 0.407709 0.525218 0.147353 0.241110 0.243797 0.276183 0.365911 0.493427 0.149670 0.147221 0.239654 0.239762 0.376589 0.240223 0.318297 0.302147 0.419326 0.126309 0.136213 0.250010 0.229229 0.287216 0.145179
 10.000000 0.150735 0.235881 0.243197 0.374777 0.482723 0.434581 0.455317 0.500467 0.602223 0.121676 0.134744 0.241754 0.364779 0.324521 0.376750 0.384122 0.504817 0.225949 0.276409 0.414691 0.350298 0.429597 0.367471 0.485103 0.145427 0.240242 0.253121 0.294029 0.350020 0.480221 0.153548 0.159207 0.239098 0.249024 0.389257 0.252678 0.293096 0.355238 0.483760 0.118908 0.135107 0.249668 0.227009 0.292070 0.145155
 11.000000 0.146591 0.232037 0.238181 0.374103 0.468852 0.446025 0.444632 0.559367 0.652464 0.122744 0.131700 0.244315 0.363688 0.319955 0.346772 0.423100 0.526840 0.224364 0.284514 0.426646 0.333318 0.375794 0.404097 0.499245 0.142081 0.236110 0.249491 0.287982 0.365471 0.483021 0.153555 0.152319 0.240485 0.246256 0.379239 0.251805 0.321443 0.328781 0.457149 0.122180 0.134941 0.238971 0.222856 0.263201 0.145527
 12.000000 0.145962 0.232315 0.240395 0.372098 0.477952 0.444516 0.487168 0.510848 0.614353 0.122707 0.134763 0.241773 0.368116 0.320626 0.389289 0.379627 0.496303 0.225451 0.276747 0.423804 0.326000 0.416001 0.340285 0.453211 0.140474 0.240894 0.249207 0.308495 0.344171 0.466034 0.157210 0.151661 0.242165 0.244922 0.374258 0.254610 0.301601 0.356629 0.470500 0.126353 0.130973 0.233487 0.221908 0.259725 0.140975
 13.000000 0.145472 0.233669 0.230825 0.371744 0.465842 0.447716 0.442934 0.565900 0.677270 0.122902 0.129128 0.244422 0.364257 0.321876 0.344514 0.429862 0.549008 0.223358 0.283868 0.425777 0.336299 0.374223 0.414649 0.528996 0.146431 0.243296 0.245980 0.278090 0.365802 0.489855 0.154094 0.150725 0.241930 0.243535 0.380247 0.250318 0.327813 0.319014 0.442856 0.126230 0.135385 0.245100 0.228694 0.277946 0.146414
 14.000000 0.145592 0.229122 0.235922 0.373204 0.482763 0.450355 0.457657 0.557603 0.669171 0.118836 0.133184 0.243971 0.374979 0.319601 0.351000 0.417641 0.536786 0.223325 0.279979 0.429317 0.321759 0.364951 0.386432 0.495614 0.144935 0.249197 0.257284 0.300008 0.371825 0.502483 0.154042 0.156157 0.245961 0.251559 0.393025 0.248129 0.322593 0.325732 0.456235 0.122711 0.136312 0.250994 0.222326 0.275147 0.150236
 15.000000 0.149409 0.238768 0.240786 0.383691 0.487020 0.453072 0.433781 0.581327 0.682952 0.124004 0.133690 0.251857 0.377194 0.308761 0.302676 0.433846 0.536361 0.225579 0.287682 0.432599 0.290541 0.269143 0.401608 0.479360 0.148879 0.250156 0.256539 0.289869 0.375906 0.500494 0.153581 0.158572 0.249562 0.246386 0.384004 0.244904 0.334601 0.293559 0.430939 0.122589 0.135886 0.246572 0.226109 0.281628 0.143892
 16.000000 0.150110 0.245473 0.239506 0.373280 0.473122 0.446029 0.441346 0.560022 0.659290 0.124595 0.132416 0.242839 0.362658 0.324686 0.351925 0.425944 0.536732 0.219886 0.273223 0.410284 0.332820 0.376493 0.399640 0.503767 0.139861 0.238367 0.249658 0.292549 0.364140 0.487125 0.152480 0.154383 0.248274 0.245526 0.382034 0.257228 0.346136 0.324329 0.458777 0.124700 0.136004 0.243216 0.224791 0.268175 0.146250
 17.000000 0.152069 0.242671 0.238968 0.382725 0.487263 0.457530 0.447503 0.564826 0.659531 0.123045 0.136004 0.255986 0.389651 0.321821 0.332298 0.419223 0.518370 0.229061 0.299708 0.454048 0.331543 0.350014 0.400190 0.485460 0.146404 0.256946 0.251177 0.282788 0.358504 0.475257 0.160801 0.153688 0.238992 0.238170 0.371124 0.257062 0.332647 0.319387 0.446918 0.120137 0.127487 0.229950 0.218032 0.257189 0.144444
 18.000000 0.143788 0.230204 0.246223 0.380543 0.489821 0.457083 0.449558 0.581282 0.694919 0.123081 0.135207 0.245638 0.370284 0.324361 0.339731 0.442690 0.562777 0.220336 0.267658 0.406993 0.319683 0.349021 0.413931 0.528516 0.146660 0.248441 0.254568 0.288188 0.376206 0.504005 0.152020 0.152584 0.242942 0.246418 0.385092 0.254767 0.349358 0.302371 0.434638 0.123794 0.135506 0.249732 0.224096 0.281107 0.145417
 19.000000 0.147476 0.232123 0.243832 0.380906 0.470963 0.468916 0.531057 0.531775 0.653671 0.121491 0.133308 0.246496 0.358068 0.340107 0.422391 0.398916 0.531755 0.220279 0.275696 0.400286 0.364923 0.471455 0.388276 0.524880 0.145503 0.240146 0.249283 0.314542 0.345967 0.478832 0.150867 0.157166 0.247568 0.258646 0.398762 0.252737 0.290412 0.370560 0.494115 0.127322 0.137124 0.252915 0.224936 0.277289 0.149549
 20.000000 0.149405 0.234241 0.246589 0.380985 0.447116 0.485298 0.599491 0.490082 0.620252 0.120934 0.135211 0.241582 0.323127 0.357735 0.467241 0.386960 0.526440 0.221885 0.264460 0.349431 0.385104 0.483581 0.429429 0.566316 0.148950 0.239627 0.246495 0.356149 0.281016 0.422233 0.153013 0.148438 0.234435 0.246637 0.383709 0.251796 0.283459 0.367234 0.491878 0.121202 0.132325 0.247978 0.215884 0.275291 0.143516
 21.000000 0.146670 0.239929 0.238189 0.380439 0.472450 0.457393 0.576415 0.425594 0.539327 0.124587 0.136007 0.253018 0.362432 0.346353 0.457281 0.347514 0.475847 0.226782 0.287500 0.407248 0.383633 0.476452 0.403363 0.523626 0.149017 0.241017 0.249066 0.360821 0.272983 0.414369 0.152036 0.150113 0.233217 0.244274 0.381020 0.243066 0.283028 0.349183 0.477170 0.122385 0.134067 0.247342 0.226468 0.287273 0.143437
 22.000000 0.148246 0.231476 0.244207 0.383254 0.478960 0.453329 0.548229 0.450111 0.560437 0.121211 0.136828 0.251819 0.371475 0.318016 0.404191 0.341404 0.459440 0.227873 0.291151 0.431215 0.327729 0.380749 0.369000 0.467676 0.145276 0.240520 0.245442 0.348852 0.280601 0.417805 0.149810 0.148980 0.232575 0.242743 0.375891 0.250448 0.321148 0.325888 0.453022 0.124724 0.134265 0.241961 0.230814 0.284993 0.141032
 23.000000 0.149228 0.236360 0.235970 0.371164 0.474979 0.442865 0.553447 0.415069 0.522622 0.123301 0.130924 0.239654 0.365029 0.317726 0.418546 0.323643 0.442327 0.225872 0.280237 0.422347 0.339560 0.412962 0.361118 0.459537 0.141989 0.242300 0.246144 0.355688 0.275231 0.413872 0.150566 0.153225 0.236852 0.249818 0.383230 0.240254 0.296279 0.338516 0.466796 0.123357 0.137183 0.245905 0.229386 0.283150 0.142569
 24.000000 0.146496 0.233086 0.232931 0.371545 0.473998 0.458381 0.556742 0.458077 0.578424 0.124780 0.131849 0.242361 0.365848 0.334120 0.422804 0.365554 0.493353 0.229944 0.285477 0.420981 0.365877 0.423137 0.424092 0.538527 0.146188 0.246757 0.256289 0.363179 0.288711 0.432191 0.153173 0.155573 0.244303 0.247526 0.385852 0.246213 0.319734 0.323217 0.454517 0.122519 0.135137 0.245245 0.224154 0.273324 0.147476
 25.000000 0.152476 0.244115 0.240023 0.379539 0.468940 0.460410 0.555756 0.462467 0.573261 0.122789 0.133709 0.248678 0.369775 0.319274 0.405948 0.344309 0.463099 0.223596 0.285479 0.433268 0.313530 0.367659 0.350605 0.451287 0.143517 0.239203 0.257725 0.359152 0.299898 0.436132 0.157616 0.152869 0.242019 0.243274 0.379197 0.248093 0.336045 0.304737 0.429587 0.126404 0.133255 0.246716 0.229044 0.292501 0.139600
 26.000000 0.147818 0.230491 0.245377 0.377749 0.475645 0.467313 0.587644 0.447432 0.570715 0.122213 0.134313 0.243257 0.363026 0.337790 0.452189 0.344855 0.480568 0.224089 0.279868 0.419528 0.356783 0.454730 0.376246 0.503736 0.141824 0.244008 0.241731 0.358557 0.262916 0.405544 0.153055 0.155602 0.244583 0.247081 0.385572 0.241151 0.286976 0.337172 0.457189 0.124680 0.133225 0.247067 0.224762 0.281924 0.144814
 27.000000 0.150483 0.241944 0.247946 0.389283 0.481949 0.451865 0.545045 0.433067 0.528678 0.124571 0.137069 0.257084 0.371346 0.330643 0.414358 0.350151 0.460805 0.223620 0.287461 0.424874 0.337181 0.384032 0.381421 0.473735 0.147865 0.238659 0.253095 0.358520 0.285086 0.419310 0.150326 0.156936 0.247671 0.250380 0.384537 0.256494 0.344658 0.329575 0.464098 0.127256 0.137248 0.244888 0.230714 0.279825 0.142419
 28.000000 0.147652 0.232843 0.240468 0.378748 0.473250 0.463354 0.578903 0.445287 0.567110 0.120934 0.138290 0.250940 0.361501 0.352247 0.458785 0.372094 0.507649 0.230289 0.292893 0.410149 0.396894 0.482296 0.443717 0.574392 0.145695 0.238267 0.255511 0.369930 0.280895 0.427012 0.148822 0.157585 0.247748 0.249016 0.390149 0.244076 0.304702 0.328775 0.458349 0.123475 0.135948 0.250026 0.225491 0.281103 0.147855
 29.000000 0.147831 0.233334 0.246943 0.380842 0.475830 0.470515 0.587218 0.440876 0.554658 0.123713 0.139531 0.249257 0.369935 0.339950 0.451853 0.330929 0.453212 0.231084 0.286845 0.424562 0.366520 0.462283 0.366651 0.471610 0.142352 0.243313 0.244461 0.357410 0.264758 0.405552 0.158584 0.150297 0.239119 0.241423 0.377158 0.247689 0.293508 0.355564 0.485548 0.119670 0.136397 0.247711 0.222551 0.279374 0.143558
 30.000000 0.153864 0.240029 0.238535 0.382633 0.471229 0.488063 0.606097 0.473740 0.601954 0.120789 0.130465 0.245581 0.348762 0.363187 0.475440 0.375155 0.514232 0.222254 0.278772 0.377991 0.400174 0.499389 0.428599 0.564231 0.151403 0.252535 0.262416 0.373596 0.287315 0.430820 0.156834 0.151819 0.240377 0.241191 0.380306 0.248052 0.274954 0.363200 0.487939 0.124266 0.133873 0.246572 0.228197 0.285524 0.145417
 31.000000 0.153821 0.246587 0.238625 0.372046 0.446482 0.473546 0.593245 0.459267 0.583857 0.125523 0.129093 0.239960 0.345871 0.343792 0.460984 0.346622 0.481419 0.222137 0.276920 0.396760 0.374947 0.480889 0.385895 0.515046 0.142954 0.245369 0.240312 0.356624 0.260573 0.400726 0.154603 0.153095 0.244469 0.243232 0.380506 0.251893 0.293191 0.361430 0.484787 0.123146 0.132492 0.244641 0.220574 0.275176 0.143119
 32.000000 0.142856 0.228118 0.226212 0.363721 0.446839 0.467011 0.575989 0.474041 0.605819 0.118802 0.130154 0.238430 0.342936 0.347613 0.446008 0.382511 0.519347 0.222634 0.275574 0.393519 0.370806 0.445004 0.422432 0.546956 0.146154 0.240776 0.257439 0.367526 0.294080 0.440110 0.152131 0.156914 0.240637 0.255033 0.393870 0.257375 0.309163 0.356053 0.486364 0.125044 0.135100 0.249299 0.227280 0.283320 0.147465
 33.000000 0.145746 0.230530 0.238910 0.367795 0.442522 0.479344 0.592372 0.482006 0.613585 0.123992 0.133768 0.238031 0.342774 0.346423 0.454087 0.366770 0.502181 0.228740 0.280309 0.408512 0.365036 0.455935 0.390761 0.512353 0.141989 0.232770 0.252707 0.365881 0.282393 0.425121 0.153704 0.152558 0.241247 0.246761 0.382221 0.250553 0.300568 0.351400 0.475506 0.123750 0.135798 0.245171 0.226122 0.277937 0.143325
 34.000000 0.152069 0.240154 0.241270 0.378525 0.481341 0.455276 0.564987 0.445762 0.561363 0.123730 0.132763 0.244082 0.371852 0.317460 0.419506 0.334229 0.457727 0.226056 0.281668 0.431364 0.310545 0.388703 0.333026 0.434195 0.144021 0.244266 0.261509 0.368463 0.300897 0.440461 0.154214 0.159025 0.244362 0.250936 0.384502 0.253521 0.313887 0.334426 0.457985 0.123669 0.130522 0.238732 0.221183 0.270915 0.141425
 35.000000 0.153160 0.236662 0.247629 0.381510 0.483117 0.451452 0.556020 0.442901 0.569755 0.123560 0.129638 0.238449 0.361740 0.313619 0.410906 0.336266 0.470339 0.220157 0.267598 0.414684 0.316787 0.385791 0.358809 0.471907 0.144326 0.239779 0.245913 0.352763 0.281178 0.428860 0.157804 0.149730 0.230820 0.247348 0.381472 0.253411 0.311673 0.336587 0.461583 0.121281 0.134722 0.240786 0.224862 0.267587 0.149211
 36.000000 0.145897 0.233632 0.242745 0.383642 0.483961 0.466101 0.569017 0.450282 0.559393 0.121351 0.135274 0.253067 0.376237 0.332704 0.428692 0.343217 0.463917 0.221136 0.283134 0.429174 0.323410 0.394301 0.349397 0.452611 0.147228 0.245571 0.263490 0.368974 0.288910 0.428248 0.153782 0.157210 0.244201 0.241555 0.381083 0.257126 0.322545 0.329472 0.460131 0.120785 0.135521 0.247990 0.229022 0.291249 0.143600
 37.000000 0.149863 0.231797 0.245662 0.377361 0.478835 0.444925 0.532830 0.447546 0.558895 0.120835 0.135089 0.241384 0.366377 0.307085 0.388632 0.338417 0.460860 0.224735 0.277058 0.424157 0.312730 0.358176 0.369065 0.475425 0.140524 0.236197 0.247350 0.349551 0.285032 0.426133 0.153252 0.152095 0.240801 0.241818 0.380901 0.246254 0.331390 0.302341 0.432204 0.121351 0.135015 0.248276 0.224680 0.283723 0.144672
 38.000000 0.150336 0.248274 0.237777 0.380028 0.475783 0.463114 0.545803 0.462454 0.571556 0.128860 0.129464 0.247067 0.369267 0.319666 0.396154 0.338658 0.452793 0.221869 0.277743 0.425381 0.302117 0.344814 0.331530 0.418497 0.147550 0.243658 0.258830 0.353040 0.293758 0.429663 0.153082 0.149753 0.233688 0.239067 0.373182 0.247899 0.327591 0.317385 0.448661 0.120855 0.134384 0.240689 0.226665 0.278074 0.142562
 39.000000 0.145503 0.231433 0.231776 0.369586 0.470368 0.455528 0.576004 0.438504 0.569942 0.118279 0.131860 0.240269 0.362233 0.331356 0.445370 0.342942 0.482519 0.221154 0.271328 0.412062 0.339743 0.436044 0.360512 0.485396 0.146908 0.242425 0.257523 0.373675 0.289769 0.438760 0.149693 0.157829 0.248880 0.255433 0.394383 0.240603 0.291495 0.344299 0.468118 0.124656 0.136550 0.248685 0.222407 0.269687 0.149205
 40.000000 0.144101 0.229617 0.239660 0.376652 0.473965 0.465547 0.581939 0.450460 0.583847 0.121709 0.134722 0.247972 0.365056 0.341141 0.451094 0.352708 0.492809 0.224377 0.283949 0.415340 0.363646 0.455395 0.388554 0.515618 0.143757 0.241317 0.253221 0.364988 0.287467 0.436324 0.149412 0.151542 0.239186 0.250848 0.388238 0.239560 0.284946 0.348220 0.470664 0.121594 0.138874 0.248906 0.224261 0.271991 0.148936
