#! FIELDS time pair1 pair2 pair3 pair4 pair5 pair6 pair7 pair8 pair9 pair10 pair11 pair12 pair13 pair14 pair15 pair16 pair17 pair18 pair19 pair20 pair21 pair22 pair23 pair24 pair25 pair26 pair27 pair28 pair29 pair30 pair31 pair32 pair33 pair34 pair35 pair36 pair37 pair38 pair39 pair40 pair41 pair42 pair43 pair44 pair45
 0.000000 0.149067 0.247081 0.239842 0.374747 0.434410 0.478951 0.479997 0.591176 0.705951 0.126846 0.131548 0.244397 0.316299 0.365826 0.398349 0.465843 0.589938 0.217764 0.268496 0.315311 0.408268 0.471767 0.483839 0.616458 0.143677 0.247782 0.241284 0.267942 0.352847 0.472582 0.149275 0.149870 0.236089 0.240312 0.375778 0.249042 0.331495 0.318969 0.454002 0.122813 0.129472 0.242219 0.219691 0.277447 0.141566
 1.000000 0.152542 0.241522 0.238330 0.376619 0.459214 0.481406 0.509284 0.568982 0.691492 0.119382 0.136916 0.247526 0.348142 0.366127 0.423701 0.439313 0.570787 0.226835 0.285288 0.387158 0.406459 0.488519 0.446865 0.578503 0.143342 0.244084 0.254199 0.300088 0.355598 0.487992 0.156633 0.153786 0.243323 0.243887 0.386040 0.249628 0.313235 0.341881 0.475282 0.122825 0.136824 0.254356 0.227567 0.292782 0.146281
 2.000000 0.148310 0.233600 0.245245 0.381610 0.457946 0.483576 0.506740 0.590451 0.714335 0.128285 0.133000 0.245010 0.322036 0.368014 0.416194 0.467266 0.600398 0.230161 0.282919 0.337985 0.423340 0.497878 0.497287 0.639734 0.146373 0.245662 0.247780 0.285626 0.361953 0.486462 0.153000 0.155132 0.242456 0.245016 0.379689 0.258436 0.326058 0.328789 0.447908 0.121248 0.131594 0.240304 0.218897 0.266775 0.144862
 3.000000 0.154577 0.236307 0.248544 0.379448 0.450979 0.475985 0.474119 0.603561 0.718767 0.123171 0.135831 0.240335 0.331165 0.353637 0.381624 0.471815 0.597013 0.231043 0.282740 0.376910 0.404604 0.451506 0.504478 0.636047 0.139896 0.237865 0.235391 0.266565 0.358760 0.478700 0.157743 0.151928 0.245369 0.243898 0.378641 0.253584 0.352087 0.298572 0.424629 0.124988 0.134216 0.244334 0.223043 0.275436 0.141495
 4.000000 0.148253 0.235529 0.234497 0.370028 0.449735 0.459619 0.457795 0.584039 0.694264 0.122348 0.129313 0.240603 0.350338 0.327819 0.345941 0.444785 0.559217 0.222376 0.280480 0.414656 0.343933 0.369694 0.439803 0.546740 0.142709 0.231143 0.244322 0.276082 0.365962 0.486779 0.149242 0.154308 0.244207 0.245443 0.381337 0.247131 0.332130 0.305672 0.436189 0.121087 0.134138 0.242629 0.219993 0.268289 0.144146
 5.000000 0.141665 0.234173 0.230757 0.376093 0.461554 0.453420 0.448002 0.573085 0.673959 0.122923 0.133244 0.253920 0.359807 0.341416 0.365966 0.450186 0.562207 0.223567 0.288175 0.411681 0.365750 0.412152 0.445297 0.556821 0.150735 0.236688 0.252783 0.282739 0.374157 0.492502 0.143687 0.151730 0.238847 0.247629 0.381663 0.239203 0.312707 0.314226 0.442191 0.121433 0.135196 0.242629 0.221432 0.268244 0.144232
 6.000000 0.145798 0.234787 0.237884 0.378336 0.479369 0.452359 0.458979 0.553706 0.655027 0.124523 0.134492 0.252339 0.378294 0.313117 0.334106 0.408403 0.511998 0.227925 0.293089 0.440411 0.311002 0.336115 0.371996 0.456270 0.146380 0.248383 0.246386 0.284765 0.359401 0.480905 0.152529 0.149937 0.239625 0.244561 0.380411 0.251662 0.327330 0.331959 0.463208 0.121561 0.134919 0.245626 0.219941 0.271958 0.143593
 7.000000 0.152115 0.238475 0.248137 0.382871 0.486725 0.453773 0.484862 0.534401 0.632366 0.122004 0.135893 0.245473 0.370953 0.320433 0.377603 0.393745 0.505004 0.224076 0.277164 0.419117 0.331976 0.413919 0.363227 0.471604 0.142639 0.246862 0.243938 0.293140 0.350023 0.471150 0.157337 0.158253 0.245937 0.254978 0.390945 0.268170 0.322853 0.365433 0.494074 0.123487 0.133679 0.244839 0.219770 0.269898 0.144824
 8.000000 0.148651 0.238374 0.243208 0.383195 0.485639 0.462657 0.459516 0.574670 0.682326 0.125208 0.133824 0.251295 0.379339 0.320620 0.331744 0.427051 0.536401 0.224807 0.286810 0.438736 0.314582 0.327800 0.394292 0.487478 0.146185 0.249485 0.249780 0.280879 0.365256 0.487997 0.158104 0.145829 0.230601 0.237508 0.372305 0.248968 0.325586 0.313310 0.440629 0.118874 0.137135 0.242308 0.227211 0.275576 0.145441
 9.000000 0.149245 0.238732 0.240441 0.375866 0.483618 0.428467 0.408227 0.540435 0.630996 0.122837 0.132280 0.244739 0.374775 0.302658 0.314956 0.405406 0.507052 0.221470 0.279260 0.428986 0.309207 0.336196 0.376078 0.462620 0.142755 0.247366 0.240541 0.275842 0.358745 0.481373 0.154237 0.146352 0.238105 0.245057 0.382814 0.242714 0.323099 0.323255 0.458862 0.124583 0.134037 0.251420 0.218163 0.278225 0.143979
 10.000000 0.148337 0.233994 0.242533 0.384771 0.489348 0.460362 0.478718 0.551619 0.660628 0.122413 0.134261 0.252755 0.380313 0.320869 0.359626 0.405299 0.520243 0.225164 0.289043 0.437498 0.317906 0.373151 0.367252 0.472144 0.149188 0.252035 0.253209 0.293164 0.358688 0.483101 0.153398 0.157601 0.242673 0.246564 0.382651 0.253505 0.308164 0.334994 0.456124 0.124185 0.127930 0.236947 0.220654 0.266695 0.146335
 11.000000 0.152125 0.240371 0.240104 0.377003 0.484381 0.452242 0.484810 0.522450 0.630832 0.122139 0.131492 0.240418 0.369125 0.315514 0.372122 0.377299 0.495675 0.222333 0.271059 0.415031 0.323501 0.406553 0.340009 0.456413 0.146263 0.252703 0.242200 0.283959 0.340708 0.462650 0.153304 0.152329 0.233208 0.243395 0.376412 0.249604 0.292065 0.344988 0.463286 0.121499 0.132970 0.237559 0.227510 0.275322 0.143649
 12.000000 0.148573 0.238720 0.240782 0.383654 0.478615 0.459899 0.474251 0.553802 0.658558 0.124052 0.137499 0.258654 0.381012 0.320732 0.352031 0.406298 0.512766 0.230293 0.303435 0.447181 0.315049 0.347737 0.369685 0.450484 0.145582 0.246041 0.252925 0.298821 0.355809 0.484061 0.152020 0.154159 0.241309 0.243824 0.385005 0.248473 0.305643 0.335964 0.470773 0.122788 0.135628 0.250200 0.229055 0.289567 0.147469
 13.000000 0.146649 0.231108 0.242899 0.382798 0.495359 0.458898 0.435160 0.591261 0.695371 0.122413 0.135462 0.251464 0.384059 0.324624 0.322543 0.451629 0.562180 0.226493 0.288702 0.437404 0.330436 0.336540 0.437550 0.541674 0.146608 0.256283 0.256068 0.279678 0.383115 0.503734 0.155913 0.157127 0.241351 0.256782 0.390403 0.257895 0.348702 0.308610 0.435974 0.123883 0.137920 0.247732 0.227686 0.281183 0.142832
 14.000000 0.151324 0.235436 0.241253 0.387247 0.497575 0.464544 0.476056 0.567128 0.680207 0.122217 0.134134 0.257533 0.393149 0.318474 0.343904 0.416107 0.530526 0.228799 0.304280 0.459196 0.310891 0.333243 0.382427 0.478164 0.149436 0.262697 0.258538 0.300523 0.369276 0.496715 0.159778 0.156208 0.241348 0.251806 0.386654 0.264707 0.331213 0.341249 0.462368 0.123426 0.135650 0.244438 0.226480 0.276177 0.145420
 15.000000 0.147642 0.239762 0.239518 0.384059 0.481358 0.449059 0.449239 0.552245 0.656322 0.126578 0.136224 0.258652 0.379854 0.317632 0.342044 0.410275 0.519234 0.231195 0.302650 0.443771 0.319431 0.351645 0.376125 0.464222 0.148101 0.247358 0.251577 0.293791 0.361188 0.489613 0.146055 0.152843 0.241911 0.247295 0.387170 0.249530 0.321616 0.331751 0.466572 0.123183 0.134543 0.252891 0.222499 0.288531 0.143729
 16.000000 0.148789 0.236673 0.244107 0.378888 0.466851 0.454086 0.456681 0.561577 0.665891 0.121343 0.137644 0.246061 0.363486 0.315243 0.339601 0.415857 0.526708 0.224442 0.276793 0.423219 0.295679 0.328154 0.366023 0.461577 0.143108 0.229028 0.254602 0.287383 0.372232 0.496068 0.157499 0.155711 0.235485 0.255869 0.390859 0.266222 0.318485 0.358456 0.483803 0.120412 0.135562 0.246668 0.222490 0.277348 0.144174
 17.000000 0.146277 0.239888 0.238682 0.370062 0.454193 0.452682 0.463821 0.566475 0.686444 0.128035 0.135860 0.245115 0.360386 0.313129 0.337966 0.421337 0.541710 0.231523 0.290844 0.433157 0.304777 0.326417 0.387471 0.489041 0.135163 0.226623 0.250930 0.297756 0.365109 0.498608 0.154677 0.153006 0.239136 0.249134 0.387994 0.254114 0.314345 0.338392 0.463342 0.119637 0.139467 0.254000 0.225517 0.287195 0.145117
 18.000000 0.149670 0.239092 0.240104 0.384612 0.474511 0.460014 0.456035 0.574436 0.667843 0.122082 0.136063 0.257498 0.375577 0.326497 0.343128 0.430940 0.528065 0.226727 0.297861 0.439256 0.331023 0.348834 0.407658 0.487181 0.147668 0.242407 0.251446 0.292551 0.366118 0.481651 0.149863 0.150456 0.247059 0.241450 0.372910 0.244684 0.331543 0.316628 0.446611 0.127205 0.135296 0.238203 0.226115 0.264783 0.141894
 19.000000 0.147323 0.234038 0.241282 0.385799 0.495075 0.450275 0.444762 0.555758 0.653781 0.124362 0.131137 0.251653 0.380929 0.320517 0.342510 0.417463 0.526139 0.222713 0.284192 0.433780 0.329359 0.373102 0.388233 0.486582 0.152270 0.256113 0.250452 0.278919 0.367214 0.491130 0.156288 0.147343 0.230595 0.244863 0.384295 0.241446 0.302909 0.325957 0.459022 0.120557 0.137463 0.252287 0.226870 0.287724 0.147353
 20.000000 0.150503 0.233362 0.245233 0.379497 0.482760 0.448628 0.446262 0.560286 0.654291 0.118038 0.129831 0.240950 0.366641 0.313292 0.338096 0.416588 0.520528 0.212361 0.265680 0.415349 0.304416 0.343599 0.377408 0.464925 0.142622 0.240911 0.250743 0.289194 0.364968 0.489647 0.155631 0.152411 0.240894 0.243501 0.384355 0.245345 0.313016 0.319077 0.459900 0.122919 0.135137 0.248704 0.226427 0.281700 0.150818
 21.000000 0.143725 0.223942 0.234226 0.372744 0.470801 0.443011 0.438674 0.545872 0.647104 0.119252 0.129101 0.242423 0.360362 0.317915 0.342003 0.411827 0.523955 0.220486 0.278643 0.416291 0.328933 0.370709 0.388260 0.490080 0.149044 0.238265 0.259525 0.295075 0.369549 0.497496 0.149746 0.151251 0.237817 0.243405 0.384539 0.250729 0.322975 0.329160 0.466813 0.123175 0.132556 0.247570 0.223810 0.279433 0.149506
 22.000000 0.145582 0.233234 0.238069 0.376788 0.482397 0.438851 0.407562 0.568336 0.661872 0.122629 0.131624 0.247020 0.372565 0.311702 0.309136 0.434170 0.536625 0.221325 0.281824 0.425005 0.318581 0.330952 0.414166 0.505102 0.145472 0.246889 0.249357 0.272018 0.377170 0.497278 0.150113 0.153925 0.238902 0.255849 0.390959 0.252470 0.337194 0.318975 0.454675 0.125383 0.138571 0.250428 0.229576 0.286337 0.143101
 23.000000 0.144478 0.231374 0.233970 0.371215 0.469270 0.454034 0.457778 0.564079 0.678991 0.121779 0.131962 0.241120 0.354928 0.338203 0.374031 0.436427 0.562533 0.223853 0.273403 0.388307 0.377774 0.442828 0.442062 0.574053 0.147027 0.254087 0.238027 0.266768 0.358894 0.482983 0.157356 0.152230 0.243360 0.245858 0.385009 0.254953 0.331646 0.330474 0.459740 0.126768 0.140847 0.250938 0.237171 0.289814 0.147872
 24.000000 0.145856 0.241651 0.237727 0.369065 0.454895 0.456713 0.456688 0.579796 0.684057 0.125272 0.134930 0.240872 0.333230 0.352127 0.386919 0.463755 0.582538 0.223242 0.271466 0.351165 0.400630 0.465045 0.484925 0.613476 0.139603 0.234440 0.238481 0.270647 0.364402 0.481898 0.152108 0.151532 0.243041 0.248656 0.382451 0.249217 0.333320 0.319908 0.452628 0.124431 0.140143 0.246643 0.229127 0.276091 0.143558
 25.000000 0.147411 0.235529 0.239418 0.380538 0.463919 0.473411 0.472983 0.587498 0.701770 0.121647 0.132624 0.248453 0.331803 0.364596 0.395754 0.468865 0.595620 0.220910 0.278559 0.338495 0.415218 0.474808 0.495647 0.632015 0.150207 0.248149 0.246144 0.269618 0.364773 0.486231 0.155769 0.148825 0.235780 0.238548 0.374549 0.249137 0.327035 0.313332 0.443213 0.122772 0.134432 0.243439 0.228362 0.282852 0.143130
 26.000000 0.148533 0.238514 0.237600 0.375555 0.455482 0.468581 0.473743 0.569657 0.681763 0.122430 0.136015 0.250611 0.338204 0.363271 0.402012 0.450108 0.574419 0.228002 0.293181 0.362300 0.419010 0.483736 0.478821 0.609401 0.141923 0.253547 0.238206 0.272217 0.342761 0.464932 0.158335 0.147628 0.236985 0.232209 0.369567 0.259214 0.342169 0.325394 0.460608 0.122376 0.130434 0.240416 0.222506 0.274982 0.144357
 27.000000 0.146918 0.237649 0.234011 0.370536 0.458767 0.466994 0.514694 0.537956 0.655321 0.123004 0.124073 0.238860 0.338399 0.349929 0.423071 0.412153 0.541337 0.211367 0.268853 0.366543 0.381898 0.479836 0.407819 0.539432 0.141584 0.239754 0.253326 0.316978 0.345312 0.476319 0.153408 0.151440 0.249321 0.238407 0.378230 0.253811 0.324304 0.344346 0.476319 0.125527 0.135743 0.247619 0.225573 0.277176 0.145928
 28.000000 0.146591 0.228245 0.249096 0.383275 0.474490 0.473135 0.509511 0.550769 0.661198 0.123487 0.137964 0.249377 0.352670 0.355215 0.416385 0.427922 0.551986 0.228983 0.287534 0.385815 0.404970 0.491904 0.450176 0.582969 0.142524 0.244348 0.242586 0.289762 0.344237 0.465656 0.154328 0.153600 0.240294 0.248222 0.381934 0.253271 0.300227 0.354159 0.475537 0.125738 0.134711 0.241258 0.228869 0.275567 0.143923
 29.000000 0.146359 0.231875 0.233805 0.374140 0.455625 0.461416 0.468396 0.579734 0.685315 0.119353 0.133477 0.248584 0.345006 0.357024 0.397635 0.463066 0.583185 0.224885 0.289498 0.387128 0.409257 0.474954 0.490217 0.618811 0.145045 0.240560 0.243857 0.279868 0.363739 0.481048 0.153052 0.154616 0.245540 0.247148 0.381275 0.249742 0.321069 0.322628 0.448326 0.123150 0.134499 0.239986 0.221468 0.262831 0.144935
 30.000000 0.144392 0.224132 0.244405 0.382983 0.491090 0.465125 0.440357 0.596319 0.700924 0.122613 0.135037 0.249570 0.370344 0.341538 0.333804 0.472624 0.586430 0.227642 0.285942 0.414942 0.366658 0.349166 0.497425 0.606880 0.148641 0.255609 0.252767 0.282613 0.369480 0.492540 0.153056 0.156490 0.240012 0.251043 0.389837 0.255302 0.367497 0.275979 0.422934 0.122739 0.138043 0.248166 0.231593 0.284285 0.148664
 31.000000 0.141467 0.225005 0.240127 0.371704 0.468595 0.458322 0.461554 0.576148 0.692169 0.120225 0.140549 0.243920 0.364944 0.325340 0.346712 0.436776 0.556497 0.230959 0.278171 0.423422 0.321671 0.348785 0.407947 0.517943 0.146359 0.236089 0.254114 0.285323 0.377180 0.502079 0.154068 0.152614 0.240142 0.248890 0.385318 0.251758 0.329462 0.320482 0.445413 0.122487 0.138553 0.248517 0.227723 0.280082 0.145884
 32.000000 0.142860 0.229196 0.242126 0.371867 0.468697 0.433121 0.443389 0.523864 0.631117 0.126341 0.139950 0.242969 0.361865 0.304307 0.341076 0.387292 0.504232 0.236072 0.284243 0.424945 0.316229 0.374658 0.354301 0.462625 0.141697 0.228276 0.246806 0.290067 0.356282 0.486021 0.147567 0.147828 0.236299 0.244747 0.382876 0.242415 0.299341 0.339713 0.464399 0.125212 0.136587 0.249385 0.228609 0.283554 0.146782
 33.000000 0.148314 0.225905 0.238581 0.374646 0.484031 0.450473 0.442946 0.559019 0.668249 0.122841 0.133349 0.240817 0.372348 0.309601 0.321605 0.412052 0.526055 0.233825 0.287717 0.438293 0.316760 0.334500 0.389010 0.489226 0.146591 0.248486 0.253762 0.282170 0.369255 0.495036 0.155519 0.150326 0.234745 0.243692 0.380921 0.251074 0.329188 0.319086 0.447058 0.122389 0.134171 0.244451 0.226241 0.278910 0.146848
 34.000000 0.151371 0.238170 0.242180 0.383450 0.484282 0.454891 0.459511 0.560508 0.668291 0.120432 0.134216 0.251307 0.376858 0.327370 0.361731 0.420497 0.535556 0.222894 0.287546 0.432807 0.343248 0.396032 0.401365 0.506997 0.146250 0.247859 0.253032 0.297094 0.362897 0.490048 0.156285 0.158972 0.252472 0.245652 0.382863 0.256727 0.329971 0.331270 0.459230 0.124988 0.134778 0.246825 0.226877 0.285455 0.140870
 35.000000 0.148462 0.244692 0.240809 0.378974 0.491639 0.440611 0.419584 0.560037 0.655810 0.127918 0.138311 0.248202 0.378740 0.321616 0.333332 0.428759 0.535260 0.231993 0.279576 0.425858 0.337221 0.367566 0.409279 0.506088 0.148250 0.252955 0.244158 0.271562 0.365371 0.486450 0.158240 0.148098 0.238105 0.239103 0.375480 0.248671 0.337197 0.308795 0.444656 0.122397 0.138942 0.248145 0.230335 0.284721 0.143903
 36.000000 0.148405 0.233591 0.239121 0.369207 0.467904 0.461916 0.456655 0.582774 0.687032 0.122250 0.133757 0.236639 0.334762 0.353901 0.382468 0.462876 0.582510 0.226967 0.273033 0.354594 0.405646 0.458845 0.490760 0.620771 0.140773 0.250218 0.237674 0.264539 0.356865 0.470880 0.155480 0.151360 0.239249 0.238575 0.371625 0.246889 0.344671 0.285860 0.421010 0.120175 0.131886 0.233584 0.220613 0.258256 0.145472
 37.000000 0.148479 0.233934 0.242458 0.385861 0.470754 0.475648 0.465956 0.598243 0.698070 0.120868 0.136506 0.257983 0.366335 0.352595 0.364923 0.465701 0.571556 0.226175 0.297513 0.416543 0.388260 0.414630 0.479049 0.581634 0.148287 0.248312 0.246449 0.272303 0.366911 0.481501 0.149579 0.151644 0.240379 0.242306 0.376937 0.245858 0.341547 0.298910 0.440073 0.121433 0.132099 0.238427 0.218944 0.260065 0.147224
 38.000000 0.152168 0.243723 0.241679 0.378562 0.472227 0.460490 0.483430 0.547157 0.651385 0.125483 0.130315 0.242211 0.358336 0.330612 0.381610 0.405549 0.520477 0.220857 0.274029 0.411312 0.338913 0.409089 0.371582 0.480584 0.143129 0.240469 0.248004 0.298386 0.350545 0.472010 0.153457 0.154577 0.250906 0.241255 0.375654 0.255494 0.329586 0.340553 0.466886 0.125547 0.134874 0.238732 0.225434 0.265779 0.143422
 39.000000 0.146489 0.233944 0.232940 0.365223 0.470754 0.439592 0.417313 0.562540 0.652114 0.121577 0.131400 0.233245 0.356945 0.313857 0.320127 0.429187 0.530061 0.224150 0.265598 0.400581 0.332134 0.353754 0.423724 0.519524 0.143544 0.243282 0.243002 0.269119 0.363237 0.478375 0.152528 0.146510 0.237289 0.239706 0.375649 0.245939 0.346588 0.295070 0.440074 0.127063 0.129623 0.237494 0.221621 0.257008 0.152227
 40.000000 0.152430 0.244395 0.242654 0.380132 0.472903 0.465122 0.478278 0.573416 0.688992 0.123911 0.133184 0.247215 0.366598 0.318912 0.344623 0.422052 0.538416 0.222329 0.280658 0.423247 0.307290 0.332218 0.383553 0.483073 0.143545 0.238000 0.251446 0.296532 0.365389 0.495093 0.148327 0.148533 0.241889 0.242748 0.382689 0.244967 0.328248 0.316922 0.449289 0.123118 0.131204 0.247937 0.213481 0.268475 0.146540
