#! FIELDS time phi psi
#! SET min_phi -pi
#! SET max_phi pi
#! SET min_psi -pi
#! SET max_psi pi
 0.000000 -2.322600 1.691321
 1.000000 -2.533027 2.222484
 2.000000 -1.546965 0.824528
 3.000000 -1.749734 0.985826
 4.000000 -2.296783 1.002425
 5.000000 -2.178592 0.465541
 6.000000 -1.754906 0.450179
 7.000000 -1.598343 0.032539
 8.000000 -1.129342 -0.783277
 9.000000 -1.713378 0.150596
 10.000000 -0.966733 -0.654823
 11.000000 -1.752535 0.247479
 12.000000 -1.243971 -0.720540
 13.000000 -1.492440 -0.443377
 14.000000 -1.810994 -0.061988
 15.000000 -2.883675 0.373798
 16.000000 -1.866631 0.370492
 17.000000 -1.705160 0.054496
 18.000000 -1.872914 0.420093
 19.000000 -1.780863 -0.507989
 20.000000 -2.422493 -1.320929
 21.000000 -2.279946 -1.812209
 22.000000 2.641870 2.822338
 23.000000 -2.620757 2.401475
 24.000000 -2.077851 2.230556
 25.000000 -1.435035 2.231612
 26.000000 -1.968650 2.531259
 27.000000 -1.997412 2.734350
 28.000000 -1.246421 2.618300
 29.000000 -1.379744 2.235128
 30.000000 -1.152819 2.495395
 31.000000 -1.000798 2.325279
 32.000000 -1.008892 2.585050
 33.000000 -1.005107 2.437324
 34.000000 -0.940207 2.428803
 35.000000 -1.783444 2.292617
 36.000000 -1.173068 2.347418
 37.000000 -1.168844 2.335923
 38.000000 -1.691572 1.324151
 39.000000 -1.842626 2.694216
 40.000000 -1.483672 2.210352
