#! FIELDS time pair1 pair2 pair3 pair4 pair5 pair6 pair7 pair8 pair9 pair10 pair11 pair12 pair13 pair14 pair15 pair16 pair17 pair18 pair19 pair20 pair21 pair22 pair23 pair24 pair25 pair26 pair27 pair28 pair29 pair30 pair31 pair32 pair33 pair34 pair35 pair36 pair37 pair38 pair39 pair40 pair41 pair42 pair43 pair44 pair45
 0.000000 0.142822 0.231899 0.239585 0.372631 0.447218 0.463459 0.458897 0.587116 0.697977 0.124615 0.133989 0.241897 0.330203 0.351670 0.377383 0.467107 0.590323 0.224027 0.270782 0.351882 0.400815 0.456531 0.492723 0.627635 0.144260 0.245171 0.229480 0.248574 0.357553 0.474141 0.152859 0.152702 0.235597 0.255145 0.389401 0.248769 0.316016 0.334026 0.456923 0.119808 0.138625 0.248799 0.222443 0.275770 0.144160
 1.000000 0.149436 0.239341 0.234815 0.374568 0.432090 0.476036 0.488113 0.588300 0.695158 0.119645 0.135974 0.248616 0.331658 0.362680 0.406297 0.462006 0.580022 0.225942 0.286064 0.379866 0.402336 0.472468 0.474195 0.597248 0.144869 0.226958 0.250068 0.283341 0.366948 0.483306 0.154081 0.149616 0.235612 0.246876 0.379544 0.250611 0.307649 0.339501 0.467398 0.124426 0.132473 0.240622 0.222065 0.269564 0.143687
 2.000000 0.142787 0.232110 0.240772 0.381404 0.450612 0.477888 0.492983 0.572184 0.689559 0.126060 0.134562 0.252984 0.323696 0.371974 0.413981 0.464916 0.596150 0.226000 0.288482 0.333161 0.428236 0.496591 0.503929 0.645631 0.146935 0.249078 0.244838 0.280491 0.352471 0.479045 0.156083 0.156467 0.241008 0.258306 0.397666 0.271371 0.331450 0.373914 0.504797 0.125272 0.135816 0.252218 0.223792 0.281402 0.147838
 3.000000 0.150844 0.240127 0.236170 0.376623 0.483014 0.456850 0.469976 0.544362 0.643153 0.122258 0.135861 0.247974 0.362086 0.354895 0.399454 0.436181 0.555311 0.230315 0.288056 0.399296 0.406016 0.476601 0.459466 0.588854 0.147231 0.257756 0.244900 0.276733 0.352593 0.468092 0.158079 0.157965 0.237209 0.254081 0.387119 0.253815 0.304271 0.350648 0.472151 0.117852 0.135018 0.239954 0.221045 0.265686 0.145808
 4.000000 0.146003 0.233416 0.237171 0.378863 0.483154 0.462901 0.482739 0.555239 0.673235 0.125881 0.133615 0.251225 0.368145 0.349551 0.399830 0.431023 0.560069 0.231165 0.296624 0.412341 0.398143 0.476183 0.447604 0.579311 0.146769 0.262301 0.241795 0.281057 0.346526 0.475117 0.158244 0.147973 0.235249 0.237262 0.376926 0.248823 0.309184 0.325874 0.452533 0.125754 0.129186 0.244289 0.225124 0.283762 0.146068
 5.000000 0.144111 0.229055 0.237809 0.371067 0.464187 0.459440 0.476565 0.554946 0.668519 0.117345 0.135650 0.244971 0.335043 0.357856 0.403864 0.449076 0.576755 0.220968 0.278002 0.346176 0.407216 0.479633 0.475785 0.611711 0.141457 0.247405 0.238902 0.273399 0.351460 0.474819 0.154431 0.148842 0.235009 0.246581 0.381666 0.254423 0.318895 0.341937 0.468722 0.126874 0.136843 0.247732 0.232833 0.289603 0.142538
 6.000000 0.148017 0.244354 0.236791 0.373060 0.469873 0.455124 0.437257 0.582070 0.688099 0.128024 0.135421 0.244219 0.362582 0.332483 0.341577 0.449089 0.563876 0.230714 0.281142 0.414198 0.353784 0.380002 0.443652 0.556516 0.143346 0.245669 0.242450 0.261977 0.367061 0.485472 0.153013 0.153147 0.235245 0.246621 0.380845 0.252688 0.338025 0.305737 0.435488 0.119004 0.137259 0.243189 0.227214 0.277797 0.144101
 7.000000 0.146547 0.238747 0.230946 0.370108 0.457849 0.448645 0.431494 0.570552 0.673839 0.124113 0.134298 0.246917 0.366511 0.315877 0.316245 0.431780 0.537292 0.228963 0.289779 0.435520 0.322252 0.323720 0.418232 0.509662 0.143791 0.235775 0.256589 0.290343 0.370532 0.492474 0.155197 0.153356 0.242559 0.242103 0.375205 0.247386 0.329188 0.305928 0.431464 0.125208 0.129337 0.236814 0.222218 0.271308 0.140232
 8.000000 0.145952 0.232867 0.249357 0.385873 0.481853 0.457678 0.456353 0.563722 0.662925 0.122217 0.138495 0.250008 0.366693 0.322182 0.343677 0.421514 0.528549 0.222728 0.271626 0.412263 0.314455 0.349658 0.381378 0.477515 0.148731 0.236163 0.252298 0.290002 0.366062 0.488239 0.151605 0.148758 0.242796 0.238474 0.375462 0.252018 0.335789 0.323175 0.457476 0.125734 0.133165 0.241845 0.224410 0.269448 0.146458
 9.000000 0.146983 0.234414 0.240079 0.375283 0.472087 0.431572 0.412226 0.545023 0.641150 0.120739 0.131780 0.244281 0.366985 0.304273 0.314646 0.407708 0.514934 0.217922 0.274534 0.423174 0.299089 0.322475 0.368448 0.464182 0.143705 0.238466 0.249560 0.282563 0.363997 0.488140 0.156758 0.153085 0.238455 0.245506 0.382008 0.257694 0.326077 0.337855 0.465477 0.120723 0.137702 0.244992 0.228403 0.278544 0.146106
 10.000000 0.143199 0.231471 0.237927 0.373734 0.470780 0.449228 0.456486 0.556381 0.669954 0.121083 0.137444 0.247016 0.366298 0.320562 0.352087 0.418605 0.538197 0.226120 0.279889 0.418045 0.325025 0.375463 0.387209 0.495840 0.143979 0.237615 0.250062 0.287427 0.367441 0.499795 0.148684 0.152056 0.239194 0.249810 0.392786 0.251901 0.321896 0.333242 0.469866 0.123487 0.137091 0.257433 0.226228 0.292973 0.148061
 11.000000 0.148111 0.236730 0.242202 0.378678 0.485071 0.445067 0.418810 0.568230 0.674153 0.125515 0.132193 0.243561 0.369060 0.316585 0.318875 0.431857 0.545918 0.224297 0.274281 0.420449 0.314541 0.325394 0.400732 0.499261 0.147909 0.244193 0.261498 0.291592 0.382982 0.514121 0.153477 0.158221 0.245200 0.254900 0.396295 0.259270 0.349159 0.325707 0.465447 0.122821 0.136916 0.257748 0.224109 0.294151 0.145003
 12.000000 0.146983 0.236620 0.239554 0.382931 0.482498 0.450973 0.481184 0.527284 0.644064 0.120851 0.136301 0.257013 0.377709 0.334289 0.392655 0.399109 0.526576 0.223332 0.293089 0.428235 0.359981 0.441983 0.385275 0.509181 0.148263 0.248503 0.252117 0.305061 0.348445 0.483380 0.154894 0.155772 0.242087 0.245699 0.386169 0.259548 0.309306 0.354796 0.480377 0.119587 0.131670 0.248377 0.217895 0.280061 0.145870
 13.000000 0.145090 0.236106 0.229308 0.368841 0.476941 0.442647 0.426917 0.560822 0.655752 0.121314 0.130878 0.240539 0.369949 0.320092 0.335936 0.429272 0.535287 0.221815 0.270300 0.415255 0.333218 0.373783 0.411002 0.511946 0.148250 0.254167 0.247204 0.267854 0.371915 0.489866 0.159176 0.154441 0.240762 0.254812 0.392381 0.258320 0.336480 0.332791 0.470793 0.127664 0.135000 0.248827 0.227396 0.280230 0.147872
 14.000000 0.145348 0.234113 0.239721 0.376585 0.483302 0.441894 0.441083 0.552575 0.661072 0.123081 0.132823 0.244201 0.368789 0.309125 0.333805 0.411729 0.527327 0.221181 0.272398 0.412630 0.305907 0.350715 0.370197 0.474836 0.146116 0.245790 0.249932 0.285272 0.369238 0.498351 0.148825 0.150486 0.237348 0.248312 0.387226 0.254297 0.330970 0.327148 0.460540 0.123766 0.142622 0.256566 0.236061 0.299322 0.144758
 15.000000 0.154473 0.239675 0.250813 0.391279 0.490174 0.452837 0.456225 0.554080 0.663791 0.121926 0.137437 0.251597 0.374126 0.317218 0.348796 0.408981 0.528313 0.226811 0.283512 0.429239 0.321044 0.370066 0.376777 0.487641 0.149426 0.242308 0.253807 0.294866 0.363398 0.493892 0.152187 0.156990 0.246248 0.244553 0.384553 0.244935 0.306459 0.326994 0.450781 0.120499 0.131902 0.246165 0.218637 0.275915 0.145770
 16.000000 0.146625 0.228888 0.237794 0.376262 0.486183 0.425083 0.407955 0.536405 0.635771 0.123810 0.130801 0.245222 0.378578 0.301720 0.318528 0.403739 0.514908 0.227609 0.288453 0.444200 0.317292 0.350019 0.385795 0.486293 0.148253 0.252935 0.246872 0.282080 0.360392 0.486057 0.162219 0.150562 0.242136 0.239619 0.377047 0.253357 0.324279 0.324805 0.449358 0.125551 0.131324 0.243551 0.224038 0.278701 0.143572
 17.000000 0.149593 0.237910 0.238619 0.380586 0.475447 0.443893 0.435391 0.558880 0.648310 0.121379 0.132292 0.253369 0.376452 0.313565 0.332715 0.417743 0.515071 0.221481 0.292180 0.438927 0.313136 0.340197 0.383440 0.462460 0.145921 0.246384 0.246508 0.285219 0.365962 0.483757 0.154324 0.144094 0.233107 0.248638 0.381599 0.245249 0.311979 0.336632 0.466200 0.125363 0.139936 0.249650 0.227750 0.278821 0.143447
 18.000000 0.147397 0.239479 0.240360 0.379792 0.481778 0.449255 0.431709 0.577350 0.673749 0.123750 0.133645 0.249708 0.376529 0.313423 0.316612 0.435021 0.536614 0.221384 0.281300 0.431113 0.303638 0.307261 0.402424 0.490200 0.144876 0.246879 0.252862 0.289513 0.374895 0.493164 0.154790 0.152466 0.245571 0.247954 0.379165 0.246004 0.334181 0.307306 0.431655 0.126827 0.138235 0.241537 0.229817 0.271825 0.141538
 19.000000 0.151598 0.239387 0.242246 0.380790 0.479224 0.451368 0.483143 0.513412 0.612661 0.124660 0.134718 0.247780 0.371744 0.314040 0.370001 0.367851 0.477043 0.229706 0.289515 0.435061 0.318071 0.389991 0.323379 0.413949 0.144437 0.241650 0.254122 0.312947 0.344991 0.474591 0.152463 0.155583 0.248528 0.250098 0.391189 0.257831 0.316106 0.364538 0.499834 0.126688 0.134198 0.255176 0.222034 0.288910 0.144437
 20.000000 0.145674 0.230584 0.237866 0.380823 0.491966 0.453283 0.468237 0.558843 0.665538 0.120474 0.135429 0.252407 0.385696 0.309881 0.336976 0.413289 0.521920 0.226108 0.288848 0.442162 0.289282 0.314342 0.366832 0.455625 0.149753 0.259442 0.264449 0.313021 0.376565 0.503409 0.163359 0.156834 0.243635 0.255071 0.389704 0.259112 0.314204 0.346025 0.466005 0.123592 0.138557 0.247196 0.227132 0.277188 0.143972
 21.000000 0.148192 0.239616 0.232540 0.375671 0.459841 0.452085 0.452516 0.569014 0.677647 0.123891 0.125100 0.246017 0.363553 0.314973 0.335878 0.423922 0.536348 0.216081 0.281576 0.430239 0.308196 0.335492 0.387517 0.483134 0.146390 0.239477 0.253862 0.293380 0.371884 0.499765 0.162145 0.156576 0.246386 0.251384 0.391486 0.260866 0.324606 0.346469 0.477927 0.122744 0.138744 0.253055 0.226685 0.284930 0.146304
 22.000000 0.154971 0.233998 0.244826 0.386990 0.473273 0.464429 0.462060 0.568303 0.673346 0.120378 0.132981 0.250170 0.365309 0.320347 0.338826 0.415721 0.523583 0.227022 0.294696 0.434106 0.330752 0.355060 0.395488 0.485279 0.147231 0.235361 0.256309 0.296842 0.363643 0.489051 0.151122 0.149543 0.242500 0.238002 0.373719 0.250976 0.329830 0.327187 0.458912 0.127377 0.133064 0.244935 0.228707 0.287131 0.140268
 23.000000 0.149007 0.237051 0.247447 0.384736 0.480387 0.447125 0.448554 0.559161 0.667019 0.126261 0.136854 0.249810 0.369447 0.306330 0.329172 0.412007 0.525220 0.229231 0.285421 0.430057 0.300383 0.331955 0.374430 0.476057 0.145238 0.236909 0.248059 0.291954 0.362669 0.488083 0.151400 0.147007 0.239923 0.239222 0.372844 0.245506 0.315000 0.321405 0.438838 0.125268 0.136015 0.242862 0.227420 0.274069 0.143771
 24.000000 0.154042 0.242856 0.247245 0.389186 0.485528 0.470198 0.481392 0.574822 0.677084 0.123036 0.137626 0.253837 0.375917 0.321174 0.344675 0.421423 0.524142 0.228195 0.289380 0.434163 0.303462 0.317227 0.383691 0.460722 0.148614 0.242856 0.261461 0.309280 0.367856 0.492417 0.153222 0.154997 0.249038 0.238600 0.375388 0.250090 0.328757 0.316406 0.451474 0.122164 0.132023 0.242265 0.220459 0.273862 0.142612
 25.000000 0.152269 0.242648 0.244023 0.378910 0.464221 0.456354 0.435047 0.581202 0.683842 0.124346 0.137102 0.248457 0.357929 0.338043 0.350614 0.450300 0.564332 0.229236 0.290298 0.417886 0.370088 0.404309 0.453883 0.567199 0.138831 0.235215 0.237605 0.257723 0.361047 0.479002 0.156070 0.151017 0.233343 0.245799 0.378546 0.255472 0.327870 0.324075 0.450286 0.122837 0.137967 0.242856 0.233517 0.284187 0.142562
 26.000000 0.151993 0.237204 0.243941 0.379327 0.484828 0.459322 0.474227 0.565490 0.678351 0.123693 0.128254 0.239376 0.367627 0.317255 0.354515 0.417125 0.536311 0.219128 0.271118 0.421908 0.309495 0.361410 0.373953 0.483514 0.143437 0.246051 0.255973 0.299353 0.373283 0.500738 0.158250 0.156582 0.244643 0.256410 0.391817 0.262985 0.331694 0.346117 0.470219 0.123345 0.137688 0.250410 0.223177 0.280105 0.142109
 27.000000 0.147177 0.234753 0.238439 0.381950 0.477975 0.453136 0.470330 0.546543 0.647770 0.122662 0.134358 0.256646 0.381278 0.319670 0.360040 0.402996 0.510577 0.226606 0.300847 0.448675 0.326094 0.380141 0.371470 0.465155 0.146516 0.250402 0.244158 0.289318 0.351451 0.472700 0.157436 0.150844 0.240603 0.245896 0.381117 0.261396 0.320222 0.351757 0.478065 0.127224 0.133390 0.241971 0.226506 0.271849 0.145942
 28.000000 0.153603 0.236002 0.243164 0.382745 0.480957 0.459420 0.456513 0.570986 0.688013 0.122119 0.131099 0.246418 0.371470 0.325068 0.349929 0.425886 0.549130 0.224958 0.287480 0.437265 0.332689 0.368474 0.403834 0.515710 0.145606 0.243912 0.256363 0.293457 0.368814 0.500826 0.159355 0.151106 0.238164 0.242382 0.381154 0.250685 0.317899 0.324415 0.448506 0.123203 0.134618 0.249650 0.227572 0.291125 0.143760
 29.000000 0.147058 0.239783 0.234165 0.375485 0.468138 0.432527 0.440239 0.537732 0.635018 0.125212 0.134093 0.249353 0.369211 0.305493 0.342821 0.399882 0.506906 0.228991 0.289567 0.431371 0.316859 0.376858 0.371564 0.471330 0.146492 0.241292 0.240060 0.279261 0.355535 0.473870 0.156314 0.148705 0.234783 0.245179 0.376134 0.268584 0.326081 0.353826 0.476748 0.124089 0.134863 0.240583 0.225251 0.272591 0.140869
 30.000000 0.151862 0.242256 0.242753 0.383377 0.481833 0.446690 0.457265 0.543736 0.645893 0.119624 0.136444 0.253231 0.378689 0.322159 0.364945 0.407413 0.521743 0.221018 0.285773 0.431652 0.340182 0.407906 0.385416 0.496139 0.145165 0.246329 0.243608 0.288281 0.357010 0.483360 0.159101 0.150246 0.240693 0.251796 0.390587 0.252339 0.307044 0.354973 0.482296 0.125232 0.138914 0.254429 0.225819 0.283304 0.146140
 31.000000 0.151106 0.238021 0.235894 0.378119 0.478760 0.459218 0.488789 0.552213 0.664209 0.123786 0.130234 0.244477 0.367606 0.333218 0.392156 0.414471 0.534975 0.226852 0.284482 0.424425 0.356972 0.439669 0.399826 0.512278 0.148923 0.252533 0.251493 0.301312 0.358403 0.486577 0.158496 0.157210 0.251565 0.245970 0.385179 0.259496 0.320637 0.342590 0.472790 0.128553 0.132386 0.248620 0.226592 0.288690 0.142513
 32.000000 0.150150 0.234070 0.244725 0.377817 0.482872 0.446791 0.436945 0.562056 0.667873 0.122082 0.132548 0.241439 0.369380 0.308430 0.323793 0.416094 0.528737 0.222425 0.276313 0.425542 0.308657 0.340109 0.385053 0.484994 0.140755 0.241671 0.248817 0.280077 0.365761 0.493552 0.155399 0.153838 0.237560 0.246741 0.385925 0.256068 0.325672 0.324737 0.457416 0.122984 0.136635 0.249299 0.231219 0.290560 0.146127
 33.000000 0.153431 0.240639 0.239804 0.381148 0.485982 0.458242 0.461560 0.576567 0.699379 0.123329 0.131830 0.247712 0.375256 0.328830 0.359569 0.435922 0.565256 0.226753 0.289850 0.432723 0.353176 0.398058 0.432553 0.555799 0.145966 0.254515 0.244822 0.285161 0.361899 0.496678 0.154809 0.152263 0.247231 0.239635 0.385005 0.245923 0.332699 0.298826 0.430879 0.122813 0.132970 0.253466 0.219322 0.281429 0.149980
 34.000000 0.147770 0.234832 0.236284 0.373037 0.481084 0.441770 0.443380 0.541108 0.643376 0.118482 0.131461 0.241588 0.371438 0.314313 0.344891 0.403041 0.514973 0.217692 0.270749 0.417507 0.326072 0.379199 0.377033 0.480530 0.144017 0.249660 0.240127 0.274543 0.352011 0.477888 0.156144 0.149245 0.238162 0.240767 0.382105 0.245624 0.315506 0.325991 0.461936 0.122552 0.133420 0.250492 0.222841 0.283924 0.147394
 35.000000 0.149218 0.236954 0.244316 0.385240 0.489980 0.448114 0.437389 0.557837 0.651612 0.124455 0.134291 0.249932 0.376969 0.311243 0.325593 0.412863 0.514115 0.225613 0.282179 0.431939 0.301723 0.323966 0.373070 0.454102 0.149144 0.248262 0.253657 0.289069 0.365094 0.487746 0.154616 0.154136 0.244812 0.240146 0.378360 0.254790 0.332730 0.320796 0.457714 0.124752 0.134164 0.243224 0.229650 0.280630 0.146308
 36.000000 0.151615 0.235359 0.250807 0.381502 0.476301 0.436790 0.422040 0.538968 0.632656 0.121873 0.136774 0.244219 0.355349 0.317731 0.338888 0.410221 0.518908 0.225011 0.278837 0.403118 0.350517 0.398364 0.407551 0.512807 0.140570 0.229107 0.235563 0.263754 0.348543 0.470227 0.148034 0.153108 0.239027 0.240952 0.377149 0.253768 0.324083 0.332310 0.464994 0.120631 0.132552 0.244166 0.223244 0.283212 0.141085
 37.000000 0.153196 0.243567 0.242788 0.385075 0.473293 0.452328 0.432705 0.577108 0.679920 0.125778 0.135547 0.251948 0.367526 0.314264 0.316334 0.431948 0.541215 0.231147 0.293207 0.432679 0.315845 0.319003 0.410165 0.503307 0.147353 0.236072 0.251227 0.281272 0.372030 0.499012 0.146837 0.155865 0.243575 0.248646 0.391556 0.249329 0.331065 0.314414 0.452788 0.120370 0.132970 0.249010 0.217431 0.270985 0.151582
 38.000000 0.151822 0.234487 0.241359 0.380774 0.489427 0.442471 0.441172 0.548799 0.658618 0.120905 0.131863 0.245167 0.375682 0.305537 0.331941 0.402883 0.519563 0.224388 0.283854 0.431929 0.312719 0.356737 0.374674 0.476527 0.146298 0.250984 0.248341 0.285729 0.361180 0.493840 0.154434 0.153863 0.242029 0.244843 0.387790 0.258909 0.330088 0.330330 0.466048 0.124419 0.133977 0.254615 0.227064 0.297175 0.146086
 39.000000 0.147218 0.241938 0.233482 0.375291 0.481658 0.436911 0.453344 0.524639 0.601388 0.123956 0.133285 0.247746 0.378054 0.303206 0.343645 0.381671 0.469112 0.224089 0.279544 0.429956 0.300042 0.359963 0.334745 0.408217 0.147855 0.251400 0.243682 0.287174 0.350123 0.460831 0.153313 0.150864 0.238307 0.245440 0.379310 0.241207 0.292747 0.336767 0.466619 0.121795 0.132834 0.240824 0.219292 0.264572 0.147530
 40.000000 0.148469 0.232495 0.238669 0.380431 0.467535 0.456047 0.468958 0.556802 0.679710 0.121314 0.133447 0.250717 0.368568 0.316449 0.348627 0.409706 0.535344 0.226744 0.292776 0.438072 0.317762 0.359141 0.379508 0.491239 0.147794 0.237895 0.248024 0.286812 0.359036 0.493406 0.157699 0.146843 0.235011 0.239174 0.380986 0.253310 0.307501 0.339772 0.464537 0.125304 0.132827 0.250777 0.226923 0.288565 0.148976
