#! FIELDS time pair1 pair2 pair3 pair4 pair5 pair6 pair7 pair8 pair9 pair10 pair11 pair12 pair13 pair14 pair15 pair16 pair17 pair18 pair19 pair20 pair21 pair22 pair23 pair24 pair25 pair26 pair27 pair28 pair29 pair30 pair31 pair32 pair33 pair34 pair35 pair36 pair37 pair38 pair39 pair40 pair41 pair42 pair43 pair44 pair45
 0.000000 0.153603 0.237716 0.247467 0.386890 0.463023 0.454553 0.519419 0.482304 0.568427 0.123883 0.130897 0.246953 0.323972 0.311175 0.370597 0.362978 0.461871 0.222353 0.282618 0.325983 0.309427 0.325989 0.384455 0.465783 0.145890 0.251050 0.251726 0.340218 0.301372 0.425442 0.155055 0.152283 0.238814 0.238254 0.372995 0.256640 0.280296 0.371797 0.497388 0.123037 0.130465 0.241783 0.225311 0.286609 0.139735
 1.000000 0.151852 0.237617 0.240294 0.380965 0.445437 0.452498 0.548297 0.449709 0.551914 0.121033 0.137891 0.250944 0.305668 0.323285 0.409034 0.352972 0.470393 0.231938 0.294065 0.305218 0.338050 0.391722 0.387138 0.491346 0.146264 0.254694 0.247324 0.353204 0.280391 0.416401 0.162167 0.156774 0.244945 0.247794 0.389352 0.270740 0.299820 0.389987 0.522702 0.120632 0.132703 0.254081 0.218381 0.290395 0.143614
 2.000000 0.142229 0.231892 0.233525 0.375588 0.439674 0.452648 0.532771 0.469778 0.573083 0.124583 0.130862 0.249802 0.317682 0.316286 0.391139 0.351258 0.459571 0.223307 0.286852 0.328723 0.303058 0.343984 0.343303 0.421941 0.147397 0.244714 0.259064 0.352991 0.309731 0.443489 0.155573 0.153805 0.240277 0.248437 0.384268 0.249373 0.265492 0.374222 0.490434 0.122837 0.132125 0.243487 0.219722 0.270645 0.145200
 3.000000 0.148721 0.236396 0.236947 0.374674 0.460831 0.435354 0.519066 0.440652 0.541595 0.120868 0.132023 0.246177 0.329027 0.299488 0.374498 0.331228 0.440474 0.221853 0.284805 0.339338 0.293234 0.331304 0.337237 0.420383 0.144239 0.244763 0.250880 0.344054 0.300263 0.434471 0.157188 0.149620 0.237011 0.239071 0.374868 0.251161 0.269574 0.371391 0.490793 0.122344 0.128892 0.239883 0.218616 0.271853 0.142748
 4.000000 0.145788 0.242332 0.235283 0.372865 0.422978 0.458999 0.571078 0.451365 0.573603 0.126163 0.132446 0.246913 0.299680 0.322927 0.430116 0.332551 0.459727 0.222524 0.279637 0.296589 0.316950 0.405207 0.332739 0.438379 0.146199 0.250100 0.246459 0.356917 0.273251 0.416121 0.154240 0.152486 0.233311 0.245206 0.382326 0.256254 0.282885 0.370176 0.492606 0.123020 0.131202 0.243247 0.225269 0.282462 0.144952
 5.000000 0.144322 0.236481 0.233300 0.369884 0.429751 0.461537 0.563852 0.457746 0.577924 0.120888 0.134164 0.247716 0.312530 0.326468 0.422495 0.338742 0.462702 0.221192 0.281242 0.316027 0.321140 0.391252 0.343360 0.445658 0.143593 0.250158 0.251915 0.360208 0.277391 0.420320 0.154013 0.153616 0.242167 0.238439 0.378885 0.255370 0.283141 0.369092 0.494581 0.121412 0.128355 0.241835 0.218280 0.272707 0.146898
 6.000000 0.149352 0.239174 0.244661 0.385251 0.457574 0.464434 0.532776 0.514136 0.626366 0.124121 0.134837 0.252155 0.324201 0.323699 0.385987 0.393357 0.507718 0.223596 0.285072 0.324700 0.312978 0.335431 0.400445 0.490883 0.146209 0.248405 0.261113 0.350669 0.328529 0.463837 0.152558 0.156426 0.245231 0.251193 0.385655 0.247235 0.270710 0.370683 0.485106 0.122919 0.135392 0.241936 0.222410 0.265940 0.145265
 7.000000 0.151264 0.242920 0.238462 0.378178 0.457412 0.458034 0.552269 0.473009 0.591861 0.122479 0.139374 0.252163 0.332886 0.322071 0.406121 0.362105 0.488637 0.232159 0.294090 0.354090 0.320794 0.371509 0.375341 0.482996 0.144205 0.255410 0.253494 0.358577 0.295231 0.440212 0.160091 0.156218 0.247746 0.242821 0.389677 0.270852 0.301574 0.385836 0.522579 0.125100 0.130177 0.253827 0.222113 0.290472 0.150086
 8.000000 0.150103 0.237645 0.240304 0.378260 0.447333 0.466268 0.530049 0.524722 0.630071 0.123596 0.132759 0.250028 0.328621 0.322765 0.380109 0.397344 0.504117 0.225923 0.295780 0.359294 0.318875 0.339451 0.402589 0.483812 0.141524 0.248010 0.252345 0.338364 0.324005 0.453486 0.157930 0.149837 0.238288 0.249107 0.385521 0.252976 0.279462 0.379017 0.503966 0.121697 0.141778 0.253766 0.228694 0.287515 0.143910
 9.000000 0.143785 0.234164 0.226473 0.358303 0.427389 0.444147 0.469742 0.538764 0.651569 0.121132 0.131027 0.237851 0.307950 0.314390 0.331328 0.424213 0.534827 0.223788 0.279836 0.316376 0.323836 0.295339 0.448185 0.538503 0.138033 0.250266 0.238313 0.302367 0.330559 0.459278 0.155158 0.143854 0.229680 0.245010 0.378361 0.251193 0.294786 0.358014 0.477155 0.123471 0.134432 0.244125 0.221597 0.270093 0.144779
 10.000000 0.153815 0.241574 0.249660 0.386036 0.465147 0.456264 0.541660 0.487339 0.611403 0.122135 0.134674 0.246729 0.328105 0.312196 0.390962 0.367010 0.494600 0.220527 0.274164 0.339461 0.289470 0.336806 0.351774 0.455825 0.144285 0.244896 0.256992 0.352514 0.322746 0.465867 0.157232 0.151026 0.236550 0.252561 0.387812 0.258819 0.278385 0.386312 0.502659 0.122234 0.135506 0.247243 0.219260 0.268890 0.146646
 11.000000 0.148125 0.233679 0.237588 0.380133 0.448255 0.444731 0.471639 0.530454 0.637028 0.122127 0.134004 0.251101 0.307670 0.321314 0.343141 0.427570 0.542262 0.227750 0.292662 0.303305 0.340934 0.320807 0.465604 0.568242 0.147855 0.254755 0.239554 0.306273 0.327251 0.456803 0.154445 0.149997 0.234482 0.247830 0.385637 0.258391 0.291991 0.369634 0.496110 0.121873 0.135628 0.251195 0.223754 0.286793 0.143443
 12.000000 0.146649 0.231022 0.239320 0.377476 0.430937 0.458733 0.447519 0.581523 0.685363 0.123065 0.132944 0.245980 0.296973 0.324694 0.320255 0.453088 0.561746 0.226832 0.285284 0.296506 0.332029 0.297257 0.467296 0.564040 0.145430 0.239677 0.255339 0.299374 0.364849 0.487811 0.153085 0.149198 0.238900 0.244518 0.379249 0.252402 0.323305 0.336954 0.468108 0.123956 0.135444 0.245890 0.224504 0.278174 0.142137
 13.000000 0.143311 0.233964 0.227814 0.366777 0.435223 0.447489 0.441672 0.572428 0.683890 0.120221 0.133270 0.247655 0.310588 0.321910 0.318544 0.453191 0.564710 0.223759 0.288156 0.320031 0.325523 0.289871 0.461798 0.556369 0.142457 0.245927 0.248678 0.292946 0.362360 0.488727 0.157651 0.148260 0.239623 0.243350 0.377915 0.255345 0.333216 0.330686 0.455427 0.122401 0.136550 0.247105 0.222459 0.277696 0.140808
 14.000000 0.143259 0.235555 0.237624 0.372027 0.436620 0.438993 0.431457 0.559452 0.650965 0.125638 0.137237 0.246583 0.301208 0.317351 0.317106 0.446481 0.544671 0.229802 0.282712 0.294070 0.321964 0.288335 0.458081 0.538600 0.142748 0.241897 0.249804 0.301539 0.360515 0.481158 0.156566 0.151588 0.243399 0.250468 0.383072 0.259357 0.325321 0.352297 0.475248 0.122850 0.136209 0.241617 0.217956 0.255662 0.145979
 15.000000 0.146945 0.235544 0.241816 0.381844 0.458276 0.438398 0.390474 0.571990 0.663438 0.124346 0.136433 0.254441 0.317213 0.319565 0.294447 0.450515 0.553463 0.228819 0.295679 0.310738 0.339420 0.310633 0.459005 0.551664 0.145540 0.249395 0.245768 0.265189 0.368931 0.490829 0.150798 0.157436 0.241882 0.250679 0.391077 0.257810 0.346183 0.312160 0.452549 0.123519 0.133709 0.246079 0.226086 0.277016 0.150655
 16.000000 0.148614 0.238365 0.235417 0.377520 0.450300 0.458940 0.435352 0.592245 0.695717 0.120822 0.132291 0.249946 0.314767 0.329885 0.320164 0.462768 0.572031 0.221308 0.285855 0.314382 0.333098 0.308883 0.461431 0.558593 0.146069 0.251223 0.255321 0.285198 0.377141 0.500457 0.154016 0.155103 0.242714 0.251418 0.390237 0.256628 0.348753 0.315205 0.456081 0.123503 0.136096 0.248073 0.224787 0.275007 0.148923
 17.000000 0.149897 0.234154 0.238927 0.378950 0.436856 0.467147 0.462078 0.585807 0.693754 0.121314 0.125224 0.244765 0.314798 0.321601 0.328641 0.436799 0.545853 0.214220 0.280890 0.335635 0.309732 0.308675 0.406652 0.495607 0.144226 0.240194 0.257709 0.291235 0.375279 0.500586 0.157658 0.149977 0.235209 0.246716 0.384106 0.258149 0.366676 0.290015 0.433586 0.122041 0.133918 0.246041 0.221824 0.274069 0.147044
 18.000000 0.152256 0.233861 0.245799 0.390453 0.464313 0.465483 0.445971 0.593748 0.692521 0.119871 0.132895 0.259268 0.332470 0.326907 0.323428 0.448630 0.549935 0.221977 0.303152 0.360152 0.326302 0.310781 0.430848 0.510860 0.146823 0.240593 0.256236 0.287174 0.377643 0.498526 0.150878 0.153857 0.238021 0.250697 0.384901 0.257503 0.360369 0.293409 0.429303 0.116885 0.136297 0.246400 0.217263 0.272553 0.141669
 19.000000 0.145227 0.236104 0.232985 0.371874 0.458316 0.432263 0.401503 0.558980 0.663001 0.124908 0.132080 0.251263 0.328448 0.309509 0.304555 0.430647 0.542074 0.226850 0.297195 0.347989 0.313276 0.306604 0.418852 0.516482 0.144776 0.239969 0.251191 0.282353 0.366612 0.493183 0.149563 0.151370 0.239054 0.239742 0.376559 0.251893 0.362262 0.286219 0.427427 0.124234 0.128581 0.242240 0.219880 0.276807 0.143028
 20.000000 0.146659 0.235529 0.235587 0.372598 0.443157 0.449179 0.437287 0.578105 0.684354 0.122356 0.134358 0.244929 0.323810 0.308728 0.307930 0.435135 0.541899 0.226493 0.282597 0.341019 0.297661 0.278306 0.412200 0.497362 0.143381 0.243813 0.256150 0.299234 0.373960 0.501787 0.156464 0.153789 0.250026 0.244131 0.384151 0.260818 0.370016 0.295786 0.436359 0.125929 0.133907 0.246128 0.222317 0.270039 0.148175
 21.000000 0.148866 0.240861 0.241533 0.378234 0.443457 0.463872 0.477985 0.579995 0.691214 0.123146 0.133914 0.245923 0.304613 0.332009 0.348785 0.458355 0.572979 0.220780 0.274534 0.291661 0.327003 0.308328 0.466984 0.567110 0.143461 0.246864 0.261096 0.322878 0.365281 0.494775 0.160583 0.155917 0.247784 0.252450 0.388171 0.261926 0.322419 0.356595 0.481005 0.121116 0.141609 0.250442 0.224887 0.276141 0.143171
 22.000000 0.151825 0.238069 0.241104 0.383997 0.444135 0.455884 0.447170 0.579708 0.682842 0.120955 0.132695 0.251406 0.302779 0.325203 0.324614 0.455180 0.561990 0.223146 0.289363 0.295603 0.342700 0.319306 0.478850 0.574403 0.147272 0.246566 0.242819 0.286820 0.354114 0.473942 0.151440 0.147187 0.240822 0.237643 0.368424 0.254492 0.330649 0.329755 0.452621 0.123915 0.138456 0.240716 0.229950 0.275440 0.139075
 23.000000 0.154159 0.234248 0.242004 0.384362 0.438841 0.467268 0.459398 0.603504 0.707944 0.122577 0.127362 0.245155 0.302344 0.321363 0.324131 0.457895 0.565422 0.223110 0.286667 0.304383 0.324929 0.303740 0.459675 0.552873 0.148539 0.249257 0.259038 0.303849 0.381310 0.503439 0.161124 0.154055 0.250831 0.250274 0.386185 0.258438 0.348059 0.323938 0.458482 0.125256 0.140464 0.248286 0.225719 0.269983 0.145554
 24.000000 0.139216 0.222347 0.233313 0.373826 0.439211 0.443307 0.433776 0.558104 0.668959 0.121231 0.132868 0.253939 0.321364 0.313136 0.320875 0.421176 0.533559 0.225311 0.301008 0.346696 0.314326 0.314430 0.400252 0.493729 0.143433 0.239835 0.246491 0.286337 0.358445 0.485659 0.157664 0.149195 0.244016 0.237162 0.372814 0.255439 0.372169 0.269403 0.407286 0.128666 0.136283 0.245375 0.235011 0.290204 0.141358
 25.000000 0.149436 0.229534 0.249644 0.384449 0.446673 0.455142 0.464747 0.556425 0.659652 0.121066 0.136986 0.247536 0.311284 0.316046 0.347432 0.410685 0.522626 0.226539 0.282791 0.323365 0.305067 0.340303 0.366607 0.462196 0.143899 0.241779 0.255949 0.302017 0.368582 0.496336 0.151862 0.159289 0.249634 0.253476 0.393754 0.263505 0.376485 0.289040 0.437804 0.120225 0.137386 0.249181 0.219575 0.268315 0.149586
 26.000000 0.148681 0.236502 0.244645 0.385209 0.457044 0.450437 0.426639 0.574267 0.676478 0.126890 0.134926 0.251336 0.324020 0.311682 0.310114 0.430253 0.538271 0.229604 0.290009 0.330754 0.308316 0.312400 0.405050 0.499144 0.147719 0.247657 0.255486 0.283538 0.373440 0.497322 0.156394 0.154227 0.240285 0.245357 0.381043 0.259848 0.369678 0.291772 0.432533 0.124679 0.131796 0.242318 0.225151 0.278889 0.143045
 27.000000 0.151222 0.236341 0.242788 0.383547 0.455849 0.460549 0.449305 0.586189 0.690225 0.118258 0.136594 0.252998 0.330875 0.317397 0.320991 0.439529 0.545310 0.223716 0.290043 0.350686 0.306225 0.299763 0.417340 0.508364 0.145251 0.238805 0.262718 0.305190 0.375263 0.496618 0.149285 0.161422 0.255396 0.244961 0.375898 0.262315 0.375911 0.289507 0.425748 0.125881 0.132586 0.235385 0.225745 0.270022 0.137757
 28.000000 0.142253 0.227255 0.237645 0.377882 0.459586 0.450086 0.422257 0.581548 0.685204 0.122788 0.134175 0.252117 0.330870 0.320401 0.306537 0.450282 0.558363 0.226393 0.293152 0.336027 0.326242 0.298023 0.450596 0.544964 0.145561 0.256195 0.253120 0.283185 0.369547 0.493974 0.156920 0.154758 0.242953 0.240967 0.379476 0.255965 0.352571 0.294769 0.434606 0.122213 0.134830 0.242825 0.228392 0.277971 0.147143
 29.000000 0.151905 0.236028 0.249906 0.386762 0.468954 0.450623 0.457792 0.549861 0.647057 0.118313 0.140093 0.253255 0.330365 0.319697 0.356626 0.409238 0.518325 0.225260 0.286730 0.336031 0.322363 0.376609 0.373890 0.471435 0.144624 0.247408 0.252357 0.298225 0.365363 0.492529 0.159308 0.151605 0.241110 0.252781 0.392995 0.271682 0.385550 0.309982 0.457605 0.125164 0.136609 0.253829 0.222814 0.279873 0.148395
 30.000000 0.149295 0.231132 0.248214 0.388022 0.450265 0.460200 0.445119 0.581523 0.688293 0.123041 0.136978 0.257142 0.337522 0.312187 0.303786 0.433029 0.539346 0.227200 0.294824 0.358115 0.300842 0.282136 0.403318 0.490433 0.148017 0.249924 0.250882 0.280088 0.371254 0.495142 0.150655 0.153704 0.242887 0.245862 0.381715 0.256916 0.366013 0.289443 0.427201 0.123041 0.132970 0.245298 0.221472 0.279063 0.141032
 31.000000 0.151450 0.231091 0.240035 0.385032 0.454176 0.452763 0.453213 0.575432 0.676932 0.119808 0.129946 0.250178 0.323124 0.308303 0.325175 0.425888 0.530534 0.223217 0.291453 0.347533 0.297659 0.300508 0.397247 0.480215 0.150363 0.246132 0.257226 0.304823 0.375365 0.498598 0.153186 0.153382 0.249540 0.245491 0.380590 0.253215 0.367910 0.279346 0.416654 0.121721 0.135654 0.244837 0.215782 0.264229 0.141630
 32.000000 0.151132 0.236079 0.241266 0.374911 0.448257 0.447322 0.427689 0.576119 0.686890 0.119072 0.133739 0.242621 0.312623 0.312480 0.311697 0.436410 0.552879 0.221576 0.279948 0.316021 0.315769 0.308592 0.426080 0.533364 0.141262 0.235247 0.257763 0.297794 0.372623 0.501790 0.155968 0.154172 0.243922 0.243185 0.380508 0.263129 0.364426 0.301325 0.441237 0.120146 0.131704 0.245754 0.216594 0.276275 0.142524
 33.000000 0.143342 0.234779 0.237118 0.375492 0.455382 0.449436 0.431991 0.574913 0.684813 0.125260 0.137310 0.251382 0.320147 0.329809 0.324818 0.458460 0.573733 0.229917 0.288477 0.319412 0.333140 0.302624 0.465104 0.565022 0.145716 0.252709 0.258585 0.301624 0.368730 0.499718 0.157261 0.156387 0.247931 0.245448 0.385799 0.261354 0.345510 0.324675 0.456962 0.124310 0.134075 0.247443 0.225124 0.280052 0.146710
 34.000000 0.154586 0.243025 0.238508 0.383100 0.456019 0.456422 0.519450 0.494981 0.602347 0.119808 0.136510 0.255337 0.323472 0.318148 0.370023 0.382093 0.494499 0.228143 0.298052 0.331888 0.326113 0.335501 0.410523 0.504986 0.147465 0.249650 0.250529 0.338050 0.308240 0.442631 0.154470 0.149013 0.242450 0.237095 0.377280 0.249094 0.281725 0.366673 0.494025 0.124294 0.132699 0.247655 0.223334 0.281549 0.145238
 35.000000 0.148600 0.230109 0.246974 0.389309 0.471152 0.461867 0.431905 0.591156 0.686275 0.126839 0.135241 0.261540 0.334416 0.334704 0.313260 0.467497 0.567557 0.233508 0.318401 0.357410 0.363168 0.317295 0.494195 0.576844 0.144184 0.247038 0.247607 0.272320 0.371027 0.490177 0.150629 0.147811 0.229039 0.251090 0.384861 0.248163 0.328326 0.320476 0.450658 0.119277 0.133604 0.245410 0.214674 0.266648 0.144748
 36.000000 0.145829 0.220805 0.236205 0.377243 0.452452 0.454749 0.439192 0.587031 0.687490 0.114442 0.134302 0.250843 0.314062 0.334501 0.340138 0.461447 0.567134 0.224958 0.296127 0.309493 0.371212 0.379338 0.485092 0.581532 0.145976 0.257965 0.244471 0.277750 0.369343 0.489610 0.155644 0.148152 0.241243 0.245033 0.380477 0.256390 0.358526 0.301930 0.432812 0.123471 0.134082 0.245540 0.216580 0.264085 0.146321
 37.000000 0.146137 0.233583 0.241723 0.382728 0.457205 0.457060 0.431433 0.587861 0.693577 0.125575 0.129869 0.249337 0.320525 0.324204 0.315027 0.453948 0.565580 0.220638 0.282829 0.312604 0.325934 0.303956 0.449731 0.547023 0.147095 0.256067 0.253144 0.284661 0.372230 0.500099 0.154742 0.155309 0.245065 0.247931 0.390402 0.255570 0.349368 0.309808 0.448858 0.123426 0.132337 0.248494 0.219770 0.273106 0.150745
 38.000000 0.150123 0.231374 0.242479 0.381957 0.443732 0.465174 0.460379 0.592424 0.702271 0.119511 0.135680 0.250100 0.306348 0.333146 0.336556 0.463264 0.578225 0.227618 0.291782 0.304141 0.353226 0.336424 0.485030 0.590575 0.145310 0.248656 0.252545 0.298431 0.366467 0.494806 0.154561 0.154777 0.246662 0.247033 0.389530 0.263190 0.343632 0.331497 0.471938 0.121795 0.135518 0.249788 0.220229 0.271061 0.151397
 39.000000 0.146827 0.232712 0.234459 0.376708 0.454290 0.452785 0.434706 0.585687 0.705097 0.123697 0.131152 0.251338 0.320176 0.321978 0.315485 0.453873 0.574784 0.227587 0.298547 0.335655 0.326173 0.294635 0.454720 0.557586 0.146731 0.245039 0.258590 0.296597 0.376587 0.512026 0.153225 0.149523 0.240208 0.240637 0.383648 0.238086 0.332683 0.284151 0.418681 0.121396 0.136532 0.255897 0.224513 0.291798 0.146731
 40.000000 0.148624 0.233525 0.238537 0.373706 0.438802 0.461095 0.448288 0.591629 0.696461 0.123649 0.134896 0.242885 0.316383 0.318409 0.317932 0.447274 0.553385 0.231028 0.283171 0.321517 0.320782 0.320119 0.438001 0.533046 0.144900 0.256006 0.255791 0.282648 0.377573 0.495768 0.160558 0.150230 0.235368 0.246878 0.378737 0.255894 0.363193 0.299743 0.439091 0.123503 0.134618 0.241502 0.222937 0.269900 0.142496
