#! FIELDS time phi psi
#! SET min_phi -pi
#! SET max_phi pi
#! SET min_psi -pi
#! SET max_psi pi
 0.000000 0.623955 -2.494564
 1.000000 1.164748 -3.069456
 2.000000 1.137109 -2.855467
 3.000000 0.746384 -2.857835
 4.000000 1.186684 -2.668964
 5.000000 1.002894 -2.715731
 6.000000 0.610797 -2.411315
 7.000000 0.805872 -2.668787
 8.000000 1.150066 -2.808766
 9.000000 1.070382 -2.792221
 10.000000 0.726506 -2.278248
 11.000000 0.946112 -2.461358
 12.000000 0.695876 -2.541628
 13.000000 0.800635 -2.801333
 14.000000 0.904194 -2.645110
 15.000000 0.859210 -2.810422
 16.000000 0.780094 -2.138329
 17.000000 1.220606 -2.810631
 18.000000 0.752582 -2.809689
 19.000000 1.098967 -2.594278
 20.000000 0.945084 -3.075340
 21.000000 0.648098 -2.614379
 22.000000 0.744161 -2.810356
 23.000000 0.816714 -2.814950
 24.000000 0.567585 -2.564265
 25.000000 0.955718 -2.734189
 26.000000 1.195506 -3.023439
 27.000000 1.090046 -2.526826
 28.000000 1.002690 -2.260733
 29.000000 0.959079 -2.541923
 30.000000 0.886744 -2.674394
 31.000000 1.166130 -2.980209
 32.000000 1.053090 -2.983311
 33.000000 0.806191 -2.522497
 34.000000 0.997737 -2.762815
 35.000000 0.899217 -2.822556
 36.000000 1.140522 -2.937762
 37.000000 0.981308 -2.971994
 38.000000 0.800679 -2.910639
 39.000000 0.964981 -3.058423
 40.000000 1.008849 -3.119949
