#! FIELDS time pair1 pair2 pair3 pair4 pair5 pair6 pair7 pair8 pair9 pair10 pair11 pair12 pair13 pair14 pair15 pair16 pair17 pair18 pair19 pair20 pair21 pair22 pair23 pair24 pair25 pair26 pair27 pair28 pair29 pair30 pair31 pair32 pair33 pair34 pair35 pair36 pair37 pair38 pair39 pair40 pair41 pair42 pair43 pair44 pair45
 0.000000 0.146949 0.228869 0.239040 0.379368 0.468006 0.449193 0.420929 0.580970 0.696562 0.120412 0.139219 0.256113 0.334072 0.323447 0.310369 0.452150 0.572785 0.234668 0.307020 0.350444 0.341111 0.311040 0.461427 0.569538 0.144402 0.256207 0.249748 0.282363 0.368860 0.502337 0.154110 0.151413 0.243387 0.241442 0.385826 0.246386 0.347559 0.283415 0.426664 0.125710 0.133604 0.254224 0.226506 0.292467 0.148963
 1.000000 0.144007 0.231661 0.231154 0.373284 0.440828 0.435903 0.431941 0.551900 0.659889 0.127769 0.126925 0.245033 0.304810 0.316343 0.322411 0.440827 0.556855 0.226863 0.287872 0.309480 0.329806 0.301805 0.466181 0.570846 0.149416 0.245130 0.254108 0.307182 0.356525 0.484877 0.154842 0.158461 0.251861 0.244698 0.381766 0.276163 0.348520 0.355023 0.485795 0.122678 0.137379 0.248799 0.227335 0.286888 0.140485
 2.000000 0.148748 0.236778 0.233675 0.373358 0.456681 0.443018 0.444427 0.549342 0.659372 0.118042 0.135033 0.248367 0.317276 0.320769 0.319777 0.441329 0.555119 0.223741 0.286782 0.304706 0.338291 0.302805 0.470490 0.570799 0.144748 0.257608 0.253032 0.302964 0.354887 0.486780 0.160144 0.158723 0.241220 0.253671 0.391892 0.260586 0.305105 0.355723 0.477298 0.121301 0.133843 0.247641 0.222643 0.280407 0.145829
 3.000000 0.144447 0.229682 0.243002 0.377747 0.424491 0.456215 0.487915 0.530114 0.643346 0.124912 0.136062 0.248318 0.304772 0.315203 0.345233 0.402204 0.517908 0.229560 0.285568 0.309569 0.309125 0.291933 0.414298 0.509150 0.149429 0.255990 0.246564 0.321803 0.315913 0.450726 0.154266 0.150416 0.237234 0.248004 0.388447 0.250002 0.277348 0.374270 0.500493 0.123033 0.139187 0.254916 0.229377 0.291031 0.147000
 4.000000 0.145695 0.232030 0.231664 0.371377 0.430184 0.448817 0.563580 0.443027 0.559259 0.121725 0.134503 0.249620 0.309808 0.316060 0.424378 0.330403 0.452903 0.230734 0.297377 0.322255 0.329310 0.415375 0.349933 0.452533 0.145647 0.253255 0.242868 0.357981 0.275175 0.414355 0.160527 0.152066 0.240759 0.248270 0.384119 0.265686 0.300040 0.384407 0.508411 0.124165 0.132763 0.246420 0.219493 0.276648 0.141764
 5.000000 0.146075 0.227855 0.244004 0.384455 0.456042 0.447895 0.537478 0.457013 0.560123 0.121606 0.135403 0.251932 0.319139 0.318456 0.401284 0.357996 0.474687 0.226217 0.287857 0.320191 0.321357 0.368278 0.376814 0.474641 0.148640 0.254004 0.251245 0.356406 0.300708 0.439233 0.157696 0.154357 0.245538 0.257284 0.398274 0.266041 0.295860 0.395154 0.524071 0.124696 0.137844 0.258654 0.219886 0.284361 0.146017
 6.000000 0.151905 0.240337 0.239641 0.373514 0.423266 0.463535 0.563437 0.460341 0.579770 0.121116 0.139610 0.244029 0.300368 0.321126 0.414012 0.335632 0.459241 0.233002 0.284076 0.315585 0.320470 0.385667 0.340194 0.439869 0.143712 0.242219 0.252874 0.361487 0.282606 0.426114 0.150217 0.149820 0.239842 0.241402 0.381321 0.253636 0.284297 0.371707 0.498111 0.122858 0.134540 0.248467 0.223560 0.279453 0.146877
 7.000000 0.142341 0.231112 0.233360 0.375791 0.445826 0.462807 0.562493 0.469977 0.593347 0.127043 0.130346 0.249972 0.314134 0.335471 0.426616 0.368376 0.498090 0.227583 0.293261 0.310825 0.348260 0.408961 0.398423 0.511510 0.147655 0.258260 0.258261 0.363751 0.297676 0.440422 0.158827 0.158003 0.243937 0.252541 0.390479 0.257963 0.276400 0.383125 0.505128 0.123045 0.134892 0.247748 0.224695 0.280961 0.145035
 8.000000 0.145613 0.232700 0.234600 0.379154 0.422811 0.457596 0.534156 0.479032 0.589575 0.122955 0.135963 0.255055 0.300869 0.322312 0.390287 0.363894 0.477989 0.231866 0.299201 0.310422 0.330189 0.361992 0.386250 0.477503 0.150429 0.241975 0.252707 0.345146 0.298190 0.434835 0.155258 0.150665 0.232028 0.244700 0.382670 0.257358 0.272899 0.379338 0.502383 0.120287 0.132219 0.246008 0.221872 0.281071 0.145293
 9.000000 0.149429 0.234713 0.238948 0.381688 0.439620 0.463722 0.567868 0.449660 0.560110 0.120702 0.132714 0.251672 0.309969 0.324261 0.421484 0.331827 0.448957 0.223513 0.291524 0.319731 0.321966 0.393144 0.337550 0.429079 0.149325 0.253089 0.252646 0.363310 0.272877 0.412198 0.152755 0.157194 0.245809 0.243232 0.381142 0.254806 0.281755 0.369854 0.491358 0.124354 0.132431 0.241729 0.227609 0.278993 0.145468
 10.000000 0.148631 0.241911 0.238609 0.382229 0.439339 0.462932 0.560508 0.463804 0.576650 0.123992 0.135989 0.258782 0.312724 0.332381 0.419278 0.359696 0.477437 0.226577 0.300003 0.316376 0.344844 0.399495 0.390857 0.489353 0.146277 0.245188 0.247520 0.351683 0.284668 0.422113 0.156192 0.154561 0.240911 0.249794 0.385894 0.267659 0.294282 0.389837 0.513356 0.123081 0.136901 0.247267 0.227686 0.282443 0.143593
 11.000000 0.143687 0.234659 0.231603 0.368681 0.444304 0.448019 0.539798 0.458058 0.563909 0.121561 0.131856 0.243002 0.321101 0.313657 0.398500 0.345559 0.454771 0.220937 0.275759 0.329935 0.299610 0.354910 0.341289 0.423559 0.143590 0.253988 0.253632 0.354409 0.295603 0.427159 0.159656 0.152752 0.238449 0.244567 0.373182 0.258648 0.278998 0.381247 0.491572 0.119512 0.132341 0.233735 0.218424 0.260559 0.139305
 12.000000 0.149161 0.241673 0.235051 0.375961 0.462247 0.436041 0.502421 0.469438 0.575515 0.122976 0.136587 0.250204 0.331224 0.306309 0.362213 0.369580 0.481850 0.228672 0.288071 0.344154 0.300470 0.312136 0.384174 0.474245 0.145938 0.257878 0.245913 0.336936 0.301126 0.435030 0.159308 0.154826 0.244835 0.243924 0.378863 0.268544 0.300205 0.383609 0.505322 0.124848 0.134551 0.241855 0.228445 0.278649 0.142302
 13.000000 0.151872 0.236239 0.239758 0.378760 0.453861 0.459646 0.561304 0.456107 0.575411 0.123863 0.132518 0.247939 0.311540 0.332242 0.423534 0.363397 0.492387 0.230133 0.297459 0.313734 0.359715 0.419306 0.413245 0.528768 0.142615 0.252575 0.249492 0.358734 0.284588 0.426865 0.155284 0.156055 0.248791 0.249401 0.387692 0.259334 0.289565 0.384570 0.509849 0.125004 0.138910 0.250743 0.229212 0.284180 0.144803
 14.000000 0.151858 0.236548 0.242565 0.382399 0.435993 0.452903 0.554707 0.452181 0.568384 0.120408 0.132397 0.248012 0.303910 0.309855 0.405291 0.333564 0.454428 0.221993 0.283729 0.305419 0.304043 0.370679 0.340745 0.434708 0.146352 0.245703 0.249144 0.356951 0.287322 0.429481 0.152948 0.161512 0.245440 0.258451 0.392949 0.261677 0.286304 0.385240 0.500773 0.123665 0.136664 0.242258 0.227385 0.269948 0.147648
 15.000000 0.145503 0.228267 0.235019 0.373722 0.441050 0.453641 0.551613 0.450763 0.559481 0.123826 0.132397 0.245852 0.307548 0.330927 0.419702 0.359099 0.480591 0.231184 0.294037 0.314647 0.361076 0.418830 0.410985 0.517340 0.144838 0.246700 0.251956 0.358476 0.283967 0.425893 0.155181 0.154318 0.243690 0.243054 0.387891 0.274319 0.311365 0.387889 0.523586 0.121635 0.130081 0.250944 0.217085 0.280061 0.150333
 16.000000 0.152204 0.243169 0.244141 0.382525 0.464644 0.453673 0.558650 0.431581 0.528961 0.124262 0.136752 0.251629 0.328308 0.320383 0.416591 0.330039 0.440166 0.227925 0.290417 0.338534 0.318333 0.386472 0.341744 0.429263 0.142892 0.250298 0.253547 0.360595 0.283177 0.417355 0.159107 0.157461 0.245709 0.246810 0.382723 0.267972 0.297170 0.387928 0.512225 0.121281 0.136825 0.247198 0.227002 0.286018 0.140819
 17.000000 0.149696 0.233756 0.238199 0.373532 0.425216 0.453655 0.567583 0.443874 0.564823 0.121330 0.130576 0.241091 0.301662 0.310731 0.419689 0.319751 0.448154 0.223421 0.280760 0.318404 0.305367 0.390771 0.315788 0.422811 0.142650 0.239102 0.250831 0.366864 0.282848 0.426002 0.152791 0.155477 0.248085 0.247592 0.384919 0.264413 0.302554 0.378736 0.505195 0.128035 0.131495 0.243971 0.223817 0.275363 0.144392
 18.000000 0.146680 0.228110 0.236042 0.373214 0.452940 0.449952 0.521836 0.485241 0.603518 0.118241 0.135805 0.245996 0.338573 0.305820 0.375518 0.353616 0.472996 0.228670 0.288796 0.373536 0.292966 0.333792 0.337273 0.426802 0.144239 0.249036 0.256626 0.347495 0.318112 0.460028 0.155197 0.148236 0.237424 0.246272 0.384940 0.244487 0.268384 0.373839 0.492708 0.120764 0.139979 0.250561 0.224878 0.273878 0.149696
 19.000000 0.144381 0.236271 0.237329 0.374430 0.460310 0.445544 0.538840 0.461070 0.584241 0.128554 0.133218 0.245898 0.326770 0.316624 0.402643 0.360480 0.491109 0.229672 0.284278 0.333450 0.311007 0.357543 0.374489 0.485347 0.145289 0.251873 0.260308 0.367997 0.308313 0.453444 0.154211 0.157369 0.255838 0.246941 0.386546 0.256187 0.290169 0.377106 0.500627 0.130100 0.133660 0.247166 0.226753 0.277310 0.146976
 20.000000 0.148960 0.239418 0.229854 0.376858 0.424139 0.472082 0.567405 0.491725 0.622129 0.123628 0.134855 0.256692 0.323065 0.328564 0.423545 0.352504 0.482549 0.233594 0.307784 0.373056 0.321325 0.405569 0.325839 0.431061 0.151212 0.237750 0.270958 0.368063 0.320014 0.464213 0.153232 0.157051 0.235951 0.252238 0.389108 0.255462 0.269067 0.378766 0.499993 0.122033 0.133315 0.245128 0.225843 0.282000 0.145715
 21.000000 0.146003 0.227550 0.246905 0.379782 0.439807 0.465624 0.546579 0.479827 0.592485 0.124056 0.137830 0.246955 0.300588 0.334904 0.410327 0.376634 0.499577 0.231804 0.288050 0.294294 0.348271 0.387461 0.414127 0.521848 0.141612 0.246852 0.254004 0.356400 0.291818 0.432396 0.152401 0.154577 0.250509 0.242961 0.384830 0.249636 0.285505 0.372202 0.500110 0.122609 0.135366 0.250759 0.219611 0.275392 0.147092
 22.000000 0.151040 0.228766 0.244708 0.380959 0.453419 0.453500 0.559518 0.449115 0.574154 0.118089 0.132367 0.242497 0.313742 0.315894 0.414556 0.339295 0.471162 0.221959 0.277009 0.310643 0.321950 0.392645 0.363293 0.476224 0.145740 0.252406 0.253026 0.362251 0.287134 0.433187 0.156183 0.151506 0.237962 0.241839 0.377236 0.260390 0.282399 0.378741 0.497238 0.125196 0.130131 0.237228 0.224597 0.267688 0.147353
 23.000000 0.148933 0.241884 0.243060 0.380049 0.450944 0.460141 0.515740 0.513222 0.625777 0.124631 0.132865 0.248375 0.313243 0.327431 0.375544 0.405169 0.520840 0.219240 0.279752 0.299456 0.328825 0.335559 0.431190 0.526655 0.141319 0.246500 0.254264 0.334733 0.324298 0.460360 0.155952 0.158016 0.241580 0.254978 0.390963 0.258399 0.282761 0.382313 0.499244 0.118769 0.137495 0.244583 0.222092 0.266955 0.148533
 24.000000 0.151403 0.245287 0.231113 0.375822 0.436525 0.453725 0.563139 0.447342 0.563054 0.122446 0.130973 0.250689 0.298813 0.328982 0.426264 0.354051 0.479401 0.220737 0.286566 0.304391 0.327527 0.399104 0.360529 0.467735 0.147475 0.238212 0.255129 0.362553 0.295652 0.436276 0.150073 0.153994 0.238218 0.252636 0.390968 0.258275 0.282287 0.380354 0.507734 0.125817 0.135783 0.252361 0.229314 0.294000 0.143572
 25.000000 0.145671 0.235410 0.234111 0.376485 0.465620 0.465911 0.528342 0.509452 0.613265 0.122613 0.132257 0.252771 0.346378 0.330540 0.384725 0.393727 0.499766 0.223871 0.294369 0.374347 0.322213 0.340935 0.395152 0.474717 0.145468 0.252994 0.267546 0.346539 0.334510 0.464734 0.160727 0.158808 0.242128 0.252016 0.388048 0.264577 0.293518 0.382650 0.506427 0.117312 0.134833 0.244551 0.218628 0.271170 0.145028
 26.000000 0.143938 0.234992 0.232086 0.369684 0.439237 0.437401 0.549169 0.431769 0.560044 0.125144 0.132823 0.242442 0.307943 0.308794 0.412999 0.331726 0.466919 0.228370 0.278573 0.310413 0.305282 0.380664 0.341832 0.456909 0.147939 0.243584 0.257790 0.370370 0.297698 0.444910 0.160159 0.147871 0.241359 0.240262 0.376820 0.259632 0.291343 0.379743 0.501747 0.126862 0.131848 0.242349 0.222149 0.266798 0.147570
 27.000000 0.144132 0.234115 0.225378 0.365274 0.427014 0.456116 0.545667 0.467736 0.582781 0.121054 0.133510 0.249822 0.303686 0.332226 0.409381 0.367757 0.483028 0.227352 0.299234 0.321006 0.344078 0.390765 0.388202 0.479398 0.143408 0.247318 0.249778 0.347721 0.289437 0.423586 0.154201 0.155052 0.237533 0.246856 0.378126 0.255631 0.271065 0.376346 0.489462 0.121536 0.130916 0.235691 0.221684 0.268024 0.141227
 28.000000 0.149148 0.238178 0.242211 0.384982 0.450942 0.470313 0.589348 0.450826 0.573402 0.120855 0.133368 0.255221 0.322149 0.329550 0.445158 0.327300 0.455400 0.218616 0.288988 0.331116 0.315159 0.417954 0.305393 0.415474 0.146031 0.246761 0.260814 0.374001 0.293172 0.430811 0.155197 0.158155 0.247637 0.253194 0.379907 0.251291 0.289996 0.370488 0.483215 0.123341 0.138094 0.236884 0.225644 0.264169 0.137673
 29.000000 0.148745 0.238839 0.241044 0.381420 0.458007 0.450284 0.564245 0.412617 0.507666 0.125415 0.132352 0.247338 0.317183 0.323080 0.429624 0.317266 0.430894 0.224459 0.279208 0.309596 0.331988 0.411378 0.342457 0.440310 0.149723 0.250208 0.256324 0.370920 0.276168 0.410973 0.151000 0.151053 0.242893 0.239654 0.376385 0.261079 0.297069 0.372995 0.499947 0.125316 0.132940 0.247081 0.225524 0.287654 0.140464
 30.000000 0.146731 0.233865 0.240622 0.380278 0.458533 0.456843 0.553145 0.449465 0.565384 0.122397 0.135074 0.251748 0.321414 0.329293 0.416242 0.353057 0.476769 0.225686 0.290410 0.319114 0.338067 0.394061 0.379824 0.484304 0.144900 0.251575 0.257039 0.358840 0.295391 0.436445 0.152715 0.158142 0.242640 0.253779 0.389143 0.254623 0.274711 0.381290 0.499974 0.120669 0.138496 0.246303 0.226826 0.277946 0.144291
 31.000000 0.149352 0.239487 0.235468 0.374646 0.439005 0.463124 0.581368 0.451360 0.578498 0.123313 0.128168 0.244315 0.308670 0.324952 0.438410 0.330100 0.463597 0.218534 0.281237 0.322783 0.316238 0.416794 0.309619 0.420279 0.143014 0.243109 0.255376 0.367173 0.290828 0.438426 0.154742 0.148983 0.237228 0.242788 0.384109 0.249032 0.279868 0.363099 0.488390 0.125606 0.131765 0.248660 0.224136 0.281924 0.148748
 32.000000 0.149094 0.241514 0.239522 0.379318 0.443735 0.456125 0.556050 0.445543 0.565648 0.120756 0.135772 0.249040 0.314617 0.316283 0.409508 0.327451 0.454538 0.221066 0.276552 0.316016 0.297310 0.361979 0.316269 0.421534 0.146086 0.242508 0.259501 0.365430 0.293615 0.438270 0.155258 0.153967 0.244839 0.243148 0.382091 0.253683 0.281071 0.372108 0.496114 0.123475 0.132495 0.244217 0.222065 0.273777 0.146537
 33.000000 0.142499 0.231648 0.238602 0.381770 0.460858 0.449890 0.563661 0.429896 0.556587 0.125829 0.139460 0.256870 0.327179 0.326461 0.433514 0.335745 0.472230 0.235555 0.298129 0.325867 0.335863 0.420449 0.357326 0.478617 0.151033 0.259925 0.260503 0.371485 0.292992 0.439197 0.156480 0.160565 0.246029 0.255756 0.391542 0.260509 0.290110 0.381792 0.504273 0.121314 0.134558 0.244790 0.220138 0.269197 0.146445
 34.000000 0.147658 0.231875 0.243510 0.383299 0.442878 0.471888 0.534716 0.530134 0.643992 0.125543 0.135845 0.252367 0.317701 0.331531 0.387997 0.406474 0.521065 0.232674 0.297523 0.336019 0.336295 0.352459 0.426776 0.517307 0.147258 0.251853 0.256400 0.344938 0.321414 0.456407 0.156387 0.149646 0.237358 0.244814 0.381442 0.254407 0.278291 0.374920 0.495481 0.123875 0.134618 0.244422 0.224991 0.273768 0.147010
 35.000000 0.148226 0.231778 0.244291 0.384169 0.445073 0.477382 0.586882 0.475808 0.593944 0.119340 0.138163 0.255126 0.297444 0.366025 0.464372 0.401594 0.530349 0.226656 0.294783 0.272685 0.414075 0.488255 0.478418 0.603432 0.144513 0.250591 0.251147 0.363018 0.285112 0.423626 0.152657 0.159308 0.247075 0.256213 0.390532 0.247651 0.270100 0.373750 0.489632 0.126795 0.139693 0.247233 0.234446 0.285722 0.142724
 36.000000 0.149094 0.233940 0.241365 0.378542 0.446458 0.458889 0.541506 0.471282 0.576154 0.122609 0.129136 0.244182 0.314481 0.315598 0.393454 0.348129 0.460672 0.219155 0.280603 0.324174 0.298374 0.345041 0.336421 0.422883 0.142762 0.249435 0.256706 0.353658 0.300589 0.435306 0.157743 0.156898 0.244420 0.246716 0.383450 0.246240 0.260680 0.370635 0.489421 0.123004 0.132861 0.244346 0.223942 0.280194 0.142650
 37.000000 0.146878 0.229336 0.247024 0.382595 0.447884 0.458165 0.563589 0.443290 0.562549 0.119004 0.136879 0.249644 0.310601 0.326934 0.424401 0.340580 0.468288 0.221959 0.281624 0.298655 0.334813 0.405751 0.366744 0.479614 0.142836 0.251875 0.246426 0.354294 0.274873 0.415016 0.159057 0.151592 0.235206 0.243731 0.374921 0.262135 0.283219 0.380692 0.498318 0.122434 0.134093 0.238021 0.227761 0.275888 0.140844
 38.000000 0.140933 0.224350 0.234062 0.373023 0.427360 0.448884 0.550064 0.432955 0.540490 0.121207 0.129819 0.245055 0.307605 0.315514 0.411681 0.322223 0.442378 0.220531 0.279519 0.320484 0.308911 0.377097 0.326219 0.428534 0.147136 0.241702 0.254810 0.363277 0.280244 0.418388 0.156029 0.155515 0.244591 0.244818 0.384200 0.273942 0.310577 0.387444 0.520089 0.122156 0.134763 0.250904 0.224751 0.290519 0.142611
 39.000000 0.146346 0.234062 0.241682 0.386431 0.450958 0.467190 0.583976 0.443217 0.567378 0.120025 0.139000 0.263545 0.314061 0.348129 0.456181 0.354390 0.490513 0.226281 0.304496 0.305277 0.375774 0.464333 0.399302 0.527375 0.147000 0.249401 0.247396 0.359402 0.271921 0.417983 0.156186 0.148950 0.233472 0.244180 0.384171 0.258349 0.287282 0.376545 0.507536 0.123819 0.138369 0.253190 0.233677 0.295861 0.147414
 40.000000 0.146089 0.233900 0.231097 0.373917 0.439880 0.462435 0.567135 0.462127 0.593415 0.124728 0.132325 0.250044 0.307054 0.335467 0.430414 0.360490 0.496730 0.231666 0.299495 0.312027 0.357260 0.425738 0.393350 0.513404 0.146997 0.251627 0.255151 0.361832 0.292173 0.439050 0.153532 0.152558 0.237718 0.249209 0.387682 0.250388 0.271127 0.373739 0.496670 0.121992 0.134919 0.248232 0.222982 0.277858 0.147580
