#! FIELDS time phi psi
#! SET min_phi -pi
#! SET max_phi pi
#! SET min_psi -pi
#! SET max_psi pi
 0.000000 -2.582646 2.650251
 1.000000 -2.300901 2.460750
 2.000000 -1.445156 3.012645
 3.000000 -1.568052 2.863148
 4.000000 -1.013698 2.586382
 5.000000 -1.070136 2.206869
 6.000000 -1.339115 2.612327
 7.000000 -2.807592 2.917011
 8.000000 -2.198388 2.311601
 9.000000 -1.973234 2.747814
 10.000000 -2.202551 2.356740
 11.000000 -2.093880 2.606338
 12.000000 -1.618176 2.437868
 13.000000 -1.124661 2.425588
 14.000000 -0.754053 2.556667
 15.000000 -1.105419 2.384297
 16.000000 -1.143635 2.742398
 17.000000 -2.769419 2.759897
 18.000000 -2.160074 2.594228
 19.000000 -2.341003 2.487083
 20.000000 -2.152642 2.521976
 21.000000 -2.574870 2.841698
 22.000000 -2.609637 2.920228
 23.000000 -1.446618 3.062323
 24.000000 -2.096446 2.128610
 25.000000 -2.620771 2.972651
 26.000000 -2.248611 2.247103
 27.000000 -1.074924 2.490978
 28.000000 -1.071324 2.591613
 29.000000 -1.022115 2.413879
 30.000000 -1.161704 2.605076
 31.000000 -1.060209 2.132745
 32.000000 -2.042456 2.825382
 33.000000 -1.753456 3.051313
 34.000000 -1.720293 2.324565
 35.000000 -1.103288 2.623606
 36.000000 -1.128029 2.716335
 37.000000 -1.449358 2.664887
 38.000000 -1.015893 2.809808
 39.000000 -1.012466 2.483445
 40.000000 -1.367388 2.379165
