#! FIELDS time pair1 pair2 pair3 pair4 pair5 pair6 pair7 pair8 pair9 pair10 pair11 pair12 pair13 pair14 pair15 pair16 pair17 pair18 pair19 pair20 pair21 pair22 pair23 pair24 pair25 pair26 pair27 pair28 pair29 pair30 pair31 pair32 pair33 pair34 pair35 pair36 pair37 pair38 pair39 pair40 pair41 pair42 pair43 pair44 pair45
 0.000000 0.141683 0.230901 0.236131 0.375766 0.455974 0.425918 0.484374 0.476820 0.588061 0.124374 0.138261 0.251464 0.325414 0.301672 0.381665 0.345640 0.468118 0.232476 0.290783 0.324905 0.309058 0.407746 0.300390 0.413593 0.148344 0.254389 0.247083 0.317377 0.335647 0.468566 0.155100 0.155016 0.242557 0.250370 0.385445 0.261561 0.367715 0.293068 0.428346 0.122939 0.136063 0.246564 0.224132 0.277240 0.143391
 1.000000 0.148678 0.234038 0.241622 0.381198 0.457395 0.452664 0.458088 0.547735 0.650951 0.123560 0.135300 0.250697 0.334498 0.310406 0.334141 0.399603 0.506208 0.229880 0.293472 0.371179 0.297084 0.320283 0.359828 0.440701 0.145757 0.234783 0.259711 0.303868 0.358705 0.487428 0.149753 0.152581 0.234957 0.241309 0.379580 0.256548 0.366839 0.279188 0.420392 0.123523 0.129070 0.243405 0.225044 0.287503 0.143628
 2.000000 0.144035 0.232013 0.236079 0.373119 0.428864 0.447443 0.446767 0.554454 0.659018 0.126357 0.134295 0.248008 0.306154 0.312456 0.329355 0.412452 0.520981 0.232080 0.294880 0.319221 0.317920 0.339943 0.385597 0.478785 0.142334 0.240934 0.246629 0.281886 0.360685 0.483460 0.156978 0.150788 0.236565 0.245766 0.380638 0.256244 0.365465 0.284273 0.426198 0.119725 0.131811 0.242169 0.215365 0.266469 0.143548
 3.000000 0.148196 0.229343 0.247570 0.385717 0.430529 0.460700 0.455505 0.569085 0.657150 0.121103 0.138004 0.250579 0.301518 0.317180 0.327810 0.421315 0.513864 0.228519 0.285864 0.318027 0.303000 0.307410 0.384253 0.455370 0.148381 0.235703 0.257476 0.292106 0.370838 0.482967 0.147367 0.149549 0.237674 0.241512 0.369218 0.244291 0.353947 0.270520 0.408212 0.122866 0.132548 0.230814 0.222398 0.255740 0.141922
 4.000000 0.148354 0.238315 0.234406 0.377392 0.462933 0.456374 0.437913 0.586715 0.693116 0.123008 0.129935 0.248516 0.329579 0.326147 0.327574 0.451430 0.562989 0.221739 0.286124 0.328666 0.337110 0.340015 0.448203 0.551197 0.147414 0.258436 0.257097 0.289638 0.376210 0.499586 0.158588 0.153375 0.243526 0.243732 0.379427 0.262873 0.371401 0.294165 0.434098 0.123471 0.134257 0.242967 0.224673 0.275053 0.143290
 5.000000 0.147909 0.235850 0.240869 0.381136 0.456255 0.446539 0.432955 0.571536 0.679274 0.121482 0.133936 0.249419 0.330717 0.305287 0.309482 0.425746 0.537340 0.221984 0.281276 0.344055 0.287399 0.285077 0.386070 0.480044 0.146714 0.246927 0.254360 0.294646 0.376089 0.505396 0.154926 0.155081 0.250210 0.251360 0.391548 0.262705 0.378075 0.297580 0.440531 0.126408 0.135573 0.252773 0.221312 0.279143 0.145664
 6.000000 0.144049 0.229340 0.234310 0.368033 0.449395 0.446411 0.440939 0.566192 0.676527 0.122380 0.131038 0.239537 0.319697 0.315584 0.331688 0.427882 0.543083 0.224344 0.278390 0.322591 0.321823 0.345494 0.407811 0.510253 0.141113 0.253016 0.252345 0.288302 0.370745 0.499043 0.149947 0.161254 0.249197 0.252446 0.391884 0.260758 0.371175 0.287056 0.427117 0.119231 0.133694 0.249203 0.216818 0.277701 0.143806
 7.000000 0.143645 0.233283 0.235198 0.376784 0.451653 0.435207 0.417667 0.544678 0.636136 0.123268 0.133312 0.250348 0.317544 0.307937 0.318961 0.410495 0.513347 0.224577 0.285967 0.310505 0.309267 0.338200 0.376910 0.472726 0.147560 0.255949 0.244379 0.269555 0.365117 0.480580 0.154874 0.153763 0.238902 0.256683 0.388251 0.251191 0.365270 0.289952 0.432561 0.125925 0.132352 0.242198 0.218573 0.265370 0.142972
 8.000000 0.151908 0.239487 0.246536 0.384627 0.442662 0.466498 0.449579 0.590844 0.696478 0.122368 0.137550 0.252606 0.301022 0.333467 0.325928 0.461082 0.570461 0.226835 0.291798 0.296030 0.342727 0.314129 0.473249 0.568948 0.142625 0.246516 0.246236 0.279973 0.358040 0.480747 0.156096 0.151347 0.237632 0.240772 0.376763 0.252297 0.327076 0.322752 0.451690 0.120087 0.133315 0.240969 0.222463 0.271858 0.144807
 9.000000 0.154522 0.245614 0.241282 0.378214 0.451865 0.464796 0.447106 0.592107 0.702724 0.126194 0.135816 0.244322 0.308268 0.335973 0.336685 0.461633 0.577981 0.233489 0.286970 0.303404 0.360856 0.358505 0.479521 0.587465 0.143210 0.253714 0.251543 0.283057 0.367931 0.494362 0.155865 0.152319 0.238357 0.246163 0.384358 0.264221 0.358985 0.317984 0.454644 0.120744 0.130311 0.245255 0.215012 0.272068 0.144924
 10.000000 0.141124 0.225418 0.241649 0.389572 0.456542 0.452144 0.423340 0.578769 0.671028 0.121149 0.140591 0.265635 0.326070 0.327484 0.305367 0.461143 0.557654 0.230575 0.304534 0.321265 0.343518 0.296907 0.482881 0.565235 0.153629 0.257950 0.248093 0.279229 0.364880 0.481836 0.154900 0.153597 0.241203 0.251911 0.383377 0.258569 0.327788 0.346181 0.467867 0.124173 0.139381 0.243364 0.229695 0.274592 0.142594
 11.000000 0.148034 0.238801 0.229369 0.376266 0.447054 0.447247 0.459170 0.540949 0.646695 0.119708 0.129808 0.252828 0.314504 0.319662 0.326305 0.431711 0.538968 0.219308 0.290706 0.310256 0.329415 0.295637 0.459763 0.551195 0.149392 0.254470 0.246012 0.301279 0.337636 0.462195 0.156834 0.151361 0.241671 0.241094 0.373527 0.256330 0.305866 0.356927 0.475002 0.124720 0.137935 0.240512 0.233326 0.279093 0.141725
 12.000000 0.149643 0.235955 0.244231 0.384780 0.475515 0.464618 0.540005 0.497414 0.601799 0.125531 0.132688 0.251629 0.352718 0.319417 0.390549 0.369986 0.478382 0.225863 0.291566 0.396434 0.299308 0.343920 0.345696 0.423293 0.145661 0.246443 0.262368 0.350729 0.327099 0.459257 0.156138 0.150153 0.240645 0.244771 0.380134 0.254222 0.284311 0.375710 0.498948 0.124748 0.140602 0.248367 0.233814 0.285780 0.143872
 13.000000 0.150605 0.234036 0.244324 0.390898 0.477248 0.467257 0.541359 0.498472 0.606449 0.122658 0.135344 0.258087 0.342015 0.327012 0.394201 0.380111 0.492499 0.228970 0.300300 0.353589 0.327939 0.356636 0.397539 0.487469 0.152036 0.260065 0.264793 0.358209 0.319190 0.452792 0.158142 0.151934 0.246359 0.237994 0.372712 0.245212 0.273269 0.363304 0.479609 0.124052 0.130541 0.237483 0.219695 0.264910 0.142137
 14.000000 0.143527 0.237617 0.235690 0.376113 0.439816 0.450594 0.562607 0.432815 0.555005 0.123766 0.136506 0.251303 0.311804 0.319154 0.425227 0.324273 0.453019 0.225366 0.283092 0.308285 0.309278 0.392411 0.322247 0.429411 0.146905 0.252931 0.251398 0.364247 0.277959 0.421912 0.158534 0.153434 0.243362 0.244086 0.379224 0.254757 0.289168 0.370970 0.490186 0.121478 0.132416 0.239685 0.218296 0.262576 0.144904
 15.000000 0.149013 0.245418 0.233277 0.381269 0.436596 0.463928 0.576147 0.455720 0.575363 0.126558 0.132442 0.253324 0.307677 0.328204 0.433462 0.341599 0.467194 0.226993 0.288784 0.310783 0.325986 0.408267 0.345949 0.450645 0.153629 0.250859 0.257031 0.369242 0.288713 0.430141 0.153473 0.150210 0.237483 0.248292 0.384641 0.255814 0.286136 0.377127 0.500243 0.123972 0.137135 0.249211 0.227022 0.283226 0.143799
 16.000000 0.142961 0.229726 0.236114 0.374450 0.448005 0.440169 0.511802 0.459872 0.568046 0.120092 0.136015 0.250154 0.318215 0.313947 0.376001 0.362979 0.479039 0.225109 0.287588 0.317482 0.318874 0.341355 0.389230 0.486512 0.143948 0.254112 0.244170 0.334940 0.294126 0.430867 0.156678 0.157690 0.238487 0.255051 0.391695 0.264307 0.280243 0.391033 0.513592 0.121054 0.137554 0.249401 0.227919 0.287265 0.143673
 17.000000 0.146045 0.238531 0.235648 0.375442 0.432014 0.470337 0.585103 0.463425 0.591522 0.123329 0.132435 0.253207 0.307339 0.337636 0.448218 0.344160 0.475307 0.221524 0.290854 0.298772 0.347641 0.441598 0.358539 0.471486 0.147800 0.256932 0.245652 0.359427 0.270638 0.414900 0.156528 0.146240 0.232974 0.242252 0.379888 0.244346 0.275314 0.359926 0.480273 0.122984 0.135698 0.248123 0.226241 0.282011 0.145921
 18.000000 0.150433 0.235053 0.237929 0.379882 0.455039 0.468539 0.572683 0.469343 0.585677 0.122148 0.131704 0.251718 0.324791 0.330798 0.427100 0.352881 0.475505 0.225659 0.297379 0.353917 0.325691 0.400777 0.341902 0.438854 0.145231 0.242295 0.266550 0.370394 0.311835 0.453920 0.156035 0.156323 0.246487 0.248405 0.390224 0.252242 0.277364 0.375177 0.501522 0.122658 0.132883 0.250946 0.219265 0.280320 0.146854
 19.000000 0.145770 0.234789 0.234574 0.378045 0.450858 0.462612 0.562169 0.483654 0.612547 0.124101 0.132567 0.251414 0.331668 0.323588 0.417757 0.361718 0.492627 0.227181 0.292373 0.355569 0.315788 0.384372 0.358582 0.467720 0.148449 0.250930 0.262444 0.367485 0.312912 0.457083 0.157902 0.151974 0.242743 0.245953 0.382602 0.256938 0.284951 0.381004 0.500756 0.121343 0.133480 0.245161 0.215251 0.264386 0.145647
 20.000000 0.148230 0.231471 0.242679 0.384715 0.447734 0.459309 0.555851 0.443153 0.537768 0.120743 0.135813 0.253626 0.310435 0.329043 0.416493 0.342083 0.451657 0.226173 0.292337 0.313064 0.335807 0.391894 0.364590 0.453128 0.147855 0.251748 0.250799 0.356798 0.273360 0.409547 0.156026 0.155541 0.242891 0.241299 0.384768 0.264025 0.289476 0.377594 0.508187 0.123568 0.130774 0.250721 0.224938 0.291695 0.148496
 21.000000 0.148091 0.239042 0.238872 0.381220 0.437452 0.459845 0.579401 0.436015 0.560316 0.125706 0.138315 0.256144 0.303386 0.333038 0.445127 0.335961 0.464737 0.234890 0.302301 0.303613 0.355052 0.447314 0.368470 0.476507 0.146605 0.247225 0.246262 0.361360 0.271914 0.415218 0.156477 0.150579 0.237112 0.248069 0.379343 0.260992 0.296225 0.377361 0.493110 0.125889 0.139226 0.241414 0.234487 0.276487 0.144489
 22.000000 0.147414 0.233197 0.240287 0.376168 0.441990 0.450157 0.540801 0.438330 0.542599 0.119256 0.135340 0.242225 0.307356 0.314086 0.399005 0.330669 0.444847 0.222623 0.268784 0.302757 0.295469 0.346533 0.328971 0.419005 0.147343 0.252802 0.262977 0.369294 0.290246 0.427558 0.160440 0.160633 0.253882 0.246952 0.381282 0.264911 0.293886 0.384117 0.501563 0.125519 0.136389 0.239623 0.229480 0.271632 0.143112
 23.000000 0.148721 0.236193 0.237169 0.376038 0.443401 0.447935 0.560331 0.424748 0.545518 0.125176 0.133929 0.245839 0.314733 0.310464 0.416727 0.310040 0.438441 0.231953 0.289769 0.326169 0.315748 0.399184 0.319105 0.422527 0.145520 0.250244 0.248960 0.359491 0.277045 0.422626 0.157601 0.150973 0.236047 0.245190 0.382242 0.261413 0.289513 0.378082 0.500275 0.122348 0.134614 0.244528 0.225601 0.276400 0.146905
 24.000000 0.147475 0.236909 0.228443 0.368110 0.442363 0.457953 0.568129 0.451526 0.567420 0.122381 0.136898 0.250480 0.315484 0.334024 0.433263 0.352365 0.474904 0.235508 0.303600 0.336364 0.352660 0.427780 0.374628 0.477195 0.142468 0.245449 0.257800 0.366371 0.296159 0.436187 0.152964 0.154324 0.242671 0.249425 0.388338 0.253744 0.277101 0.376427 0.502412 0.125622 0.135488 0.251941 0.227803 0.291649 0.143405
 25.000000 0.141450 0.229558 0.234370 0.378069 0.441384 0.460862 0.573305 0.452330 0.573701 0.122691 0.132140 0.255406 0.315474 0.332286 0.437774 0.345436 0.471467 0.222472 0.295210 0.316842 0.339698 0.421574 0.360737 0.466240 0.147258 0.248678 0.253553 0.365985 0.288640 0.429853 0.154363 0.153016 0.242351 0.250707 0.384303 0.253033 0.281364 0.375630 0.492488 0.125435 0.136938 0.244448 0.226993 0.274221 0.143314
 26.000000 0.148196 0.237594 0.233349 0.370460 0.457945 0.437829 0.543774 0.417034 0.523522 0.119987 0.131248 0.241033 0.319030 0.313187 0.409863 0.328358 0.446749 0.220316 0.272496 0.312859 0.315450 0.382394 0.347865 0.445376 0.146918 0.251145 0.259195 0.366871 0.296677 0.436407 0.151819 0.154379 0.242695 0.252883 0.389294 0.256651 0.283478 0.383357 0.504592 0.122874 0.139675 0.251032 0.226916 0.281349 0.144631
 27.000000 0.141485 0.232736 0.231095 0.370617 0.420906 0.448207 0.549455 0.455407 0.563651 0.124218 0.131442 0.249040 0.304247 0.312488 0.408892 0.336406 0.448223 0.223788 0.289833 0.324225 0.301279 0.373442 0.325006 0.405584 0.143381 0.232196 0.249720 0.355564 0.293731 0.430234 0.152699 0.145787 0.235983 0.241035 0.377615 0.238803 0.261398 0.366045 0.483742 0.125004 0.138744 0.248823 0.231642 0.286030 0.145400
 28.000000 0.148361 0.235873 0.246573 0.385052 0.466761 0.454460 0.560695 0.443547 0.553218 0.121701 0.135385 0.250132 0.320726 0.331797 0.430841 0.356434 0.481955 0.220050 0.273483 0.295415 0.334320 0.406688 0.382500 0.494880 0.149897 0.262766 0.259627 0.368756 0.295280 0.438039 0.159082 0.155342 0.242541 0.251370 0.392282 0.260622 0.286686 0.385632 0.512080 0.120520 0.135838 0.253129 0.219857 0.281725 0.146608
 29.000000 0.151990 0.243372 0.248624 0.392976 0.478652 0.459892 0.575879 0.434675 0.552795 0.126756 0.135503 0.261153 0.334773 0.329506 0.438321 0.333258 0.463164 0.225916 0.301871 0.323861 0.346816 0.431595 0.366303 0.482719 0.146608 0.261767 0.246874 0.361361 0.274532 0.416949 0.160916 0.154612 0.244978 0.245377 0.380216 0.252960 0.282092 0.370149 0.490059 0.123325 0.129565 0.239694 0.216125 0.264541 0.143227
 30.000000 0.147150 0.230705 0.241350 0.374131 0.442514 0.438107 0.503656 0.478135 0.589596 0.117601 0.134466 0.242147 0.303232 0.310260 0.369862 0.379729 0.497563 0.219752 0.272413 0.292051 0.310243 0.328807 0.402708 0.500992 0.141711 0.246165 0.247556 0.340666 0.311238 0.448912 0.159452 0.152479 0.243764 0.252058 0.386153 0.262421 0.292003 0.389972 0.506339 0.123471 0.138062 0.245801 0.221874 0.266054 0.145275
 31.000000 0.147326 0.237192 0.242147 0.382295 0.443421 0.454154 0.510164 0.510548 0.634708 0.124728 0.136799 0.255691 0.329986 0.309298 0.363613 0.377357 0.502007 0.228742 0.298270 0.369267 0.287785 0.310179 0.353082 0.451280 0.143854 0.234949 0.253966 0.335410 0.328719 0.471085 0.149696 0.157927 0.244945 0.254492 0.393605 0.254334 0.277879 0.377716 0.499880 0.126376 0.137619 0.252361 0.231629 0.290381 0.147313
 32.000000 0.148155 0.229682 0.238600 0.372812 0.438070 0.448747 0.562179 0.436019 0.554485 0.120433 0.133124 0.242299 0.299167 0.319759 0.424977 0.337172 0.466165 0.226764 0.286051 0.294240 0.339131 0.418795 0.371883 0.484221 0.140524 0.251609 0.240117 0.355726 0.269553 0.414167 0.157391 0.151905 0.243175 0.245544 0.385960 0.257128 0.289341 0.376021 0.502156 0.125240 0.133488 0.249219 0.222922 0.279262 0.147082
 33.000000 0.146250 0.229316 0.239754 0.378042 0.450300 0.456509 0.563470 0.439251 0.552806 0.122102 0.131973 0.250410 0.304751 0.345573 0.443065 0.365806 0.493738 0.224219 0.295997 0.285251 0.397334 0.471811 0.444679 0.566424 0.141344 0.252456 0.238046 0.346419 0.264403 0.406770 0.153955 0.152171 0.237086 0.244959 0.385453 0.246077 0.268421 0.365999 0.487463 0.119808 0.134272 0.249163 0.222020 0.280567 0.148253
 34.000000 0.146489 0.228510 0.247053 0.382918 0.457194 0.458352 0.558894 0.456109 0.570545 0.122955 0.137346 0.250058 0.333216 0.315577 0.412830 0.331578 0.453939 0.229151 0.288838 0.358989 0.301332 0.375536 0.316566 0.415799 0.144364 0.247841 0.256743 0.362730 0.295364 0.434793 0.149927 0.155016 0.242330 0.248839 0.384003 0.254008 0.280410 0.378255 0.500867 0.121515 0.136620 0.246990 0.224724 0.281187 0.141312
 35.000000 0.145031 0.232491 0.239335 0.379678 0.446781 0.460898 0.572819 0.443536 0.559182 0.123020 0.135783 0.254906 0.307072 0.343256 0.444382 0.356811 0.479818 0.227114 0.297057 0.300481 0.367330 0.442322 0.397019 0.500569 0.144104 0.245059 0.249820 0.361040 0.277166 0.418349 0.149700 0.148997 0.237019 0.238384 0.373430 0.247010 0.270566 0.361780 0.477139 0.126594 0.130304 0.237903 0.227291 0.273222 0.146236
 36.000000 0.148775 0.233302 0.243164 0.380856 0.462096 0.443068 0.530153 0.442507 0.551065 0.120349 0.135473 0.251088 0.326847 0.311248 0.390218 0.342628 0.460357 0.224359 0.291014 0.333642 0.315054 0.359452 0.368860 0.464380 0.143492 0.244606 0.252345 0.349967 0.293580 0.434341 0.154590 0.156429 0.243994 0.243777 0.382531 0.260680 0.289532 0.380611 0.504496 0.118511 0.135901 0.244037 0.223280 0.272597 0.147313
 37.000000 0.150316 0.238707 0.250160 0.385113 0.450539 0.464162 0.584727 0.450274 0.575850 0.127617 0.135628 0.247941 0.315598 0.321896 0.438476 0.330369 0.465828 0.227686 0.283374 0.320490 0.314892 0.411083 0.329451 0.444700 0.143066 0.249978 0.249275 0.369386 0.278659 0.428415 0.152463 0.150526 0.248270 0.243448 0.387374 0.249373 0.293385 0.370062 0.500709 0.126838 0.135296 0.253442 0.221551 0.275487 0.150983
 38.000000 0.149007 0.238870 0.237036 0.377483 0.444473 0.437619 0.513149 0.463221 0.568060 0.120615 0.134346 0.248809 0.313093 0.302498 0.368620 0.354825 0.467430 0.223224 0.283256 0.319529 0.295745 0.319964 0.365520 0.454668 0.145633 0.241847 0.244143 0.339473 0.298299 0.436273 0.148610 0.150960 0.239760 0.244698 0.385934 0.252614 0.276612 0.373885 0.501414 0.127043 0.132499 0.249058 0.226821 0.284580 0.148479
 39.000000 0.147597 0.235612 0.238136 0.379564 0.451656 0.447873 0.525450 0.484033 0.599855 0.125515 0.132755 0.250711 0.320783 0.313093 0.383313 0.375235 0.495785 0.228845 0.294764 0.334242 0.317422 0.346585 0.401239 0.499184 0.146123 0.244708 0.250350 0.348053 0.308670 0.449812 0.152912 0.149194 0.245228 0.240693 0.381338 0.252232 0.289639 0.373311 0.498784 0.123588 0.138384 0.250160 0.224931 0.274084 0.149138
 40.000000 0.151558 0.231823 0.240778 0.379444 0.467661 0.441814 0.514192 0.470885 0.570993 0.120241 0.131727 0.246293 0.329656 0.305225 0.369901 0.361932 0.469820 0.225721 0.290919 0.343233 0.309189 0.334976 0.381530 0.465954 0.144375 0.253545 0.250388 0.341038 0.310037 0.441292 0.156809 0.153343 0.240755 0.247004 0.380583 0.254658 0.280261 0.376529 0.494217 0.118899 0.132744 0.241332 0.214532 0.264666 0.141337
