#! FIELDS time pair1 pair2 pair3 pair4 pair5 pair6 pair7 pair8 pair9 pair10 pair11 pair12 pair13 pair14 pair15 pair16 pair17 pair18 pair19 pair20 pair21 pair22 pair23 pair24 pair25 pair26 pair27 pair28 pair29 pair30 pair31 pair32 pair33 pair34 pair35 pair36 pair37 pair38 pair39 pair40 pair41 pair42 pair43 pair44 pair45
 0.000000 0.147855 0.231409 0.239117 0.374992 0.467988 0.442557 0.539749 0.432266 0.543281 0.119210 0.134529 0.248769 0.369324 0.319077 0.405578 0.344237 0.463022 0.224769 0.292693 0.435737 0.336025 0.390319 0.381140 0.477655 0.139878 0.236968 0.244851 0.348494 0.282080 0.422891 0.152755 0.152676 0.240429 0.245848 0.381996 0.245915 0.327936 0.310115 0.444681 0.122474 0.137379 0.243764 0.228204 0.273395 0.147601
 1.000000 0.149164 0.229471 0.245051 0.383796 0.467582 0.473651 0.585127 0.459741 0.586804 0.122788 0.129961 0.245131 0.348530 0.347153 0.450482 0.366582 0.503159 0.221678 0.278966 0.395944 0.382610 0.463160 0.428953 0.558496 0.147719 0.237994 0.249666 0.360904 0.274882 0.418685 0.153863 0.156633 0.239577 0.253955 0.388046 0.252614 0.309207 0.342562 0.465560 0.121741 0.139574 0.245752 0.230694 0.280287 0.144364
 2.000000 0.148842 0.239322 0.239017 0.377451 0.437103 0.492091 0.604876 0.487164 0.619099 0.122266 0.132578 0.243559 0.312783 0.377457 0.479330 0.407285 0.547859 0.220622 0.270692 0.326809 0.420177 0.500060 0.481616 0.621617 0.148337 0.246961 0.254706 0.366560 0.276156 0.418060 0.152702 0.159458 0.242912 0.251694 0.386355 0.253150 0.302959 0.344084 0.468209 0.123438 0.137408 0.243395 0.232856 0.283894 0.143297
 3.000000 0.148546 0.242967 0.239385 0.377202 0.455700 0.480976 0.598122 0.467484 0.593277 0.125806 0.134421 0.248091 0.334302 0.370583 0.478675 0.391434 0.529257 0.225499 0.283574 0.355934 0.417424 0.507059 0.465319 0.601693 0.142815 0.247796 0.249193 0.362581 0.272132 0.415389 0.153476 0.154509 0.242159 0.245805 0.385071 0.254727 0.296226 0.360248 0.490179 0.122270 0.134495 0.248397 0.224635 0.283558 0.145341
 4.000000 0.147851 0.238851 0.238801 0.379547 0.483488 0.447925 0.563221 0.419180 0.537030 0.122434 0.138282 0.252864 0.378757 0.329862 0.435754 0.334909 0.465039 0.229212 0.290196 0.431002 0.355951 0.438322 0.382029 0.501080 0.146335 0.251438 0.243152 0.355502 0.264352 0.406737 0.157902 0.152555 0.235852 0.243195 0.377874 0.255073 0.303857 0.343559 0.464067 0.122919 0.130924 0.239240 0.224771 0.276168 0.143363
 5.000000 0.150396 0.236028 0.242557 0.382500 0.483400 0.468209 0.590341 0.443646 0.566862 0.123329 0.133974 0.245677 0.365967 0.335130 0.452700 0.336382 0.470398 0.227466 0.279075 0.415844 0.347290 0.449734 0.355993 0.478416 0.149993 0.247364 0.257451 0.374326 0.283193 0.424729 0.152830 0.150456 0.244299 0.244311 0.378414 0.246747 0.292248 0.355203 0.473352 0.124246 0.135532 0.243257 0.222023 0.268378 0.142636
 6.000000 0.150270 0.241071 0.238172 0.377956 0.454846 0.471963 0.589797 0.445675 0.565497 0.124523 0.135540 0.246240 0.340068 0.353604 0.466641 0.357112 0.491856 0.230584 0.283330 0.377611 0.394378 0.495465 0.416770 0.551075 0.147665 0.244330 0.245265 0.357431 0.260258 0.397599 0.155711 0.148101 0.236030 0.237716 0.372441 0.256113 0.291986 0.363817 0.484423 0.121219 0.135473 0.243848 0.226546 0.281301 0.141510
 7.000000 0.147116 0.242788 0.238198 0.376174 0.469733 0.454460 0.564256 0.436883 0.563447 0.124663 0.132518 0.244377 0.364129 0.325228 0.428096 0.337016 0.474192 0.218801 0.267531 0.410087 0.330835 0.406105 0.369461 0.496013 0.145729 0.240319 0.248881 0.363091 0.270719 0.418594 0.158915 0.154081 0.246735 0.241735 0.382453 0.259960 0.332437 0.334500 0.460576 0.122119 0.131290 0.244649 0.217527 0.268093 0.148882
 8.000000 0.153173 0.243263 0.244023 0.381168 0.472955 0.479619 0.565329 0.503755 0.616945 0.120909 0.135266 0.243842 0.351886 0.355986 0.432052 0.412809 0.536262 0.221644 0.269429 0.384670 0.380380 0.425382 0.467380 0.585182 0.146034 0.248163 0.252881 0.352599 0.296975 0.430751 0.160234 0.153938 0.238374 0.253006 0.387337 0.255668 0.335173 0.328833 0.461927 0.122348 0.137931 0.248875 0.226438 0.283440 0.141824
 9.000000 0.146701 0.234885 0.238095 0.379709 0.468220 0.451515 0.545104 0.442780 0.542466 0.126531 0.133109 0.251320 0.364994 0.324267 0.408848 0.346567 0.458120 0.230308 0.294734 0.433125 0.332459 0.381671 0.373857 0.462984 0.148277 0.235366 0.258323 0.361877 0.290023 0.425481 0.149335 0.150429 0.243041 0.234932 0.372857 0.250563 0.338299 0.309432 0.446617 0.124065 0.131780 0.242365 0.224833 0.277829 0.144343
 10.000000 0.156218 0.242021 0.247560 0.388690 0.485570 0.467338 0.572711 0.468174 0.582698 0.120208 0.137048 0.250655 0.375076 0.317504 0.417801 0.337797 0.462018 0.224049 0.279939 0.428157 0.311450 0.382453 0.350104 0.461061 0.149084 0.243319 0.257793 0.371174 0.291412 0.432318 0.155968 0.153000 0.248729 0.242411 0.384152 0.256743 0.335550 0.323977 0.452764 0.125104 0.132476 0.252820 0.219738 0.285316 0.144796
 11.000000 0.145849 0.231866 0.236897 0.375251 0.482996 0.434380 0.537663 0.429374 0.544013 0.124314 0.134254 0.248212 0.380149 0.301997 0.397031 0.322450 0.444020 0.230421 0.293617 0.445741 0.305346 0.373210 0.328317 0.423601 0.143614 0.250466 0.236698 0.342073 0.277931 0.418242 0.156301 0.143454 0.224911 0.242015 0.375522 0.242918 0.302081 0.323514 0.446671 0.121647 0.130981 0.242120 0.219231 0.273119 0.142934
 12.000000 0.150047 0.240624 0.240560 0.373827 0.473921 0.438819 0.538076 0.433647 0.546616 0.122368 0.134317 0.244722 0.372555 0.305931 0.395432 0.331361 0.456670 0.223224 0.282508 0.433000 0.304194 0.360869 0.346777 0.455892 0.137397 0.240848 0.242658 0.346380 0.282158 0.423644 0.155930 0.154405 0.240002 0.244477 0.384190 0.254108 0.329198 0.316533 0.442011 0.123467 0.132205 0.249906 0.225695 0.293198 0.143871
 13.000000 0.147953 0.232512 0.236138 0.373110 0.464606 0.456596 0.575431 0.430955 0.552330 0.118819 0.130273 0.242184 0.359073 0.324682 0.438321 0.320796 0.452740 0.218954 0.274774 0.409259 0.341898 0.438264 0.348534 0.470192 0.146417 0.244904 0.238916 0.355193 0.256174 0.397107 0.150027 0.151139 0.239228 0.242909 0.378251 0.245608 0.292961 0.347720 0.468673 0.122511 0.132461 0.242299 0.221637 0.273996 0.142790
 14.000000 0.148660 0.235162 0.239568 0.379671 0.467766 0.461737 0.556387 0.467082 0.592173 0.124342 0.130465 0.245923 0.360057 0.322511 0.410354 0.351064 0.483042 0.224129 0.282583 0.423001 0.322295 0.379164 0.365389 0.476859 0.147245 0.233589 0.256226 0.359006 0.295125 0.443590 0.149215 0.154444 0.238571 0.249347 0.393224 0.243557 0.321716 0.311556 0.447768 0.121692 0.135037 0.253251 0.224798 0.285778 0.151430
 15.000000 0.150867 0.233279 0.238724 0.380865 0.485232 0.448542 0.572967 0.412074 0.537800 0.120308 0.132272 0.249133 0.368756 0.336685 0.455489 0.335431 0.476052 0.224513 0.288896 0.421721 0.372743 0.480337 0.378732 0.510124 0.147875 0.254222 0.238002 0.353997 0.262667 0.409729 0.157512 0.148479 0.234889 0.246708 0.383209 0.245626 0.274673 0.361866 0.481511 0.125399 0.136422 0.246473 0.229273 0.278471 0.147790
 16.000000 0.141103 0.227904 0.239136 0.373307 0.470817 0.442276 0.551848 0.424632 0.530842 0.126878 0.131400 0.242021 0.360429 0.316623 0.420531 0.329839 0.450710 0.224718 0.274164 0.417853 0.325017 0.399855 0.357575 0.460887 0.145135 0.234970 0.246500 0.360963 0.278104 0.418288 0.155445 0.148371 0.240404 0.247002 0.385395 0.248606 0.320576 0.335084 0.468626 0.124161 0.138073 0.253876 0.224018 0.283889 0.144433
 17.000000 0.150983 0.234167 0.243772 0.383159 0.482794 0.450425 0.545664 0.440670 0.542245 0.120557 0.133720 0.249982 0.372341 0.322507 0.407467 0.345893 0.457500 0.224118 0.288148 0.431616 0.332790 0.385729 0.371909 0.460178 0.146690 0.243099 0.254468 0.354804 0.293852 0.429214 0.152974 0.150665 0.234030 0.245106 0.378171 0.248727 0.320829 0.326815 0.459991 0.121713 0.132231 0.240310 0.221763 0.271019 0.143750
 18.000000 0.148129 0.234421 0.234361 0.374911 0.466268 0.452873 0.556229 0.439170 0.543684 0.125638 0.127016 0.243475 0.363827 0.314729 0.411638 0.325404 0.441889 0.224936 0.286833 0.434043 0.321305 0.389753 0.346158 0.442413 0.147068 0.241249 0.246230 0.355847 0.268173 0.404926 0.157054 0.149097 0.238139 0.238562 0.379149 0.250352 0.324805 0.318135 0.452002 0.120938 0.135904 0.253128 0.225845 0.293554 0.144007
 19.000000 0.148731 0.232504 0.238682 0.375293 0.461386 0.447438 0.554423 0.448689 0.570430 0.123333 0.130882 0.242334 0.356233 0.311798 0.411487 0.339029 0.469345 0.225639 0.283896 0.424713 0.313000 0.389652 0.343380 0.453389 0.143422 0.230530 0.245328 0.352006 0.290484 0.434637 0.152112 0.151921 0.232383 0.254957 0.393206 0.258120 0.317673 0.345932 0.475736 0.120706 0.135008 0.252561 0.219256 0.282051 0.145478
 20.000000 0.150313 0.235514 0.240842 0.381573 0.475025 0.474920 0.584658 0.472204 0.585607 0.121988 0.135621 0.250076 0.365843 0.346960 0.447836 0.372936 0.493256 0.229561 0.290663 0.417993 0.375939 0.452051 0.422864 0.531582 0.148361 0.252678 0.250424 0.364077 0.278650 0.411608 0.152856 0.155239 0.246486 0.249377 0.378827 0.252131 0.316313 0.342742 0.465064 0.122279 0.133783 0.238908 0.217288 0.264305 0.136576
 21.000000 0.146407 0.237531 0.233223 0.372465 0.467292 0.459475 0.583092 0.425701 0.553308 0.124024 0.129406 0.241828 0.361404 0.329566 0.448948 0.319327 0.454516 0.221219 0.272266 0.410250 0.343718 0.446824 0.346026 0.467077 0.147530 0.245053 0.250867 0.370181 0.266590 0.410223 0.154188 0.154334 0.248895 0.244628 0.376098 0.251159 0.301631 0.355276 0.472601 0.125499 0.137419 0.236890 0.228766 0.263053 0.143809
 22.000000 0.152194 0.244217 0.234267 0.375779 0.457643 0.470057 0.586387 0.448716 0.564490 0.120520 0.133604 0.250114 0.360453 0.350042 0.460288 0.351336 0.477370 0.223600 0.289562 0.417213 0.376728 0.474141 0.383051 0.498278 0.144786 0.244225 0.250857 0.360515 0.274927 0.411952 0.156093 0.155042 0.237495 0.246321 0.380814 0.256084 0.292077 0.363124 0.487977 0.120640 0.133162 0.244223 0.224388 0.285690 0.139331
 23.000000 0.150708 0.242151 0.236821 0.372828 0.467710 0.446607 0.557638 0.418570 0.536669 0.124828 0.126210 0.236267 0.350206 0.325412 0.428076 0.336217 0.466379 0.217387 0.264975 0.396048 0.347766 0.424364 0.385282 0.501395 0.144489 0.235408 0.247423 0.358558 0.271420 0.415314 0.150247 0.155322 0.240568 0.249764 0.384059 0.245864 0.306635 0.336479 0.463923 0.121004 0.137182 0.242677 0.226152 0.271614 0.145695
 24.000000 0.144010 0.224902 0.233669 0.373327 0.471409 0.464390 0.586552 0.432562 0.551257 0.119306 0.135300 0.248085 0.363347 0.349212 0.467324 0.342066 0.474474 0.230313 0.293271 0.415722 0.388702 0.496627 0.388280 0.513655 0.146383 0.252303 0.249834 0.365762 0.265558 0.405889 0.156936 0.151093 0.244143 0.236197 0.373725 0.250631 0.288474 0.360433 0.484034 0.123584 0.131848 0.242258 0.223242 0.276228 0.143237
 25.000000 0.145444 0.235504 0.240927 0.381290 0.459461 0.490895 0.608060 0.489225 0.619946 0.124040 0.137310 0.254252 0.346124 0.380707 0.491379 0.407248 0.547974 0.228079 0.291866 0.382944 0.426450 0.524697 0.470979 0.611556 0.145595 0.246637 0.258596 0.369761 0.292952 0.434319 0.160443 0.157588 0.244771 0.252830 0.388200 0.254374 0.283311 0.366809 0.483493 0.124784 0.133690 0.244256 0.223736 0.275474 0.143360
 26.000000 0.153085 0.249177 0.240527 0.378737 0.470602 0.473490 0.594352 0.466662 0.599544 0.122450 0.137018 0.250984 0.372168 0.345783 0.466486 0.352401 0.490153 0.223414 0.282512 0.419754 0.365500 0.479130 0.371696 0.497198 0.144170 0.251875 0.244139 0.359114 0.280136 0.425295 0.157188 0.150669 0.243027 0.250346 0.385612 0.243896 0.274900 0.365745 0.485107 0.124366 0.135735 0.246917 0.218621 0.266569 0.145437
 27.000000 0.148344 0.240429 0.237396 0.382039 0.481670 0.462738 0.580838 0.440915 0.569384 0.124724 0.134331 0.254098 0.374809 0.339750 0.453247 0.342114 0.482311 0.226806 0.292051 0.429034 0.357511 0.458582 0.362511 0.492313 0.149168 0.254765 0.249598 0.360924 0.278066 0.424948 0.154059 0.152289 0.236789 0.248246 0.387698 0.252385 0.286320 0.363214 0.484910 0.119737 0.131932 0.247140 0.215636 0.270498 0.148492
 28.000000 0.145389 0.236442 0.237590 0.377539 0.467826 0.454820 0.575424 0.430224 0.558160 0.125256 0.137495 0.254067 0.368873 0.335268 0.453088 0.332128 0.469857 0.232095 0.297740 0.433772 0.355128 0.462930 0.345320 0.467890 0.144641 0.237137 0.251412 0.363599 0.287850 0.434374 0.151503 0.148852 0.238330 0.247485 0.384274 0.247770 0.288690 0.361887 0.484084 0.121145 0.134974 0.246806 0.216236 0.264970 0.146898
 29.000000 0.147922 0.244002 0.232151 0.367971 0.439373 0.468444 0.587116 0.447956 0.571660 0.121861 0.134688 0.240545 0.331171 0.356607 0.471983 0.363478 0.500226 0.222623 0.268309 0.365396 0.388321 0.494500 0.410164 0.544494 0.143600 0.235310 0.246491 0.359050 0.267539 0.407957 0.152322 0.155290 0.245614 0.244512 0.381843 0.253553 0.290203 0.363992 0.489095 0.123843 0.135355 0.245868 0.227447 0.282450 0.143269
 30.000000 0.147116 0.239510 0.243380 0.375941 0.454058 0.484811 0.589934 0.490752 0.611598 0.128351 0.136927 0.242361 0.320240 0.370412 0.472789 0.402816 0.538177 0.231450 0.275451 0.320009 0.420672 0.514367 0.472429 0.613457 0.143213 0.254061 0.244671 0.347068 0.281034 0.415261 0.156949 0.151677 0.239554 0.244512 0.382173 0.252117 0.273794 0.375994 0.499669 0.120632 0.134030 0.249163 0.220009 0.282457 0.142260
 31.000000 0.150529 0.238323 0.246676 0.379394 0.444942 0.473324 0.507801 0.555664 0.672972 0.117427 0.135860 0.242427 0.313442 0.358847 0.415924 0.440501 0.570428 0.215023 0.261744 0.314104 0.399447 0.477665 0.464526 0.602778 0.142229 0.239929 0.232028 0.280105 0.332246 0.456734 0.155386 0.149345 0.235877 0.245345 0.380488 0.253568 0.294022 0.363660 0.486943 0.123604 0.139578 0.249710 0.232989 0.291824 0.141453
 32.000000 0.146813 0.235266 0.237388 0.369558 0.463467 0.451837 0.485511 0.537038 0.653526 0.124419 0.130449 0.238623 0.331889 0.348381 0.405861 0.431752 0.562774 0.223125 0.274993 0.348250 0.406833 0.487084 0.468668 0.608229 0.140485 0.246696 0.230530 0.277211 0.334417 0.460848 0.155547 0.150120 0.237929 0.239856 0.377392 0.250717 0.298196 0.341743 0.465590 0.124346 0.132827 0.244624 0.227071 0.283565 0.144021
 33.000000 0.147990 0.233731 0.236890 0.379685 0.477980 0.453281 0.488181 0.527252 0.631279 0.120337 0.135270 0.252872 0.366342 0.344472 0.407659 0.410544 0.529772 0.225679 0.291447 0.417942 0.376747 0.461836 0.406577 0.523436 0.147804 0.250512 0.242671 0.295124 0.340544 0.464786 0.153838 0.151053 0.239671 0.244553 0.381620 0.249024 0.300895 0.350671 0.477797 0.117767 0.131860 0.246814 0.210404 0.269852 0.141993
 34.000000 0.143792 0.231786 0.231832 0.366621 0.461018 0.440516 0.431961 0.550195 0.654850 0.120586 0.130085 0.241037 0.362289 0.309500 0.322921 0.410738 0.521403 0.219319 0.277139 0.421974 0.299114 0.314269 0.370444 0.461480 0.140032 0.235722 0.253239 0.290355 0.366038 0.496162 0.151954 0.158041 0.244665 0.251875 0.395031 0.248022 0.319642 0.331947 0.469116 0.121145 0.133992 0.252272 0.219531 0.279072 0.150017
 35.000000 0.147750 0.230881 0.242541 0.382190 0.477482 0.451603 0.450105 0.554650 0.653802 0.119499 0.132310 0.248018 0.368061 0.311248 0.330662 0.408770 0.514386 0.219176 0.279000 0.424581 0.298253 0.329444 0.362857 0.452664 0.146946 0.239560 0.254285 0.286965 0.368015 0.490637 0.154428 0.151849 0.233474 0.249924 0.384593 0.249187 0.300809 0.342032 0.467050 0.122890 0.135639 0.245964 0.227662 0.283496 0.143004
 36.000000 0.145210 0.229706 0.245560 0.375197 0.471307 0.429340 0.419737 0.553713 0.651160 0.120520 0.135240 0.242572 0.362560 0.302835 0.323303 0.418991 0.524787 0.219830 0.271396 0.417549 0.302860 0.335163 0.391327 0.483957 0.141354 0.232168 0.245660 0.292334 0.364255 0.487493 0.153789 0.148176 0.245516 0.239460 0.372787 0.237038 0.313453 0.305178 0.431255 0.125356 0.136883 0.245882 0.224778 0.278944 0.138170
 37.000000 0.147475 0.230421 0.243134 0.379054 0.481045 0.448884 0.439537 0.562965 0.663043 0.120171 0.131715 0.244252 0.368246 0.312759 0.327768 0.419830 0.527836 0.218696 0.275394 0.422083 0.306742 0.332435 0.384094 0.482902 0.143757 0.240977 0.253667 0.289173 0.370086 0.490601 0.152046 0.155490 0.243990 0.249034 0.381261 0.247227 0.321486 0.321680 0.442111 0.124619 0.135687 0.239735 0.227528 0.270945 0.143087
 38.000000 0.147153 0.238103 0.237186 0.374226 0.473207 0.459728 0.464317 0.567129 0.666761 0.122552 0.128472 0.242671 0.362449 0.332178 0.363756 0.429541 0.537420 0.214238 0.271408 0.409871 0.336454 0.386607 0.401615 0.502604 0.142513 0.245589 0.248461 0.284501 0.361737 0.477591 0.150346 0.156496 0.245787 0.247342 0.377927 0.248699 0.326648 0.319309 0.445714 0.124322 0.131198 0.235572 0.221262 0.265838 0.138971
 39.000000 0.148385 0.237658 0.243354 0.380522 0.471773 0.475908 0.518302 0.564632 0.683163 0.120271 0.137931 0.250010 0.369056 0.345916 0.410912 0.423024 0.547604 0.223267 0.280435 0.423616 0.350424 0.436353 0.389718 0.511395 0.143597 0.239155 0.262650 0.318666 0.365437 0.491293 0.161031 0.160901 0.249351 0.249487 0.380127 0.266395 0.314037 0.354405 0.467391 0.124262 0.135103 0.236896 0.227657 0.270054 0.140417
 40.000000 0.146543 0.234998 0.236246 0.364012 0.485318 0.448564 0.461079 0.543619 0.655936 0.125933 0.133128 0.231711 0.373712 0.310839 0.343588 0.398559 0.515126 0.230487 0.269868 0.429714 0.295130 0.329293 0.353692 0.449698 0.139101 0.250100 0.264481 0.312835 0.364146 0.496137 0.161037 0.159740 0.248630 0.242200 0.381042 0.250723 0.325632 0.315303 0.443732 0.121746 0.131886 0.243487 0.224437 0.282386 0.143185
