#! FIELDS time phi psi
#! SET min_phi -pi
#! SET max_phi pi
#! SET min_psi -pi
#! SET max_psi pi
 0.000000 1.104670 -2.682337
 1.000000 0.801949 -2.645489
 2.000000 0.911851 -2.813014
 3.000000 1.093646 -3.071951
 4.000000 1.510693 2.484658
 5.000000 1.237301 2.652858
 6.000000 1.173356 2.893746
 7.000000 1.261332 1.920752
 8.000000 1.080910 2.354184
 9.000000 1.283028 2.504921
 10.000000 1.428505 2.937882
 11.000000 1.664579 1.951656
 12.000000 1.341168 2.099478
 13.000000 0.945317 -3.108681
 14.000000 0.759130 -2.448212
 15.000000 0.815709 -2.634087
 16.000000 0.971921 -3.032167
 17.000000 0.975799 -2.937957
 18.000000 0.754187 -2.565028
 19.000000 1.191701 2.970463
 20.000000 0.957823 -3.007599
 21.000000 0.476758 -2.508405
 22.000000 1.094642 2.958722
 23.000000 1.046595 -3.077386
 24.000000 0.905641 -3.125825
 25.000000 0.897653 -2.742783
 26.000000 0.971259 -3.011278
 27.000000 0.892476 -2.403618
 28.000000 0.908117 -2.473517
 29.000000 1.007217 -2.805338
 30.000000 0.845177 -2.932628
 31.000000 1.013794 -2.428747
 32.000000 0.761601 -2.655735
 33.000000 0.975928 -2.671084
 34.000000 0.701789 -2.520176
 35.000000 0.934290 -2.398351
 36.000000 1.188538 -2.188482
 37.000000 0.835096 -2.192660
 38.000000 0.946803 -2.450605
 39.000000 0.852073 -2.272223
 40.000000 0.981916 -3.056694
