#! FIELDS time pair1 pair2 pair3 pair4 pair5 pair6 pair7 pair8 pair9 pair10 pair11 pair12 pair13 pair14 pair15 pair16 pair17 pair18 pair19 pair20 pair21 pair22 pair23 pair24 pair25 pair26 pair27 pair28 pair29 pair30 pair31 pair32 pair33 pair34 pair35 pair36 pair37 pair38 pair39 pair40 pair41 pair42 pair43 pair44 pair45
 0.000000 0.143687 0.233628 0.242103 0.374398 0.453239 0.460185 0.570841 0.454020 0.573004 0.123782 0.134870 0.243824 0.326549 0.326726 0.431728 0.344485 0.469626 0.221504 0.272007 0.326245 0.321792 0.402091 0.358089 0.462508 0.141096 0.255523 0.251750 0.364808 0.280549 0.422997 0.157048 0.153343 0.244968 0.242074 0.377796 0.265190 0.298471 0.383906 0.504969 0.123227 0.133918 0.239988 0.223179 0.267210 0.145431
 1.000000 0.150493 0.242965 0.240660 0.379073 0.436585 0.458371 0.568992 0.442417 0.556350 0.123224 0.137131 0.243590 0.301639 0.319312 0.423792 0.329717 0.452788 0.227379 0.268760 0.295895 0.304592 0.382539 0.331821 0.435836 0.150483 0.247308 0.263304 0.377991 0.286472 0.425908 0.151334 0.156128 0.249720 0.242761 0.376942 0.260142 0.299763 0.374779 0.497032 0.124868 0.133869 0.239426 0.225621 0.271781 0.141372
 2.000000 0.147543 0.235089 0.236125 0.374841 0.444073 0.466474 0.583761 0.458071 0.581997 0.122139 0.129345 0.246692 0.308055 0.339006 0.448156 0.357911 0.487744 0.219991 0.287007 0.306245 0.354713 0.443082 0.385951 0.500733 0.141891 0.246913 0.253529 0.367279 0.288323 0.428497 0.153737 0.152539 0.242819 0.248268 0.380243 0.255646 0.286353 0.377966 0.495466 0.126289 0.137058 0.242530 0.229312 0.276076 0.140975
 3.000000 0.151000 0.242738 0.242078 0.381687 0.440705 0.483204 0.559751 0.512845 0.632089 0.121889 0.137510 0.254535 0.312848 0.347058 0.412703 0.398544 0.516536 0.225051 0.289525 0.308044 0.355548 0.385825 0.427299 0.525004 0.145427 0.250589 0.257764 0.348748 0.308415 0.445431 0.152256 0.155913 0.236457 0.255947 0.389987 0.256642 0.272488 0.386164 0.502249 0.120686 0.139320 0.246193 0.227932 0.275743 0.146728
 4.000000 0.148731 0.238183 0.233019 0.364446 0.432007 0.449810 0.543287 0.471916 0.596175 0.127020 0.132201 0.234346 0.303686 0.311609 0.397031 0.356755 0.482685 0.233703 0.278772 0.306302 0.320278 0.368198 0.385012 0.489354 0.142566 0.258012 0.247574 0.355645 0.288782 0.429961 0.154955 0.156314 0.245606 0.249131 0.382284 0.258505 0.280829 0.380906 0.495901 0.126515 0.132113 0.238078 0.224499 0.266775 0.143976
 5.000000 0.157816 0.241555 0.249982 0.395591 0.465517 0.470628 0.572612 0.455330 0.565227 0.121041 0.135532 0.259904 0.337091 0.320588 0.416762 0.324785 0.441385 0.226217 0.303495 0.373472 0.311059 0.385927 0.310281 0.398876 0.147902 0.241183 0.256593 0.360558 0.288607 0.426875 0.149285 0.154800 0.242101 0.243419 0.379211 0.257311 0.287446 0.375770 0.499307 0.120474 0.135048 0.243043 0.224904 0.277665 0.142618
 6.000000 0.149970 0.234738 0.245937 0.384181 0.454890 0.451275 0.515435 0.487301 0.612163 0.122984 0.134380 0.248475 0.324207 0.307269 0.367486 0.364194 0.489542 0.225200 0.283431 0.346198 0.285918 0.310153 0.349379 0.448761 0.145952 0.236833 0.258654 0.343103 0.325061 0.464647 0.150844 0.153369 0.239303 0.250848 0.379393 0.252389 0.275938 0.378567 0.485659 0.122188 0.138235 0.238891 0.227088 0.266633 0.144879
 7.000000 0.149037 0.239775 0.236854 0.375707 0.450312 0.460896 0.567036 0.459510 0.577829 0.120864 0.133506 0.244900 0.328611 0.317031 0.419006 0.333338 0.454671 0.221450 0.274736 0.342988 0.295643 0.376985 0.316307 0.410353 0.145740 0.245945 0.264947 0.370921 0.303727 0.444934 0.153964 0.154146 0.242095 0.245092 0.379629 0.254059 0.277807 0.377954 0.494396 0.123292 0.137248 0.240859 0.229939 0.273690 0.145829
 8.000000 0.145293 0.231471 0.236647 0.368242 0.420050 0.443515 0.550819 0.421537 0.521133 0.122053 0.133978 0.236004 0.293827 0.306077 0.408070 0.307969 0.416976 0.226250 0.268099 0.301929 0.294778 0.373082 0.301884 0.385066 0.145128 0.244630 0.248486 0.358981 0.271369 0.401917 0.153630 0.147611 0.233951 0.240639 0.367256 0.258544 0.289266 0.374327 0.487562 0.122106 0.137920 0.238893 0.230855 0.281009 0.134588
 9.000000 0.155801 0.243230 0.252123 0.387213 0.454477 0.468679 0.577420 0.460858 0.573206 0.125932 0.138015 0.248584 0.322802 0.320733 0.423658 0.334296 0.453441 0.231886 0.288633 0.339656 0.315621 0.390288 0.335989 0.429034 0.141824 0.245725 0.255629 0.369575 0.290472 0.430587 0.155155 0.157715 0.252242 0.249523 0.385426 0.266242 0.300977 0.385854 0.507480 0.128351 0.134320 0.243189 0.226857 0.273458 0.144066
 10.000000 0.153656 0.240716 0.241133 0.377430 0.453212 0.458940 0.570553 0.432469 0.541333 0.121877 0.134866 0.246018 0.319877 0.320478 0.424559 0.317807 0.436359 0.227255 0.288778 0.324779 0.333835 0.413030 0.341516 0.440347 0.140428 0.246913 0.249918 0.361260 0.276123 0.414813 0.156901 0.147740 0.239969 0.238403 0.375183 0.253900 0.285816 0.372379 0.496161 0.122417 0.136949 0.248550 0.225878 0.283653 0.142021
 11.000000 0.147343 0.231212 0.242258 0.376035 0.429168 0.466848 0.579755 0.457124 0.585435 0.124952 0.134384 0.247318 0.303883 0.328404 0.436809 0.336164 0.468425 0.230499 0.293736 0.308522 0.341421 0.430501 0.352790 0.464996 0.142720 0.252773 0.246767 0.359835 0.276219 0.420382 0.158300 0.155824 0.244070 0.253365 0.387185 0.260649 0.298042 0.379011 0.497396 0.120677 0.138308 0.244502 0.221815 0.266409 0.144631
 12.000000 0.148661 0.232142 0.244665 0.374733 0.417443 0.473669 0.592011 0.464802 0.586455 0.120938 0.135621 0.243600 0.296976 0.330530 0.446669 0.333288 0.462586 0.225311 0.280961 0.304836 0.329084 0.432318 0.329668 0.444875 0.142373 0.245491 0.253537 0.368828 0.278564 0.418248 0.153147 0.154567 0.245063 0.242697 0.381289 0.258172 0.301520 0.366156 0.497241 0.125423 0.130219 0.246150 0.222580 0.284227 0.142776
 13.000000 0.152905 0.240560 0.239310 0.380794 0.437302 0.468704 0.569613 0.463259 0.577003 0.121742 0.131015 0.250902 0.308592 0.327443 0.420165 0.343117 0.464139 0.222621 0.293293 0.321226 0.331593 0.395548 0.358318 0.458753 0.146086 0.244684 0.250811 0.358834 0.277229 0.417873 0.147082 0.155032 0.244137 0.242506 0.385182 0.251647 0.279367 0.368524 0.499604 0.124788 0.132868 0.250595 0.227785 0.292120 0.146881
 14.000000 0.144347 0.231283 0.238279 0.381940 0.460279 0.447772 0.501156 0.504855 0.603772 0.124483 0.134153 0.257010 0.331157 0.315835 0.361161 0.393799 0.499008 0.228099 0.301108 0.350104 0.311705 0.314860 0.401415 0.479355 0.147868 0.247051 0.254419 0.331183 0.330362 0.463208 0.154107 0.153173 0.238170 0.246280 0.389249 0.248735 0.269733 0.366171 0.494399 0.121824 0.132310 0.249497 0.221281 0.279546 0.151793
 15.000000 0.145925 0.229917 0.236383 0.378336 0.449599 0.462018 0.525872 0.505373 0.620372 0.120308 0.134473 0.253807 0.339030 0.319533 0.380091 0.375204 0.490594 0.227071 0.298540 0.377403 0.307872 0.336457 0.366445 0.454999 0.146332 0.245345 0.262759 0.347773 0.324285 0.460436 0.150203 0.160534 0.245953 0.251944 0.387513 0.260526 0.289596 0.377821 0.498583 0.122041 0.133877 0.241944 0.224118 0.274013 0.143924
 16.000000 0.141623 0.232075 0.234491 0.370572 0.431504 0.450562 0.506207 0.511240 0.627127 0.125467 0.136063 0.249578 0.317359 0.316172 0.365089 0.393468 0.509263 0.230966 0.292566 0.330979 0.317775 0.322022 0.414368 0.507688 0.143297 0.249740 0.245324 0.330788 0.310467 0.446307 0.154945 0.150127 0.237901 0.242392 0.379837 0.254900 0.281036 0.372508 0.494817 0.124020 0.135904 0.245866 0.229510 0.282172 0.145870
 17.000000 0.148570 0.234800 0.240936 0.378664 0.460952 0.446325 0.424948 0.577833 0.668681 0.119658 0.138921 0.251147 0.326922 0.316116 0.316866 0.441228 0.538874 0.228869 0.289864 0.335419 0.317284 0.313519 0.424806 0.507603 0.145410 0.247687 0.256535 0.295017 0.378107 0.495635 0.159201 0.151202 0.244105 0.246992 0.378441 0.259563 0.370403 0.295185 0.433944 0.125000 0.135606 0.239403 0.222518 0.261130 0.143182
 18.000000 0.149034 0.241226 0.234847 0.376226 0.438242 0.458456 0.470758 0.560519 0.667547 0.126210 0.130821 0.249289 0.328139 0.312437 0.332539 0.413137 0.518714 0.226762 0.293568 0.371637 0.295022 0.299728 0.377652 0.457975 0.144931 0.237084 0.257470 0.301818 0.364607 0.487399 0.152414 0.151479 0.237358 0.244203 0.374819 0.251599 0.365318 0.269624 0.407749 0.122397 0.135901 0.239493 0.228061 0.276546 0.139205
 19.000000 0.145344 0.231043 0.234030 0.367633 0.428689 0.449988 0.472900 0.543341 0.665518 0.118516 0.134443 0.241555 0.307163 0.312192 0.352632 0.398716 0.522828 0.223242 0.278027 0.313335 0.305709 0.356835 0.356979 0.465512 0.140150 0.237819 0.257175 0.308088 0.362719 0.499462 0.155370 0.156131 0.245186 0.250050 0.390546 0.256829 0.373706 0.278993 0.413794 0.124326 0.133184 0.255681 0.222047 0.296766 0.142383
 20.000000 0.146489 0.229336 0.249623 0.381177 0.447744 0.448610 0.463643 0.538533 0.635208 0.125316 0.134473 0.244350 0.317660 0.307578 0.341781 0.394199 0.499017 0.224844 0.277465 0.330993 0.291266 0.332791 0.342691 0.426978 0.141450 0.239923 0.249614 0.296892 0.354737 0.479180 0.147034 0.153659 0.244453 0.243298 0.380906 0.254527 0.370278 0.276986 0.420721 0.124040 0.131761 0.242961 0.221849 0.273002 0.145200
 21.000000 0.144793 0.231113 0.233358 0.376308 0.459610 0.449638 0.435374 0.571872 0.673182 0.119172 0.136092 0.253142 0.335219 0.319852 0.324153 0.433614 0.538607 0.227326 0.293409 0.353217 0.318903 0.318862 0.409415 0.496978 0.148620 0.250880 0.261882 0.298037 0.379117 0.502607 0.156195 0.157054 0.245312 0.249812 0.385084 0.266122 0.374981 0.290814 0.430280 0.119808 0.136653 0.245316 0.221219 0.273082 0.142359
 22.000000 0.151013 0.239355 0.253872 0.390071 0.450042 0.459184 0.456751 0.586151 0.685078 0.126325 0.141202 0.254106 0.324748 0.311431 0.323135 0.435481 0.537432 0.232086 0.289075 0.339843 0.293239 0.296645 0.396507 0.477547 0.144790 0.246067 0.252145 0.296098 0.377123 0.499443 0.156349 0.154858 0.251527 0.252313 0.389270 0.259334 0.375943 0.293484 0.437468 0.126384 0.139846 0.248544 0.225096 0.267658 0.147543
 23.000000 0.150220 0.239291 0.229410 0.365153 0.430875 0.455289 0.455271 0.579342 0.694861 0.121795 0.134063 0.239150 0.302250 0.323311 0.327185 0.452163 0.566200 0.230575 0.282066 0.300461 0.343866 0.328153 0.475021 0.576510 0.142506 0.250260 0.250402 0.297168 0.360347 0.486708 0.155068 0.150761 0.243016 0.240753 0.373536 0.260140 0.345267 0.321117 0.444213 0.123483 0.136620 0.243557 0.227352 0.280186 0.139130
 24.000000 0.145221 0.231095 0.239138 0.379239 0.448132 0.451895 0.432391 0.588750 0.702588 0.122678 0.132642 0.247376 0.307641 0.325942 0.323127 0.463505 0.581698 0.223638 0.279694 0.291350 0.333904 0.316501 0.470331 0.575637 0.148960 0.254741 0.254869 0.293546 0.376963 0.508152 0.150147 0.156144 0.247014 0.254303 0.393135 0.250178 0.334700 0.320858 0.447145 0.122004 0.141460 0.257733 0.225881 0.290260 0.143767
 25.000000 0.150137 0.236966 0.241071 0.382089 0.448252 0.470543 0.455294 0.600301 0.721746 0.120258 0.134172 0.253505 0.324116 0.328344 0.317437 0.457843 0.577692 0.222050 0.291151 0.331978 0.327063 0.293782 0.449905 0.554356 0.144952 0.248702 0.254912 0.289403 0.375225 0.507852 0.153877 0.148792 0.240460 0.244665 0.385249 0.243510 0.340619 0.292976 0.426609 0.126972 0.132703 0.254075 0.222778 0.291969 0.143569
 26.000000 0.143367 0.230803 0.237470 0.375305 0.435350 0.439091 0.431103 0.548899 0.648430 0.124547 0.132053 0.246637 0.302632 0.312245 0.330294 0.412623 0.520900 0.223951 0.282202 0.307815 0.306296 0.330209 0.375859 0.464884 0.144948 0.238684 0.251342 0.289645 0.362351 0.489993 0.153655 0.157769 0.247822 0.243405 0.386084 0.266880 0.376380 0.286949 0.431966 0.121140 0.134197 0.247285 0.223772 0.277101 0.150130
 27.000000 0.144406 0.230931 0.235708 0.373296 0.450805 0.454856 0.489090 0.533117 0.646276 0.120433 0.134198 0.246562 0.334583 0.313562 0.359961 0.389026 0.504398 0.222928 0.280409 0.350248 0.297901 0.351152 0.334994 0.435840 0.144631 0.247651 0.260031 0.317441 0.360344 0.488809 0.149616 0.152755 0.244763 0.250667 0.383982 0.245673 0.364678 0.274042 0.414633 0.127785 0.136850 0.243799 0.227783 0.272288 0.144076
 28.000000 0.146137 0.236687 0.239272 0.379353 0.451195 0.440301 0.440383 0.536620 0.639208 0.123244 0.133248 0.251135 0.318862 0.310124 0.336311 0.396052 0.505187 0.221228 0.285563 0.313825 0.315756 0.362213 0.361851 0.456155 0.144548 0.246345 0.242772 0.279510 0.348267 0.475131 0.153219 0.152026 0.236922 0.239186 0.377785 0.259731 0.370448 0.274936 0.412559 0.120681 0.133439 0.247889 0.226623 0.292652 0.142299
 29.000000 0.148196 0.232409 0.232390 0.374584 0.436276 0.466442 0.457938 0.596110 0.708289 0.121762 0.130250 0.249185 0.301763 0.336146 0.332134 0.468659 0.580568 0.226316 0.296879 0.294202 0.362478 0.338350 0.494782 0.593913 0.145884 0.252895 0.254851 0.292872 0.373842 0.499229 0.160580 0.155798 0.245890 0.251249 0.387425 0.255658 0.328545 0.327130 0.450744 0.126218 0.137532 0.247226 0.229678 0.280118 0.144921
 30.000000 0.149456 0.231000 0.241489 0.381509 0.445286 0.454741 0.435176 0.589136 0.689108 0.120258 0.135462 0.250639 0.310524 0.318882 0.308916 0.454517 0.557686 0.228499 0.293486 0.326933 0.319434 0.276863 0.453826 0.538316 0.145842 0.237960 0.256176 0.298511 0.376651 0.498482 0.148206 0.152480 0.247655 0.248286 0.381877 0.248389 0.336140 0.314549 0.444379 0.127511 0.137826 0.245002 0.227866 0.274155 0.141993
 31.000000 0.153587 0.237794 0.242471 0.380246 0.439877 0.454582 0.437816 0.580875 0.683229 0.125304 0.132125 0.244814 0.294661 0.317862 0.312048 0.447577 0.555261 0.230482 0.291789 0.294146 0.331622 0.298350 0.464876 0.559076 0.143063 0.245837 0.243969 0.284244 0.355989 0.476796 0.154334 0.145993 0.239499 0.235752 0.370120 0.238833 0.315878 0.311288 0.439866 0.125674 0.135429 0.241948 0.229127 0.276935 0.142752
 32.000000 0.149442 0.227508 0.240385 0.383278 0.444627 0.445017 0.446006 0.563646 0.669097 0.118680 0.130729 0.249582 0.309167 0.307280 0.331840 0.419206 0.532069 0.222605 0.290472 0.315273 0.311243 0.342697 0.393031 0.495090 0.148745 0.249628 0.244387 0.284577 0.369640 0.493521 0.153685 0.153016 0.246838 0.254552 0.391139 0.255102 0.371201 0.293172 0.436533 0.123826 0.137423 0.251837 0.216106 0.269108 0.144406
 33.000000 0.144007 0.233309 0.229037 0.367023 0.449308 0.428299 0.402679 0.558081 0.656934 0.123260 0.132235 0.248165 0.316897 0.312029 0.316339 0.431606 0.538548 0.227374 0.292689 0.330407 0.317945 0.324794 0.414315 0.507071 0.144734 0.241673 0.251623 0.284458 0.372604 0.494302 0.153447 0.150924 0.239483 0.245760 0.378161 0.255480 0.366462 0.285440 0.422930 0.124379 0.137746 0.244495 0.230030 0.282188 0.139821
 34.000000 0.153003 0.235869 0.244182 0.380455 0.459975 0.462261 0.448832 0.589373 0.701193 0.118465 0.135982 0.245732 0.326130 0.321041 0.326941 0.442182 0.557109 0.225506 0.283228 0.339428 0.316059 0.318204 0.421432 0.519213 0.142867 0.248632 0.262008 0.298491 0.379428 0.511337 0.155026 0.159634 0.248117 0.250258 0.392828 0.262865 0.373771 0.289603 0.434047 0.123244 0.135683 0.250817 0.226669 0.284180 0.149175
 35.000000 0.149863 0.243805 0.239487 0.377384 0.460822 0.446905 0.419105 0.581229 0.686296 0.129035 0.134466 0.247919 0.324466 0.316334 0.307321 0.446869 0.557711 0.232157 0.290816 0.334446 0.322492 0.302807 0.440906 0.536396 0.143544 0.248485 0.249492 0.281114 0.371485 0.498381 0.153434 0.147007 0.236241 0.241868 0.381236 0.251008 0.353850 0.291866 0.433960 0.122805 0.135893 0.249331 0.224735 0.279516 0.147570
 36.000000 0.152204 0.237493 0.241663 0.382251 0.436816 0.463829 0.472354 0.572185 0.675848 0.120037 0.131761 0.247285 0.312733 0.314892 0.334652 0.420149 0.525045 0.220848 0.281672 0.332390 0.294975 0.305144 0.379120 0.463419 0.146632 0.239109 0.260925 0.305111 0.373135 0.495032 0.156499 0.151450 0.239545 0.246648 0.378315 0.249417 0.361732 0.273531 0.411784 0.120204 0.133259 0.239835 0.215938 0.262709 0.140545
 37.000000 0.143739 0.232403 0.229428 0.370613 0.452115 0.444311 0.436754 0.562908 0.660650 0.121861 0.130713 0.247166 0.328702 0.311386 0.325446 0.422892 0.525369 0.223576 0.287891 0.342980 0.307914 0.330553 0.393672 0.482714 0.145894 0.247954 0.257428 0.292002 0.373837 0.491907 0.152663 0.154771 0.239316 0.249650 0.379439 0.253211 0.367916 0.279122 0.420635 0.125865 0.134421 0.236833 0.229017 0.270913 0.141771
 38.000000 0.148361 0.227284 0.246402 0.383283 0.455594 0.452142 0.430622 0.588160 0.691811 0.118275 0.136825 0.252248 0.318385 0.320105 0.321229 0.450985 0.562865 0.225171 0.292790 0.328637 0.321885 0.319219 0.439825 0.543038 0.142527 0.242475 0.252733 0.286449 0.377113 0.499784 0.154945 0.154564 0.242407 0.250404 0.384705 0.256261 0.362399 0.298506 0.442310 0.121140 0.138838 0.248359 0.224221 0.275791 0.144520
 39.000000 0.146854 0.242132 0.235476 0.376412 0.437928 0.453079 0.453504 0.571751 0.689856 0.126151 0.132676 0.252515 0.313409 0.318862 0.334003 0.430856 0.549772 0.224537 0.293343 0.326975 0.315640 0.320253 0.407022 0.509738 0.143593 0.242870 0.245434 0.291447 0.360353 0.490096 0.155271 0.149790 0.250236 0.237623 0.375203 0.254503 0.369244 0.280196 0.415261 0.126685 0.130407 0.246986 0.216354 0.277018 0.140464
 40.000000 0.145513 0.233771 0.246905 0.379340 0.493378 0.436909 0.414374 0.556815 0.647680 0.121306 0.138463 0.248879 0.361134 0.307503 0.312368 0.419348 0.518626 0.221529 0.274856 0.372329 0.285897 0.294124 0.371809 0.450433 0.143377 0.258677 0.257833 0.295672 0.372480 0.496307 0.156438 0.158117 0.246538 0.249864 0.386841 0.267017 0.381584 0.287613 0.429282 0.123693 0.135974 0.246717 0.227502 0.282229 0.144354
