#! FIELDS time pair1 pair2 pair3 pair4 pair5 pair6 pair7 pair8 pair9 pair10 pair11 pair12 pair13 pair14 pair15 pair16 pair17 pair18 pair19 pair20 pair21 pair22 pair23 pair24 pair25 pair26 pair27 pair28 pair29 pair30 pair31 pair32 pair33 pair34 pair35 pair36 pair37 pair38 pair39 pair40 pair41 pair42 pair43 pair44 pair45
 0.000000 0.149151 0.232592 0.245106 0.382504 0.489462 0.433744 0.429858 0.524486 0.618652 0.128378 0.132034 0.246903 0.376491 0.303074 0.329396 0.384305 0.490086 0.231132 0.292202 0.444511 0.319908 0.361454 0.357330 0.445714 0.144333 0.248322 0.236277 0.276787 0.341108 0.465834 0.158795 0.149141 0.243185 0.234885 0.374509 0.250701 0.321203 0.335528 0.467933 0.123903 0.133895 0.247334 0.224909 0.282188 0.144700
 1.000000 0.148068 0.230922 0.242720 0.372430 0.480077 0.431160 0.422210 0.531499 0.627936 0.118933 0.138467 0.239708 0.366674 0.307758 0.331628 0.398330 0.508586 0.228018 0.272465 0.418295 0.315744 0.359414 0.368682 0.466387 0.142552 0.238468 0.242722 0.273222 0.356081 0.484414 0.154045 0.148442 0.233882 0.241203 0.385103 0.248405 0.316811 0.329413 0.470534 0.121202 0.133026 0.252909 0.222337 0.286225 0.150874
 2.000000 0.144454 0.230803 0.238097 0.366880 0.463885 0.435785 0.473217 0.503058 0.612338 0.122903 0.131913 0.234721 0.354567 0.309319 0.371129 0.370238 0.491456 0.222706 0.265460 0.410847 0.307199 0.391037 0.319720 0.432266 0.140638 0.228090 0.251016 0.304716 0.348082 0.479087 0.152663 0.153395 0.239038 0.246240 0.383941 0.246998 0.284009 0.356031 0.478979 0.121840 0.136872 0.248236 0.228458 0.285937 0.144503
 3.000000 0.146062 0.230968 0.237664 0.378760 0.473500 0.449762 0.456536 0.555814 0.646893 0.121293 0.135668 0.251970 0.370175 0.332563 0.370298 0.427243 0.531852 0.228460 0.293838 0.425053 0.372712 0.435253 0.434489 0.539617 0.146434 0.248487 0.236529 0.272384 0.353442 0.467853 0.158483 0.149563 0.239679 0.245418 0.381850 0.253783 0.318046 0.340625 0.474325 0.122585 0.134681 0.244880 0.220073 0.266925 0.148084
 4.000000 0.147119 0.236920 0.232564 0.369085 0.478741 0.432335 0.435041 0.535017 0.634918 0.122813 0.130514 0.242940 0.377127 0.311137 0.345967 0.402565 0.515225 0.223537 0.283469 0.437161 0.321560 0.373087 0.373642 0.477759 0.143380 0.251748 0.255409 0.303241 0.366607 0.494049 0.158041 0.161326 0.253592 0.257657 0.397171 0.254721 0.323527 0.344270 0.472142 0.124776 0.135133 0.248855 0.219404 0.268979 0.147953
 5.000000 0.148034 0.233619 0.235321 0.377076 0.481820 0.448452 0.449933 0.540990 0.639521 0.121120 0.128631 0.247407 0.374425 0.319814 0.351075 0.401692 0.509981 0.219786 0.286416 0.432294 0.328611 0.382531 0.371055 0.468390 0.145774 0.251805 0.246976 0.277806 0.353618 0.474353 0.152499 0.150795 0.231426 0.245288 0.379664 0.245314 0.298077 0.334350 0.460518 0.126495 0.133810 0.242928 0.234150 0.290205 0.142720
 6.000000 0.144924 0.231666 0.233976 0.371746 0.462195 0.456403 0.452712 0.582469 0.691710 0.121779 0.130973 0.243516 0.355543 0.333903 0.356902 0.451359 0.567525 0.222931 0.280753 0.409958 0.354284 0.393214 0.449387 0.560005 0.144187 0.235714 0.253079 0.286784 0.374578 0.498483 0.148604 0.154593 0.243037 0.248662 0.384647 0.250008 0.333832 0.306441 0.439229 0.121803 0.134186 0.245825 0.219294 0.274347 0.142324
 7.000000 0.152151 0.233861 0.245790 0.383777 0.483051 0.440694 0.450166 0.527077 0.629261 0.122544 0.138018 0.249313 0.373446 0.308611 0.347541 0.383950 0.496914 0.234278 0.294289 0.439697 0.324438 0.379545 0.357750 0.455887 0.145403 0.240959 0.245214 0.291129 0.347256 0.477469 0.153059 0.157664 0.249876 0.242530 0.385483 0.256712 0.320102 0.344224 0.477989 0.123264 0.132488 0.248453 0.223309 0.281952 0.147723
 8.000000 0.143826 0.235703 0.231920 0.375430 0.467124 0.436645 0.423181 0.556314 0.653632 0.125180 0.132578 0.252599 0.370336 0.309692 0.322400 0.419386 0.524463 0.227163 0.294605 0.435230 0.311800 0.333727 0.388187 0.479061 0.147279 0.241855 0.244965 0.276950 0.367693 0.488250 0.148691 0.155702 0.245394 0.253134 0.389496 0.261224 0.337830 0.340447 0.471782 0.125511 0.141018 0.248604 0.233034 0.280045 0.147031
 9.000000 0.148459 0.243076 0.233895 0.375478 0.480380 0.440651 0.422995 0.554375 0.654089 0.123232 0.136217 0.252428 0.384137 0.314638 0.323087 0.416581 0.522407 0.227906 0.291942 0.442557 0.325037 0.345168 0.392604 0.483451 0.145007 0.253176 0.245165 0.275938 0.362341 0.487260 0.156872 0.157636 0.246919 0.251038 0.391649 0.259734 0.342958 0.333984 0.471890 0.122955 0.134881 0.251472 0.221578 0.281119 0.146387
 10.000000 0.150589 0.233594 0.244796 0.380446 0.478963 0.469996 0.490761 0.557057 0.660287 0.122291 0.132265 0.241450 0.352206 0.346729 0.395842 0.425743 0.541326 0.223546 0.273234 0.383560 0.385889 0.464642 0.430593 0.549528 0.146335 0.250142 0.245318 0.280045 0.353079 0.470712 0.156847 0.151324 0.237800 0.242559 0.374513 0.248705 0.305375 0.337831 0.464027 0.126325 0.137957 0.244481 0.238030 0.295583 0.137997
 11.000000 0.147983 0.233144 0.243183 0.382296 0.477134 0.457543 0.487747 0.529690 0.626677 0.122193 0.133420 0.247768 0.364842 0.329476 0.384986 0.391684 0.500163 0.223110 0.280046 0.418738 0.343792 0.421143 0.362429 0.462316 0.147261 0.239259 0.251517 0.302941 0.345602 0.467609 0.153039 0.155573 0.247231 0.237405 0.373896 0.251456 0.307821 0.343526 0.473372 0.121770 0.133739 0.241456 0.225836 0.278160 0.142531
 12.000000 0.151934 0.239159 0.242903 0.384651 0.481977 0.449833 0.450931 0.550048 0.650603 0.119620 0.133559 0.252206 0.376045 0.311426 0.336884 0.402305 0.510960 0.219939 0.285337 0.431149 0.300568 0.334255 0.357276 0.450103 0.147628 0.248403 0.254456 0.298029 0.361523 0.488727 0.152729 0.147993 0.234203 0.244665 0.382466 0.239408 0.295163 0.332197 0.456160 0.122821 0.134443 0.245540 0.223513 0.272050 0.149375
 13.000000 0.154648 0.239744 0.247273 0.384544 0.483939 0.460169 0.467211 0.554766 0.655584 0.121347 0.134119 0.248125 0.375751 0.318715 0.349162 0.403590 0.511024 0.223716 0.285715 0.437564 0.322605 0.367033 0.369226 0.460601 0.142681 0.244780 0.248232 0.288614 0.355158 0.480502 0.159201 0.163012 0.252238 0.250146 0.390825 0.257391 0.320008 0.345766 0.479772 0.122250 0.135418 0.248920 0.225878 0.283436 0.146414
 14.000000 0.147190 0.236006 0.242539 0.377987 0.482228 0.434723 0.431854 0.540572 0.633812 0.122939 0.137149 0.246384 0.369206 0.315343 0.345732 0.410438 0.517566 0.225818 0.277152 0.418496 0.326624 0.377768 0.384012 0.482138 0.144149 0.244395 0.235349 0.271317 0.351785 0.473004 0.152742 0.155942 0.248238 0.245222 0.384799 0.257946 0.333961 0.333494 0.470470 0.122678 0.135211 0.247366 0.223258 0.276130 0.146710
 15.000000 0.148489 0.232424 0.246625 0.379863 0.477430 0.469964 0.478274 0.579363 0.692094 0.120557 0.137131 0.247607 0.364398 0.345209 0.380454 0.442369 0.562161 0.224876 0.284459 0.415218 0.370045 0.424795 0.434207 0.549499 0.139686 0.237089 0.253902 0.294764 0.367316 0.493933 0.150529 0.153721 0.241979 0.245008 0.380544 0.241025 0.317807 0.311650 0.439251 0.120706 0.137641 0.247030 0.226440 0.282931 0.141227
 16.000000 0.149723 0.228193 0.252581 0.383893 0.495296 0.456296 0.524842 0.509433 0.627335 0.121610 0.134179 0.242184 0.370552 0.317835 0.402544 0.370158 0.497126 0.221903 0.270485 0.419397 0.314417 0.418324 0.319190 0.440069 0.143823 0.244297 0.249710 0.319678 0.343076 0.473690 0.154149 0.149111 0.239435 0.245084 0.377127 0.241218 0.273308 0.352375 0.463512 0.124744 0.135727 0.243370 0.224546 0.273543 0.141007
 17.000000 0.146212 0.235161 0.241153 0.378926 0.489903 0.448738 0.413886 0.582931 0.685974 0.121700 0.138235 0.249554 0.383250 0.317726 0.305113 0.447136 0.556627 0.225570 0.280745 0.435630 0.306596 0.290649 0.418884 0.513012 0.145650 0.252480 0.250442 0.270372 0.379376 0.504106 0.159292 0.156400 0.241456 0.257864 0.397030 0.259806 0.353863 0.313914 0.451324 0.124980 0.136971 0.253799 0.226091 0.287106 0.145908
 18.000000 0.150227 0.242440 0.237144 0.381286 0.478587 0.442816 0.432613 0.556663 0.651359 0.124920 0.134629 0.253478 0.376798 0.305513 0.315040 0.410007 0.509927 0.229316 0.294866 0.439026 0.302505 0.312911 0.374466 0.454691 0.148088 0.246856 0.246026 0.280334 0.363025 0.483254 0.148936 0.150057 0.237245 0.244444 0.380565 0.246579 0.322169 0.323989 0.454797 0.117618 0.138543 0.245367 0.221748 0.268248 0.147041
 19.000000 0.149436 0.237070 0.242720 0.384121 0.485425 0.451660 0.437408 0.568088 0.670876 0.122348 0.137920 0.253752 0.378114 0.325285 0.340783 0.431151 0.542668 0.229524 0.291810 0.436061 0.338847 0.371954 0.412517 0.514406 0.147635 0.246158 0.250008 0.277346 0.370412 0.494726 0.150605 0.154130 0.239059 0.250234 0.387642 0.239712 0.308770 0.317107 0.445809 0.122593 0.136532 0.249780 0.226967 0.286826 0.143621
 20.000000 0.150526 0.235902 0.248262 0.381933 0.492640 0.454527 0.464432 0.551559 0.651434 0.126957 0.134529 0.243908 0.374604 0.309091 0.337771 0.402834 0.510084 0.229094 0.279988 0.431456 0.300674 0.348421 0.355692 0.455858 0.143586 0.246345 0.252272 0.284438 0.367201 0.484221 0.154386 0.155994 0.233594 0.256975 0.386462 0.247962 0.294674 0.340663 0.453257 0.121762 0.133634 0.237514 0.222383 0.262227 0.146058
 21.000000 0.141580 0.229157 0.235737 0.374792 0.481154 0.447056 0.454150 0.550496 0.662523 0.121450 0.135355 0.247415 0.375300 0.313027 0.338805 0.410567 0.527824 0.225045 0.277852 0.427448 0.300649 0.332700 0.366002 0.467964 0.149174 0.247129 0.255615 0.296877 0.369467 0.501415 0.153864 0.152964 0.244812 0.247069 0.390600 0.245377 0.318554 0.326357 0.458482 0.123203 0.133120 0.252147 0.217610 0.275247 0.150236
 22.000000 0.143339 0.228591 0.233122 0.371566 0.463665 0.470164 0.489287 0.577249 0.695392 0.121318 0.129113 0.243567 0.358972 0.340432 0.380707 0.438326 0.561790 0.220309 0.280063 0.415725 0.346586 0.401851 0.411230 0.528373 0.144786 0.239021 0.266484 0.310103 0.381641 0.510484 0.150213 0.162139 0.249453 0.259147 0.396587 0.258436 0.331184 0.338705 0.466777 0.122499 0.139047 0.249580 0.226279 0.278004 0.146157
 23.000000 0.147017 0.233144 0.235516 0.369677 0.478976 0.433425 0.437948 0.518137 0.597122 0.120822 0.133334 0.239218 0.367394 0.311761 0.347908 0.385998 0.479661 0.225406 0.272516 0.418615 0.314892 0.374462 0.345945 0.425011 0.146414 0.244291 0.257777 0.292483 0.360286 0.475519 0.153105 0.157474 0.236949 0.247582 0.379867 0.256681 0.310860 0.344842 0.478166 0.120876 0.134763 0.243041 0.229978 0.289817 0.140364
 24.000000 0.145993 0.227873 0.242543 0.378938 0.470662 0.448848 0.432694 0.565903 0.652608 0.122188 0.136664 0.250675 0.368826 0.323350 0.333787 0.431375 0.527811 0.230185 0.296388 0.435680 0.350550 0.373890 0.429020 0.516501 0.141439 0.236897 0.242870 0.274071 0.363193 0.476787 0.155412 0.156323 0.246142 0.252075 0.384982 0.259750 0.341285 0.337794 0.470967 0.123244 0.133308 0.240529 0.217407 0.259863 0.144045
 25.000000 0.150257 0.231331 0.246735 0.383264 0.487955 0.441205 0.443396 0.536658 0.635825 0.121446 0.132850 0.243897 0.369319 0.303824 0.332320 0.392748 0.502518 0.223020 0.274898 0.423171 0.299449 0.343910 0.350791 0.447907 0.147475 0.243183 0.247111 0.284917 0.356036 0.480742 0.155856 0.147204 0.234800 0.238229 0.375108 0.257142 0.323264 0.337464 0.466533 0.121828 0.131628 0.242778 0.221138 0.274469 0.144537
 26.000000 0.148856 0.242615 0.239228 0.379397 0.491676 0.447180 0.433895 0.553165 0.646729 0.123191 0.134878 0.251348 0.386705 0.319912 0.336216 0.414355 0.518232 0.222477 0.282192 0.437522 0.314465 0.347110 0.372024 0.462174 0.147377 0.256914 0.257387 0.288945 0.369294 0.492290 0.160228 0.150386 0.232011 0.248407 0.385192 0.253537 0.320715 0.335513 0.468331 0.123065 0.137164 0.247501 0.230419 0.283192 0.147794
 27.000000 0.148963 0.238206 0.244125 0.376784 0.486442 0.438618 0.455704 0.524059 0.623149 0.123305 0.132985 0.242033 0.371325 0.308995 0.355339 0.385624 0.496844 0.220120 0.269904 0.418127 0.296840 0.362174 0.330560 0.426561 0.143014 0.245949 0.259744 0.313275 0.359548 0.490105 0.150167 0.163444 0.253775 0.252440 0.393642 0.247394 0.305513 0.338526 0.471343 0.125419 0.135218 0.251269 0.228609 0.290644 0.145479
 28.000000 0.147963 0.233961 0.235915 0.369175 0.468749 0.424823 0.427459 0.518248 0.621780 0.121536 0.133839 0.239977 0.365101 0.303542 0.339493 0.383385 0.499026 0.226729 0.278320 0.426699 0.310891 0.362440 0.350729 0.455008 0.141244 0.236749 0.239272 0.282257 0.342300 0.469508 0.154926 0.153118 0.245497 0.233805 0.372615 0.248437 0.312248 0.329452 0.453863 0.122988 0.132612 0.240010 0.226892 0.275323 0.146270
 29.000000 0.149937 0.235366 0.248564 0.384723 0.499173 0.446431 0.443650 0.548130 0.643852 0.122971 0.131472 0.244673 0.374562 0.314060 0.340176 0.409230 0.516978 0.217101 0.268233 0.415676 0.309493 0.360319 0.367005 0.466697 0.146492 0.251408 0.249225 0.279437 0.363673 0.484154 0.151822 0.153873 0.236104 0.248358 0.381745 0.245620 0.307878 0.324355 0.449845 0.122336 0.134533 0.243384 0.227071 0.283545 0.140211
 30.000000 0.150193 0.230313 0.244176 0.381435 0.481063 0.447666 0.450766 0.554216 0.651004 0.119558 0.132567 0.245155 0.366380 0.301272 0.320415 0.404179 0.504466 0.222418 0.281036 0.422907 0.287717 0.304516 0.365430 0.443304 0.144848 0.241764 0.249618 0.293111 0.360007 0.481015 0.152220 0.144153 0.233947 0.236453 0.368550 0.232764 0.295269 0.311873 0.435736 0.123008 0.131674 0.240044 0.220438 0.273266 0.138813
 31.000000 0.150429 0.238116 0.245841 0.383557 0.486512 0.456379 0.451961 0.580724 0.684702 0.120474 0.136839 0.252565 0.378916 0.313810 0.326852 0.432478 0.537835 0.222605 0.287852 0.432441 0.298149 0.304451 0.397425 0.480997 0.141683 0.246941 0.250807 0.294627 0.370635 0.495581 0.152164 0.153251 0.248010 0.248008 0.384043 0.236821 0.316267 0.302830 0.433037 0.128176 0.139621 0.250242 0.232768 0.287934 0.142088
 32.000000 0.151172 0.238826 0.239203 0.381886 0.484681 0.444559 0.437955 0.564773 0.666251 0.122560 0.128378 0.247338 0.375341 0.306633 0.323577 0.418786 0.526390 0.218078 0.281043 0.430918 0.313626 0.344713 0.394192 0.492574 0.147475 0.251066 0.240983 0.276263 0.363143 0.483811 0.156515 0.145079 0.236360 0.241234 0.375071 0.245563 0.321890 0.315989 0.440567 0.121532 0.137062 0.246159 0.221531 0.273470 0.141344
 33.000000 0.148657 0.240019 0.236224 0.374037 0.471578 0.437824 0.426137 0.554677 0.661534 0.118937 0.135665 0.249261 0.376623 0.315317 0.331297 0.420891 0.535085 0.220982 0.282943 0.434278 0.321759 0.346644 0.400364 0.505084 0.141739 0.243984 0.240653 0.278530 0.354116 0.479580 0.160356 0.150499 0.243099 0.236241 0.372874 0.252408 0.332967 0.314620 0.438594 0.121346 0.129731 0.241066 0.216132 0.269952 0.142060
 34.000000 0.147628 0.229055 0.235699 0.369911 0.466602 0.440354 0.447064 0.546519 0.665268 0.118136 0.129321 0.238416 0.359404 0.313538 0.349743 0.408462 0.533772 0.218833 0.275902 0.414781 0.337132 0.396349 0.398473 0.518576 0.140691 0.237493 0.239954 0.279063 0.350527 0.482171 0.154897 0.148587 0.238298 0.234147 0.373123 0.250050 0.315232 0.319359 0.443642 0.123718 0.131586 0.247130 0.225834 0.290257 0.142920
 35.000000 0.143070 0.226351 0.229395 0.362163 0.462304 0.436907 0.470635 0.509667 0.616536 0.121219 0.129819 0.237455 0.362814 0.317050 0.378547 0.378753 0.495786 0.225524 0.283424 0.426997 0.347636 0.432396 0.366445 0.479151 0.138499 0.240302 0.240046 0.293641 0.335775 0.459196 0.157414 0.152204 0.243366 0.240838 0.372946 0.249417 0.296951 0.349365 0.466508 0.125686 0.132110 0.237842 0.225876 0.274674 0.139004
 36.000000 0.146700 0.232351 0.240958 0.376098 0.475354 0.441691 0.455707 0.534344 0.643183 0.121169 0.134119 0.245864 0.372087 0.309977 0.349405 0.393342 0.510643 0.222769 0.282363 0.433517 0.311885 0.367263 0.352505 0.457893 0.142524 0.240859 0.253041 0.303829 0.359664 0.492008 0.160081 0.153782 0.243156 0.250896 0.390626 0.262032 0.319814 0.361028 0.488983 0.122695 0.140072 0.254554 0.227697 0.286831 0.146226
 37.000000 0.146113 0.227099 0.246051 0.386141 0.478866 0.459901 0.450330 0.575752 0.693537 0.121495 0.132951 0.253381 0.370265 0.325567 0.338103 0.434119 0.557316 0.220565 0.288023 0.429592 0.313919 0.324818 0.401490 0.509254 0.146854 0.240940 0.262080 0.300343 0.373110 0.508851 0.151875 0.153701 0.239954 0.243477 0.385804 0.241748 0.310429 0.313016 0.439314 0.121614 0.133780 0.250857 0.225080 0.287922 0.148371
 38.000000 0.145815 0.230549 0.245489 0.384098 0.487821 0.451358 0.459553 0.547292 0.659856 0.120437 0.136092 0.250633 0.375397 0.316117 0.347570 0.405696 0.525167 0.221450 0.278234 0.425537 0.307495 0.353050 0.361101 0.470108 0.147641 0.244528 0.253079 0.296574 0.362682 0.493195 0.152912 0.150476 0.242169 0.244937 0.382744 0.247113 0.314811 0.333913 0.456722 0.125686 0.132155 0.247705 0.220649 0.279079 0.143865
 39.000000 0.149456 0.233069 0.242642 0.382731 0.481674 0.445217 0.437422 0.551605 0.644284 0.122638 0.135004 0.251805 0.375570 0.314418 0.334013 0.409508 0.509167 0.228915 0.295103 0.440596 0.321290 0.348248 0.385374 0.467336 0.145685 0.244420 0.248992 0.288134 0.355431 0.473106 0.151529 0.152240 0.243041 0.234783 0.365438 0.242178 0.314252 0.311945 0.435791 0.123118 0.133019 0.234137 0.228048 0.274062 0.137674
 40.000000 0.146598 0.236144 0.239328 0.379486 0.477537 0.465259 0.468966 0.575024 0.685270 0.126123 0.137131 0.252430 0.376225 0.324637 0.341330 0.429244 0.540200 0.233491 0.296746 0.442581 0.315319 0.323637 0.396395 0.484639 0.145959 0.246410 0.269005 0.315764 0.377639 0.507836 0.154577 0.155602 0.243694 0.250573 0.388439 0.247342 0.319313 0.326963 0.456755 0.123203 0.136334 0.249610 0.225291 0.283136 0.143993
