#! FIELDS time pair1 pair2 pair3 pair4 pair5 pair6 pair7 pair8 pair9 pair10 pair11 pair12 pair13 pair14 pair15 pair16 pair17 pair18 pair19 pair20 pair21 pair22 pair23 pair24 pair25 pair26 pair27 pair28 pair29 pair30 pair31 pair32 pair33 pair34 pair35 pair36 pair37 pair38 pair39 pair40 pair41 pair42 pair43 pair44 pair45
 0.000000 0.149148 0.238178 0.242211 0.384982 0.450942 0.470313 0.589348 0.450826 0.573402 0.120855 0.133368 0.255221 0.322149 0.329550 0.445158 0.327300 0.455400 0.218616 0.288988 0.331116 0.315159 0.417954 0.305393 0.415474 0.146031 0.246761 0.260814 0.374001 0.293172 0.430811 0.155197 0.158155 0.247637 0.253194 0.379907 0.251291 0.289996 0.370488 0.483215 0.123341 0.138094 0.236884 0.225644 0.264169 0.137673
 1.000000 0.149730 0.236907 0.239929 0.377939 0.438257 0.450538 0.561066 0.429281 0.539721 0.123166 0.131259 0.244436 0.308198 0.309495 0.414719 0.311026 0.430418 0.223224 0.280048 0.312564 0.305864 0.386691 0.316030 0.410461 0.145127 0.245008 0.247188 0.359145 0.273009 0.413169 0.148953 0.153212 0.240759 0.246203 0.381656 0.255173 0.289085 0.372026 0.493062 0.122029 0.135107 0.244088 0.224145 0.275746 0.143698
 2.000000 0.148560 0.232157 0.245620 0.384377 0.472215 0.454457 0.537712 0.477620 0.592808 0.121000 0.137248 0.252907 0.347622 0.311411 0.389710 0.353886 0.474691 0.226601 0.290649 0.383080 0.288933 0.341542 0.328898 0.426692 0.144807 0.244004 0.259950 0.353082 0.318807 0.456309 0.150057 0.156605 0.243676 0.248984 0.383423 0.256461 0.281036 0.375811 0.496735 0.125112 0.134007 0.245516 0.227449 0.286603 0.140014
 3.000000 0.145052 0.231443 0.235714 0.378600 0.466892 0.457658 0.550315 0.450646 0.562513 0.123020 0.133810 0.253602 0.338000 0.325827 0.409485 0.344177 0.462944 0.228353 0.298359 0.350808 0.330595 0.381704 0.362632 0.460744 0.146932 0.259517 0.260004 0.360326 0.292412 0.428996 0.156032 0.157965 0.244782 0.244016 0.377480 0.252276 0.267922 0.373612 0.491212 0.124776 0.133540 0.238943 0.231054 0.283240 0.139925
 4.000000 0.145003 0.231875 0.230578 0.375801 0.452055 0.445108 0.505112 0.492371 0.606012 0.121696 0.129391 0.250986 0.335610 0.304925 0.360228 0.368116 0.484195 0.222908 0.293162 0.367660 0.290236 0.311175 0.357890 0.448871 0.149158 0.243117 0.256922 0.334739 0.327489 0.462693 0.154874 0.151700 0.235775 0.243920 0.379907 0.253119 0.273456 0.372144 0.493385 0.121305 0.134559 0.246613 0.226029 0.286944 0.141640
 5.000000 0.143297 0.226248 0.237497 0.377293 0.469459 0.446375 0.543133 0.443669 0.552982 0.121482 0.135805 0.252622 0.347122 0.313829 0.402856 0.334763 0.451986 0.229436 0.296165 0.380321 0.307173 0.368197 0.330748 0.421057 0.146945 0.248847 0.258979 0.359686 0.301299 0.440672 0.159781 0.149790 0.240206 0.236554 0.375075 0.261310 0.284810 0.378595 0.503886 0.126071 0.130572 0.242912 0.226859 0.282599 0.144544
 6.000000 0.148071 0.231573 0.241021 0.381079 0.454046 0.455716 0.507564 0.490280 0.598292 0.119218 0.136565 0.252262 0.315127 0.330675 0.373031 0.394871 0.511988 0.226550 0.292399 0.308551 0.350481 0.353787 0.441083 0.545422 0.145293 0.259224 0.244798 0.323063 0.295812 0.430750 0.158887 0.156569 0.235091 0.246420 0.385694 0.266280 0.285070 0.385053 0.511501 0.118701 0.135429 0.247164 0.228585 0.289365 0.146051
 7.000000 0.146799 0.233934 0.239010 0.374287 0.443094 0.436392 0.536231 0.436272 0.546176 0.123114 0.136015 0.246862 0.305067 0.314557 0.404206 0.349049 0.470513 0.229636 0.289831 0.297948 0.339448 0.393010 0.398911 0.507777 0.140745 0.247051 0.237794 0.348904 0.276614 0.413819 0.154955 0.154858 0.247004 0.248415 0.382627 0.265846 0.296412 0.386115 0.509298 0.128507 0.132518 0.243635 0.225506 0.279521 0.140175
 8.000000 0.145551 0.228340 0.238504 0.380865 0.450898 0.463354 0.498321 0.545525 0.659634 0.117805 0.132442 0.251100 0.320490 0.330270 0.362741 0.428599 0.543884 0.219023 0.284311 0.322158 0.330784 0.323300 0.448742 0.546683 0.148358 0.252723 0.259525 0.333742 0.339149 0.470716 0.153587 0.157547 0.251034 0.246207 0.379264 0.262214 0.316823 0.362983 0.480637 0.122691 0.133360 0.238109 0.219367 0.261796 0.142130
 9.000000 0.148893 0.235134 0.247752 0.383569 0.459278 0.458538 0.438459 0.589289 0.694744 0.125304 0.135676 0.247621 0.319608 0.322258 0.313041 0.455243 0.566018 0.227299 0.282321 0.312167 0.323210 0.287545 0.456956 0.550673 0.144125 0.259432 0.249010 0.287393 0.366374 0.495516 0.158647 0.149660 0.237779 0.247220 0.389856 0.249473 0.327576 0.318881 0.454331 0.121922 0.135919 0.251885 0.221434 0.273589 0.153408
 10.000000 0.146724 0.233720 0.241301 0.382127 0.440960 0.467736 0.455062 0.597285 0.707457 0.122381 0.137397 0.253032 0.304188 0.337148 0.334367 0.468822 0.585485 0.228782 0.290369 0.293743 0.351110 0.333437 0.484096 0.596034 0.147496 0.247984 0.255227 0.292665 0.369819 0.495607 0.147333 0.153681 0.243010 0.244583 0.386788 0.244673 0.327141 0.310924 0.456112 0.121992 0.139007 0.252525 0.229933 0.285182 0.151914
 11.000000 0.145410 0.232192 0.234158 0.372638 0.454791 0.449278 0.447225 0.561017 0.680269 0.123729 0.134082 0.250972 0.317961 0.335158 0.335640 0.458977 0.582672 0.230796 0.301460 0.323670 0.363436 0.330547 0.500089 0.611455 0.142088 0.250474 0.253505 0.302334 0.356497 0.492904 0.156077 0.158808 0.246035 0.250078 0.391669 0.264764 0.326859 0.348085 0.476635 0.125702 0.139237 0.254356 0.236968 0.300153 0.147370
 12.000000 0.146253 0.233936 0.237289 0.377058 0.438071 0.455693 0.505273 0.521269 0.639409 0.123863 0.136492 0.253809 0.298278 0.339991 0.380803 0.431800 0.554540 0.232078 0.302028 0.287242 0.382458 0.388542 0.498202 0.612779 0.143307 0.246301 0.238877 0.316962 0.313740 0.447515 0.151093 0.153886 0.241752 0.249359 0.384423 0.256807 0.287925 0.375123 0.495013 0.124872 0.137801 0.247103 0.230530 0.283952 0.143252
 13.000000 0.147949 0.236265 0.236873 0.377237 0.466310 0.453538 0.432568 0.576179 0.681968 0.123669 0.140883 0.256782 0.349053 0.316547 0.308522 0.433392 0.538692 0.237836 0.308521 0.375750 0.325235 0.311958 0.420429 0.504243 0.143405 0.254209 0.255386 0.285850 0.372893 0.500321 0.153964 0.159966 0.247117 0.251933 0.392046 0.259881 0.371615 0.285666 0.425879 0.124201 0.132917 0.248864 0.224118 0.284343 0.145691
 14.000000 0.154156 0.247913 0.250196 0.393317 0.463068 0.475213 0.468841 0.600396 0.704393 0.125336 0.138239 0.257546 0.327640 0.331377 0.342251 0.450745 0.558642 0.225240 0.287390 0.338616 0.311387 0.313657 0.414302 0.507295 0.148155 0.245010 0.264479 0.306160 0.382603 0.503660 0.151162 0.155978 0.249066 0.249088 0.380885 0.252545 0.367222 0.281359 0.423444 0.125455 0.135720 0.239687 0.224666 0.265241 0.142794
 15.000000 0.148445 0.230100 0.246394 0.379295 0.453381 0.454869 0.444256 0.571981 0.679327 0.120789 0.139234 0.247299 0.323398 0.314283 0.320891 0.425810 0.536933 0.230920 0.288314 0.343007 0.304473 0.301544 0.394561 0.485309 0.140816 0.239988 0.260238 0.301133 0.374361 0.504687 0.156573 0.155862 0.243463 0.250589 0.390064 0.253972 0.364292 0.281055 0.422475 0.121099 0.132537 0.248703 0.216234 0.274762 0.145482
 16.000000 0.146741 0.237422 0.231147 0.368703 0.434167 0.450632 0.431737 0.585718 0.689031 0.124595 0.131095 0.243793 0.312144 0.314471 0.307373 0.447492 0.554071 0.227477 0.288657 0.334015 0.311474 0.287071 0.435110 0.525762 0.141580 0.238575 0.255402 0.287879 0.379353 0.501683 0.153808 0.155599 0.242671 0.253097 0.389642 0.259657 0.359260 0.311209 0.456169 0.121433 0.137437 0.247415 0.222627 0.270640 0.148030
 17.000000 0.149174 0.234032 0.244465 0.385387 0.459603 0.448832 0.427033 0.574823 0.661130 0.122090 0.133888 0.252004 0.320134 0.317158 0.322127 0.435364 0.532094 0.223473 0.287096 0.321683 0.316571 0.327399 0.410894 0.496941 0.147662 0.249199 0.252248 0.283249 0.373762 0.486072 0.156793 0.151489 0.240237 0.246118 0.374804 0.259424 0.369851 0.290210 0.431604 0.123665 0.136070 0.234864 0.226111 0.259996 0.143381
 18.000000 0.144592 0.229930 0.235858 0.376025 0.437011 0.455415 0.440052 0.588232 0.694076 0.121536 0.132280 0.250320 0.314884 0.320849 0.317139 0.451480 0.557825 0.224083 0.292484 0.339215 0.318200 0.293295 0.442092 0.527308 0.144118 0.234252 0.255253 0.293743 0.375103 0.500121 0.150479 0.152066 0.245400 0.243627 0.380422 0.258023 0.360889 0.302156 0.438234 0.124712 0.136916 0.245359 0.227251 0.275264 0.145454
 19.000000 0.149576 0.232366 0.242706 0.381589 0.456015 0.455027 0.430644 0.584961 0.681685 0.120835 0.135768 0.249962 0.311418 0.331157 0.332390 0.456024 0.563334 0.228171 0.291039 0.304010 0.351645 0.355542 0.461447 0.561352 0.145842 0.251189 0.256281 0.288003 0.378578 0.499722 0.149713 0.158688 0.247843 0.255071 0.392015 0.252333 0.354308 0.301750 0.441291 0.122287 0.131092 0.243873 0.212153 0.260396 0.145976
 20.000000 0.151621 0.243731 0.243271 0.386359 0.455988 0.467938 0.452306 0.596661 0.706704 0.124193 0.136982 0.256503 0.334775 0.323943 0.317008 0.449757 0.558902 0.227499 0.294703 0.362229 0.310501 0.283179 0.424991 0.513501 0.147153 0.249732 0.256895 0.287962 0.377869 0.502891 0.158013 0.151542 0.238055 0.245742 0.380454 0.260655 0.363959 0.296056 0.429401 0.119537 0.134663 0.246917 0.219593 0.280352 0.139305
 21.000000 0.147648 0.234254 0.247211 0.380657 0.456985 0.455076 0.430908 0.583837 0.675201 0.123624 0.140104 0.249648 0.325163 0.318770 0.312496 0.442228 0.535320 0.231089 0.288630 0.333095 0.319664 0.308566 0.426175 0.497621 0.140560 0.244364 0.252137 0.284484 0.370647 0.486289 0.154334 0.149686 0.237710 0.241930 0.369232 0.251502 0.358638 0.280259 0.403697 0.123992 0.135447 0.237306 0.228814 0.276706 0.137252
 22.000000 0.147262 0.230534 0.240770 0.377637 0.451170 0.445925 0.438717 0.564975 0.666522 0.120971 0.137782 0.244965 0.317550 0.310079 0.326541 0.422167 0.530684 0.230091 0.280532 0.315389 0.313051 0.341211 0.397878 0.497652 0.148405 0.250500 0.259147 0.297195 0.376177 0.498860 0.150977 0.155077 0.246546 0.245978 0.380900 0.254863 0.370550 0.279408 0.423397 0.125092 0.134157 0.240711 0.225047 0.268831 0.144852
 23.000000 0.145114 0.235021 0.233532 0.369222 0.450655 0.441594 0.431468 0.563078 0.668019 0.126905 0.132495 0.245400 0.323719 0.313345 0.328187 0.425736 0.536102 0.231296 0.295198 0.340354 0.327411 0.353749 0.412565 0.509398 0.139320 0.249538 0.244160 0.275107 0.362701 0.486660 0.157997 0.152184 0.235741 0.244904 0.381413 0.263642 0.374130 0.287925 0.431448 0.122090 0.135374 0.244728 0.227728 0.281343 0.145045
 24.000000 0.148098 0.240801 0.236402 0.377652 0.447082 0.450851 0.432644 0.574633 0.674209 0.121474 0.137902 0.257282 0.321075 0.322444 0.325214 0.437239 0.540142 0.227273 0.299423 0.332778 0.327258 0.333071 0.418342 0.504227 0.143572 0.240350 0.251398 0.283177 0.369974 0.492589 0.159276 0.153955 0.240371 0.248270 0.385145 0.265701 0.373263 0.298672 0.439213 0.122532 0.134164 0.245008 0.223244 0.275327 0.145537
 25.000000 0.150446 0.231662 0.248859 0.390042 0.458190 0.482664 0.458918 0.612279 0.724476 0.122495 0.136239 0.255803 0.326334 0.339697 0.325162 0.468279 0.580927 0.228123 0.298003 0.339625 0.340098 0.304403 0.465250 0.561570 0.146075 0.246668 0.269152 0.298893 0.384258 0.511591 0.153587 0.159853 0.243904 0.248962 0.385314 0.252163 0.344964 0.293712 0.427202 0.123831 0.135385 0.244479 0.232282 0.289168 0.142468
 26.000000 0.145564 0.230341 0.235805 0.371583 0.439895 0.456413 0.426541 0.582929 0.687554 0.121934 0.132684 0.245326 0.302888 0.332003 0.311423 0.459803 0.568004 0.226488 0.289795 0.292399 0.360575 0.326172 0.485917 0.584846 0.140890 0.253425 0.240992 0.260816 0.358154 0.477211 0.156083 0.149576 0.227423 0.244610 0.376492 0.251374 0.319802 0.317329 0.441717 0.123313 0.131488 0.239606 0.227444 0.283071 0.140136
 27.000000 0.146908 0.229218 0.242114 0.384570 0.457570 0.462862 0.449824 0.591531 0.694068 0.124278 0.134495 0.254063 0.327350 0.325971 0.324564 0.452854 0.557413 0.230777 0.299762 0.342580 0.330475 0.308488 0.452069 0.538878 0.147800 0.252145 0.260879 0.301146 0.375081 0.496439 0.155493 0.159075 0.250938 0.243518 0.376544 0.259606 0.356903 0.298374 0.428249 0.119679 0.132454 0.236631 0.217575 0.262779 0.139735
 28.000000 0.149726 0.240054 0.235563 0.379343 0.451330 0.461642 0.442964 0.595352 0.692788 0.119800 0.134432 0.254596 0.312053 0.338734 0.340536 0.468715 0.573202 0.222477 0.292156 0.308598 0.348891 0.347167 0.468809 0.562780 0.146598 0.248228 0.256127 0.288349 0.380250 0.498222 0.150340 0.154835 0.245630 0.252517 0.386919 0.249932 0.352667 0.303109 0.440908 0.124635 0.135237 0.242805 0.220620 0.261989 0.146325
 29.000000 0.143798 0.231299 0.232202 0.377498 0.442295 0.447473 0.432061 0.579049 0.685176 0.123552 0.130675 0.254992 0.320489 0.312099 0.305907 0.442437 0.548901 0.225080 0.300277 0.333068 0.314329 0.287753 0.436789 0.525891 0.148219 0.247695 0.248125 0.286040 0.367813 0.490347 0.152938 0.153535 0.250851 0.239606 0.375048 0.247784 0.349545 0.289194 0.421854 0.124856 0.134930 0.242986 0.224430 0.274144 0.141004
 30.000000 0.149673 0.245008 0.233362 0.375394 0.445863 0.460536 0.456563 0.585455 0.693936 0.123073 0.133641 0.252026 0.322735 0.325814 0.318437 0.457177 0.564642 0.224149 0.290988 0.334797 0.324438 0.279122 0.460022 0.549387 0.144406 0.247042 0.254988 0.297318 0.370074 0.494636 0.159201 0.151572 0.237594 0.247972 0.382364 0.260785 0.328624 0.335436 0.462853 0.120553 0.135853 0.245793 0.221307 0.275639 0.141725
 31.000000 0.146051 0.238782 0.233773 0.381578 0.462534 0.454732 0.500324 0.510569 0.623250 0.123378 0.133510 0.256798 0.327080 0.330039 0.367558 0.410621 0.529433 0.224666 0.292662 0.323745 0.336054 0.331356 0.440461 0.544600 0.152342 0.257161 0.257859 0.333781 0.323717 0.459171 0.150267 0.151351 0.239604 0.238472 0.377643 0.245184 0.281059 0.355338 0.480015 0.120868 0.132733 0.245538 0.222973 0.281105 0.144821
 32.000000 0.149111 0.237565 0.240944 0.380823 0.441802 0.456757 0.573101 0.433065 0.553289 0.123016 0.139226 0.251575 0.301136 0.330788 0.439885 0.337741 0.467984 0.231156 0.289097 0.300390 0.335967 0.424883 0.351161 0.463312 0.146786 0.248022 0.251796 0.366108 0.277700 0.421219 0.153769 0.152450 0.242605 0.245412 0.381223 0.257119 0.297604 0.371874 0.494945 0.122172 0.134573 0.243610 0.220939 0.269425 0.144402
 33.000000 0.146332 0.231177 0.245782 0.384589 0.464450 0.459386 0.515089 0.514811 0.627650 0.127224 0.135757 0.251034 0.336204 0.318719 0.371381 0.391238 0.510437 0.231840 0.291222 0.359145 0.305542 0.316932 0.391572 0.487764 0.146990 0.250701 0.262941 0.346188 0.330831 0.470449 0.154405 0.156352 0.243594 0.246919 0.390267 0.256517 0.284403 0.370527 0.501551 0.124491 0.134466 0.253279 0.228602 0.294472 0.147773
 34.000000 0.150738 0.231918 0.243247 0.380175 0.453976 0.461187 0.508854 0.528765 0.638856 0.120133 0.138611 0.250218 0.319934 0.326543 0.364634 0.416938 0.533377 0.232028 0.295027 0.344346 0.328411 0.326640 0.430020 0.528964 0.143011 0.241886 0.258915 0.332670 0.341945 0.475367 0.154961 0.150854 0.232123 0.254704 0.392650 0.254598 0.279525 0.378802 0.507091 0.119088 0.140125 0.259648 0.224439 0.298692 0.141117
 35.000000 0.148277 0.237718 0.243830 0.385063 0.438853 0.473639 0.537820 0.525560 0.637916 0.123410 0.136195 0.255067 0.309286 0.334524 0.391576 0.404825 0.519321 0.225182 0.290050 0.307620 0.334236 0.351679 0.424416 0.522171 0.147804 0.248767 0.253340 0.342720 0.313174 0.443339 0.151845 0.147814 0.239054 0.240716 0.373134 0.242450 0.271724 0.365060 0.482916 0.120921 0.133944 0.242722 0.217832 0.271348 0.138076
 36.000000 0.148371 0.232299 0.242813 0.382493 0.447216 0.449566 0.546803 0.447741 0.557915 0.119553 0.134127 0.251827 0.313142 0.314894 0.404270 0.340432 0.460533 0.221515 0.289050 0.318385 0.314848 0.373814 0.352163 0.453165 0.144059 0.244928 0.243627 0.348861 0.284454 0.422778 0.152692 0.151852 0.239251 0.249305 0.385749 0.254456 0.280781 0.379133 0.503254 0.121301 0.135447 0.249738 0.219977 0.280287 0.141919
 37.000000 0.151228 0.234295 0.244978 0.382359 0.444927 0.448159 0.525777 0.467856 0.571228 0.124250 0.133821 0.246419 0.315991 0.302202 0.376166 0.342583 0.455660 0.229028 0.286698 0.326444 0.298901 0.333771 0.357666 0.450127 0.145582 0.248809 0.245084 0.345046 0.287505 0.422949 0.153590 0.149847 0.242559 0.238874 0.378901 0.252717 0.286637 0.373231 0.502388 0.119938 0.133330 0.250192 0.216467 0.279280 0.143558
 38.000000 0.151872 0.241259 0.245084 0.378695 0.428217 0.462899 0.569418 0.454290 0.577494 0.122886 0.132042 0.242250 0.297891 0.319834 0.420892 0.332857 0.465663 0.218820 0.272316 0.300609 0.309627 0.390235 0.327293 0.444591 0.141838 0.242405 0.248034 0.354069 0.282675 0.426794 0.154020 0.155168 0.235055 0.253947 0.393514 0.266460 0.294824 0.385654 0.517039 0.118651 0.137477 0.254582 0.224245 0.290988 0.145465
 39.000000 0.148772 0.232099 0.233465 0.369803 0.425513 0.456763 0.541636 0.472331 0.578004 0.121594 0.136393 0.244845 0.292715 0.328526 0.401332 0.373371 0.485710 0.235614 0.296847 0.297111 0.358433 0.393495 0.425219 0.521585 0.141683 0.242374 0.249764 0.351574 0.291570 0.424807 0.156042 0.150924 0.244168 0.243436 0.380028 0.259786 0.288723 0.382340 0.506253 0.127491 0.135577 0.247639 0.228607 0.283360 0.143262
 40.000000 0.148196 0.232865 0.242862 0.382526 0.449228 0.470534 0.533511 0.510142 0.622049 0.125881 0.135949 0.249508 0.314725 0.334446 0.390518 0.396148 0.513877 0.233799 0.291915 0.313525 0.350151 0.365549 0.436306 0.539779 0.148230 0.259627 0.254763 0.344706 0.303126 0.436847 0.159806 0.145176 0.235852 0.232983 0.370193 0.252083 0.281603 0.369309 0.493628 0.122188 0.131320 0.243629 0.220928 0.277793 0.142709
