#! FIELDS time phi psi
#! SET min_phi -pi
#! SET max_phi pi
#! SET min_psi -pi
#! SET max_psi pi
 0.000000 -2.582646 2.650251
 1.000000 -2.156696 2.654098
 2.000000 -2.043461 2.599320
 3.000000 -1.336721 2.177755
 4.000000 -1.534596 2.367307
 5.000000 -2.572477 3.016185
 6.000000 -2.943460 2.982291
 7.000000 -2.721225 2.670621
 8.000000 -1.073258 2.576561
 9.000000 -1.303747 2.564271
 10.000000 -1.657955 2.366750
 11.000000 -2.471002 2.539682
 12.000000 -1.425160 2.550772
 13.000000 -1.225529 2.568988
 14.000000 -0.959570 2.264384
 15.000000 -1.302530 2.384601
 16.000000 -1.102831 2.547837
 17.000000 -0.763677 2.695542
 18.000000 -1.068885 2.358559
 19.000000 -1.515032 1.960574
 20.000000 -1.373283 2.573217
 21.000000 -0.842187 2.456739
 22.000000 -1.582117 2.976642
 23.000000 -1.054053 2.332412
 24.000000 -1.758574 2.911173
 25.000000 -1.784857 2.317195
 26.000000 -2.847453 2.721498
 27.000000 -2.691260 2.823688
 28.000000 -2.287465 2.146830
 29.000000 -2.387929 2.609465
 30.000000 -1.039373 2.431394
 31.000000 -1.473912 2.274826
 32.000000 -2.523717 2.384613
 33.000000 -2.732836 -3.112127
 34.000000 -2.400243 2.666000
 35.000000 -1.716482 2.425303
 36.000000 -1.619496 2.071179
 37.000000 -1.020479 2.275956
 38.000000 -1.047940 2.546451
 39.000000 -1.541425 2.172745
 40.000000 -2.024880 2.624799
