#! FIELDS time pair1 pair2 pair3 pair4 pair5 pair6 pair7 pair8 pair9 pair10 pair11 pair12 pair13 pair14 pair15 pair16 pair17 pair18 pair19 pair20 pair21 pair22 pair23 pair24 pair25 pair26 pair27 pair28 pair29 pair30 pair31 pair32 pair33 pair34 pair35 pair36 pair37 pair38 pair39 pair40 pair41 pair42 pair43 pair44 pair45
 0.000000 0.142822 0.231899 0.239585 0.372631 0.447218 0.463459 0.458897 0.587116 0.697977 0.124615 0.133989 0.241897 0.330203 0.351670 0.377383 0.467107 0.590323 0.224027 0.270782 0.351882 0.400815 0.456531 0.492723 0.627635 0.144260 0.245171 0.229480 0.248574 0.357553 0.474141 0.152859 0.152702 0.235597 0.255145 0.389401 0.248769 0.316016 0.334026 0.456923 0.119808 0.138625 0.248799 0.222443 0.275770 0.144160
 1.000000 0.150283 0.236915 0.238524 0.382075 0.444196 0.473321 0.451108 0.601694 0.705720 0.118195 0.134026 0.252642 0.339931 0.357262 0.365352 0.477071 0.592231 0.221127 0.287879 0.392351 0.392176 0.420117 0.493280 0.610904 0.148064 0.230056 0.247231 0.260463 0.373157 0.489421 0.152122 0.150013 0.231538 0.249834 0.384252 0.249040 0.326712 0.319547 0.451941 0.123183 0.132563 0.243627 0.221854 0.273551 0.144903
 2.000000 0.145124 0.232459 0.233602 0.377546 0.477867 0.445757 0.439146 0.560418 0.683633 0.123313 0.133008 0.250679 0.377113 0.309027 0.318409 0.417345 0.541682 0.228230 0.291194 0.441108 0.305598 0.307704 0.390237 0.496477 0.150103 0.248775 0.254686 0.297246 0.365680 0.503829 0.156595 0.154538 0.252048 0.236205 0.381024 0.259580 0.353058 0.314879 0.447340 0.124475 0.134294 0.255556 0.225417 0.295477 0.146677
 3.000000 0.148883 0.240429 0.235181 0.371821 0.476740 0.428506 0.408385 0.541260 0.634471 0.124153 0.136125 0.244796 0.372297 0.307735 0.323215 0.410278 0.517619 0.231115 0.283170 0.429913 0.311003 0.345251 0.377033 0.473173 0.145592 0.244104 0.252533 0.280303 0.372894 0.496897 0.151822 0.158789 0.242002 0.259617 0.399027 0.258523 0.326841 0.343484 0.477716 0.124776 0.135798 0.251209 0.225646 0.281661 0.148543
 4.000000 0.149710 0.240235 0.236453 0.371111 0.456096 0.448378 0.448804 0.551173 0.658449 0.125849 0.133195 0.242236 0.357907 0.307691 0.325494 0.403154 0.513601 0.230367 0.287085 0.428146 0.298017 0.310757 0.365635 0.451909 0.139632 0.228153 0.254403 0.296154 0.360275 0.490723 0.151271 0.154221 0.239754 0.244334 0.385487 0.253919 0.320701 0.336535 0.471163 0.119004 0.129657 0.245992 0.214460 0.272577 0.147658
 5.000000 0.148519 0.233060 0.247935 0.382944 0.493780 0.451354 0.468626 0.537916 0.640613 0.126178 0.136858 0.246783 0.373739 0.323020 0.367478 0.402430 0.517984 0.231838 0.283896 0.426068 0.339684 0.407707 0.375653 0.488109 0.146144 0.248087 0.248886 0.290259 0.358712 0.481549 0.155193 0.147804 0.233902 0.246126 0.379817 0.248811 0.309401 0.341849 0.464330 0.120822 0.136931 0.244796 0.222850 0.272035 0.143892
 6.000000 0.146342 0.224528 0.235678 0.375717 0.483928 0.435214 0.445631 0.530137 0.637410 0.117631 0.132212 0.246501 0.377749 0.304268 0.341354 0.389637 0.505469 0.224306 0.289092 0.438458 0.319121 0.375193 0.364585 0.468860 0.146653 0.251480 0.246502 0.288851 0.355056 0.485933 0.156362 0.152263 0.239006 0.245288 0.386766 0.256984 0.315222 0.343018 0.473959 0.122850 0.135993 0.252230 0.227715 0.289648 0.147438
 7.000000 0.145787 0.232897 0.238633 0.370115 0.489315 0.432001 0.434209 0.541141 0.644966 0.123883 0.131034 0.238372 0.371046 0.314689 0.351336 0.413896 0.531010 0.222722 0.272958 0.414507 0.337630 0.400208 0.399155 0.514751 0.141602 0.253340 0.243592 0.284171 0.361492 0.486166 0.161226 0.154019 0.246719 0.248038 0.384294 0.265326 0.344781 0.334707 0.462705 0.126412 0.137655 0.247560 0.229445 0.281116 0.143600
 8.000000 0.147922 0.241257 0.238372 0.376474 0.481657 0.451982 0.434136 0.567425 0.668599 0.122041 0.134900 0.247156 0.374548 0.327452 0.339725 0.432927 0.544310 0.221170 0.275147 0.422002 0.329650 0.362200 0.406490 0.512801 0.147031 0.246085 0.264040 0.291632 0.377293 0.500653 0.153948 0.157293 0.238619 0.248343 0.383496 0.248115 0.319592 0.312848 0.439055 0.123394 0.130426 0.238495 0.225098 0.274449 0.144979
 9.000000 0.147868 0.240705 0.239387 0.372097 0.468037 0.470783 0.487998 0.571851 0.701285 0.123992 0.134689 0.245465 0.371394 0.333329 0.365397 0.426528 0.555548 0.223672 0.281046 0.430298 0.334470 0.376448 0.396850 0.512045 0.139535 0.243436 0.251700 0.292469 0.360237 0.497758 0.158401 0.153782 0.242095 0.240900 0.384662 0.251885 0.326284 0.320134 0.451267 0.121239 0.132929 0.254279 0.223341 0.295413 0.146233
 10.000000 0.149282 0.237895 0.236288 0.378513 0.474718 0.442237 0.425739 0.559106 0.661064 0.122919 0.134555 0.255361 0.378508 0.315422 0.326771 0.420791 0.530303 0.229316 0.303186 0.446740 0.325088 0.346188 0.397711 0.491758 0.147621 0.247582 0.255237 0.288003 0.372355 0.499930 0.150257 0.152033 0.233002 0.253093 0.391553 0.252402 0.318426 0.335692 0.467188 0.120433 0.137761 0.252725 0.225198 0.285996 0.146308
 11.000000 0.153545 0.239201 0.240123 0.381607 0.481852 0.460038 0.486269 0.552049 0.669101 0.123633 0.133488 0.247855 0.373027 0.310900 0.349229 0.398766 0.516333 0.230768 0.290766 0.436580 0.304858 0.342471 0.360668 0.457979 0.149382 0.246686 0.254645 0.305395 0.361404 0.492685 0.150363 0.147848 0.241969 0.239220 0.377349 0.247681 0.321484 0.326856 0.454080 0.124056 0.136459 0.250238 0.225679 0.284958 0.143017
 12.000000 0.148044 0.240468 0.239960 0.378767 0.482660 0.449749 0.461522 0.549286 0.642767 0.125148 0.133049 0.247380 0.372379 0.305524 0.332622 0.401285 0.497689 0.223217 0.279337 0.424012 0.280907 0.306704 0.351895 0.423691 0.147679 0.245650 0.250701 0.294213 0.357365 0.474401 0.149683 0.155968 0.250404 0.237358 0.371054 0.247376 0.320925 0.313423 0.443017 0.126531 0.129804 0.232110 0.225550 0.264834 0.143045
 13.000000 0.147611 0.239111 0.238776 0.377080 0.483167 0.446212 0.437637 0.565429 0.671097 0.123859 0.135089 0.246219 0.379393 0.315557 0.334513 0.425616 0.538192 0.226009 0.278333 0.436461 0.321374 0.360286 0.399880 0.504136 0.146072 0.248978 0.246148 0.275481 0.367772 0.491204 0.164569 0.150120 0.237863 0.245106 0.380938 0.243842 0.305745 0.317720 0.439492 0.125136 0.136532 0.247479 0.229883 0.286296 0.142664
 14.000000 0.149679 0.234589 0.236789 0.374469 0.486249 0.439588 0.423945 0.545719 0.639776 0.120979 0.130480 0.240356 0.370683 0.310854 0.326645 0.406602 0.510491 0.223054 0.274669 0.421343 0.313729 0.347956 0.374984 0.467813 0.147492 0.250350 0.256225 0.283207 0.366879 0.484494 0.150350 0.156234 0.238567 0.244487 0.373826 0.245577 0.317467 0.313807 0.436405 0.122984 0.133008 0.235671 0.230013 0.281936 0.135919
 15.000000 0.140915 0.227730 0.233461 0.369079 0.484530 0.444641 0.432584 0.554665 0.649962 0.123264 0.134956 0.243627 0.378986 0.310524 0.315842 0.414895 0.513710 0.229314 0.281620 0.435054 0.304465 0.313621 0.381827 0.461222 0.144924 0.252280 0.256058 0.285035 0.367903 0.486509 0.155596 0.153470 0.237078 0.241921 0.374278 0.241054 0.318638 0.302562 0.431446 0.121758 0.132646 0.236383 0.226852 0.274091 0.141894
 16.000000 0.148822 0.238246 0.241307 0.385021 0.489373 0.462715 0.461734 0.568072 0.673933 0.124342 0.133105 0.252438 0.376943 0.335418 0.362610 0.430351 0.543394 0.223933 0.286625 0.426409 0.354291 0.402931 0.415975 0.519313 0.149980 0.252390 0.257192 0.293191 0.367577 0.494411 0.154334 0.153968 0.243973 0.242539 0.381628 0.249554 0.328128 0.318167 0.453532 0.124358 0.130158 0.246994 0.221382 0.284695 0.143182
 17.000000 0.154315 0.238248 0.241257 0.379005 0.480684 0.449909 0.461052 0.548877 0.667351 0.120171 0.135189 0.245079 0.373893 0.305318 0.338074 0.396067 0.518193 0.228851 0.287334 0.437238 0.301917 0.343798 0.357561 0.460097 0.144069 0.244180 0.247117 0.286185 0.359557 0.496910 0.155448 0.149570 0.234551 0.246749 0.392423 0.247990 0.301075 0.338717 0.472432 0.123859 0.136198 0.261142 0.228322 0.303727 0.149228
 18.000000 0.145757 0.235208 0.237689 0.375087 0.489180 0.440510 0.444064 0.540994 0.618505 0.125196 0.138409 0.247845 0.383158 0.304164 0.327704 0.396962 0.481468 0.235157 0.289463 0.441930 0.301068 0.330917 0.356075 0.417648 0.145609 0.253284 0.248018 0.287473 0.361378 0.471827 0.154289 0.153163 0.242382 0.247903 0.379235 0.248286 0.321714 0.329237 0.462742 0.121103 0.136686 0.240749 0.221768 0.263390 0.144841
 19.000000 0.146646 0.235597 0.241878 0.385017 0.468954 0.460001 0.458881 0.576906 0.686243 0.120046 0.137295 0.261276 0.375959 0.320009 0.331302 0.431676 0.541245 0.222353 0.299550 0.439261 0.304967 0.305271 0.395792 0.483770 0.145069 0.241402 0.253251 0.296852 0.369613 0.497942 0.157003 0.153496 0.245149 0.250665 0.388961 0.259097 0.328965 0.343937 0.472230 0.125607 0.139463 0.251821 0.229480 0.283494 0.145993
 20.000000 0.145582 0.232717 0.236072 0.369061 0.469747 0.432913 0.427855 0.552190 0.651646 0.121561 0.128273 0.238298 0.363112 0.304161 0.328253 0.414162 0.521036 0.216483 0.270679 0.419191 0.300907 0.336810 0.380971 0.474806 0.141018 0.239015 0.250743 0.297029 0.365976 0.488263 0.154084 0.153277 0.249090 0.244016 0.376231 0.248322 0.326028 0.317153 0.441570 0.128273 0.137586 0.243097 0.232194 0.281514 0.138398
 21.000000 0.150027 0.232523 0.235943 0.375135 0.481687 0.457559 0.478504 0.542323 0.643717 0.120744 0.132291 0.243758 0.375374 0.321465 0.364804 0.395892 0.504511 0.228215 0.287647 0.438923 0.330326 0.383897 0.364137 0.456868 0.145729 0.249770 0.259178 0.310308 0.360574 0.485953 0.157861 0.152230 0.245174 0.245163 0.383178 0.250388 0.321363 0.341750 0.474124 0.124379 0.136393 0.247732 0.223823 0.273432 0.146711
 22.000000 0.151308 0.236377 0.246589 0.385737 0.489329 0.459492 0.483912 0.547078 0.649172 0.124483 0.135492 0.252913 0.356204 0.353877 0.406006 0.440638 0.559427 0.229456 0.295102 0.385950 0.412457 0.489511 0.475868 0.603313 0.148678 0.250689 0.242839 0.283219 0.354116 0.470292 0.152375 0.147397 0.233688 0.247004 0.374936 0.245125 0.301331 0.341299 0.457396 0.120756 0.135532 0.240410 0.219228 0.268215 0.136404
 23.000000 0.146079 0.239493 0.233480 0.372426 0.454920 0.462551 0.468514 0.577271 0.691383 0.123863 0.135477 0.249492 0.346091 0.357494 0.397137 0.458917 0.584576 0.228158 0.289914 0.387372 0.404406 0.470823 0.477430 0.609789 0.143129 0.239293 0.244475 0.279131 0.361744 0.483101 0.153665 0.146976 0.236715 0.240393 0.372667 0.244469 0.318215 0.316439 0.435713 0.124218 0.133936 0.240655 0.224733 0.273146 0.141379
 24.000000 0.150526 0.242429 0.235000 0.377878 0.447844 0.469679 0.465705 0.591299 0.708414 0.121696 0.132563 0.249219 0.333823 0.362968 0.394767 0.469410 0.597073 0.222839 0.284429 0.366682 0.411993 0.470473 0.491152 0.623591 0.147231 0.239727 0.245770 0.275637 0.365211 0.490882 0.153480 0.153942 0.246992 0.240562 0.379903 0.253500 0.338415 0.313959 0.448970 0.126945 0.137782 0.248535 0.236091 0.292139 0.145169
 25.000000 0.149626 0.239979 0.239508 0.374995 0.443722 0.458739 0.488182 0.536809 0.646968 0.123182 0.134373 0.241332 0.320607 0.350104 0.407212 0.423689 0.548930 0.225375 0.272134 0.336370 0.405210 0.485129 0.459310 0.593830 0.144751 0.241803 0.226453 0.273529 0.321932 0.442543 0.152329 0.152702 0.241803 0.241224 0.375661 0.254374 0.303079 0.358096 0.481312 0.121264 0.135133 0.242464 0.224913 0.277694 0.140698
 26.000000 0.149080 0.240002 0.241265 0.380636 0.464606 0.479944 0.477194 0.606222 0.712309 0.122434 0.135019 0.247929 0.346523 0.363036 0.388738 0.477851 0.591835 0.222351 0.275639 0.367932 0.403199 0.452859 0.492961 0.609811 0.147109 0.250244 0.248357 0.277332 0.373516 0.489846 0.155264 0.154900 0.246175 0.249217 0.381203 0.251724 0.352478 0.305729 0.444111 0.124073 0.137481 0.244912 0.225004 0.274128 0.141198
 27.000000 0.150602 0.231147 0.234687 0.372426 0.462135 0.466537 0.465000 0.581369 0.696348 0.119306 0.130694 0.244847 0.333865 0.365385 0.400352 0.469324 0.599108 0.226334 0.295659 0.362456 0.432176 0.491575 0.516282 0.655243 0.141510 0.247178 0.247215 0.277865 0.362287 0.486895 0.154480 0.154020 0.242107 0.244910 0.382766 0.254390 0.337615 0.314943 0.444835 0.125897 0.128448 0.241081 0.220919 0.271511 0.146489
 28.000000 0.142955 0.227794 0.229203 0.368012 0.442833 0.468610 0.468087 0.588341 0.698677 0.120108 0.131324 0.243789 0.330649 0.363498 0.393778 0.471582 0.592146 0.223602 0.282286 0.348808 0.420216 0.476077 0.506906 0.636070 0.145592 0.250498 0.244395 0.271328 0.362385 0.478754 0.157981 0.152532 0.241930 0.240770 0.373256 0.254177 0.346678 0.304844 0.437093 0.122678 0.129623 0.235809 0.218833 0.265484 0.140407
 29.000000 0.147973 0.231097 0.241516 0.374174 0.451683 0.471926 0.482212 0.583925 0.698087 0.123992 0.133649 0.241682 0.333078 0.359219 0.399410 0.460304 0.585027 0.229342 0.285135 0.377668 0.412759 0.480456 0.484638 0.616799 0.139807 0.236582 0.242706 0.272738 0.362086 0.480538 0.157750 0.155564 0.236757 0.251750 0.380498 0.254568 0.304580 0.341492 0.454662 0.122613 0.139535 0.241766 0.234145 0.284403 0.138076
 30.000000 0.146308 0.231242 0.236377 0.371539 0.476266 0.444514 0.497616 0.506081 0.612990 0.118680 0.132499 0.243452 0.373204 0.309779 0.382975 0.363865 0.478918 0.220746 0.280032 0.430093 0.308405 0.399473 0.315051 0.420724 0.140745 0.246018 0.246729 0.311561 0.339809 0.464618 0.156250 0.156365 0.245277 0.251942 0.383272 0.261950 0.304268 0.368740 0.486610 0.126242 0.136722 0.241464 0.229447 0.275656 0.140407
 31.000000 0.145647 0.233275 0.238338 0.380459 0.483477 0.447207 0.441680 0.560651 0.667680 0.123232 0.130008 0.251599 0.374754 0.322690 0.346904 0.427165 0.544178 0.219358 0.287680 0.430045 0.329380 0.372849 0.401373 0.512597 0.146445 0.250290 0.249096 0.282138 0.367546 0.492457 0.152850 0.153763 0.238512 0.251849 0.387045 0.258194 0.327113 0.334441 0.458270 0.124012 0.134324 0.246615 0.223687 0.278747 0.143750
 32.000000 0.147357 0.228675 0.244641 0.378678 0.486663 0.439448 0.431488 0.545962 0.649229 0.118701 0.131738 0.241207 0.368550 0.305006 0.323113 0.404519 0.516574 0.216456 0.265701 0.415251 0.290659 0.319853 0.360414 0.459333 0.145774 0.243430 0.254609 0.291789 0.363267 0.490418 0.153805 0.156608 0.244481 0.240551 0.377976 0.252717 0.326280 0.318498 0.446083 0.120536 0.131183 0.241346 0.221905 0.277296 0.142762
 33.000000 0.148057 0.233317 0.242759 0.379906 0.468720 0.470432 0.461554 0.583236 0.683510 0.122662 0.132533 0.248624 0.365257 0.339734 0.356366 0.442955 0.550442 0.222740 0.287625 0.427557 0.358136 0.394625 0.430183 0.530646 0.142299 0.240104 0.251098 0.274816 0.369378 0.487223 0.156413 0.160415 0.242200 0.256213 0.390867 0.257025 0.322667 0.339202 0.470125 0.124828 0.135107 0.243425 0.229826 0.280539 0.144631
 34.000000 0.152151 0.244500 0.241942 0.383065 0.477002 0.448172 0.465886 0.534079 0.635460 0.124812 0.137616 0.249714 0.370569 0.310081 0.352897 0.386763 0.498171 0.230556 0.283568 0.428713 0.296867 0.352520 0.331765 0.427881 0.148845 0.238820 0.256230 0.303786 0.360633 0.488166 0.151433 0.157813 0.246400 0.251641 0.391669 0.257202 0.311431 0.355824 0.484563 0.123944 0.135152 0.246921 0.224780 0.273229 0.150166
 35.000000 0.147415 0.236182 0.238187 0.378710 0.473473 0.448464 0.441628 0.558069 0.663701 0.124246 0.132295 0.246694 0.366106 0.310024 0.323839 0.413127 0.524588 0.225271 0.281178 0.424378 0.296172 0.311610 0.371843 0.467154 0.148492 0.240554 0.259316 0.297533 0.370070 0.497299 0.150605 0.150589 0.238172 0.242565 0.379676 0.241580 0.310274 0.319102 0.442527 0.122813 0.131153 0.241767 0.220495 0.269355 0.147072
 36.000000 0.146785 0.240456 0.236265 0.375201 0.483674 0.453477 0.502296 0.524178 0.642110 0.124904 0.135333 0.247204 0.378879 0.318354 0.386692 0.380870 0.506546 0.227653 0.281729 0.433029 0.311535 0.396002 0.328373 0.446598 0.145688 0.250212 0.256426 0.319349 0.353419 0.486064 0.154068 0.148219 0.236966 0.247496 0.384506 0.238021 0.277543 0.345640 0.460387 0.124716 0.133660 0.244389 0.220329 0.261584 0.151984
 37.000000 0.148788 0.234017 0.240240 0.375005 0.491371 0.446620 0.461218 0.539379 0.654089 0.122630 0.135739 0.243448 0.381255 0.304297 0.337188 0.391032 0.509738 0.230259 0.284262 0.439096 0.297760 0.338641 0.350848 0.453115 0.143576 0.254900 0.245589 0.284227 0.353011 0.482997 0.156997 0.146103 0.231039 0.237556 0.376954 0.249299 0.314342 0.321952 0.447752 0.123017 0.131130 0.243557 0.224433 0.276118 0.150183
 38.000000 0.143934 0.231160 0.233223 0.367754 0.458821 0.461537 0.468028 0.577069 0.688774 0.120075 0.131773 0.240470 0.356536 0.332555 0.357238 0.439677 0.554947 0.220930 0.272881 0.403343 0.346611 0.382048 0.428320 0.536967 0.144478 0.249130 0.244403 0.277537 0.362083 0.483109 0.158158 0.145035 0.235544 0.234542 0.371599 0.254584 0.350435 0.301506 0.441130 0.120524 0.132473 0.240319 0.218950 0.262559 0.148196
 39.000000 0.147140 0.229863 0.237573 0.376670 0.480747 0.443310 0.424397 0.562965 0.675222 0.120569 0.132405 0.249459 0.368467 0.334446 0.351757 0.442819 0.564832 0.224744 0.290326 0.423690 0.362377 0.395216 0.446011 0.559355 0.147746 0.245672 0.256049 0.289838 0.370338 0.502876 0.154771 0.156933 0.248654 0.242654 0.384387 0.260173 0.350470 0.312277 0.448477 0.125256 0.130388 0.250082 0.223486 0.291709 0.144062
 40.000000 0.145640 0.230324 0.237017 0.374662 0.472906 0.444375 0.429877 0.555709 0.660149 0.119725 0.131628 0.244841 0.366163 0.322016 0.337806 0.422590 0.536979 0.219764 0.279466 0.419172 0.344238 0.382731 0.412265 0.521669 0.145014 0.240900 0.249070 0.275889 0.363249 0.489839 0.157949 0.152319 0.236241 0.241655 0.381614 0.257226 0.327417 0.328550 0.462646 0.121667 0.133574 0.246369 0.227475 0.285680 0.147037
