#! FIELDS time pair1 pair2 pair3 pair4 pair5 pair6 pair7 pair8 pair9 pair10 pair11 pair12 pair13 pair14 pair15 pair16 pair17 pair18 pair19 pair20 pair21 pair22 pair23 pair24 pair25 pair26 pair27 pair28 pair29 pair30 pair31 pair32 pair33 pair34 pair35 pair36 pair37 pair38 pair39 pair40 pair41 pair42 pair43 pair44 pair45
 0.000000 0.146294 0.235996 0.238078 0.376237 0.489347 0.437320 0.540965 0.417038 0.510699 0.124314 0.135340 0.248193 0.379343 0.319138 0.414079 0.335888 0.450798 0.228484 0.285640 0.432066 0.336109 0.400461 0.375632 0.479012 0.145647 0.253905 0.244508 0.354076 0.273053 0.408933 0.157013 0.152398 0.240260 0.245498 0.387529 0.254818 0.319816 0.338878 0.473918 0.121268 0.133694 0.256496 0.220386 0.295069 0.144146
 1.000000 0.152633 0.242860 0.248274 0.385877 0.475245 0.443965 0.540919 0.435591 0.547140 0.123385 0.138496 0.253283 0.372861 0.309687 0.397448 0.332303 0.454325 0.227088 0.290172 0.436386 0.313551 0.368946 0.354103 0.457274 0.141961 0.236030 0.239844 0.342406 0.278403 0.418748 0.156553 0.153095 0.235603 0.246538 0.382198 0.258138 0.334302 0.321842 0.448805 0.118983 0.131275 0.243280 0.217288 0.274106 0.142793
 2.000000 0.148196 0.241456 0.231935 0.368171 0.460285 0.462997 0.568033 0.454187 0.579684 0.125288 0.130115 0.239491 0.358639 0.328865 0.426400 0.344346 0.476229 0.224991 0.277548 0.418926 0.329346 0.402134 0.356299 0.472647 0.142035 0.235945 0.261828 0.367767 0.293162 0.434426 0.150579 0.159411 0.245799 0.249307 0.383267 0.255143 0.317596 0.340855 0.460617 0.118916 0.135462 0.242021 0.221984 0.273047 0.141669
 3.000000 0.151572 0.239017 0.232889 0.373697 0.457526 0.466553 0.586418 0.453149 0.585910 0.119821 0.133630 0.247328 0.361367 0.345997 0.463877 0.347733 0.486640 0.227363 0.291565 0.424416 0.377408 0.488239 0.370190 0.498206 0.145334 0.245053 0.249313 0.362341 0.283938 0.426281 0.160028 0.155116 0.244469 0.251159 0.381352 0.257437 0.293462 0.377828 0.491874 0.122662 0.136029 0.238298 0.221011 0.258387 0.143087
 4.000000 0.149161 0.234940 0.243300 0.383124 0.471208 0.469104 0.589632 0.448834 0.579052 0.126594 0.131917 0.245408 0.358469 0.330947 0.449022 0.327782 0.466742 0.227442 0.276009 0.409324 0.348565 0.454032 0.349727 0.480618 0.153711 0.245312 0.245772 0.361626 0.268766 0.410227 0.155322 0.143426 0.235427 0.238151 0.370423 0.244618 0.287578 0.356030 0.469506 0.122021 0.133098 0.238567 0.216753 0.257202 0.144267
 5.000000 0.151714 0.240666 0.238489 0.380011 0.471262 0.468021 0.570869 0.466092 0.580116 0.121033 0.134216 0.248606 0.368344 0.330268 0.424736 0.351723 0.472107 0.224956 0.283732 0.425854 0.335863 0.403232 0.370613 0.471565 0.147909 0.241961 0.255415 0.362382 0.290236 0.430099 0.152761 0.151407 0.237158 0.248608 0.387105 0.247879 0.313949 0.334260 0.468519 0.121491 0.137091 0.252202 0.224825 0.286115 0.145079
 6.000000 0.147983 0.237819 0.235833 0.373184 0.457172 0.453711 0.564820 0.439767 0.562604 0.122593 0.130943 0.245904 0.358727 0.328306 0.429816 0.344941 0.474982 0.221335 0.285675 0.421965 0.345320 0.420613 0.377753 0.491073 0.141312 0.237405 0.239568 0.351901 0.269433 0.412517 0.153506 0.152079 0.239869 0.249080 0.384303 0.254063 0.321286 0.340448 0.467608 0.123730 0.137248 0.246002 0.226932 0.276568 0.144720
 7.000000 0.146305 0.228145 0.241270 0.385104 0.487711 0.452237 0.541240 0.459218 0.559181 0.123146 0.132219 0.251646 0.368414 0.333075 0.414842 0.373912 0.489422 0.225940 0.289349 0.411543 0.374174 0.425717 0.444986 0.553047 0.151835 0.256197 0.239351 0.343007 0.275351 0.410078 0.153945 0.150602 0.235397 0.248069 0.386479 0.254264 0.329404 0.329516 0.469537 0.121214 0.134004 0.249048 0.220213 0.277485 0.147519
 8.000000 0.149044 0.230265 0.237211 0.376110 0.487529 0.455004 0.566896 0.430421 0.541156 0.119164 0.131061 0.240884 0.372713 0.325135 0.428907 0.330814 0.454233 0.222560 0.274942 0.425200 0.334480 0.413948 0.352639 0.458737 0.149057 0.258213 0.249311 0.363315 0.268200 0.407835 0.162006 0.153798 0.240824 0.244534 0.381058 0.257072 0.310564 0.351746 0.479611 0.124201 0.133128 0.244395 0.226480 0.282569 0.143018
 9.000000 0.154774 0.241340 0.243465 0.377590 0.462140 0.472275 0.591240 0.461638 0.582056 0.119908 0.129275 0.238498 0.351064 0.334908 0.447332 0.348925 0.478454 0.215393 0.266025 0.395027 0.352036 0.444498 0.382263 0.500857 0.142622 0.242128 0.243382 0.360774 0.272428 0.413920 0.158471 0.148479 0.240556 0.247071 0.385065 0.253450 0.306193 0.359801 0.490104 0.124968 0.138181 0.253789 0.225519 0.285804 0.143844
 10.000000 0.146714 0.241481 0.233343 0.370291 0.445585 0.482694 0.601250 0.483881 0.608920 0.122719 0.131689 0.238625 0.323854 0.367349 0.480271 0.397927 0.532005 0.219358 0.260549 0.333486 0.400356 0.499368 0.454517 0.587136 0.147357 0.250685 0.253051 0.368530 0.283901 0.420125 0.157344 0.153000 0.246791 0.250739 0.382616 0.248781 0.282200 0.370668 0.490659 0.125813 0.139896 0.248342 0.227899 0.282158 0.137772
 11.000000 0.147895 0.235104 0.242425 0.383048 0.471120 0.488584 0.603663 0.495234 0.629169 0.119411 0.132397 0.249566 0.340839 0.372978 0.478907 0.410568 0.551266 0.214686 0.274496 0.352023 0.407703 0.495898 0.467843 0.603855 0.147085 0.258352 0.253937 0.365104 0.293034 0.437140 0.156064 0.153747 0.237863 0.254529 0.388933 0.253768 0.282508 0.371307 0.492090 0.122430 0.133600 0.245200 0.218344 0.269759 0.144548
 12.000000 0.146017 0.233936 0.240439 0.370305 0.420259 0.482782 0.594076 0.487472 0.619831 0.125272 0.135403 0.238116 0.304593 0.364989 0.471649 0.394180 0.537026 0.229880 0.273748 0.330978 0.411874 0.505801 0.459534 0.604384 0.141425 0.231614 0.244649 0.353708 0.277521 0.418804 0.157156 0.150433 0.237407 0.245620 0.383721 0.255527 0.284148 0.372861 0.495324 0.124475 0.137270 0.249592 0.230853 0.287865 0.145777
 13.000000 0.150130 0.238638 0.235769 0.372061 0.461140 0.452518 0.569640 0.431398 0.552635 0.123495 0.131742 0.240212 0.352705 0.333061 0.441933 0.346195 0.477047 0.226352 0.278541 0.411478 0.359323 0.447131 0.387427 0.505649 0.143311 0.235476 0.244405 0.359156 0.272740 0.412526 0.156579 0.150884 0.240152 0.247105 0.377208 0.250062 0.307912 0.346869 0.465836 0.122381 0.134555 0.238872 0.219650 0.262962 0.140146
 14.000000 0.147303 0.238466 0.232949 0.372116 0.429126 0.480746 0.587609 0.489967 0.622085 0.119892 0.132064 0.241872 0.304780 0.367751 0.464416 0.410334 0.552223 0.219429 0.267959 0.307826 0.407196 0.482682 0.480010 0.622156 0.148226 0.245833 0.248596 0.356074 0.279837 0.423834 0.154133 0.144482 0.229116 0.242747 0.384193 0.244266 0.299468 0.345527 0.481839 0.117410 0.134941 0.254910 0.215425 0.280239 0.148533
 15.000000 0.149522 0.236694 0.240572 0.376501 0.471840 0.462633 0.579048 0.445679 0.572758 0.126811 0.132204 0.242961 0.352406 0.346153 0.456765 0.361719 0.500381 0.229911 0.285897 0.397745 0.392231 0.491448 0.420183 0.554635 0.143017 0.243782 0.248584 0.354110 0.288986 0.429506 0.154609 0.158518 0.236871 0.263342 0.395005 0.260015 0.282694 0.383829 0.499341 0.120283 0.141482 0.248341 0.228799 0.280993 0.142148
 16.000000 0.151407 0.244802 0.245151 0.377667 0.457850 0.481818 0.600297 0.472645 0.595151 0.122719 0.137357 0.244205 0.347820 0.355089 0.470787 0.367534 0.501539 0.222645 0.271853 0.387034 0.375814 0.482813 0.396511 0.526199 0.141177 0.242759 0.247101 0.359014 0.278693 0.417773 0.156496 0.154156 0.242561 0.250721 0.388388 0.256412 0.285970 0.374777 0.499766 0.124804 0.138047 0.252905 0.229253 0.292317 0.142303
 17.000000 0.150479 0.243035 0.244890 0.387577 0.481709 0.476322 0.598199 0.437420 0.546404 0.122581 0.137299 0.253874 0.369139 0.349427 0.464360 0.336743 0.461464 0.222317 0.278837 0.413790 0.355180 0.452144 0.351041 0.464337 0.149810 0.246583 0.260154 0.377260 0.273925 0.413379 0.157442 0.155264 0.247123 0.240067 0.379738 0.259605 0.309538 0.361713 0.492428 0.126353 0.134205 0.248214 0.231253 0.293140 0.143391
 18.000000 0.145537 0.233780 0.240113 0.377539 0.476146 0.472671 0.589960 0.459430 0.584099 0.123806 0.131488 0.245701 0.367502 0.343082 0.455895 0.350544 0.483332 0.220765 0.276494 0.418476 0.358911 0.458973 0.374146 0.494799 0.146894 0.249954 0.249463 0.360434 0.276460 0.418656 0.155161 0.155994 0.237607 0.250400 0.386496 0.238514 0.266852 0.344968 0.466583 0.123130 0.132431 0.244371 0.225124 0.282733 0.143370
 19.000000 0.148664 0.239253 0.232028 0.365765 0.456370 0.439906 0.564682 0.405776 0.525807 0.120445 0.132461 0.237337 0.356215 0.316282 0.435978 0.308498 0.443010 0.221966 0.269885 0.414316 0.320158 0.427193 0.306607 0.432117 0.140872 0.230206 0.244655 0.359515 0.276884 0.414468 0.154434 0.148556 0.237339 0.247923 0.378007 0.243760 0.285587 0.356435 0.466368 0.126408 0.140489 0.244573 0.234218 0.282452 0.140915
 20.000000 0.145121 0.234320 0.233427 0.365334 0.439130 0.465279 0.577842 0.463229 0.598147 0.123653 0.129043 0.235875 0.330180 0.346768 0.456991 0.366466 0.510827 0.221301 0.271170 0.372560 0.384741 0.487033 0.413854 0.555152 0.139846 0.233690 0.239407 0.346307 0.274694 0.420071 0.149833 0.146427 0.231953 0.242739 0.381687 0.237055 0.262294 0.355919 0.477631 0.120486 0.134317 0.248306 0.220758 0.276407 0.147652
 21.000000 0.154460 0.242671 0.242977 0.383174 0.436817 0.494050 0.521780 0.594537 0.721990 0.119645 0.135255 0.249760 0.302207 0.380906 0.435924 0.471735 0.609837 0.222731 0.283977 0.314531 0.427549 0.506187 0.495101 0.639789 0.144893 0.232609 0.254988 0.300772 0.360780 0.492521 0.152791 0.148030 0.238449 0.237844 0.379311 0.247459 0.313042 0.330946 0.464644 0.123138 0.133120 0.249090 0.223808 0.283028 0.147441
 22.000000 0.149372 0.239387 0.240246 0.377685 0.443997 0.484688 0.498258 0.601406 0.724825 0.124812 0.137528 0.248439 0.328148 0.373028 0.417719 0.474642 0.605742 0.232159 0.288122 0.352200 0.427245 0.498419 0.501188 0.638461 0.144755 0.244698 0.247172 0.284807 0.363859 0.488407 0.153945 0.150240 0.246205 0.236751 0.371636 0.242840 0.334392 0.297012 0.421713 0.126842 0.136510 0.243871 0.232048 0.284341 0.140535
 23.000000 0.140036 0.232166 0.231344 0.364168 0.434085 0.475472 0.489633 0.592936 0.711447 0.123859 0.137295 0.242244 0.325579 0.368502 0.411365 0.473270 0.599516 0.230176 0.278817 0.356980 0.413448 0.482545 0.491249 0.622294 0.144090 0.246540 0.245752 0.277959 0.365411 0.485416 0.149907 0.152944 0.243165 0.245139 0.379116 0.241777 0.325461 0.303383 0.433545 0.124133 0.134361 0.242934 0.224624 0.276677 0.140748
 24.000000 0.148230 0.237455 0.244125 0.379393 0.448955 0.483469 0.480245 0.605490 0.723427 0.123000 0.135059 0.245510 0.324624 0.367154 0.394830 0.478671 0.607015 0.222562 0.274784 0.341570 0.409003 0.464825 0.496124 0.631425 0.143409 0.242833 0.246757 0.270463 0.369385 0.494132 0.154771 0.155670 0.241901 0.250952 0.391060 0.263471 0.350842 0.326296 0.466049 0.124390 0.134000 0.249321 0.224964 0.282170 0.147597
 25.000000 0.150396 0.238304 0.238998 0.378276 0.489933 0.448144 0.434274 0.561648 0.665031 0.123814 0.134443 0.248697 0.383287 0.326383 0.344013 0.428002 0.542672 0.229585 0.292589 0.444366 0.352162 0.386830 0.420792 0.532219 0.146004 0.254704 0.255674 0.288960 0.371205 0.494726 0.158471 0.156327 0.243493 0.249588 0.384142 0.242444 0.318757 0.315764 0.435066 0.121857 0.134417 0.242456 0.221948 0.271831 0.143377
 26.000000 0.150606 0.245980 0.233163 0.371123 0.456782 0.468780 0.453982 0.590437 0.692528 0.125944 0.133285 0.248544 0.356814 0.361277 0.380345 0.468707 0.582008 0.229218 0.295936 0.415863 0.404867 0.447511 0.485071 0.599684 0.139889 0.239610 0.256277 0.277462 0.374952 0.491091 0.156557 0.159232 0.235355 0.254126 0.383733 0.252438 0.319609 0.321643 0.447394 0.120644 0.135422 0.237773 0.229513 0.278631 0.139811
 27.000000 0.147506 0.237750 0.230758 0.378550 0.468095 0.470398 0.452775 0.598763 0.694797 0.119971 0.129031 0.251964 0.357649 0.355221 0.366381 0.473661 0.579505 0.217633 0.285561 0.396432 0.385200 0.415127 0.482185 0.587833 0.151489 0.255527 0.254878 0.273141 0.380045 0.490497 0.155978 0.150366 0.234045 0.248276 0.377325 0.256143 0.350048 0.308496 0.445988 0.123260 0.135326 0.237571 0.226371 0.267471 0.142958
 28.000000 0.147560 0.230536 0.237388 0.371119 0.469932 0.444172 0.449610 0.550126 0.651376 0.122168 0.127910 0.235989 0.357835 0.313147 0.346692 0.410129 0.520702 0.220522 0.270618 0.413922 0.330221 0.388415 0.389488 0.496154 0.142765 0.237430 0.242903 0.277557 0.359637 0.478309 0.152673 0.155506 0.244205 0.247913 0.380475 0.244182 0.305288 0.328497 0.449998 0.125068 0.136913 0.241862 0.230879 0.279408 0.140656
 29.000000 0.155441 0.236123 0.251829 0.397039 0.495246 0.478607 0.474773 0.592994 0.694680 0.123507 0.132476 0.253192 0.373188 0.337777 0.358643 0.444225 0.554951 0.224927 0.286981 0.431246 0.342805 0.376100 0.420783 0.525317 0.153851 0.246311 0.264596 0.296801 0.382217 0.500885 0.153235 0.150615 0.236941 0.246159 0.377831 0.237575 0.308503 0.312488 0.432131 0.122278 0.134852 0.238430 0.223654 0.264290 0.144838
 30.000000 0.152591 0.236080 0.243774 0.377478 0.482342 0.437837 0.421565 0.552850 0.659727 0.120706 0.133364 0.241068 0.367192 0.306126 0.320189 0.410700 0.525589 0.224557 0.277081 0.422670 0.309653 0.331187 0.384782 0.483977 0.143513 0.240782 0.250689 0.290484 0.362294 0.494132 0.153506 0.151951 0.245424 0.237699 0.379618 0.257917 0.348564 0.315298 0.453028 0.124371 0.133004 0.249586 0.225047 0.286533 0.145997
 31.000000 0.149970 0.243097 0.244661 0.383466 0.479211 0.449442 0.468022 0.544892 0.644354 0.123365 0.136792 0.254474 0.379247 0.305629 0.340538 0.395055 0.498160 0.222574 0.288156 0.438483 0.288669 0.330843 0.340804 0.425807 0.144986 0.245153 0.237489 0.279546 0.352187 0.470458 0.158647 0.150798 0.238481 0.250250 0.382845 0.264146 0.318726 0.361187 0.483912 0.123228 0.139445 0.245051 0.227803 0.273439 0.143788
 32.000000 0.149499 0.243666 0.244346 0.383948 0.488644 0.448308 0.430312 0.565717 0.667213 0.123948 0.134703 0.248407 0.370558 0.326389 0.342036 0.432996 0.544659 0.219121 0.268806 0.405411 0.341966 0.383492 0.415914 0.523177 0.148745 0.250360 0.241207 0.267686 0.360989 0.482980 0.158572 0.150692 0.242876 0.238537 0.374610 0.257016 0.343686 0.316905 0.449838 0.125559 0.135499 0.246286 0.230757 0.289126 0.140858
 33.000000 0.152309 0.244641 0.238776 0.379153 0.471249 0.454110 0.458150 0.559784 0.653653 0.122715 0.132303 0.247154 0.368083 0.318951 0.345967 0.413277 0.511674 0.221745 0.280638 0.425566 0.322113 0.357880 0.382164 0.463134 0.144958 0.240044 0.249884 0.295521 0.358884 0.477009 0.153851 0.153964 0.250472 0.239310 0.372861 0.252498 0.336188 0.325854 0.459832 0.123325 0.134127 0.241309 0.221118 0.269297 0.140656
 34.000000 0.146867 0.233720 0.245392 0.374843 0.494380 0.444479 0.442168 0.557090 0.665839 0.124559 0.134063 0.238539 0.372861 0.315706 0.340795 0.419654 0.538424 0.223665 0.266154 0.415839 0.313638 0.353398 0.382562 0.494873 0.142822 0.249179 0.256455 0.296998 0.372900 0.501060 0.154065 0.156745 0.245483 0.249235 0.386674 0.246692 0.329803 0.311008 0.436780 0.119101 0.138690 0.248165 0.223262 0.275792 0.145400
 35.000000 0.150476 0.231545 0.244645 0.380770 0.481808 0.453424 0.438544 0.574795 0.675142 0.118093 0.133641 0.244673 0.364335 0.327381 0.344084 0.439525 0.551389 0.220694 0.277364 0.412711 0.348147 0.386220 0.431488 0.543329 0.143906 0.245227 0.238558 0.261040 0.364409 0.479877 0.154211 0.147340 0.233300 0.246943 0.377710 0.246061 0.324151 0.317298 0.439952 0.123483 0.137026 0.243056 0.226610 0.275398 0.140869
 36.000000 0.146567 0.234284 0.234397 0.374366 0.464811 0.441825 0.433190 0.564611 0.651682 0.124535 0.130813 0.248503 0.365353 0.318875 0.339231 0.430884 0.526750 0.226797 0.295220 0.433024 0.341748 0.374429 0.422147 0.504290 0.144312 0.238451 0.248228 0.288572 0.370736 0.486496 0.155657 0.150927 0.245067 0.250158 0.383617 0.263564 0.347754 0.340326 0.478516 0.125766 0.139284 0.246968 0.225542 0.270481 0.145179
 37.000000 0.148398 0.239017 0.230991 0.375790 0.459293 0.445055 0.427628 0.561827 0.660894 0.119017 0.134451 0.256254 0.370424 0.324333 0.333551 0.429677 0.534981 0.224031 0.298521 0.435230 0.339330 0.357453 0.418066 0.510991 0.148583 0.238501 0.256400 0.290863 0.368913 0.491726 0.148088 0.153564 0.242508 0.243615 0.379699 0.248270 0.326536 0.319640 0.451013 0.123126 0.129437 0.240485 0.218005 0.269527 0.143147
 38.000000 0.144838 0.237735 0.238634 0.376768 0.487844 0.456092 0.474477 0.549186 0.660461 0.123669 0.135152 0.247976 0.381615 0.319791 0.356587 0.405858 0.522594 0.222580 0.275597 0.429681 0.307138 0.358466 0.355386 0.460123 0.146103 0.253270 0.256340 0.299142 0.364315 0.494185 0.157880 0.157537 0.243298 0.249770 0.391158 0.256648 0.319913 0.339295 0.469988 0.119549 0.134525 0.248147 0.220638 0.274221 0.149993
 39.000000 0.151013 0.239954 0.236800 0.375080 0.457958 0.456390 0.458371 0.572072 0.676265 0.119812 0.139209 0.255582 0.372426 0.315184 0.329814 0.424041 0.527298 0.231309 0.305170 0.443894 0.309396 0.314309 0.395697 0.476059 0.139746 0.236613 0.254271 0.297950 0.369951 0.493486 0.152948 0.157458 0.243510 0.257777 0.391199 0.261086 0.324971 0.349334 0.475262 0.124016 0.138528 0.247293 0.227011 0.278758 0.141901
 40.000000 0.148439 0.231780 0.244957 0.383491 0.486092 0.446482 0.478006 0.527844 0.641659 0.126846 0.136360 0.248988 0.373311 0.310235 0.364667 0.383866 0.506429 0.235487 0.292727 0.436776 0.322273 0.398470 0.350880 0.467564 0.148206 0.247970 0.239245 0.283553 0.344551 0.470687 0.153056 0.149161 0.233891 0.239612 0.375155 0.256860 0.303979 0.344671 0.463393 0.123329 0.134406 0.240108 0.229541 0.273104 0.149402
