#! FIELDS time pair1 pair2 pair3 pair4 pair5 pair6 pair7 pair8 pair9 pair10 pair11 pair12 pair13 pair14 pair15 pair16 pair17 pair18 pair19 pair20 pair21 pair22 pair23 pair24 pair25 pair26 pair27 pair28 pair29 pair30 pair31 pair32 pair33 pair34 pair35 pair36 pair37 pair38 pair39 pair40 pair41 pair42 pair43 pair44 pair45
 0.000000 0.143070 0.226791 0.243169 0.386136 0.437890 0.461884 0.442191 0.589255 0.694839 0.124238 0.133544 0.256811 0.308780 0.328615 0.325985 0.452708 0.564884 0.224430 0.295802 0.318399 0.327199 0.315032 0.439793 0.543018 0.147953 0.237510 0.256113 0.288635 0.374562 0.496880 0.155670 0.150957 0.241864 0.242951 0.378848 0.256634 0.359251 0.305100 0.451846 0.124796 0.130065 0.242450 0.218222 0.266949 0.147685
 1.000000 0.153147 0.244158 0.239372 0.377857 0.446867 0.439401 0.435441 0.556899 0.665021 0.119511 0.135960 0.247180 0.311525 0.302815 0.323755 0.410407 0.524081 0.223056 0.279487 0.317003 0.292961 0.319396 0.374840 0.473322 0.143983 0.239501 0.246345 0.288683 0.358969 0.488367 0.151281 0.150256 0.241812 0.235627 0.376012 0.254254 0.367920 0.271673 0.418183 0.121770 0.134108 0.244920 0.224270 0.275082 0.148327
 2.000000 0.150599 0.232237 0.244867 0.383107 0.453126 0.470747 0.454199 0.600282 0.709866 0.126277 0.128312 0.246209 0.323930 0.325679 0.319163 0.453984 0.564739 0.224450 0.290449 0.350150 0.323909 0.289691 0.446125 0.536433 0.143509 0.243333 0.258478 0.295149 0.377367 0.504145 0.146492 0.154363 0.245206 0.248646 0.386297 0.251444 0.352684 0.297760 0.434600 0.125531 0.132170 0.245937 0.220502 0.274155 0.144568
 3.000000 0.152850 0.238885 0.243035 0.380234 0.456406 0.446594 0.421108 0.577531 0.678638 0.120967 0.131989 0.243123 0.314479 0.309188 0.307862 0.433845 0.542897 0.221129 0.275300 0.311127 0.304329 0.306010 0.409754 0.508698 0.144437 0.252923 0.247931 0.273763 0.371669 0.492441 0.156071 0.150857 0.235521 0.245756 0.379863 0.254228 0.358823 0.288919 0.429956 0.119591 0.136066 0.244553 0.222949 0.275351 0.143066
 4.000000 0.152506 0.239161 0.245100 0.387657 0.457929 0.455215 0.432724 0.583386 0.685620 0.125124 0.132182 0.251273 0.314167 0.322281 0.317748 0.447537 0.555407 0.225725 0.289341 0.311463 0.329977 0.310284 0.448309 0.540127 0.148492 0.251040 0.252557 0.290110 0.366040 0.490874 0.157407 0.152693 0.245907 0.235951 0.373670 0.261981 0.354131 0.305352 0.437164 0.122707 0.130820 0.238994 0.221009 0.267299 0.145630
 5.000000 0.151294 0.234783 0.250972 0.393022 0.464393 0.480502 0.467250 0.605900 0.712638 0.121165 0.140018 0.259850 0.326572 0.343211 0.334887 0.472209 0.581520 0.228989 0.299060 0.335091 0.345255 0.303750 0.477833 0.570707 0.146905 0.249299 0.264819 0.306861 0.377486 0.503478 0.156323 0.154311 0.243740 0.248397 0.384751 0.251946 0.328983 0.320721 0.451385 0.126416 0.133300 0.244068 0.225468 0.276177 0.144589
 6.000000 0.145420 0.232650 0.237424 0.368660 0.429871 0.464049 0.503541 0.546908 0.659574 0.125909 0.137117 0.242778 0.299363 0.340297 0.374895 0.441791 0.559737 0.235410 0.291986 0.304413 0.369195 0.365682 0.491144 0.599221 0.140421 0.257808 0.241849 0.315527 0.322127 0.449478 0.162318 0.155502 0.247134 0.248785 0.385650 0.279661 0.334455 0.380916 0.511591 0.125579 0.133914 0.246473 0.223493 0.278232 0.142962
 7.000000 0.153941 0.239796 0.239960 0.378225 0.451701 0.460757 0.485808 0.549917 0.667939 0.123475 0.131221 0.243610 0.310934 0.323189 0.344851 0.428734 0.549696 0.227379 0.287374 0.312771 0.334331 0.312167 0.457940 0.563100 0.143279 0.251704 0.254511 0.322579 0.339626 0.475774 0.155119 0.155219 0.247435 0.243707 0.384393 0.253209 0.302572 0.352024 0.477839 0.126036 0.132280 0.247032 0.225311 0.281727 0.146571
 8.000000 0.148317 0.234540 0.231017 0.369881 0.435395 0.449556 0.523635 0.489745 0.613561 0.121074 0.128472 0.244315 0.312098 0.310678 0.376571 0.371866 0.498418 0.222499 0.290463 0.335693 0.308393 0.338244 0.378834 0.483481 0.141961 0.243056 0.248383 0.339790 0.310794 0.453594 0.154328 0.150748 0.238810 0.248511 0.389975 0.249090 0.270786 0.377673 0.504222 0.121898 0.138856 0.257212 0.225819 0.290704 0.147150
 9.000000 0.149780 0.235478 0.240162 0.382419 0.456081 0.464605 0.556451 0.486196 0.600736 0.125555 0.132537 0.251281 0.314385 0.336431 0.417911 0.386612 0.509759 0.229891 0.297049 0.305356 0.369018 0.414447 0.445907 0.559291 0.146908 0.258186 0.248604 0.354497 0.291185 0.428362 0.152086 0.154175 0.247042 0.242246 0.380841 0.250998 0.275956 0.369439 0.493755 0.128406 0.129232 0.243446 0.224199 0.280139 0.143788
 10.000000 0.148678 0.234804 0.239650 0.378690 0.450597 0.457027 0.568407 0.442649 0.562041 0.118684 0.132985 0.250446 0.326339 0.315875 0.422541 0.317548 0.441612 0.219100 0.286861 0.337711 0.308391 0.396196 0.305845 0.407687 0.142836 0.248970 0.248737 0.357869 0.283686 0.422125 0.154032 0.150685 0.235767 0.247722 0.376948 0.247895 0.269024 0.370195 0.482717 0.123459 0.136030 0.239307 0.227310 0.273507 0.139327
 11.000000 0.145210 0.234985 0.233422 0.371038 0.449339 0.439379 0.539500 0.423053 0.522676 0.123637 0.126815 0.244076 0.313837 0.313117 0.403626 0.327793 0.438691 0.217177 0.282395 0.310670 0.319722 0.376768 0.352582 0.441081 0.140858 0.246791 0.243113 0.348284 0.273653 0.407733 0.151456 0.152056 0.239184 0.241166 0.376068 0.249211 0.269121 0.368329 0.487093 0.124314 0.131871 0.241176 0.226349 0.280096 0.142176
 12.000000 0.150735 0.240094 0.242778 0.382060 0.451842 0.450044 0.547344 0.438977 0.555681 0.120623 0.139032 0.249594 0.314713 0.313689 0.402931 0.330215 0.453652 0.227359 0.280648 0.309189 0.311610 0.368091 0.344555 0.447131 0.147550 0.255879 0.243781 0.353082 0.271533 0.412623 0.152961 0.144631 0.237023 0.236856 0.369736 0.245652 0.274396 0.367023 0.483227 0.122237 0.133135 0.238791 0.218598 0.261704 0.143129
 13.000000 0.150814 0.239946 0.241102 0.380565 0.443652 0.460415 0.574542 0.442756 0.568546 0.125774 0.134555 0.251911 0.312771 0.321728 0.429722 0.323203 0.457463 0.229856 0.299038 0.335728 0.321562 0.411833 0.312031 0.425097 0.142555 0.240019 0.249455 0.359878 0.284129 0.430954 0.148893 0.151294 0.237365 0.249277 0.389208 0.244395 0.272208 0.364030 0.492396 0.123855 0.137277 0.253197 0.228116 0.288855 0.147526
 14.000000 0.145880 0.230202 0.234964 0.364213 0.425234 0.451713 0.563114 0.441332 0.568131 0.119172 0.128643 0.234977 0.296299 0.315674 0.421115 0.326914 0.462936 0.216687 0.272136 0.304048 0.312577 0.397273 0.324892 0.445013 0.135510 0.237133 0.244780 0.356310 0.278822 0.425381 0.145667 0.149526 0.239144 0.245579 0.387363 0.241199 0.271700 0.363112 0.494410 0.123669 0.138373 0.256460 0.228256 0.292701 0.147686
 15.000000 0.154392 0.239299 0.244322 0.386343 0.452172 0.458512 0.570436 0.448292 0.575574 0.122658 0.132642 0.249363 0.313104 0.317814 0.423325 0.333687 0.468732 0.225825 0.288675 0.317520 0.322988 0.403045 0.346003 0.460640 0.147628 0.245076 0.254098 0.367677 0.295359 0.444488 0.152663 0.151908 0.245043 0.252960 0.392922 0.256566 0.295604 0.380301 0.505607 0.123085 0.136327 0.251952 0.214781 0.264224 0.150017
 16.000000 0.148718 0.237693 0.243140 0.378984 0.431372 0.466721 0.572319 0.458643 0.573832 0.122127 0.136580 0.246808 0.301763 0.326699 0.426228 0.338890 0.461924 0.224947 0.278225 0.297035 0.320492 0.392954 0.345139 0.449757 0.144264 0.246611 0.256004 0.367747 0.282337 0.422651 0.157636 0.152676 0.245540 0.238676 0.377134 0.256384 0.288602 0.370625 0.496054 0.124234 0.131065 0.243775 0.222288 0.278054 0.143450
 17.000000 0.153994 0.239754 0.238592 0.374450 0.441601 0.479793 0.593422 0.478500 0.602659 0.122523 0.131545 0.245106 0.305367 0.346772 0.453763 0.367706 0.500040 0.227148 0.295637 0.317196 0.370107 0.461763 0.394812 0.516206 0.138943 0.248123 0.255051 0.365022 0.291356 0.431287 0.157423 0.151651 0.240566 0.247243 0.384381 0.255284 0.287899 0.377392 0.504687 0.120723 0.137561 0.252640 0.222371 0.285918 0.141619
 18.000000 0.148923 0.239253 0.237213 0.376954 0.445579 0.461669 0.550473 0.488858 0.606054 0.123289 0.129653 0.247596 0.316071 0.324466 0.405032 0.373770 0.492670 0.219294 0.282574 0.310298 0.329894 0.374341 0.398929 0.496826 0.144935 0.253935 0.248081 0.351085 0.299490 0.437001 0.151819 0.154383 0.245624 0.253140 0.387448 0.253509 0.282563 0.380064 0.495920 0.123195 0.134082 0.243339 0.215079 0.258339 0.145231
 19.000000 0.144340 0.229534 0.229830 0.364411 0.427089 0.444046 0.521453 0.487190 0.603014 0.117839 0.130399 0.243058 0.313638 0.306413 0.377488 0.367502 0.487184 0.219841 0.286065 0.338675 0.299083 0.334988 0.372167 0.472100 0.137714 0.234284 0.248276 0.343058 0.309926 0.447527 0.151466 0.155274 0.246645 0.245782 0.386058 0.255417 0.286426 0.375314 0.505182 0.123166 0.135805 0.253687 0.224377 0.291083 0.143199
 20.000000 0.149579 0.237668 0.247609 0.375694 0.429835 0.462317 0.565978 0.468052 0.599090 0.122727 0.131065 0.237226 0.302711 0.318338 0.417680 0.344341 0.482785 0.214047 0.259704 0.300117 0.301067 0.375384 0.339454 0.465870 0.141032 0.250380 0.246213 0.355934 0.282165 0.426956 0.156263 0.155110 0.240468 0.251593 0.389334 0.270342 0.299895 0.391470 0.520489 0.121598 0.134596 0.250420 0.221138 0.282004 0.145705
 21.000000 0.148445 0.231420 0.234921 0.373350 0.452080 0.456197 0.561875 0.447331 0.560432 0.119912 0.132273 0.244569 0.315474 0.328305 0.424740 0.350424 0.471016 0.226405 0.288203 0.312223 0.352016 0.419556 0.395153 0.497846 0.143896 0.260791 0.248322 0.360638 0.276530 0.416548 0.160368 0.151215 0.245222 0.242613 0.379544 0.260730 0.291918 0.383204 0.503670 0.124113 0.135930 0.244998 0.224261 0.271477 0.146003
 22.000000 0.145829 0.236683 0.237523 0.373450 0.439769 0.461035 0.557873 0.457256 0.578883 0.125543 0.136781 0.243707 0.303162 0.328951 0.417806 0.352058 0.476997 0.232090 0.279439 0.285072 0.334685 0.389411 0.381413 0.483840 0.146164 0.260150 0.258043 0.367087 0.282903 0.426252 0.157067 0.156620 0.248847 0.242219 0.375993 0.246564 0.268933 0.367595 0.477457 0.124816 0.134365 0.233728 0.228256 0.260480 0.147353
 23.000000 0.144879 0.232959 0.240186 0.374996 0.428338 0.463411 0.567223 0.448975 0.556188 0.121713 0.135385 0.243947 0.298391 0.327869 0.425218 0.337025 0.451800 0.223076 0.272386 0.288602 0.320203 0.391392 0.344445 0.434669 0.147394 0.254975 0.254670 0.364597 0.273695 0.412085 0.153105 0.158858 0.243035 0.248081 0.383876 0.258436 0.280932 0.375544 0.493013 0.124234 0.137536 0.244395 0.236038 0.288696 0.145702
 24.000000 0.146973 0.233197 0.230794 0.371614 0.433157 0.445032 0.560747 0.420385 0.541950 0.119122 0.131488 0.245650 0.303021 0.310710 0.420364 0.311931 0.439169 0.223381 0.285563 0.308607 0.307813 0.395363 0.316577 0.419670 0.145839 0.246173 0.251877 0.367656 0.275416 0.418822 0.155493 0.155309 0.248624 0.245400 0.378451 0.251641 0.291455 0.369493 0.485738 0.124133 0.137630 0.238918 0.227379 0.264339 0.144727
 25.000000 0.144765 0.229159 0.232312 0.369115 0.435954 0.451896 0.561695 0.444601 0.558822 0.125638 0.130192 0.242324 0.305223 0.319457 0.422055 0.335456 0.458486 0.230081 0.292277 0.321139 0.323289 0.402476 0.336740 0.436548 0.142390 0.250402 0.254356 0.365259 0.291638 0.431216 0.158297 0.157499 0.246254 0.253342 0.390763 0.253964 0.278935 0.374927 0.497295 0.124880 0.134559 0.249532 0.223466 0.283671 0.142373
 26.000000 0.149322 0.236478 0.245247 0.377890 0.417394 0.472704 0.575850 0.483401 0.605862 0.124463 0.137996 0.248881 0.297323 0.329366 0.428712 0.350327 0.472874 0.230903 0.288605 0.300090 0.331423 0.406744 0.352769 0.449530 0.143962 0.245939 0.250577 0.360062 0.290995 0.431051 0.154871 0.148533 0.234772 0.248711 0.379373 0.247748 0.269535 0.368421 0.477348 0.124764 0.134941 0.241060 0.223864 0.267698 0.143349
 27.000000 0.145685 0.234017 0.226585 0.371508 0.447545 0.450038 0.565277 0.431029 0.560448 0.125363 0.125351 0.242318 0.309718 0.323274 0.430523 0.332689 0.470759 0.224920 0.283192 0.300787 0.338954 0.424035 0.360352 0.482752 0.151588 0.263070 0.255881 0.367185 0.282922 0.430354 0.155592 0.152918 0.235953 0.247608 0.384934 0.251994 0.273033 0.370606 0.492188 0.124185 0.134097 0.244553 0.228618 0.280125 0.147811
 28.000000 0.145582 0.234696 0.235332 0.378324 0.445890 0.450570 0.564778 0.427780 0.555004 0.122768 0.133825 0.254517 0.312605 0.326195 0.432567 0.328977 0.460071 0.226091 0.297125 0.311567 0.345212 0.430741 0.355463 0.468949 0.146103 0.246583 0.245711 0.355085 0.277000 0.416416 0.151463 0.149893 0.231692 0.248171 0.370915 0.252960 0.279861 0.369391 0.476383 0.121347 0.134793 0.229578 0.223897 0.255834 0.139761
 29.000000 0.153561 0.233574 0.244763 0.386184 0.440283 0.469900 0.579515 0.444714 0.550622 0.121318 0.136051 0.257412 0.304408 0.335909 0.437105 0.336384 0.454737 0.232168 0.312568 0.323472 0.361305 0.439011 0.369413 0.471184 0.143182 0.238307 0.247946 0.359768 0.267810 0.404228 0.157559 0.148654 0.243327 0.234156 0.372802 0.258416 0.300135 0.369224 0.499506 0.121136 0.133825 0.249064 0.220329 0.283804 0.141414
 30.000000 0.144589 0.234647 0.240208 0.373612 0.427033 0.463595 0.576512 0.451617 0.575628 0.123519 0.136916 0.247257 0.306974 0.326199 0.435970 0.325819 0.454661 0.226210 0.284466 0.321338 0.318740 0.416607 0.303778 0.406753 0.142947 0.247816 0.249712 0.358427 0.281514 0.427732 0.152948 0.150406 0.231409 0.245727 0.385286 0.252319 0.278218 0.363014 0.485038 0.123313 0.133064 0.248699 0.227179 0.287946 0.147882
 31.000000 0.144260 0.231223 0.230239 0.373542 0.426672 0.453759 0.545450 0.468668 0.590892 0.123203 0.133525 0.252992 0.311156 0.316875 0.402297 0.347357 0.471960 0.231339 0.303443 0.347789 0.313045 0.373186 0.337553 0.433466 0.146472 0.229737 0.259093 0.357096 0.309822 0.454545 0.150934 0.153026 0.240653 0.246240 0.388434 0.247956 0.270320 0.370579 0.496443 0.122837 0.132102 0.249299 0.220431 0.277937 0.149496
 32.000000 0.146048 0.223376 0.237756 0.374518 0.454425 0.453204 0.531265 0.471438 0.583852 0.119042 0.130698 0.245613 0.339376 0.308846 0.385653 0.339343 0.458433 0.223520 0.292091 0.387426 0.293750 0.352912 0.308112 0.398012 0.141166 0.241590 0.258337 0.345615 0.312919 0.454413 0.156314 0.155261 0.237449 0.246686 0.390788 0.253933 0.268313 0.377129 0.507965 0.119925 0.133222 0.254215 0.223495 0.294131 0.148084
 33.000000 0.148439 0.232183 0.242052 0.376500 0.436060 0.470473 0.583482 0.470292 0.600921 0.122707 0.131336 0.244863 0.309073 0.332354 0.440156 0.349471 0.483463 0.222814 0.285568 0.314504 0.342231 0.432396 0.357730 0.478996 0.139975 0.245277 0.253310 0.361765 0.299441 0.436455 0.157391 0.156093 0.238468 0.260810 0.383997 0.267972 0.294393 0.389941 0.501045 0.123572 0.138669 0.237173 0.226073 0.265241 0.137572
 34.000000 0.145169 0.226261 0.243528 0.380285 0.436015 0.460128 0.574320 0.451277 0.580004 0.120333 0.135551 0.249289 0.308018 0.322065 0.431497 0.332254 0.466563 0.225100 0.285295 0.310282 0.323342 0.410840 0.338268 0.453335 0.146898 0.249738 0.247071 0.363464 0.278023 0.424378 0.147003 0.149569 0.240044 0.247512 0.383116 0.244747 0.277137 0.365620 0.486113 0.126388 0.135739 0.245253 0.225980 0.272075 0.146717
 35.000000 0.148600 0.238657 0.240944 0.378615 0.428530 0.461937 0.575835 0.455224 0.576564 0.122421 0.133963 0.245237 0.295682 0.324718 0.432881 0.341258 0.471672 0.221939 0.273792 0.294515 0.314854 0.406193 0.334057 0.449926 0.145729 0.237744 0.257534 0.365275 0.299685 0.440211 0.153026 0.150894 0.233227 0.253673 0.388550 0.257965 0.288406 0.380270 0.506322 0.123037 0.139782 0.253128 0.229759 0.292465 0.141354
 36.000000 0.144215 0.231644 0.232306 0.373348 0.444844 0.450079 0.563480 0.424995 0.540075 0.123616 0.128740 0.245880 0.307932 0.324994 0.431335 0.328239 0.453099 0.222668 0.284974 0.290629 0.346878 0.430828 0.363337 0.473039 0.146618 0.259873 0.243781 0.356168 0.270442 0.408623 0.156675 0.151400 0.237413 0.252115 0.383570 0.251422 0.280617 0.371070 0.486819 0.120553 0.140890 0.247705 0.225927 0.278440 0.139564
 37.000000 0.145740 0.238265 0.237601 0.374819 0.435547 0.461862 0.564236 0.454658 0.575489 0.122776 0.135506 0.247816 0.314008 0.325621 0.421979 0.337126 0.463081 0.223629 0.280009 0.323105 0.317319 0.392352 0.334990 0.443042 0.143809 0.245510 0.253616 0.356256 0.284046 0.422021 0.156288 0.148519 0.228965 0.238636 0.369417 0.258863 0.278117 0.376140 0.495250 0.118941 0.132669 0.237497 0.224878 0.278406 0.138629
 38.000000 0.140996 0.230178 0.227759 0.364718 0.435516 0.441223 0.508352 0.495599 0.614308 0.120574 0.130897 0.241998 0.308801 0.317399 0.374868 0.395856 0.517712 0.220975 0.276769 0.313142 0.315769 0.331122 0.411699 0.513334 0.143363 0.245390 0.253531 0.342634 0.325248 0.464605 0.156234 0.153951 0.240019 0.254364 0.391705 0.265319 0.289458 0.387513 0.509343 0.126000 0.134514 0.248713 0.223951 0.277802 0.146451
 39.000000 0.150990 0.234045 0.243596 0.379017 0.428838 0.479239 0.583227 0.485244 0.609506 0.123081 0.133105 0.246366 0.288260 0.344096 0.439771 0.376045 0.506197 0.225659 0.292289 0.288030 0.359373 0.430278 0.406471 0.522132 0.142425 0.247235 0.250753 0.360140 0.281192 0.421291 0.155312 0.154396 0.244675 0.244012 0.380309 0.250296 0.280909 0.371583 0.494106 0.120706 0.135610 0.245489 0.222306 0.276328 0.142341
 40.000000 0.147648 0.235852 0.241522 0.380900 0.444095 0.441371 0.538492 0.431302 0.530814 0.122319 0.135518 0.250554 0.309018 0.307441 0.397132 0.324877 0.434358 0.224933 0.285554 0.301400 0.310016 0.364206 0.342306 0.425264 0.145293 0.247081 0.241713 0.351085 0.279231 0.417251 0.153782 0.151013 0.243953 0.249034 0.387074 0.251086 0.280802 0.373552 0.491678 0.124844 0.133660 0.248683 0.216155 0.266295 0.147899
