#! FIELDS time pair1 pair2 pair3 pair4 pair5 pair6 pair7 pair8 pair9 pair10 pair11 pair12 pair13 pair14 pair15 pair16 pair17 pair18 pair19 pair20 pair21 pair22 pair23 pair24 pair25 pair26 pair27 pair28 pair29 pair30 pair31 pair32 pair33 pair34 pair35 pair36 pair37 pair38 pair39 pair40 pair41 pair42 pair43 pair44 pair45
 0.000000 0.142822 0.231899 0.239585 0.372631 0.447218 0.463459 0.458897 0.587116 0.697977 0.124615 0.133989 0.241897 0.330203 0.351670 0.377383 0.467107 0.590323 0.224027 0.270782 0.351882 0.400815 0.456531 0.492723 0.627635 0.144260 0.245171 0.229480 0.248574 0.357553 0.474141 0.152859 0.152702 0.235597 0.255145 0.389401 0.248769 0.316016 0.334026 0.456923 0.119808 0.138625 0.248799 0.222443 0.275770 0.144160
 1.000000 0.149570 0.239259 0.235087 0.375163 0.434964 0.472986 0.467166 0.593121 0.700787 0.119675 0.134257 0.248242 0.329213 0.361976 0.389301 0.470011 0.588117 0.223466 0.284974 0.372208 0.404610 0.458556 0.487654 0.609283 0.145014 0.232951 0.245524 0.266515 0.367199 0.484558 0.154003 0.149596 0.231731 0.248181 0.381666 0.252028 0.318248 0.333624 0.465891 0.122735 0.133735 0.245010 0.223841 0.281073 0.141686
 2.000000 0.140609 0.227469 0.229663 0.365065 0.473730 0.443158 0.446311 0.555814 0.663953 0.122479 0.128569 0.240273 0.354811 0.342570 0.379545 0.446446 0.570860 0.220202 0.274157 0.390689 0.382362 0.447637 0.455646 0.584217 0.144641 0.251518 0.244217 0.276228 0.365533 0.492082 0.156269 0.154638 0.243928 0.250721 0.393708 0.251454 0.326614 0.325025 0.463524 0.125004 0.137303 0.254108 0.227987 0.285252 0.151086
 3.000000 0.148489 0.234301 0.241651 0.383129 0.488877 0.454521 0.487493 0.544086 0.654348 0.121992 0.135018 0.247607 0.370219 0.336838 0.397180 0.418939 0.542297 0.226385 0.277274 0.409580 0.372433 0.459319 0.416147 0.543141 0.152666 0.260381 0.239529 0.285163 0.355817 0.478832 0.164149 0.158698 0.248171 0.258366 0.393318 0.264783 0.313487 0.370046 0.490581 0.121672 0.147275 0.255746 0.234030 0.289810 0.141725
 4.000000 0.151340 0.240221 0.233508 0.366883 0.467903 0.448084 0.443361 0.570163 0.680841 0.121598 0.126040 0.234715 0.348162 0.338164 0.370768 0.447868 0.572328 0.217090 0.270194 0.389734 0.375634 0.434499 0.458234 0.587883 0.139632 0.241315 0.245131 0.277793 0.364760 0.488027 0.152925 0.154855 0.243709 0.246043 0.381685 0.245776 0.325066 0.302676 0.426930 0.124539 0.134198 0.243218 0.226117 0.276364 0.143979
 5.000000 0.146427 0.240871 0.233302 0.375268 0.462771 0.465413 0.464552 0.567902 0.677414 0.122711 0.135871 0.248344 0.334786 0.365286 0.399156 0.457828 0.583059 0.225993 0.278124 0.339632 0.417413 0.480098 0.487354 0.621937 0.149686 0.259806 0.239393 0.265517 0.346539 0.468243 0.157216 0.151885 0.243189 0.232467 0.374183 0.252456 0.335267 0.315243 0.457301 0.125881 0.126712 0.242566 0.223576 0.280970 0.148277
 6.000000 0.147777 0.241154 0.237154 0.376217 0.454913 0.470916 0.465980 0.597725 0.699981 0.123033 0.133192 0.248566 0.324407 0.367704 0.396117 0.485663 0.604549 0.220964 0.281780 0.324304 0.421693 0.477784 0.520235 0.653012 0.143447 0.247330 0.241068 0.264781 0.368691 0.481801 0.153431 0.146741 0.231158 0.250703 0.382916 0.244389 0.322727 0.319263 0.453140 0.122135 0.139287 0.246532 0.225739 0.272487 0.145592
 7.000000 0.155107 0.242566 0.239654 0.387465 0.483098 0.466949 0.495558 0.557823 0.674393 0.121417 0.130897 0.253636 0.358438 0.358521 0.416708 0.439795 0.570256 0.223002 0.292255 0.394063 0.410757 0.493564 0.463441 0.601220 0.151608 0.258190 0.245249 0.291815 0.349688 0.474786 0.155064 0.153069 0.239510 0.242691 0.375887 0.248091 0.293090 0.337926 0.451427 0.123300 0.135768 0.240601 0.230169 0.277946 0.143122
 8.000000 0.155438 0.237289 0.253320 0.387970 0.470205 0.489327 0.485187 0.604269 0.714948 0.121897 0.133349 0.245369 0.330557 0.368109 0.393798 0.476099 0.599654 0.220674 0.277548 0.349221 0.415060 0.469661 0.499869 0.634557 0.141880 0.247786 0.244912 0.263873 0.365253 0.481798 0.156109 0.154266 0.231212 0.253673 0.384566 0.253811 0.319570 0.332659 0.453530 0.120486 0.134216 0.240369 0.223895 0.273474 0.142524
 9.000000 0.152611 0.240023 0.244643 0.378256 0.460169 0.469142 0.469767 0.577998 0.691020 0.126700 0.130622 0.236690 0.331310 0.343025 0.374562 0.440095 0.562936 0.225391 0.268002 0.358691 0.383470 0.443254 0.448376 0.574764 0.145065 0.237836 0.242479 0.271111 0.356166 0.479342 0.148034 0.152552 0.243263 0.234500 0.372426 0.252543 0.340800 0.307282 0.443374 0.123891 0.132340 0.240784 0.228545 0.280635 0.144419
 10.000000 0.147411 0.237716 0.236960 0.379373 0.472580 0.451448 0.422939 0.580211 0.679699 0.122397 0.134216 0.251734 0.370991 0.327626 0.325903 0.448661 0.555570 0.223806 0.286854 0.430187 0.332864 0.340541 0.432798 0.527313 0.147289 0.243208 0.250577 0.268524 0.375003 0.495550 0.154609 0.159050 0.239960 0.254246 0.390172 0.260601 0.338805 0.322070 0.456966 0.120058 0.134231 0.245913 0.222463 0.280932 0.142720
 11.000000 0.147912 0.233397 0.250627 0.379896 0.479136 0.468906 0.464343 0.582238 0.699258 0.123313 0.139032 0.243608 0.352716 0.349916 0.376614 0.454041 0.581200 0.227002 0.273355 0.382822 0.386555 0.442626 0.463949 0.594659 0.140517 0.246635 0.237779 0.259893 0.355172 0.481216 0.155544 0.152086 0.236688 0.241557 0.380416 0.248117 0.325314 0.306238 0.436236 0.123754 0.129043 0.244798 0.222987 0.285778 0.143673
 12.000000 0.149616 0.234158 0.241752 0.382132 0.487923 0.444925 0.482648 0.519786 0.615458 0.122593 0.132789 0.248974 0.375971 0.321852 0.387544 0.389186 0.499752 0.225535 0.288404 0.431455 0.350271 0.441093 0.374907 0.481839 0.146427 0.252628 0.240653 0.295373 0.344443 0.465503 0.160530 0.152869 0.241640 0.252448 0.387118 0.260344 0.302876 0.368551 0.494120 0.124503 0.138163 0.250370 0.226212 0.284791 0.140649
 13.000000 0.147421 0.236138 0.235871 0.375751 0.464231 0.461286 0.478543 0.559836 0.661623 0.124812 0.129715 0.243857 0.358510 0.326640 0.365619 0.416117 0.525176 0.223879 0.279074 0.417714 0.335750 0.394087 0.385841 0.486214 0.147655 0.236163 0.253712 0.293181 0.366381 0.487202 0.149569 0.154499 0.241953 0.249177 0.386753 0.245522 0.305997 0.337737 0.469494 0.121165 0.137146 0.246601 0.224330 0.272707 0.148462
 14.000000 0.151743 0.238120 0.242625 0.374804 0.475072 0.447197 0.444568 0.565280 0.674328 0.120379 0.134852 0.240162 0.362515 0.318404 0.345793 0.425999 0.544777 0.224103 0.273432 0.415714 0.320609 0.360369 0.398241 0.505918 0.141425 0.234755 0.258476 0.302242 0.375460 0.508654 0.149201 0.162422 0.254364 0.254780 0.399442 0.254794 0.336482 0.324102 0.463382 0.123207 0.135963 0.254108 0.221851 0.279419 0.150854
 15.000000 0.146513 0.235671 0.230634 0.367730 0.456513 0.441943 0.444624 0.545637 0.648612 0.124069 0.133169 0.242390 0.360658 0.310937 0.339497 0.404285 0.512952 0.231285 0.287618 0.430424 0.313399 0.351367 0.376676 0.467916 0.143224 0.231905 0.255754 0.298359 0.359978 0.485360 0.150828 0.156649 0.247554 0.239318 0.376894 0.249692 0.313691 0.323611 0.452011 0.128062 0.129684 0.236343 0.229943 0.274813 0.146444
 16.000000 0.145097 0.237901 0.238833 0.373525 0.484575 0.454722 0.472444 0.541662 0.641763 0.126870 0.139363 0.249656 0.384185 0.313536 0.343386 0.396699 0.498523 0.234534 0.290833 0.445069 0.301266 0.337808 0.348233 0.430652 0.142639 0.250348 0.255173 0.295794 0.360319 0.479505 0.157271 0.158206 0.241690 0.251241 0.382781 0.259046 0.319503 0.345103 0.468112 0.122617 0.133630 0.236728 0.225375 0.268080 0.142972
 17.000000 0.148607 0.236051 0.242695 0.374522 0.488348 0.442334 0.448737 0.543770 0.660688 0.122164 0.135059 0.243464 0.380536 0.308238 0.339801 0.400042 0.524138 0.224413 0.280590 0.437013 0.313003 0.361321 0.366778 0.482876 0.137746 0.249922 0.237247 0.276807 0.349498 0.481637 0.159157 0.154480 0.242425 0.245611 0.387063 0.238233 0.297135 0.321008 0.439792 0.121746 0.134881 0.249636 0.224234 0.280856 0.149803
 18.000000 0.152755 0.247144 0.238010 0.379954 0.475967 0.456274 0.448803 0.568355 0.668581 0.124218 0.134078 0.247647 0.371862 0.316869 0.331007 0.419882 0.524742 0.225896 0.280630 0.428482 0.310583 0.335034 0.383420 0.476328 0.147851 0.243335 0.256798 0.287696 0.370240 0.487960 0.154739 0.152725 0.235943 0.243454 0.372458 0.256049 0.327379 0.325444 0.446552 0.119808 0.134004 0.235011 0.224702 0.270303 0.138546
 19.000000 0.150363 0.239121 0.241232 0.383781 0.483853 0.468087 0.471451 0.572029 0.679878 0.125483 0.133985 0.251970 0.377694 0.328661 0.350829 0.424789 0.536005 0.228460 0.291704 0.439000 0.336640 0.369499 0.402336 0.502419 0.147949 0.248494 0.256800 0.294783 0.365281 0.488407 0.153955 0.151093 0.241607 0.239393 0.373928 0.242444 0.319737 0.312066 0.436296 0.124688 0.127617 0.236426 0.218186 0.265658 0.142362
 20.000000 0.148047 0.237270 0.240560 0.375452 0.482013 0.446351 0.450064 0.551004 0.656205 0.123438 0.135783 0.245434 0.374426 0.315929 0.347638 0.410401 0.523890 0.227411 0.282965 0.430806 0.320808 0.370207 0.380657 0.485341 0.141707 0.244487 0.251496 0.293321 0.361043 0.486045 0.152463 0.154768 0.244144 0.244444 0.379643 0.247136 0.315397 0.320297 0.443096 0.126345 0.131704 0.239504 0.226444 0.273578 0.144111
 21.000000 0.144696 0.231575 0.235705 0.373343 0.484358 0.446606 0.443546 0.563182 0.660161 0.120839 0.134536 0.247778 0.380140 0.319978 0.341344 0.426001 0.529491 0.225304 0.286995 0.435109 0.331412 0.364146 0.404595 0.494590 0.142948 0.253744 0.246020 0.282871 0.366657 0.486807 0.154435 0.156288 0.246791 0.251509 0.387831 0.251869 0.336550 0.320270 0.456485 0.121614 0.139725 0.249233 0.225187 0.276487 0.144741
 22.000000 0.144451 0.230361 0.231212 0.367040 0.462153 0.444627 0.492009 0.525747 0.638273 0.123742 0.130954 0.247047 0.360645 0.302091 0.350007 0.388564 0.499797 0.228484 0.299052 0.427468 0.287894 0.319639 0.356559 0.438312 0.141425 0.236402 0.253342 0.315959 0.351165 0.482707 0.151608 0.157667 0.244828 0.246256 0.386120 0.255503 0.300277 0.348283 0.476036 0.118735 0.131974 0.244879 0.215116 0.269236 0.146652
 23.000000 0.148274 0.236960 0.233863 0.369527 0.481976 0.432474 0.418820 0.547103 0.650146 0.123713 0.134540 0.241750 0.377012 0.296879 0.307839 0.403114 0.512512 0.231564 0.285219 0.436819 0.301287 0.325638 0.374382 0.470245 0.142373 0.250984 0.242944 0.270070 0.361682 0.486364 0.154016 0.154564 0.237996 0.248407 0.386836 0.254497 0.327809 0.321797 0.452213 0.122336 0.134715 0.246747 0.226667 0.281897 0.146915
 24.000000 0.150645 0.236108 0.240954 0.388491 0.489869 0.460646 0.468595 0.558716 0.665026 0.123649 0.134362 0.256143 0.381888 0.315393 0.339171 0.408207 0.517576 0.230139 0.298151 0.444706 0.303012 0.322388 0.366639 0.452164 0.153069 0.253620 0.262914 0.307841 0.370281 0.499392 0.153314 0.151003 0.239082 0.248375 0.386955 0.252909 0.319464 0.340722 0.471249 0.124684 0.137055 0.251150 0.227794 0.285514 0.145726
 25.000000 0.148499 0.232312 0.233330 0.374361 0.460913 0.448551 0.458253 0.546181 0.652322 0.123422 0.132707 0.249403 0.364951 0.308820 0.335678 0.398871 0.507220 0.230708 0.302690 0.440234 0.317722 0.349023 0.374114 0.462244 0.144862 0.236106 0.257684 0.307185 0.359618 0.487831 0.146407 0.154435 0.242499 0.246150 0.383189 0.259286 0.328562 0.341949 0.473469 0.122743 0.130821 0.244471 0.218847 0.276420 0.142457
 26.000000 0.148223 0.230278 0.243619 0.381437 0.490967 0.457045 0.459928 0.556781 0.671560 0.119273 0.133544 0.247726 0.379081 0.323799 0.351525 0.413905 0.534008 0.221030 0.281393 0.433631 0.322388 0.363045 0.381294 0.485779 0.144796 0.250819 0.255668 0.293125 0.360315 0.493983 0.158070 0.155737 0.240836 0.239184 0.381021 0.252789 0.319528 0.320095 0.451789 0.120979 0.131624 0.249321 0.226215 0.296029 0.144513
 27.000000 0.148229 0.236144 0.235181 0.379901 0.457191 0.481088 0.518719 0.562929 0.680945 0.120897 0.132913 0.251175 0.336743 0.370985 0.433518 0.446082 0.578175 0.223996 0.287696 0.359894 0.420302 0.504672 0.472611 0.612149 0.150137 0.245597 0.255973 0.305876 0.355484 0.485335 0.150854 0.151957 0.239017 0.247439 0.390757 0.247851 0.303364 0.350692 0.486693 0.117941 0.136795 0.255664 0.218057 0.280075 0.150057
 28.000000 0.147733 0.237649 0.246402 0.380143 0.479334 0.460858 0.441688 0.595644 0.696349 0.126562 0.138170 0.249090 0.349694 0.357954 0.374295 0.483592 0.599144 0.230558 0.288274 0.365847 0.422404 0.464005 0.530205 0.655496 0.140289 0.256946 0.229312 0.254122 0.357679 0.472612 0.162228 0.154431 0.244452 0.249353 0.382279 0.259725 0.363551 0.297202 0.436370 0.122890 0.137615 0.243536 0.225264 0.271893 0.142625
 29.000000 0.147119 0.233701 0.237883 0.371190 0.438102 0.477232 0.515415 0.571917 0.692488 0.120880 0.134640 0.241251 0.313223 0.367633 0.430302 0.454868 0.585876 0.225433 0.277463 0.335644 0.415709 0.501338 0.476417 0.614377 0.140947 0.231907 0.248922 0.298864 0.358777 0.482886 0.148172 0.156429 0.244225 0.254250 0.386343 0.257015 0.315609 0.354813 0.475582 0.120905 0.140745 0.246189 0.226268 0.275207 0.140947
 30.000000 0.151433 0.235782 0.246199 0.381205 0.438500 0.488222 0.486318 0.614392 0.735094 0.122266 0.129019 0.240502 0.307646 0.365241 0.392567 0.480480 0.609934 0.216081 0.267925 0.323792 0.408972 0.464047 0.500370 0.637569 0.143871 0.236833 0.244829 0.267004 0.369482 0.492700 0.153587 0.150858 0.235635 0.244503 0.381578 0.247473 0.333000 0.298963 0.434793 0.121285 0.137782 0.248101 0.229534 0.286360 0.144658
 31.000000 0.157137 0.247832 0.247520 0.390083 0.450981 0.486253 0.476213 0.612184 0.724860 0.124004 0.136037 0.251295 0.317924 0.371298 0.396105 0.486745 0.613102 0.227229 0.283940 0.327715 0.425320 0.478859 0.520575 0.658478 0.149670 0.246199 0.242087 0.260724 0.366062 0.484586 0.148381 0.149168 0.234533 0.245186 0.380638 0.239245 0.318413 0.305910 0.433435 0.122593 0.133188 0.244037 0.222203 0.274702 0.144433
 32.000000 0.153127 0.242145 0.245896 0.381142 0.440193 0.484880 0.502821 0.596351 0.716777 0.124008 0.134347 0.242514 0.312029 0.365427 0.413518 0.467673 0.599375 0.225040 0.273077 0.327939 0.412268 0.488380 0.490956 0.631785 0.144748 0.238585 0.243158 0.280948 0.359345 0.484144 0.150183 0.154538 0.245675 0.249818 0.388581 0.256533 0.327247 0.339367 0.469357 0.125387 0.131259 0.246522 0.217543 0.270546 0.146198
 33.000000 0.145935 0.229277 0.236960 0.367463 0.428390 0.467930 0.484562 0.564646 0.666904 0.122853 0.131244 0.237571 0.319078 0.353527 0.399431 0.440445 0.556915 0.225925 0.280587 0.361101 0.405529 0.478071 0.464384 0.589709 0.140886 0.244307 0.234994 0.270891 0.340830 0.452702 0.159459 0.156898 0.241191 0.250328 0.383043 0.272151 0.328436 0.366992 0.495670 0.122172 0.131883 0.237691 0.220873 0.264123 0.144796
 34.000000 0.146567 0.236028 0.238155 0.376674 0.476983 0.465026 0.454460 0.590137 0.706668 0.124390 0.136367 0.249842 0.362117 0.357641 0.381012 0.471281 0.600414 0.230332 0.291791 0.399209 0.409280 0.457796 0.498447 0.634200 0.144572 0.252723 0.250414 0.277780 0.373837 0.502332 0.162413 0.157156 0.245269 0.252034 0.394447 0.262918 0.351780 0.319933 0.454803 0.124374 0.135915 0.252290 0.226389 0.283565 0.150243
 35.000000 0.144648 0.228864 0.231338 0.374398 0.449143 0.477351 0.477883 0.600830 0.713733 0.118355 0.128008 0.248026 0.321388 0.374565 0.407395 0.487342 0.613254 0.216790 0.285358 0.327832 0.431846 0.490154 0.524913 0.661342 0.147231 0.248351 0.252509 0.281583 0.374382 0.494873 0.154567 0.153095 0.241574 0.248296 0.384117 0.248002 0.337137 0.310548 0.445719 0.122654 0.135340 0.245345 0.222479 0.272745 0.144682
 36.000000 0.149003 0.241756 0.241804 0.382097 0.435208 0.488084 0.497266 0.608126 0.729064 0.123337 0.135665 0.250910 0.318544 0.373232 0.411142 0.480875 0.610877 0.222847 0.277388 0.325715 0.415723 0.481126 0.498085 0.637004 0.150403 0.252893 0.247489 0.277815 0.367061 0.489184 0.159204 0.151003 0.241797 0.240085 0.376284 0.264159 0.352667 0.318083 0.447908 0.121713 0.133465 0.242483 0.221565 0.271868 0.143844
 37.000000 0.143352 0.227411 0.239641 0.377873 0.465989 0.456466 0.476874 0.552097 0.653396 0.122254 0.135934 0.250276 0.354296 0.343804 0.392949 0.430420 0.546339 0.228052 0.290034 0.396043 0.392159 0.468680 0.448877 0.574273 0.145024 0.244495 0.234421 0.272134 0.345293 0.458979 0.155274 0.145344 0.231078 0.240106 0.370548 0.249096 0.299401 0.340442 0.459956 0.122556 0.133229 0.236011 0.223611 0.264237 0.143558
 38.000000 0.149325 0.231623 0.236616 0.372853 0.471861 0.440069 0.443289 0.550660 0.664064 0.122201 0.134540 0.244526 0.369515 0.308955 0.338049 0.409133 0.528724 0.233114 0.295049 0.440198 0.326659 0.364157 0.392694 0.498564 0.141662 0.240179 0.241201 0.283171 0.359111 0.490540 0.151954 0.143409 0.234499 0.243329 0.383711 0.240358 0.311936 0.324202 0.452707 0.122262 0.135007 0.255147 0.216414 0.280842 0.145585
 39.000000 0.147180 0.233636 0.235272 0.374544 0.477502 0.457451 0.461534 0.571481 0.680771 0.124185 0.134532 0.246132 0.374398 0.317533 0.338180 0.425354 0.536989 0.232235 0.288522 0.437993 0.319714 0.349291 0.395760 0.490613 0.147763 0.247032 0.257659 0.291316 0.379369 0.506800 0.154722 0.154771 0.240609 0.254984 0.395021 0.252057 0.323311 0.331219 0.466327 0.122788 0.139632 0.255504 0.227759 0.288446 0.147170
 40.000000 0.150473 0.235155 0.240244 0.372999 0.477588 0.456406 0.507039 0.532305 0.651762 0.122760 0.134540 0.242169 0.371790 0.313091 0.379350 0.382135 0.504971 0.230054 0.286702 0.435782 0.314131 0.393490 0.340219 0.448823 0.140389 0.244018 0.248795 0.308294 0.349826 0.481864 0.153147 0.153343 0.241048 0.247405 0.385661 0.249564 0.295151 0.346091 0.469127 0.122841 0.137131 0.248536 0.226886 0.280303 0.146571
