#! FIELDS time phi psi
#! SET min_phi -pi
#! SET max_phi pi
#! SET min_psi -pi
#! SET max_psi pi
 0.000000 -1.952020 0.267616
 1.000000 -1.719445 0.294980
 2.000000 -2.106017 -0.207893
 3.000000 -1.614125 0.025065
 4.000000 -1.658215 0.111489
 5.000000 -1.622004 0.319486
 6.000000 -1.987362 -0.130158
 7.000000 -1.773697 -0.058888
 8.000000 -1.564581 0.365934
 9.000000 -2.678396 0.225733
 10.000000 -2.794510 0.240224
 11.000000 -2.831755 0.068089
 12.000000 -2.560428 0.282349
 13.000000 -1.779269 -0.058456
 14.000000 -1.216165 -0.803599
 15.000000 -1.079681 -0.670709
 16.000000 -1.214358 -0.413507
 17.000000 -1.390474 -0.718045
 18.000000 -1.581367 -0.150786
 19.000000 -2.500725 0.316041
 20.000000 -2.352195 0.192961
 21.000000 -1.586671 -0.034923
 22.000000 -1.078008 -0.698169
 23.000000 -1.375918 -0.602853
 24.000000 -1.102021 -0.642758
 25.000000 -1.715276 -0.170685
 26.000000 -1.171314 -0.551671
 27.000000 -2.583000 0.796501
 28.000000 -1.836179 0.272633
 29.000000 -2.060522 0.033740
 30.000000 -1.135650 -0.918537
 31.000000 -1.211216 -0.663928
 32.000000 -1.013299 -0.711454
 33.000000 -1.163953 -0.788677
 34.000000 -1.453293 -0.073447
 35.000000 -1.756975 0.371077
 36.000000 -2.032338 0.509154
 37.000000 -2.404328 0.966717
 38.000000 -2.244645 2.177698
 39.000000 -2.524345 2.150436
 40.000000 -2.048752 2.719426
