#! FIELDS time pair1 pair2 pair3 pair4 pair5 pair6 pair7 pair8 pair9 pair10 pair11 pair12 pair13 pair14 pair15 pair16 pair17 pair18 pair19 pair20 pair21 pair22 pair23 pair24 pair25 pair26 pair27 pair28 pair29 pair30 pair31 pair32 pair33 pair34 pair35 pair36 pair37 pair38 pair39 pair40 pair41 pair42 pair43 pair44 pair45
 0.000000 0.154376 0.243109 0.240368 0.376480 0.414489 0.464713 0.528351 0.525697 0.640714 0.127098 0.132125 0.242769 0.295684 0.313793 0.374234 0.387093 0.501117 0.231812 0.290133 0.327800 0.303562 0.328349 0.382135 0.467688 0.144928 0.238726 0.257490 0.347059 0.324534 0.458913 0.156083 0.154159 0.240778 0.250691 0.383991 0.255302 0.273668 0.381515 0.496795 0.123956 0.136839 0.243167 0.227346 0.274352 0.143454
 1.000000 0.149910 0.231227 0.240788 0.378963 0.452386 0.457510 0.563080 0.443498 0.543664 0.119050 0.139521 0.247923 0.316771 0.324854 0.422230 0.340530 0.451843 0.233686 0.290122 0.325098 0.333438 0.401887 0.363161 0.451044 0.146813 0.257864 0.257224 0.370955 0.283734 0.421521 0.162966 0.154123 0.250507 0.242819 0.382845 0.268011 0.304306 0.387103 0.512693 0.125300 0.135207 0.249327 0.224368 0.279098 0.147027
 2.000000 0.148956 0.233850 0.243783 0.385064 0.444937 0.456923 0.569438 0.437392 0.559312 0.125068 0.130361 0.251503 0.311912 0.317734 0.424782 0.319067 0.446983 0.223069 0.292414 0.317913 0.320239 0.406613 0.318518 0.418994 0.145527 0.245937 0.245961 0.355772 0.280439 0.425286 0.156163 0.150110 0.233465 0.250172 0.384377 0.254460 0.281263 0.371205 0.485396 0.122225 0.135599 0.244223 0.223473 0.270004 0.147343
 3.000000 0.148034 0.222275 0.246148 0.382284 0.452568 0.461981 0.569077 0.452014 0.581099 0.118347 0.134651 0.246457 0.314041 0.327631 0.427695 0.344948 0.482633 0.225852 0.285743 0.308474 0.344267 0.419139 0.378062 0.502118 0.145307 0.259378 0.250346 0.360677 0.279675 0.427623 0.158660 0.152542 0.238751 0.245548 0.384225 0.259546 0.282321 0.380362 0.504561 0.122919 0.134026 0.245923 0.225242 0.277721 0.148368
 4.000000 0.149030 0.239270 0.231899 0.368018 0.438171 0.460855 0.561012 0.465731 0.589591 0.127271 0.128876 0.239623 0.312653 0.323359 0.415413 0.349275 0.478211 0.229532 0.287251 0.328161 0.332176 0.395548 0.368319 0.477906 0.142035 0.252137 0.254452 0.359134 0.290272 0.432688 0.154826 0.156275 0.239723 0.247099 0.385420 0.260371 0.277345 0.380196 0.505167 0.124020 0.131339 0.245008 0.226232 0.285989 0.144378
 5.000000 0.146905 0.233532 0.239890 0.376091 0.454374 0.446154 0.532889 0.450792 0.557285 0.122057 0.138542 0.249161 0.326247 0.310055 0.388693 0.338695 0.450905 0.231374 0.291666 0.339890 0.306839 0.352916 0.347105 0.432436 0.142867 0.243267 0.257888 0.351073 0.303364 0.439706 0.155139 0.157064 0.238451 0.245546 0.380334 0.255016 0.268080 0.375224 0.492429 0.120623 0.130522 0.237733 0.223110 0.274053 0.143266
 6.000000 0.146250 0.237447 0.235376 0.372449 0.455664 0.458060 0.562439 0.443858 0.557114 0.123717 0.135362 0.248006 0.332534 0.323243 0.419820 0.329380 0.449863 0.228283 0.289028 0.355698 0.314111 0.385991 0.317082 0.412927 0.141845 0.247952 0.261696 0.367001 0.296682 0.436291 0.162678 0.153574 0.244732 0.241769 0.379318 0.259447 0.280795 0.379458 0.502929 0.125829 0.133600 0.245559 0.227925 0.285345 0.142569
 7.000000 0.145623 0.231303 0.238046 0.379353 0.452065 0.431051 0.516648 0.439856 0.543878 0.121281 0.135063 0.252486 0.327336 0.295941 0.374755 0.332041 0.444559 0.226586 0.292705 0.347387 0.288766 0.330058 0.336063 0.422396 0.146387 0.246384 0.241866 0.343574 0.292193 0.428772 0.157436 0.151835 0.243651 0.250627 0.386603 0.265680 0.298218 0.392461 0.515895 0.123628 0.138744 0.250268 0.223593 0.276879 0.143311
 8.000000 0.146509 0.232579 0.235983 0.373294 0.445940 0.456918 0.567923 0.446270 0.570446 0.119958 0.136708 0.249602 0.328093 0.321106 0.426090 0.329208 0.460311 0.228650 0.293825 0.356229 0.321626 0.407874 0.330379 0.444387 0.141436 0.237895 0.257080 0.363274 0.292727 0.435234 0.153212 0.151980 0.237327 0.241299 0.377180 0.259661 0.283665 0.377329 0.503240 0.124105 0.132518 0.244006 0.228195 0.286533 0.143031
 9.000000 0.146386 0.233208 0.239641 0.383330 0.449872 0.467639 0.578165 0.460978 0.579497 0.124840 0.132473 0.253584 0.304240 0.351071 0.451838 0.377725 0.507249 0.225942 0.294122 0.276411 0.395821 0.472187 0.448800 0.572871 0.148641 0.258467 0.248584 0.359593 0.280523 0.420235 0.156726 0.148479 0.234284 0.245514 0.380554 0.249385 0.271599 0.369792 0.488444 0.122805 0.133398 0.245506 0.221707 0.277946 0.142232
 10.000000 0.151162 0.238604 0.230647 0.371248 0.451102 0.446503 0.552887 0.434737 0.554202 0.119088 0.133184 0.243362 0.312175 0.317734 0.414239 0.337381 0.468071 0.227011 0.283981 0.307182 0.332008 0.400090 0.369703 0.484752 0.146325 0.260590 0.249762 0.360419 0.278248 0.425537 0.155306 0.155351 0.244469 0.246035 0.391429 0.254106 0.280744 0.374488 0.505756 0.121955 0.132125 0.252937 0.219308 0.282319 0.150652
 11.000000 0.144395 0.230174 0.231422 0.370938 0.434084 0.446035 0.558066 0.434515 0.545075 0.127930 0.129545 0.247081 0.300352 0.325486 0.426861 0.346389 0.466722 0.232757 0.303135 0.302002 0.367068 0.439752 0.406678 0.511393 0.142727 0.247526 0.239071 0.351861 0.273487 0.410856 0.159543 0.147865 0.235425 0.248741 0.383823 0.265695 0.291556 0.389479 0.512166 0.127299 0.139571 0.251857 0.234284 0.293886 0.141901
 12.000000 0.145079 0.230272 0.238634 0.379033 0.463046 0.450543 0.567874 0.427669 0.543939 0.118748 0.138845 0.253791 0.324278 0.332122 0.441653 0.344060 0.472239 0.226916 0.288321 0.319426 0.337339 0.427689 0.362513 0.474111 0.148344 0.259919 0.259031 0.371194 0.290370 0.433850 0.157728 0.156745 0.243481 0.252517 0.390080 0.258961 0.287904 0.383277 0.506132 0.123118 0.138470 0.249774 0.227829 0.283092 0.145014
 13.000000 0.147228 0.236504 0.244057 0.383980 0.449816 0.449792 0.555799 0.445586 0.567357 0.125960 0.138910 0.256704 0.313704 0.326192 0.421816 0.354032 0.482976 0.233088 0.300973 0.314194 0.347075 0.411797 0.393742 0.504668 0.144558 0.244397 0.247921 0.355799 0.290067 0.434081 0.158729 0.156096 0.240666 0.253168 0.388107 0.273921 0.299698 0.394554 0.515961 0.125084 0.132868 0.242596 0.223817 0.271623 0.145825
 14.000000 0.148057 0.228539 0.237038 0.363044 0.436397 0.449699 0.565150 0.428125 0.541114 0.125320 0.132868 0.230716 0.300807 0.317229 0.426449 0.322630 0.446270 0.235671 0.281768 0.318097 0.329343 0.420787 0.332976 0.434771 0.136169 0.240934 0.258438 0.367447 0.293755 0.432476 0.156086 0.155544 0.243887 0.248093 0.382546 0.260333 0.294581 0.376846 0.498086 0.121528 0.136286 0.245921 0.224323 0.280660 0.140039
 15.000000 0.153847 0.242070 0.244219 0.383471 0.443126 0.464501 0.577155 0.454086 0.570679 0.122413 0.133289 0.248795 0.313720 0.318409 0.426391 0.325197 0.447170 0.223323 0.285016 0.322194 0.311000 0.399952 0.317128 0.416567 0.145041 0.247835 0.252004 0.362518 0.285414 0.422929 0.155006 0.154438 0.239253 0.248713 0.378938 0.257581 0.286337 0.374066 0.489131 0.122788 0.131564 0.236983 0.220713 0.268339 0.138903
 16.000000 0.148462 0.240341 0.234278 0.370412 0.428458 0.454349 0.547763 0.466402 0.570997 0.124535 0.133000 0.240587 0.295603 0.323342 0.406990 0.364074 0.472721 0.227583 0.277678 0.293973 0.330510 0.378111 0.392931 0.475582 0.143767 0.247762 0.249313 0.355800 0.287905 0.422474 0.156911 0.152447 0.243386 0.245622 0.379137 0.267793 0.299232 0.388365 0.504882 0.124840 0.134306 0.239418 0.224257 0.262561 0.149255
 17.000000 0.147258 0.237487 0.234787 0.374884 0.437673 0.464294 0.589312 0.441508 0.569566 0.125559 0.130927 0.247841 0.303719 0.333098 0.452752 0.331699 0.465839 0.226550 0.291235 0.299463 0.347461 0.449187 0.352092 0.466096 0.144087 0.247324 0.255539 0.376029 0.279825 0.427701 0.154221 0.155785 0.252264 0.245155 0.384293 0.251994 0.297807 0.361709 0.483381 0.129035 0.133154 0.242990 0.226627 0.269811 0.148829
 18.000000 0.153496 0.239272 0.245660 0.387083 0.449860 0.464742 0.588454 0.425005 0.545393 0.123911 0.138831 0.254031 0.304780 0.334580 0.453110 0.318126 0.453584 0.235130 0.299262 0.299348 0.358734 0.464152 0.342301 0.461283 0.146895 0.252232 0.249540 0.364411 0.268578 0.419507 0.154955 0.154337 0.240169 0.244606 0.392064 0.257066 0.299623 0.354890 0.489789 0.126115 0.134239 0.255449 0.232751 0.299020 0.153317
 19.000000 0.149138 0.236903 0.246552 0.381966 0.461780 0.464445 0.482992 0.560219 0.670357 0.124020 0.137674 0.251607 0.327434 0.330395 0.344991 0.440900 0.553610 0.227427 0.291618 0.340685 0.329172 0.298292 0.453852 0.544684 0.139621 0.250242 0.251970 0.313976 0.345029 0.477973 0.156860 0.153039 0.240950 0.247117 0.387471 0.255163 0.305310 0.352644 0.480576 0.123960 0.134082 0.246878 0.224459 0.274275 0.150655
 20.000000 0.148862 0.235232 0.243936 0.381454 0.451938 0.455344 0.475026 0.543309 0.647522 0.120822 0.139660 0.254203 0.314159 0.329062 0.345500 0.437009 0.546828 0.229471 0.295894 0.315908 0.343924 0.320397 0.470282 0.565030 0.141654 0.245742 0.245603 0.310604 0.334939 0.463812 0.153137 0.150629 0.242934 0.247002 0.384258 0.254201 0.307243 0.362763 0.488881 0.124972 0.137917 0.248377 0.226175 0.275291 0.146417
 21.000000 0.147435 0.233878 0.241946 0.379236 0.463187 0.427862 0.497932 0.437747 0.525704 0.121696 0.134629 0.250122 0.324686 0.302726 0.364496 0.347242 0.449021 0.223546 0.288796 0.320183 0.317032 0.335588 0.388218 0.470755 0.143548 0.250400 0.239002 0.332280 0.287374 0.418063 0.156952 0.149258 0.239491 0.242145 0.378139 0.259627 0.287301 0.381623 0.503731 0.124491 0.134425 0.244105 0.225153 0.274745 0.145124
 22.000000 0.151331 0.237668 0.241880 0.384414 0.435592 0.465252 0.562104 0.475838 0.600191 0.123406 0.135923 0.253967 0.312046 0.321661 0.412129 0.351558 0.482321 0.230543 0.298513 0.336039 0.320020 0.381601 0.359450 0.471424 0.150811 0.251853 0.250920 0.359762 0.282145 0.426883 0.153551 0.152253 0.243074 0.239579 0.383177 0.257858 0.288279 0.375790 0.509868 0.123782 0.132488 0.252875 0.224203 0.290782 0.148057
 23.000000 0.148084 0.237438 0.244070 0.383553 0.470618 0.439882 0.516520 0.450978 0.551394 0.123110 0.134733 0.253121 0.334329 0.306034 0.374908 0.346280 0.453557 0.222038 0.287343 0.336933 0.296501 0.326521 0.355255 0.435024 0.145179 0.249930 0.249572 0.340742 0.300807 0.433669 0.152466 0.154470 0.240121 0.245967 0.377960 0.248437 0.268351 0.372083 0.484349 0.120304 0.134346 0.236683 0.222895 0.264011 0.143715
 24.000000 0.147306 0.236442 0.244706 0.387162 0.456598 0.454642 0.554203 0.446152 0.558940 0.121811 0.139893 0.259540 0.319520 0.326797 0.415502 0.347912 0.468778 0.226495 0.294151 0.318981 0.327368 0.385453 0.359267 0.456343 0.147054 0.249016 0.247366 0.351383 0.286944 0.429936 0.150811 0.151079 0.233244 0.251225 0.390126 0.249136 0.261142 0.375263 0.496204 0.125849 0.136598 0.251143 0.231441 0.288945 0.148438
 25.000000 0.148876 0.235735 0.245782 0.385984 0.442396 0.457201 0.555593 0.450827 0.563818 0.122878 0.137190 0.254818 0.316142 0.316647 0.408754 0.331803 0.449403 0.227037 0.292676 0.327635 0.310512 0.375738 0.332989 0.424189 0.146564 0.250506 0.246840 0.351171 0.279653 0.417251 0.160194 0.155374 0.236449 0.249209 0.379214 0.267763 0.287941 0.387212 0.500840 0.120802 0.133701 0.235902 0.224635 0.268647 0.141372
 26.000000 0.151109 0.237011 0.243832 0.385671 0.453141 0.460893 0.567452 0.437197 0.556261 0.122744 0.135019 0.252428 0.310633 0.331077 0.428355 0.337395 0.467115 0.227346 0.291757 0.304859 0.347318 0.417797 0.368951 0.481637 0.147221 0.249778 0.252796 0.360253 0.277613 0.423044 0.149656 0.157493 0.240217 0.247732 0.386673 0.257195 0.281135 0.371325 0.495916 0.121639 0.131647 0.243294 0.223560 0.277453 0.147251
 27.000000 0.150346 0.234817 0.244610 0.382564 0.446603 0.463061 0.578073 0.453394 0.567966 0.123980 0.133559 0.247619 0.308081 0.325345 0.434055 0.340109 0.465873 0.227114 0.287534 0.309556 0.329676 0.414163 0.354081 0.462183 0.144295 0.246366 0.254270 0.370381 0.286381 0.428318 0.151212 0.153538 0.248232 0.243510 0.384215 0.248630 0.285184 0.365472 0.493550 0.126274 0.129965 0.247945 0.218335 0.277788 0.144962
 28.000000 0.145468 0.228965 0.242178 0.373385 0.440497 0.460405 0.552830 0.466469 0.584124 0.116456 0.134718 0.241008 0.307404 0.325407 0.411018 0.357402 0.482299 0.216543 0.266430 0.296397 0.317159 0.373339 0.370424 0.478065 0.140862 0.249560 0.255580 0.357672 0.291357 0.433203 0.151756 0.157204 0.241299 0.248896 0.386850 0.252509 0.271465 0.378086 0.500796 0.120773 0.139191 0.248552 0.231776 0.287785 0.145369
 29.000000 0.147990 0.234872 0.238975 0.375497 0.448842 0.451080 0.556846 0.436108 0.559737 0.121647 0.130353 0.243891 0.307743 0.320914 0.419082 0.336504 0.467239 0.219340 0.278928 0.292824 0.327826 0.397057 0.359022 0.467776 0.142025 0.251098 0.249804 0.360430 0.284989 0.432786 0.157521 0.150735 0.243896 0.247257 0.385968 0.245784 0.274310 0.370271 0.486759 0.122540 0.137699 0.247851 0.220465 0.263488 0.150742
 30.000000 0.142352 0.228779 0.233302 0.364421 0.424771 0.445768 0.525511 0.468446 0.585438 0.123628 0.129344 0.234100 0.296813 0.313900 0.387378 0.359441 0.481889 0.222401 0.267348 0.294642 0.309750 0.345181 0.374227 0.476434 0.142986 0.250224 0.250338 0.348812 0.292756 0.431051 0.151555 0.160431 0.242695 0.250984 0.384513 0.265776 0.286632 0.382667 0.501283 0.122544 0.127487 0.235669 0.218257 0.267187 0.142158
 31.000000 0.144589 0.236747 0.238734 0.376719 0.445522 0.461825 0.562065 0.451022 0.555572 0.122192 0.138788 0.254647 0.313005 0.337828 0.427342 0.354921 0.466500 0.226533 0.292592 0.304452 0.352719 0.411901 0.389171 0.482412 0.141580 0.249684 0.245108 0.351140 0.273165 0.406785 0.155862 0.144765 0.233850 0.236047 0.370363 0.245609 0.265693 0.368148 0.485772 0.122789 0.136678 0.245825 0.228989 0.284733 0.141764
 32.000000 0.144641 0.242566 0.227741 0.370953 0.443334 0.454323 0.569376 0.436324 0.566761 0.124519 0.130365 0.243444 0.313710 0.324379 0.433458 0.328271 0.463934 0.220540 0.267372 0.302818 0.311758 0.401299 0.319019 0.434071 0.151572 0.257769 0.265934 0.376400 0.298042 0.445372 0.157490 0.159527 0.244788 0.253576 0.388682 0.267839 0.300277 0.380676 0.498378 0.121409 0.131400 0.238858 0.217113 0.258505 0.147679
 33.000000 0.152545 0.237718 0.244452 0.386009 0.461940 0.459318 0.571806 0.433185 0.540235 0.122156 0.136422 0.251358 0.319191 0.325200 0.429626 0.328297 0.445760 0.229506 0.290236 0.318190 0.333258 0.411167 0.347817 0.441058 0.148304 0.256390 0.254511 0.369228 0.278575 0.419305 0.153656 0.152663 0.245359 0.242788 0.380107 0.251269 0.281533 0.368592 0.487341 0.125877 0.133282 0.243781 0.225133 0.274288 0.146154
 34.000000 0.147031 0.244452 0.227502 0.365268 0.432973 0.436024 0.538737 0.416669 0.526267 0.127550 0.127260 0.241531 0.300543 0.306374 0.400024 0.320317 0.439050 0.223217 0.283320 0.292238 0.314331 0.372615 0.355829 0.454119 0.140663 0.246254 0.240504 0.351318 0.263295 0.402346 0.155747 0.155197 0.249740 0.242021 0.378901 0.251800 0.284466 0.373889 0.495987 0.124040 0.140904 0.246779 0.234017 0.283101 0.143993
 35.000000 0.145386 0.234261 0.235886 0.375870 0.430359 0.453213 0.571949 0.433436 0.562187 0.121528 0.139524 0.257505 0.307831 0.321576 0.435763 0.315712 0.449356 0.231978 0.302678 0.309924 0.336265 0.432650 0.332273 0.448698 0.145362 0.247699 0.238713 0.355294 0.262254 0.406697 0.152686 0.147180 0.237361 0.240676 0.374064 0.241866 0.283967 0.351468 0.472065 0.122825 0.131183 0.238625 0.217129 0.259969 0.144807
 36.000000 0.145530 0.236176 0.234889 0.375554 0.463867 0.439281 0.499566 0.476229 0.569394 0.124000 0.134231 0.251249 0.324472 0.323300 0.377244 0.391383 0.499809 0.227583 0.291558 0.316964 0.343329 0.357593 0.440142 0.538488 0.146745 0.259661 0.246879 0.336516 0.300148 0.428977 0.156940 0.147448 0.242275 0.233090 0.372361 0.252073 0.291717 0.365186 0.494851 0.122564 0.134127 0.246945 0.223423 0.279718 0.145031
 37.000000 0.146755 0.233797 0.243148 0.384679 0.450739 0.455502 0.558432 0.439870 0.547694 0.123264 0.141923 0.259270 0.321504 0.326467 0.420463 0.339851 0.461682 0.235903 0.304347 0.331968 0.340803 0.406567 0.373263 0.483016 0.146509 0.253229 0.245489 0.353320 0.267741 0.405357 0.160325 0.153049 0.238927 0.238751 0.378083 0.270658 0.299282 0.385199 0.518447 0.120723 0.133424 0.250637 0.226367 0.297188 0.142299
 38.000000 0.148694 0.233109 0.240275 0.380506 0.440588 0.475009 0.577253 0.471552 0.596092 0.121762 0.132038 0.249490 0.301765 0.343304 0.436235 0.366031 0.497496 0.223643 0.288300 0.285500 0.365954 0.429345 0.410377 0.530749 0.146769 0.254460 0.251988 0.361366 0.278928 0.421281 0.152876 0.155361 0.244696 0.246581 0.384022 0.251416 0.275672 0.371506 0.494605 0.124503 0.134540 0.245552 0.226252 0.280423 0.144392
 39.000000 0.148327 0.240060 0.237068 0.384428 0.474763 0.449890 0.529986 0.459879 0.572942 0.123911 0.135462 0.260741 0.350937 0.313193 0.384130 0.345997 0.462217 0.228114 0.303997 0.373616 0.308153 0.343648 0.350411 0.440051 0.151598 0.253379 0.256652 0.345939 0.306894 0.444073 0.160315 0.149626 0.237424 0.237272 0.371875 0.254254 0.274578 0.373996 0.490854 0.121334 0.131126 0.238216 0.221644 0.270719 0.143042
 40.000000 0.144433 0.239128 0.241888 0.383639 0.447650 0.452399 0.545361 0.458356 0.567632 0.125112 0.139287 0.253839 0.313973 0.326692 0.411381 0.362672 0.480114 0.226927 0.278088 0.300197 0.327690 0.376501 0.388816 0.486378 0.151753 0.251241 0.254026 0.360179 0.294194 0.434147 0.153782 0.154084 0.241868 0.251295 0.387124 0.271785 0.303495 0.392948 0.515172 0.124185 0.134205 0.243928 0.222101 0.267890 0.147370
