#! FIELDS time pair1 pair2 pair3 pair4 pair5 pair6 pair7 pair8 pair9 pair10 pair11 pair12 pair13 pair14 pair15 pair16 pair17 pair18 pair19 pair20 pair21 pair22 pair23 pair24 pair25 pair26 pair27 pair28 pair29 pair30 pair31 pair32 pair33 pair34 pair35 pair36 pair37 pair38 pair39 pair40 pair41 pair42 pair43 pair44 pair45
 0.000000 0.146294 0.235996 0.238078 0.376237 0.489347 0.437320 0.540965 0.417038 0.510699 0.124314 0.135340 0.248193 0.379343 0.319138 0.414079 0.335888 0.450798 0.228484 0.285640 0.432066 0.336109 0.400461 0.375632 0.479012 0.145647 0.253905 0.244508 0.354076 0.273053 0.408933 0.157013 0.152398 0.240260 0.245498 0.387529 0.254818 0.319816 0.338878 0.473918 0.121268 0.133694 0.256496 0.220386 0.295069 0.144146
 1.000000 0.148327 0.236112 0.241502 0.375025 0.482764 0.458210 0.552309 0.459004 0.573943 0.122792 0.135890 0.244297 0.376396 0.317870 0.405453 0.339973 0.462841 0.227275 0.281753 0.434415 0.312361 0.371115 0.349608 0.455133 0.140979 0.246613 0.251974 0.353596 0.281620 0.419995 0.156873 0.152944 0.236129 0.236002 0.373238 0.251414 0.316408 0.314728 0.437847 0.121643 0.131061 0.243267 0.228583 0.293234 0.141230
 2.000000 0.143962 0.233553 0.241152 0.377300 0.484025 0.446840 0.538762 0.454924 0.570362 0.124169 0.137263 0.249612 0.380112 0.312303 0.397830 0.344437 0.467656 0.227563 0.285265 0.438191 0.303857 0.356835 0.350387 0.452511 0.142860 0.246864 0.250970 0.352701 0.295834 0.437661 0.157668 0.153105 0.240506 0.246615 0.385474 0.252218 0.330309 0.314865 0.443338 0.120391 0.135107 0.249521 0.220989 0.280052 0.144945
 3.000000 0.143750 0.238372 0.239127 0.374808 0.482718 0.456009 0.566555 0.438275 0.559848 0.124052 0.136726 0.244256 0.372764 0.325478 0.429288 0.332670 0.465311 0.222879 0.265024 0.413807 0.316893 0.396259 0.338095 0.455501 0.147462 0.248441 0.252773 0.364052 0.278516 0.425387 0.156544 0.149710 0.235943 0.242417 0.385148 0.246481 0.297713 0.341889 0.471450 0.122572 0.133645 0.251702 0.224813 0.287656 0.148825
 4.000000 0.147357 0.239783 0.238717 0.374883 0.463791 0.435736 0.537589 0.431377 0.533894 0.122532 0.139513 0.251163 0.368274 0.311329 0.402430 0.339196 0.450942 0.229342 0.289657 0.430593 0.315109 0.373377 0.359013 0.448967 0.141036 0.232013 0.242244 0.349334 0.283919 0.418460 0.150137 0.151964 0.240061 0.246083 0.379307 0.255147 0.333320 0.324327 0.455215 0.123750 0.131545 0.241191 0.219832 0.272222 0.140260
 5.000000 0.147272 0.231504 0.247712 0.379608 0.474953 0.449525 0.548149 0.463911 0.574334 0.124069 0.135078 0.244591 0.363991 0.313519 0.406697 0.354325 0.475759 0.225000 0.278908 0.424686 0.304347 0.364040 0.363432 0.465602 0.140552 0.231865 0.252052 0.361920 0.298238 0.438331 0.153656 0.151357 0.248292 0.240801 0.380843 0.248679 0.339345 0.296022 0.428424 0.126910 0.134298 0.249852 0.224129 0.282142 0.144506
 6.000000 0.146949 0.233285 0.240002 0.375216 0.468746 0.460076 0.560637 0.465938 0.585120 0.119908 0.134822 0.244084 0.364924 0.320787 0.415064 0.344891 0.468268 0.222452 0.275574 0.422617 0.310532 0.377410 0.339494 0.441254 0.145485 0.236605 0.253679 0.362407 0.291378 0.430509 0.155692 0.155477 0.241323 0.248855 0.381038 0.256634 0.328885 0.334976 0.459972 0.127146 0.127758 0.235989 0.221048 0.268233 0.141156
 7.000000 0.146352 0.236723 0.238097 0.378430 0.471000 0.457139 0.577013 0.448716 0.570860 0.125383 0.131792 0.249203 0.366701 0.327760 0.440694 0.345701 0.475329 0.224098 0.286683 0.425379 0.339962 0.431126 0.370740 0.485865 0.145200 0.241037 0.251750 0.367143 0.290716 0.430517 0.152892 0.154405 0.242967 0.254155 0.385261 0.257575 0.311180 0.352606 0.471392 0.127122 0.135063 0.242868 0.224557 0.272545 0.140161
 8.000000 0.147143 0.236047 0.232648 0.373901 0.457016 0.473059 0.593675 0.467130 0.598267 0.120354 0.132114 0.248831 0.360848 0.348043 0.464970 0.357106 0.494785 0.222506 0.286297 0.414302 0.371861 0.477487 0.380447 0.507721 0.146843 0.247040 0.254043 0.368376 0.289843 0.434431 0.157690 0.154431 0.242541 0.252646 0.390268 0.259648 0.295652 0.377076 0.501473 0.125359 0.134807 0.248697 0.223396 0.277915 0.145482
 9.000000 0.154577 0.240352 0.240456 0.373755 0.466735 0.444119 0.548570 0.441356 0.558682 0.121008 0.132910 0.240206 0.364741 0.307522 0.402881 0.335298 0.460346 0.225978 0.282829 0.432096 0.317460 0.381248 0.360963 0.464380 0.138672 0.235917 0.237472 0.349293 0.274889 0.418852 0.157794 0.156477 0.247350 0.251639 0.390734 0.254020 0.335525 0.321237 0.454403 0.123980 0.132940 0.246723 0.217977 0.268214 0.147611
 10.000000 0.148530 0.235000 0.242800 0.380527 0.464553 0.476115 0.596785 0.466336 0.591074 0.125148 0.134510 0.248036 0.357648 0.345338 0.460736 0.357986 0.491306 0.229148 0.287781 0.415911 0.369722 0.470427 0.391310 0.511365 0.146223 0.241481 0.250266 0.365553 0.280758 0.425804 0.152860 0.155100 0.241884 0.253097 0.394010 0.253720 0.294119 0.360225 0.492303 0.126190 0.135728 0.253968 0.227767 0.291204 0.146990
 11.000000 0.142411 0.234284 0.233227 0.372878 0.461530 0.463007 0.585174 0.448440 0.569878 0.119566 0.136770 0.250369 0.344585 0.361393 0.477081 0.379538 0.512927 0.221436 0.278023 0.370042 0.397297 0.501296 0.433946 0.564080 0.146700 0.244624 0.245835 0.360169 0.274673 0.412987 0.151242 0.147709 0.237624 0.241843 0.374162 0.242483 0.272090 0.355649 0.475547 0.126099 0.131141 0.240435 0.222137 0.274561 0.139503
 12.000000 0.142891 0.237918 0.238273 0.369949 0.474306 0.451570 0.571407 0.421546 0.539308 0.125797 0.136015 0.242211 0.366027 0.328787 0.442674 0.326553 0.454938 0.224475 0.269387 0.403947 0.348807 0.443140 0.369438 0.486933 0.141626 0.250128 0.233472 0.350012 0.247550 0.388367 0.153734 0.148233 0.236656 0.238573 0.372753 0.241166 0.280813 0.343233 0.464979 0.123471 0.134484 0.241400 0.227844 0.278735 0.142225
 13.000000 0.151994 0.235529 0.237962 0.376336 0.475865 0.458240 0.570798 0.434103 0.543497 0.119942 0.135801 0.245265 0.359074 0.346246 0.447591 0.361224 0.489572 0.230903 0.289207 0.405840 0.394910 0.474761 0.432728 0.556468 0.145124 0.247229 0.244855 0.354697 0.268047 0.410065 0.150030 0.155631 0.235884 0.250384 0.394180 0.242949 0.287211 0.343693 0.480047 0.121070 0.135753 0.258358 0.228064 0.303676 0.147411
 14.000000 0.146496 0.238625 0.240377 0.370266 0.454522 0.465183 0.584931 0.447396 0.578280 0.126661 0.135624 0.243430 0.357867 0.339273 0.453313 0.342581 0.482432 0.228554 0.282859 0.414775 0.369163 0.465289 0.386705 0.517909 0.137536 0.240323 0.236994 0.353594 0.258128 0.405720 0.159634 0.150167 0.240917 0.239312 0.380722 0.252224 0.301115 0.350024 0.475893 0.123980 0.130736 0.245673 0.221276 0.275289 0.148872
 15.000000 0.152279 0.236047 0.247754 0.380676 0.488063 0.466205 0.588317 0.443480 0.559415 0.119336 0.139058 0.245053 0.364519 0.349683 0.463627 0.365167 0.499031 0.227473 0.279553 0.402863 0.385929 0.479745 0.426026 0.558262 0.144159 0.244775 0.258048 0.377013 0.285016 0.425959 0.154638 0.162090 0.255908 0.254480 0.394100 0.253523 0.307213 0.352019 0.475893 0.127679 0.135355 0.251925 0.226638 0.287677 0.143871
 16.000000 0.148381 0.240450 0.237702 0.382649 0.473665 0.462706 0.573221 0.439148 0.568692 0.125032 0.136158 0.253482 0.369628 0.335717 0.437860 0.342026 0.480452 0.230421 0.289696 0.423351 0.357129 0.435828 0.385075 0.511667 0.152020 0.248801 0.248292 0.358237 0.266205 0.414373 0.154641 0.150695 0.232538 0.244645 0.382783 0.254804 0.305549 0.345793 0.469801 0.119687 0.137920 0.247318 0.229602 0.282703 0.148822
 17.000000 0.149522 0.238939 0.237160 0.373067 0.448643 0.478375 0.599861 0.449323 0.570033 0.122967 0.133656 0.247471 0.352707 0.351611 0.469547 0.341019 0.475473 0.226471 0.292361 0.414879 0.378749 0.485424 0.373988 0.502659 0.143840 0.244798 0.247932 0.366363 0.252836 0.393928 0.151796 0.152709 0.247487 0.232912 0.375953 0.251511 0.298610 0.350129 0.477943 0.124812 0.133716 0.249866 0.229743 0.292187 0.147462
 18.000000 0.148172 0.228285 0.244967 0.385104 0.479261 0.466169 0.585732 0.423888 0.531356 0.120221 0.132974 0.250603 0.362099 0.346036 0.458547 0.336092 0.462519 0.222290 0.286993 0.410547 0.381295 0.478930 0.388527 0.509228 0.147153 0.244863 0.249454 0.360582 0.261714 0.400547 0.159443 0.152778 0.234932 0.239508 0.377711 0.257474 0.291933 0.356878 0.484999 0.123175 0.134763 0.247348 0.234787 0.300787 0.142457
 19.000000 0.147475 0.244281 0.238307 0.374234 0.453831 0.475854 0.598098 0.459923 0.586823 0.123774 0.135864 0.244880 0.340169 0.360935 0.475168 0.378003 0.516037 0.221745 0.269537 0.361733 0.394043 0.488582 0.439616 0.577545 0.143865 0.246625 0.244633 0.365496 0.264600 0.403982 0.154392 0.151413 0.247939 0.245670 0.378193 0.248091 0.304176 0.354887 0.469737 0.126404 0.139334 0.244831 0.228355 0.274784 0.141209
 20.000000 0.147733 0.227713 0.248016 0.385312 0.465908 0.474196 0.588552 0.457389 0.585697 0.120607 0.135326 0.248310 0.343877 0.350133 0.458302 0.362069 0.499826 0.223841 0.279643 0.380349 0.384012 0.477289 0.411463 0.542496 0.147692 0.242665 0.243824 0.353381 0.271649 0.414445 0.153340 0.153144 0.234284 0.251034 0.383554 0.262156 0.300649 0.374140 0.495505 0.118017 0.134919 0.241816 0.218950 0.267528 0.143234
 21.000000 0.148236 0.227818 0.250386 0.389356 0.492742 0.463118 0.589198 0.425890 0.536322 0.121692 0.139065 0.256562 0.373702 0.343237 0.464909 0.335061 0.462598 0.230361 0.299107 0.422145 0.383980 0.492456 0.387447 0.507169 0.145090 0.252012 0.240423 0.361036 0.259579 0.400013 0.157064 0.145065 0.240824 0.234764 0.372232 0.250282 0.293539 0.359112 0.485228 0.126712 0.130499 0.244207 0.221138 0.276053 0.142979
 22.000000 0.148246 0.240712 0.246522 0.376215 0.478199 0.456956 0.578506 0.430281 0.547538 0.123398 0.137259 0.240522 0.361255 0.329348 0.448544 0.324387 0.457914 0.221294 0.261633 0.399337 0.336727 0.450141 0.332120 0.461794 0.140865 0.237750 0.244683 0.351033 0.276975 0.414957 0.152283 0.152594 0.234561 0.242858 0.379281 0.243362 0.257218 0.357377 0.474993 0.126910 0.128814 0.241087 0.228952 0.287334 0.143436
 23.000000 0.146874 0.241415 0.233397 0.372588 0.469983 0.463396 0.581524 0.443880 0.576336 0.126163 0.134082 0.245736 0.356729 0.354655 0.464549 0.367795 0.511526 0.229161 0.282859 0.399265 0.394169 0.488546 0.424688 0.563611 0.145870 0.248890 0.249708 0.359875 0.276266 0.423057 0.157092 0.152046 0.234989 0.244894 0.382733 0.244532 0.271577 0.354233 0.472968 0.122646 0.132503 0.243202 0.225497 0.277094 0.147831
 24.000000 0.147804 0.233279 0.243543 0.381865 0.484964 0.445374 0.535321 0.450219 0.558729 0.119352 0.137175 0.252149 0.379676 0.311586 0.393267 0.344585 0.463610 0.223781 0.287447 0.436166 0.310453 0.358366 0.360297 0.458136 0.143590 0.246307 0.246408 0.346869 0.291489 0.434457 0.154366 0.157623 0.241669 0.253819 0.397659 0.257632 0.335113 0.326376 0.466187 0.121000 0.134867 0.254919 0.221748 0.286079 0.149950
 25.000000 0.149442 0.239399 0.239125 0.383083 0.471144 0.456738 0.540031 0.461182 0.557553 0.121610 0.130284 0.255049 0.370910 0.332703 0.405766 0.370351 0.479808 0.216788 0.290739 0.431742 0.342476 0.379633 0.405868 0.499929 0.146881 0.242165 0.253300 0.349222 0.291942 0.423785 0.153082 0.150735 0.240803 0.235351 0.374200 0.244305 0.339270 0.285961 0.425142 0.121413 0.132374 0.244628 0.223602 0.280845 0.144859
 26.000000 0.142857 0.228782 0.238988 0.377183 0.474840 0.457370 0.531407 0.493528 0.607557 0.121627 0.136276 0.250142 0.372093 0.328529 0.393260 0.388827 0.505408 0.226376 0.285899 0.430042 0.339320 0.365169 0.421850 0.518978 0.147119 0.245182 0.243943 0.338074 0.296063 0.431001 0.153721 0.151341 0.231918 0.250050 0.381688 0.243405 0.329721 0.299014 0.431126 0.123911 0.134941 0.240470 0.228511 0.275016 0.144010
 27.000000 0.141259 0.227618 0.230691 0.367409 0.474056 0.434369 0.456712 0.502838 0.599475 0.121004 0.133567 0.247699 0.367711 0.332304 0.355013 0.426528 0.537515 0.226526 0.292481 0.418016 0.374580 0.366890 0.491866 0.596751 0.142895 0.248811 0.243430 0.310126 0.319834 0.449277 0.158455 0.152056 0.239435 0.248920 0.388383 0.262505 0.372163 0.302220 0.451523 0.126230 0.137150 0.248897 0.230226 0.278568 0.151512
 28.000000 0.150013 0.237558 0.242573 0.384310 0.477555 0.459992 0.575489 0.438403 0.550630 0.123020 0.131674 0.250428 0.371013 0.323995 0.433207 0.328696 0.453110 0.221319 0.284949 0.431343 0.327943 0.416074 0.346336 0.455347 0.146922 0.243288 0.249000 0.361920 0.272817 0.412564 0.157407 0.149917 0.237086 0.240543 0.377895 0.252638 0.309275 0.331822 0.457285 0.123260 0.133843 0.246953 0.226453 0.287216 0.142464
 29.000000 0.151176 0.235461 0.241636 0.378484 0.469857 0.461086 0.585345 0.427125 0.547694 0.120142 0.137397 0.246585 0.361406 0.332436 0.454536 0.320509 0.455000 0.229569 0.286066 0.414876 0.359875 0.473765 0.349477 0.476423 0.144090 0.238206 0.246097 0.359946 0.273086 0.413706 0.147289 0.154525 0.242163 0.252226 0.387542 0.246913 0.277699 0.366680 0.486651 0.126969 0.142113 0.250418 0.238983 0.292811 0.143670
 30.000000 0.151809 0.239602 0.236021 0.379264 0.458777 0.475625 0.585701 0.460795 0.579757 0.122291 0.132416 0.249906 0.360735 0.348954 0.448590 0.362450 0.486767 0.227379 0.293268 0.425452 0.376540 0.452476 0.406666 0.515105 0.147658 0.241077 0.257645 0.366744 0.280952 0.419762 0.158647 0.157499 0.241110 0.247275 0.380046 0.260298 0.320445 0.344023 0.472493 0.123118 0.133936 0.238531 0.229183 0.277635 0.142162
 31.000000 0.139753 0.225098 0.227572 0.363436 0.458992 0.436645 0.552038 0.401899 0.526487 0.121795 0.128553 0.238732 0.348386 0.326503 0.435110 0.323852 0.463769 0.222463 0.277123 0.393732 0.361815 0.454367 0.373205 0.506691 0.144309 0.239134 0.243315 0.350869 0.266019 0.411954 0.149158 0.152869 0.231560 0.245392 0.384288 0.256260 0.290661 0.364095 0.489082 0.118089 0.133071 0.245320 0.222892 0.280287 0.147763
 32.000000 0.147709 0.229619 0.241899 0.376942 0.469095 0.468215 0.585104 0.453216 0.581153 0.118436 0.134614 0.244726 0.360405 0.337853 0.448157 0.346954 0.481881 0.222697 0.280093 0.413825 0.354596 0.448364 0.371954 0.492790 0.143241 0.242959 0.246410 0.359143 0.273960 0.418693 0.155419 0.148277 0.233876 0.243848 0.379502 0.249144 0.288903 0.354572 0.477968 0.124234 0.135897 0.245084 0.229630 0.281468 0.145197
 33.000000 0.146034 0.242763 0.241549 0.380329 0.457450 0.478374 0.595188 0.469938 0.595715 0.128273 0.135440 0.250192 0.352547 0.352829 0.462622 0.369592 0.505493 0.225109 0.278320 0.398260 0.373500 0.463233 0.410100 0.540412 0.146547 0.235705 0.253440 0.366162 0.283940 0.426684 0.151568 0.157086 0.241336 0.254806 0.393653 0.254356 0.301041 0.355298 0.481159 0.124173 0.136565 0.252513 0.228142 0.291184 0.144613
 34.000000 0.146000 0.239418 0.239829 0.377288 0.450308 0.484201 0.598620 0.498614 0.632494 0.124052 0.137324 0.247342 0.343827 0.362529 0.466958 0.404678 0.543975 0.226091 0.275105 0.385904 0.388013 0.466910 0.453922 0.585163 0.147194 0.236599 0.253632 0.370359 0.293901 0.440396 0.155567 0.149696 0.241789 0.253089 0.392992 0.242986 0.307930 0.340149 0.471528 0.127941 0.137967 0.255519 0.225251 0.281690 0.148125
 35.000000 0.149516 0.239773 0.240235 0.376114 0.455099 0.463187 0.587554 0.433636 0.554995 0.124547 0.133754 0.244150 0.347828 0.337806 0.459089 0.331474 0.468235 0.225721 0.280986 0.405374 0.361205 0.472833 0.358021 0.488512 0.142972 0.231927 0.239477 0.357022 0.258822 0.401196 0.147177 0.148209 0.240894 0.238910 0.379042 0.239268 0.280932 0.347314 0.471309 0.126483 0.134648 0.248984 0.228919 0.285970 0.146762
 36.000000 0.148893 0.236265 0.242829 0.387487 0.477310 0.454121 0.564799 0.442042 0.556683 0.123750 0.133225 0.253482 0.364878 0.329553 0.430215 0.351235 0.478114 0.224185 0.286487 0.418657 0.346994 0.418087 0.389895 0.502658 0.151868 0.241638 0.249988 0.361831 0.283988 0.426138 0.156195 0.152348 0.235775 0.251072 0.387750 0.265595 0.328093 0.351861 0.482801 0.127922 0.133937 0.247366 0.230467 0.287628 0.144765
 37.000000 0.141131 0.231478 0.229695 0.364606 0.447505 0.468285 0.584826 0.460444 0.587395 0.120872 0.127805 0.236525 0.325593 0.359573 0.467874 0.382198 0.519724 0.214089 0.260450 0.334982 0.400411 0.491717 0.448046 0.586687 0.144173 0.245725 0.245363 0.356811 0.271015 0.408760 0.154178 0.151450 0.236571 0.241866 0.374055 0.239579 0.261658 0.352284 0.466586 0.125654 0.131004 0.237331 0.228125 0.279032 0.139964
 38.000000 0.149245 0.236241 0.241282 0.380455 0.455796 0.476568 0.588140 0.469640 0.591278 0.124828 0.135577 0.249179 0.319688 0.371603 0.481808 0.391221 0.529181 0.230965 0.289427 0.334482 0.431454 0.538023 0.460389 0.603011 0.146850 0.245522 0.245772 0.352531 0.279032 0.415823 0.155055 0.154755 0.249257 0.237306 0.375215 0.262322 0.299658 0.375310 0.500024 0.123410 0.128355 0.237977 0.217267 0.264475 0.144492
 39.000000 0.149980 0.244438 0.238246 0.375247 0.440404 0.469963 0.585694 0.452395 0.569260 0.124443 0.137844 0.248733 0.322102 0.368685 0.479281 0.382504 0.516327 0.229375 0.287879 0.351730 0.423938 0.524080 0.454468 0.591746 0.142608 0.243584 0.237794 0.350401 0.258967 0.394256 0.152401 0.154198 0.241400 0.244976 0.378377 0.254576 0.290617 0.369098 0.488485 0.120942 0.135004 0.242413 0.223904 0.277624 0.139879
 40.000000 0.145345 0.229303 0.244405 0.372920 0.473891 0.461073 0.584411 0.450180 0.571201 0.124551 0.136656 0.242384 0.340999 0.356456 0.471310 0.383472 0.514460 0.230282 0.280409 0.364781 0.411271 0.509702 0.462392 0.590398 0.142762 0.242460 0.242640 0.358583 0.278869 0.412725 0.149967 0.153092 0.242035 0.253300 0.376376 0.242514 0.275878 0.359348 0.467856 0.126538 0.134499 0.233893 0.222688 0.261698 0.133993
