#! FIELDS time phi psi
#! SET min_phi -pi
#! SET max_phi pi
#! SET min_psi -pi
#! SET max_psi pi
 0.000000 -1.372931 -0.479967
 1.000000 -1.126227 -0.704696
 2.000000 -0.934888 -0.835359
 3.000000 -1.427509 -0.169878
 4.000000 -1.098818 -0.721417
 5.000000 -0.955508 -0.948152
 6.000000 -1.292649 -0.444713
 7.000000 -1.317061 -0.344083
 8.000000 -1.776001 0.295573
 9.000000 -1.351314 -0.594768
 10.000000 -1.811347 0.030954
 11.000000 -2.282072 0.290114
 12.000000 -1.839833 -0.011106
 13.000000 -1.983084 -0.099095
 14.000000 -1.904075 0.043474
 15.000000 -1.770602 -0.097068
 16.000000 -1.638180 -0.258177
 17.000000 -1.980076 0.074258
 18.000000 -1.807026 0.107439
 19.000000 -2.362680 0.027845
 20.000000 -2.084577 0.210160
 21.000000 -1.769849 0.182669
 22.000000 -1.645645 0.494328
 23.000000 -2.083895 0.204691
 24.000000 -1.067266 -0.802650
 25.000000 -1.201217 -0.968289
 26.000000 -1.563663 -0.952149
 27.000000 -1.615340 -1.489204
 28.000000 -1.284082 -0.388152
 29.000000 -1.624286 0.343933
 30.000000 -1.711040 -0.261915
 31.000000 -1.703739 0.166405
 32.000000 -1.724966 -0.004124
 33.000000 -1.873309 -0.045371
 34.000000 -2.178862 -0.157666
 35.000000 -1.894944 0.289562
 36.000000 -1.463453 -0.423188
 37.000000 -2.603822 0.367304
 38.000000 -2.680898 0.917183
 39.000000 -2.756175 0.418510
 40.000000 -2.298018 0.260862
