#! FIELDS time pair1 pair2 pair3 pair4 pair5 pair6 pair7 pair8 pair9 pair10 pair11 pair12 pair13 pair14 pair15 pair16 pair17 pair18 pair19 pair20 pair21 pair22 pair23 pair24 pair25 pair26 pair27 pair28 pair29 pair30 pair31 pair32 pair33 pair34 pair35 pair36 pair37 pair38 pair39 pair40 pair41 pair42 pair43 pair44 pair45
 0.000000 0.148772 0.237621 0.246968 0.386021 0.494345 0.471799 0.564780 0.478867 0.592388 0.123081 0.141060 0.255588 0.385422 0.328127 0.416300 0.351729 0.470827 0.230688 0.291239 0.440010 0.313461 0.372732 0.344456 0.441184 0.147313 0.250400 0.262345 0.367976 0.296855 0.435576 0.152908 0.159393 0.249778 0.246012 0.384025 0.244526 0.325002 0.307199 0.434863 0.125988 0.132310 0.244322 0.227669 0.284630 0.142860
 1.000000 0.149683 0.233981 0.251464 0.395460 0.497797 0.461797 0.540358 0.486233 0.600695 0.124040 0.140382 0.262012 0.385294 0.314860 0.390914 0.354699 0.472782 0.231199 0.299062 0.444100 0.304544 0.344099 0.357364 0.449209 0.151132 0.249455 0.251980 0.351825 0.300100 0.440591 0.151766 0.149268 0.242219 0.241746 0.378974 0.246864 0.340072 0.296958 0.428957 0.124431 0.136916 0.245955 0.226938 0.274731 0.146547
 2.000000 0.147993 0.237844 0.244037 0.386405 0.489932 0.443018 0.552464 0.416982 0.519264 0.122744 0.133379 0.253966 0.378601 0.320180 0.420620 0.331346 0.452019 0.218390 0.281178 0.428029 0.327599 0.397436 0.362080 0.471115 0.149201 0.249938 0.244207 0.356394 0.273525 0.411482 0.157899 0.147865 0.235087 0.245937 0.382934 0.251229 0.318060 0.334743 0.461266 0.126673 0.137887 0.253129 0.233257 0.298808 0.141665
 3.000000 0.144593 0.229207 0.231590 0.369287 0.466777 0.450242 0.554259 0.452602 0.573116 0.118571 0.129031 0.242318 0.368073 0.313160 0.411466 0.334733 0.460683 0.218014 0.278814 0.429378 0.297775 0.376100 0.316179 0.420364 0.142972 0.241944 0.258070 0.362068 0.301495 0.441799 0.159230 0.154509 0.239370 0.247350 0.381779 0.260716 0.326175 0.335491 0.459013 0.123163 0.131221 0.241466 0.221923 0.275770 0.141708
 4.000000 0.148503 0.233240 0.238617 0.382359 0.489280 0.441009 0.535240 0.434220 0.536695 0.120216 0.128347 0.250302 0.380318 0.305555 0.392047 0.327918 0.441245 0.216067 0.284877 0.436058 0.297886 0.350190 0.332521 0.419615 0.147804 0.256213 0.243715 0.348563 0.281931 0.420043 0.156847 0.152483 0.241317 0.248421 0.386898 0.264413 0.340971 0.342649 0.479259 0.125925 0.135772 0.248912 0.227941 0.282227 0.146728
 5.000000 0.145220 0.229562 0.236949 0.370655 0.480178 0.439269 0.548950 0.410617 0.515059 0.121268 0.133184 0.239341 0.370856 0.310471 0.413099 0.310823 0.427571 0.225446 0.274325 0.426061 0.316629 0.393839 0.329444 0.424529 0.143785 0.245695 0.250388 0.359790 0.275458 0.412845 0.157968 0.159210 0.242262 0.249614 0.382660 0.258151 0.313562 0.348151 0.475446 0.121140 0.130977 0.238782 0.221097 0.273185 0.140762
 6.000000 0.145014 0.230265 0.231726 0.367872 0.471095 0.462840 0.572715 0.463459 0.591545 0.120545 0.134811 0.240759 0.368132 0.333646 0.436019 0.355782 0.488714 0.229524 0.279653 0.423715 0.351640 0.432599 0.385318 0.503946 0.145805 0.246534 0.256737 0.364860 0.292183 0.435643 0.155859 0.149937 0.233452 0.244164 0.380103 0.237699 0.281851 0.332800 0.453601 0.121808 0.130204 0.242184 0.219171 0.273397 0.144104
 7.000000 0.145650 0.226002 0.249211 0.388733 0.497261 0.453438 0.539724 0.459639 0.579244 0.123519 0.138239 0.253241 0.378415 0.321518 0.401744 0.356261 0.484472 0.230137 0.286346 0.431603 0.319354 0.364814 0.372291 0.481362 0.151595 0.249130 0.255922 0.356794 0.296948 0.439928 0.151832 0.151463 0.235926 0.247712 0.382201 0.251742 0.325309 0.326325 0.449403 0.122515 0.136199 0.244812 0.227134 0.279036 0.144565
 8.000000 0.149753 0.241866 0.235765 0.376239 0.483265 0.446373 0.563568 0.413321 0.526320 0.123211 0.134830 0.248817 0.382606 0.318178 0.427950 0.314366 0.437835 0.227592 0.287769 0.442152 0.329190 0.416190 0.340219 0.445248 0.145138 0.253211 0.243717 0.359219 0.260025 0.399925 0.158874 0.152200 0.241969 0.238567 0.372125 0.240046 0.295997 0.319889 0.438443 0.123223 0.130954 0.236275 0.222991 0.269210 0.141594
 9.000000 0.145976 0.228845 0.237693 0.372003 0.459298 0.468483 0.586066 0.468711 0.598937 0.124077 0.135974 0.243497 0.357678 0.346383 0.457229 0.371509 0.507367 0.235257 0.291129 0.421019 0.388265 0.482138 0.424778 0.549190 0.143534 0.244469 0.243364 0.358599 0.280489 0.424872 0.162299 0.150140 0.239885 0.252761 0.388651 0.248602 0.297701 0.356815 0.481478 0.122102 0.136257 0.249892 0.215372 0.267621 0.145059
 10.000000 0.143182 0.241733 0.220866 0.360257 0.449454 0.439283 0.563577 0.410255 0.530814 0.126040 0.128581 0.236626 0.350848 0.320170 0.437811 0.319190 0.450096 0.223537 0.268585 0.405184 0.327079 0.426469 0.335240 0.448794 0.147326 0.237842 0.245149 0.363952 0.264577 0.408006 0.149044 0.152961 0.242392 0.245442 0.382327 0.248570 0.296598 0.348356 0.475763 0.127613 0.133936 0.244600 0.230161 0.282638 0.144810
 11.000000 0.146455 0.233242 0.232495 0.379402 0.458706 0.468834 0.591946 0.446942 0.571193 0.120370 0.132947 0.253860 0.352950 0.354872 0.470737 0.361491 0.496675 0.225606 0.294061 0.401429 0.393826 0.493544 0.414402 0.543133 0.151809 0.248252 0.249586 0.369094 0.270398 0.412409 0.154405 0.149756 0.242409 0.244256 0.379817 0.255503 0.306247 0.363392 0.487559 0.126163 0.135240 0.245198 0.225417 0.275574 0.143437
 12.000000 0.150599 0.238650 0.243709 0.377451 0.446474 0.477946 0.599832 0.470524 0.608551 0.125913 0.131476 0.240859 0.330047 0.350714 0.466371 0.372233 0.519617 0.224651 0.276067 0.372721 0.385769 0.484015 0.430473 0.573409 0.142243 0.231234 0.244414 0.363734 0.270176 0.421077 0.146376 0.150695 0.245966 0.244315 0.387444 0.246875 0.302782 0.345280 0.474022 0.125403 0.133809 0.250787 0.219520 0.270596 0.151819
 13.000000 0.145155 0.231407 0.230283 0.370795 0.461071 0.449982 0.560202 0.431529 0.546624 0.119378 0.133439 0.247340 0.369305 0.325192 0.426458 0.335984 0.461372 0.226153 0.288836 0.435000 0.345116 0.420824 0.372824 0.484656 0.145921 0.242343 0.245206 0.357804 0.269787 0.409798 0.161477 0.149937 0.239243 0.245161 0.382300 0.253499 0.323373 0.333327 0.459480 0.122581 0.138770 0.251504 0.227967 0.287934 0.142678
 14.000000 0.144600 0.229639 0.246280 0.378551 0.434551 0.487928 0.599535 0.487922 0.626642 0.120337 0.133839 0.246467 0.319991 0.371135 0.476818 0.398709 0.545059 0.215369 0.271428 0.335048 0.413945 0.503498 0.469044 0.615872 0.143837 0.246205 0.242928 0.354432 0.268630 0.414943 0.153707 0.152850 0.235790 0.247986 0.382441 0.243058 0.272729 0.348004 0.460950 0.122515 0.133873 0.240786 0.224753 0.269470 0.147309
 15.000000 0.146086 0.226276 0.246708 0.376364 0.457552 0.483282 0.595009 0.470270 0.601237 0.117482 0.138116 0.242345 0.339206 0.360575 0.467887 0.373913 0.516855 0.223271 0.272002 0.369417 0.394294 0.491612 0.424694 0.567779 0.140979 0.237632 0.250164 0.354229 0.277739 0.421439 0.153408 0.156643 0.238103 0.249327 0.389533 0.254096 0.278677 0.367872 0.491095 0.118853 0.136927 0.250498 0.226436 0.286288 0.147662
 16.000000 0.145674 0.235440 0.241574 0.376578 0.431201 0.478676 0.584375 0.481806 0.615439 0.123454 0.136040 0.246921 0.312072 0.366243 0.469588 0.393131 0.536429 0.224967 0.278645 0.321817 0.414520 0.508073 0.460562 0.604914 0.145564 0.249844 0.238313 0.344369 0.266329 0.409569 0.155913 0.147323 0.231000 0.241176 0.377208 0.258343 0.286611 0.375346 0.497342 0.116469 0.131674 0.242211 0.213553 0.265076 0.145396
 17.000000 0.149730 0.239142 0.235860 0.377281 0.448399 0.477468 0.578067 0.485142 0.613603 0.123944 0.133375 0.249403 0.313696 0.377035 0.476229 0.413159 0.553681 0.229057 0.293026 0.323964 0.442178 0.534674 0.494439 0.638241 0.146489 0.240637 0.249227 0.348544 0.292104 0.430594 0.148287 0.154948 0.246390 0.244782 0.379768 0.243183 0.268762 0.366285 0.483658 0.124310 0.134086 0.240601 0.224869 0.270444 0.143965
 18.000000 0.153691 0.244266 0.245155 0.382671 0.464333 0.478005 0.597094 0.453671 0.574519 0.122348 0.137055 0.248234 0.348592 0.359010 0.472614 0.364601 0.500557 0.225887 0.281420 0.385799 0.397730 0.498796 0.421050 0.553713 0.143625 0.241156 0.248145 0.360339 0.270581 0.414918 0.154324 0.157645 0.244180 0.248705 0.391343 0.256382 0.292889 0.365166 0.497527 0.122164 0.134767 0.253032 0.225491 0.290973 0.147150
 19.000000 0.148825 0.236797 0.243906 0.377970 0.462870 0.471485 0.588715 0.463010 0.592913 0.122931 0.133158 0.241151 0.334757 0.352189 0.466841 0.369252 0.511556 0.220588 0.267436 0.347796 0.393086 0.499701 0.425059 0.570011 0.144434 0.243247 0.243315 0.351320 0.280007 0.418705 0.151043 0.153006 0.240871 0.246692 0.380330 0.254827 0.280786 0.373761 0.488370 0.124708 0.130392 0.237529 0.220059 0.261817 0.145801
 20.000000 0.151766 0.234917 0.239472 0.374062 0.443074 0.469589 0.585086 0.446142 0.564315 0.125040 0.131126 0.238099 0.320927 0.352152 0.458837 0.365319 0.498122 0.230202 0.282899 0.369173 0.400220 0.486272 0.436927 0.565694 0.142552 0.232310 0.244084 0.359278 0.259044 0.398291 0.151898 0.156000 0.245821 0.243559 0.379612 0.263987 0.326498 0.355010 0.483665 0.122295 0.133810 0.243280 0.224038 0.278383 0.141577
 21.000000 0.147662 0.233771 0.236620 0.377890 0.475456 0.448034 0.544142 0.437357 0.538108 0.123390 0.131351 0.248083 0.370974 0.317972 0.405549 0.339578 0.447576 0.226186 0.289683 0.435269 0.323266 0.378285 0.361848 0.440465 0.146820 0.243793 0.256953 0.360415 0.293281 0.428370 0.151799 0.161310 0.247893 0.256347 0.389175 0.249026 0.329545 0.319157 0.456476 0.121499 0.139474 0.242392 0.227686 0.268093 0.147367
 22.000000 0.147696 0.238726 0.243335 0.377775 0.473735 0.468424 0.579583 0.431311 0.538165 0.121417 0.136125 0.244021 0.360756 0.340944 0.444316 0.332068 0.451059 0.220041 0.266616 0.402349 0.347369 0.426768 0.356927 0.460834 0.144076 0.237422 0.255572 0.367332 0.266152 0.403477 0.152673 0.154871 0.243596 0.235773 0.369838 0.245467 0.305270 0.336749 0.465434 0.121795 0.133094 0.238548 0.226958 0.277811 0.140958
 23.000000 0.147194 0.237695 0.240745 0.377414 0.477198 0.461827 0.555701 0.462213 0.582585 0.125527 0.134276 0.245204 0.369851 0.323645 0.410821 0.347311 0.474806 0.226435 0.278126 0.426930 0.318338 0.372552 0.358751 0.465147 0.145117 0.241052 0.258770 0.362455 0.294253 0.440124 0.155245 0.156566 0.242992 0.249139 0.391083 0.252678 0.329311 0.325630 0.460290 0.123839 0.136459 0.251112 0.229672 0.287459 0.149318
 24.000000 0.153587 0.237516 0.254049 0.391440 0.479317 0.480347 0.581024 0.470946 0.591498 0.123859 0.135897 0.247822 0.355966 0.344247 0.436607 0.363754 0.494832 0.225089 0.275007 0.400746 0.361047 0.425999 0.404633 0.525119 0.149037 0.238738 0.254232 0.358734 0.279358 0.422122 0.154816 0.155287 0.232882 0.246862 0.384014 0.258817 0.314328 0.344263 0.473349 0.119332 0.132102 0.243304 0.224417 0.282710 0.144714
 25.000000 0.147000 0.240803 0.237884 0.381098 0.464298 0.462109 0.583405 0.431553 0.550505 0.124069 0.136967 0.258730 0.365686 0.352860 0.468438 0.350230 0.483480 0.227414 0.299703 0.421923 0.392136 0.494442 0.399024 0.523926 0.145496 0.239921 0.247196 0.360879 0.274971 0.420320 0.149013 0.157025 0.242299 0.255879 0.397618 0.244794 0.286080 0.359081 0.490205 0.122955 0.140068 0.258242 0.229689 0.295149 0.147343
 26.000000 0.148435 0.238233 0.237927 0.374920 0.454323 0.474578 0.590331 0.468002 0.591616 0.125944 0.136323 0.241810 0.330802 0.358738 0.467013 0.386545 0.522178 0.234124 0.278241 0.355682 0.406225 0.496053 0.463337 0.597992 0.148620 0.246856 0.246862 0.362294 0.268308 0.408639 0.154447 0.150735 0.242357 0.243838 0.380881 0.253111 0.307228 0.350444 0.477732 0.119892 0.133364 0.246546 0.213649 0.268926 0.142867
 27.000000 0.145279 0.235673 0.236428 0.371821 0.468347 0.470181 0.587600 0.455009 0.588607 0.124740 0.136110 0.244632 0.359768 0.351329 0.460943 0.362581 0.503448 0.230664 0.283917 0.408202 0.382382 0.473975 0.407074 0.537888 0.142804 0.248534 0.250507 0.363651 0.276009 0.423115 0.158335 0.150230 0.238514 0.240803 0.378208 0.247227 0.285624 0.354931 0.476005 0.123434 0.132548 0.241669 0.224190 0.271617 0.147394
 28.000000 0.149124 0.232564 0.244544 0.385079 0.471709 0.469541 0.589571 0.449081 0.577723 0.121474 0.134365 0.251353 0.361169 0.339059 0.454161 0.341482 0.480494 0.224539 0.288045 0.414723 0.359573 0.461578 0.366680 0.497789 0.147872 0.246181 0.245742 0.359363 0.272661 0.415560 0.154081 0.153059 0.237074 0.249828 0.383737 0.262659 0.299741 0.372356 0.490327 0.123592 0.133869 0.242423 0.224700 0.273807 0.144810
 29.000000 0.146598 0.230757 0.236734 0.372336 0.478545 0.448037 0.568767 0.427508 0.548121 0.121532 0.130568 0.240069 0.366150 0.324909 0.438382 0.337313 0.470453 0.222957 0.276136 0.418629 0.347226 0.437992 0.378209 0.499001 0.143851 0.246986 0.246077 0.365463 0.274015 0.419211 0.155579 0.156054 0.248689 0.251167 0.390119 0.248568 0.305308 0.342972 0.468924 0.127425 0.133978 0.247976 0.223917 0.276118 0.146445
 30.000000 0.142850 0.228110 0.232493 0.369546 0.446534 0.460667 0.581332 0.444529 0.573227 0.122483 0.129819 0.243364 0.342487 0.348589 0.459892 0.362990 0.502055 0.223475 0.283778 0.390204 0.397437 0.488177 0.435254 0.571931 0.143976 0.242458 0.237742 0.355795 0.256552 0.399177 0.154858 0.154318 0.241203 0.242829 0.377016 0.250637 0.303589 0.338197 0.455612 0.127519 0.127209 0.235247 0.224618 0.271871 0.143517
 31.000000 0.142102 0.226349 0.239512 0.380664 0.464153 0.466302 0.587780 0.437396 0.562263 0.121733 0.137771 0.254421 0.351811 0.355705 0.473882 0.351986 0.488870 0.229604 0.293273 0.394183 0.400895 0.510289 0.406040 0.536117 0.148469 0.241060 0.245538 0.359623 0.268233 0.413121 0.149683 0.151374 0.241400 0.241913 0.379450 0.249257 0.286473 0.364238 0.491216 0.123556 0.134261 0.245124 0.225118 0.277002 0.146027
 32.000000 0.149070 0.236620 0.241402 0.380172 0.490570 0.466697 0.587461 0.445482 0.572163 0.122127 0.135636 0.248050 0.375751 0.346387 0.460737 0.354852 0.491131 0.226482 0.282783 0.422367 0.372810 0.473093 0.393450 0.519300 0.146274 0.255820 0.253655 0.365958 0.283106 0.426902 0.159875 0.154922 0.240701 0.249193 0.383245 0.245888 0.274753 0.355501 0.471967 0.123701 0.132725 0.240387 0.223191 0.270337 0.144062
 33.000000 0.148432 0.229604 0.240776 0.378112 0.443540 0.474044 0.576203 0.485062 0.612319 0.118718 0.129973 0.244739 0.335678 0.352009 0.444417 0.393666 0.529768 0.217814 0.279423 0.383195 0.393006 0.461071 0.463235 0.596320 0.144257 0.231649 0.241083 0.347340 0.275056 0.417805 0.152673 0.148630 0.233536 0.240279 0.380330 0.239571 0.316654 0.297558 0.430955 0.119432 0.130004 0.245601 0.215965 0.274095 0.147068
 34.000000 0.142074 0.230740 0.234088 0.374761 0.479948 0.446244 0.552555 0.422726 0.530726 0.121425 0.132876 0.247909 0.375554 0.318580 0.417272 0.322193 0.442496 0.221684 0.278602 0.427033 0.318837 0.387758 0.340717 0.440766 0.148388 0.250849 0.250370 0.362276 0.268909 0.411887 0.157080 0.153955 0.242905 0.239639 0.382105 0.259257 0.326394 0.337948 0.475056 0.125495 0.130924 0.246280 0.227623 0.285662 0.148792
 35.000000 0.144765 0.238464 0.233570 0.367112 0.440178 0.464967 0.585748 0.448398 0.575685 0.124137 0.132401 0.238130 0.326916 0.349252 0.461508 0.362602 0.498645 0.222670 0.266447 0.351625 0.385387 0.476955 0.424441 0.554939 0.143415 0.241118 0.238086 0.356985 0.253980 0.396736 0.151017 0.146755 0.237626 0.235902 0.371175 0.247344 0.293656 0.350117 0.476978 0.126890 0.132079 0.240430 0.228687 0.277920 0.144156
 36.000000 0.148960 0.233549 0.246370 0.377070 0.433319 0.483182 0.604875 0.483906 0.616851 0.122008 0.136129 0.241601 0.315645 0.363065 0.480030 0.388793 0.531853 0.225400 0.271634 0.334171 0.409880 0.513176 0.456493 0.599818 0.144416 0.242675 0.238619 0.358556 0.267617 0.412473 0.151720 0.156649 0.249387 0.253320 0.393178 0.259091 0.303297 0.373449 0.501617 0.127362 0.133536 0.249899 0.221289 0.275823 0.146774
 37.000000 0.150748 0.235344 0.248660 0.388650 0.471793 0.501906 0.606753 0.511553 0.631470 0.123637 0.135252 0.253440 0.331086 0.386814 0.485868 0.427342 0.559704 0.225962 0.291894 0.328229 0.443014 0.528956 0.508096 0.644792 0.145221 0.262223 0.256394 0.360273 0.296152 0.429025 0.156493 0.154198 0.239575 0.253766 0.385924 0.245770 0.262500 0.376801 0.492911 0.119050 0.139843 0.249908 0.222839 0.282731 0.137354
 38.000000 0.149496 0.233568 0.243465 0.377290 0.445344 0.469932 0.577246 0.454553 0.572879 0.118233 0.137368 0.242679 0.315630 0.361537 0.466975 0.376782 0.511573 0.224689 0.272804 0.327171 0.415208 0.514468 0.447211 0.585536 0.144343 0.240641 0.233878 0.337025 0.262383 0.398353 0.156955 0.156538 0.242481 0.247479 0.382772 0.259836 0.287294 0.380580 0.504517 0.119369 0.138975 0.247730 0.228234 0.286107 0.140904
 39.000000 0.146003 0.238810 0.235136 0.372853 0.476365 0.459167 0.570046 0.441529 0.559754 0.125112 0.133244 0.243865 0.367833 0.334002 0.436255 0.345961 0.474519 0.225998 0.277534 0.417959 0.346032 0.423841 0.376768 0.492899 0.145169 0.247550 0.253292 0.363244 0.277418 0.417270 0.153659 0.151595 0.237264 0.241700 0.376699 0.243947 0.294376 0.335416 0.456628 0.121799 0.134201 0.243189 0.226744 0.282712 0.141368
 40.000000 0.152204 0.239403 0.247075 0.385365 0.478071 0.436030 0.523940 0.434627 0.538714 0.119432 0.135462 0.249912 0.369738 0.299483 0.379962 0.329720 0.447599 0.218938 0.279027 0.424186 0.297096 0.340146 0.350866 0.453287 0.144935 0.237247 0.241619 0.343542 0.283663 0.421646 0.154318 0.149218 0.238703 0.241634 0.378974 0.257126 0.345782 0.314148 0.443127 0.122070 0.132639 0.247808 0.219682 0.281400 0.142063
