#! FIELDS time pair1 pair2 pair3 pair4 pair5 pair6 pair7 pair8 pair9 pair10 pair11 pair12 pair13 pair14 pair15 pair16 pair17 pair18 pair19 pair20 pair21 pair22 pair23 pair24 pair25 pair26 pair27 pair28 pair29 pair30 pair31 pair32 pair33 pair34 pair35 pair36 pair37 pair38 pair39 pair40 pair41 pair42 pair43 pair44 pair45
 0.000000 0.144451 0.230361 0.231212 0.367040 0.462153 0.444627 0.492009 0.525747 0.638273 0.123742 0.130954 0.247047 0.360645 0.302091 0.350007 0.388564 0.499797 0.228484 0.299052 0.427468 0.287894 0.319639 0.356559 0.438312 0.141425 0.236402 0.253342 0.315959 0.351165 0.482707 0.151608 0.157667 0.244828 0.246256 0.386120 0.255503 0.300277 0.348283 0.476036 0.118735 0.131974 0.244879 0.215116 0.269236 0.146652
 1.000000 0.144426 0.232628 0.232478 0.374484 0.463658 0.466555 0.473734 0.580684 0.684354 0.119912 0.131898 0.250841 0.368179 0.334851 0.360970 0.440592 0.548082 0.220313 0.288704 0.430371 0.334278 0.367418 0.414495 0.510428 0.146362 0.240635 0.256757 0.290960 0.374945 0.491090 0.150668 0.150113 0.234909 0.248560 0.378337 0.240917 0.306351 0.319607 0.440438 0.123766 0.135720 0.237632 0.226217 0.263918 0.144973
 2.000000 0.148489 0.229349 0.241400 0.377857 0.455670 0.481841 0.491896 0.596146 0.707737 0.121186 0.130035 0.241323 0.338092 0.354838 0.391647 0.458852 0.579881 0.221045 0.274876 0.377383 0.390162 0.453393 0.463781 0.592133 0.145664 0.233882 0.257155 0.288960 0.378153 0.496198 0.149033 0.157794 0.244634 0.254570 0.386879 0.251889 0.326565 0.329486 0.454374 0.124101 0.138496 0.241545 0.229500 0.270409 0.145055
 3.000000 0.148142 0.235722 0.238916 0.374418 0.467121 0.454909 0.467322 0.550913 0.650961 0.120884 0.133996 0.245424 0.359066 0.336387 0.379439 0.419935 0.532905 0.223262 0.282372 0.411841 0.360479 0.426974 0.406972 0.519231 0.140975 0.237527 0.248183 0.288868 0.355868 0.474800 0.155438 0.154055 0.240676 0.244998 0.377641 0.259176 0.322562 0.343722 0.469506 0.121778 0.133794 0.237251 0.224038 0.266575 0.143600
 4.000000 0.144797 0.240138 0.236647 0.371166 0.478425 0.442587 0.418264 0.569233 0.667527 0.125395 0.136044 0.245451 0.376959 0.313594 0.310427 0.432978 0.538366 0.226062 0.278758 0.429258 0.319157 0.324612 0.412972 0.511244 0.140720 0.247706 0.241307 0.266813 0.364957 0.483481 0.156850 0.152692 0.240094 0.247681 0.383463 0.252636 0.345247 0.308143 0.439998 0.122890 0.134852 0.242724 0.223524 0.268606 0.147533
 5.000000 0.146270 0.234354 0.241375 0.376831 0.493516 0.442246 0.433563 0.546086 0.639531 0.124229 0.131640 0.243436 0.374274 0.317846 0.340643 0.412816 0.519495 0.220785 0.271886 0.417337 0.318209 0.361246 0.377235 0.475266 0.145348 0.253128 0.251545 0.284572 0.363365 0.483895 0.153180 0.153561 0.241224 0.244434 0.380034 0.251096 0.331513 0.318452 0.451138 0.125004 0.132200 0.240085 0.225905 0.272861 0.145334
 6.000000 0.147801 0.228099 0.240861 0.378645 0.457884 0.482674 0.519710 0.564773 0.676412 0.119933 0.134295 0.250226 0.353603 0.360204 0.421885 0.429252 0.548912 0.226475 0.294722 0.405466 0.403122 0.487995 0.438115 0.559064 0.143087 0.242734 0.251690 0.302860 0.348451 0.469488 0.153590 0.153734 0.242499 0.241570 0.374547 0.249247 0.304164 0.341722 0.466153 0.122409 0.133364 0.238552 0.224958 0.273355 0.140688
 7.000000 0.148691 0.230009 0.242656 0.380770 0.491542 0.445934 0.449699 0.550343 0.650016 0.123552 0.130602 0.244542 0.375618 0.316743 0.349691 0.412587 0.523718 0.224789 0.283030 0.431075 0.341767 0.396556 0.402523 0.511379 0.146096 0.254358 0.239618 0.277822 0.353990 0.472941 0.160779 0.151449 0.244869 0.241704 0.376086 0.253966 0.327806 0.327934 0.451377 0.124008 0.131233 0.238768 0.218192 0.262305 0.143122
 8.000000 0.148835 0.232605 0.247730 0.385531 0.488554 0.455457 0.432006 0.571952 0.673558 0.125463 0.136989 0.251758 0.375299 0.323711 0.326670 0.431978 0.541723 0.231242 0.292539 0.437324 0.326879 0.336901 0.407782 0.502236 0.145059 0.244395 0.252783 0.276613 0.370107 0.494654 0.153476 0.152279 0.233968 0.246522 0.383534 0.257274 0.337286 0.322593 0.456461 0.121803 0.132710 0.245424 0.224303 0.282866 0.144115
 9.000000 0.152151 0.234862 0.237876 0.372669 0.479436 0.447063 0.458826 0.553684 0.664112 0.122727 0.134585 0.241950 0.371980 0.311893 0.348851 0.407671 0.524508 0.233985 0.293247 0.439112 0.325621 0.372930 0.385712 0.488902 0.140858 0.244683 0.257577 0.306265 0.369520 0.500098 0.150735 0.161632 0.250346 0.256047 0.394944 0.258043 0.330820 0.335006 0.464924 0.120897 0.136795 0.250894 0.220828 0.278690 0.144558
 10.000000 0.141170 0.231523 0.232843 0.371862 0.451564 0.460983 0.461204 0.581798 0.697771 0.122221 0.132789 0.247984 0.350156 0.347994 0.377343 0.457325 0.582127 0.221673 0.281798 0.399206 0.378817 0.431168 0.459598 0.586541 0.144945 0.239203 0.244788 0.275951 0.367071 0.491631 0.156400 0.153219 0.243943 0.247059 0.384801 0.257358 0.336275 0.327818 0.455843 0.124547 0.136931 0.248363 0.227478 0.280934 0.145375
 11.000000 0.146325 0.233883 0.237727 0.377959 0.473876 0.429190 0.398327 0.543618 0.622693 0.122923 0.131076 0.248020 0.369260 0.305292 0.306586 0.410061 0.499941 0.221930 0.283023 0.429513 0.313147 0.329996 0.382021 0.452253 0.147598 0.241607 0.242615 0.266897 0.362106 0.477678 0.154981 0.147990 0.235731 0.244119 0.379485 0.245833 0.318324 0.330746 0.470045 0.124659 0.137379 0.250946 0.229445 0.288780 0.145055
 12.000000 0.145520 0.232106 0.241207 0.379176 0.496624 0.456778 0.448327 0.581317 0.675376 0.124213 0.131214 0.244111 0.378221 0.322140 0.336501 0.440941 0.542750 0.221310 0.271892 0.422807 0.315761 0.338733 0.410865 0.504042 0.148597 0.259650 0.253734 0.284791 0.378106 0.489914 0.157458 0.150227 0.240660 0.248517 0.376458 0.249321 0.343147 0.301041 0.428208 0.125256 0.135370 0.236789 0.222841 0.259557 0.140926
 13.000000 0.146414 0.235735 0.231019 0.372679 0.470388 0.448369 0.449322 0.562907 0.672298 0.122205 0.131198 0.245069 0.369702 0.322791 0.350669 0.426706 0.543728 0.224724 0.281412 0.425208 0.343639 0.394199 0.415747 0.531219 0.148721 0.251231 0.242572 0.269792 0.362043 0.482337 0.160683 0.151436 0.235266 0.243419 0.377130 0.258143 0.321324 0.328545 0.448990 0.119050 0.133514 0.241640 0.220733 0.273198 0.141965
 14.000000 0.150177 0.238156 0.242021 0.381201 0.472081 0.450676 0.446665 0.558357 0.669233 0.125511 0.136532 0.253884 0.372828 0.318685 0.338262 0.415034 0.530064 0.232895 0.302827 0.444399 0.326498 0.348043 0.391093 0.484451 0.142352 0.238499 0.248389 0.289590 0.358042 0.491655 0.149044 0.153704 0.243298 0.243652 0.388161 0.245253 0.317997 0.325266 0.463086 0.120669 0.134078 0.255421 0.220427 0.288557 0.148084
 15.000000 0.155862 0.241539 0.243148 0.380668 0.489094 0.445670 0.438559 0.552128 0.647910 0.123069 0.133634 0.244992 0.379729 0.304600 0.324532 0.401016 0.503990 0.228884 0.288605 0.443554 0.303574 0.330459 0.366246 0.450233 0.142552 0.251062 0.245872 0.282579 0.358424 0.479306 0.158836 0.155081 0.244855 0.246587 0.381538 0.255078 0.326391 0.332572 0.460454 0.126214 0.135355 0.242835 0.230154 0.279587 0.143017
 16.000000 0.149566 0.241176 0.241704 0.379212 0.480739 0.442509 0.447584 0.539757 0.646304 0.125491 0.135606 0.243811 0.367437 0.304381 0.332874 0.394160 0.508123 0.228283 0.273130 0.418944 0.290248 0.330861 0.342652 0.440101 0.148408 0.240610 0.253529 0.293022 0.362349 0.492423 0.150566 0.152276 0.238816 0.242516 0.382812 0.256418 0.325265 0.334820 0.467792 0.118865 0.132235 0.248606 0.217809 0.280410 0.145028
 17.000000 0.142934 0.229835 0.229037 0.368519 0.465507 0.459170 0.474825 0.556706 0.655675 0.121169 0.128616 0.241338 0.362716 0.332883 0.372818 0.419317 0.525949 0.220513 0.276033 0.420510 0.336858 0.391115 0.387429 0.481998 0.146895 0.243534 0.260824 0.303495 0.368604 0.487239 0.156291 0.157235 0.248558 0.245510 0.379797 0.255288 0.327911 0.334209 0.466554 0.125339 0.137536 0.240144 0.232530 0.273213 0.146017
 18.000000 0.147054 0.233120 0.243495 0.376269 0.474892 0.440234 0.442732 0.540333 0.657563 0.123992 0.139359 0.246449 0.367441 0.298102 0.318573 0.393483 0.513395 0.233878 0.288546 0.429468 0.286794 0.310098 0.352291 0.454081 0.140755 0.234137 0.245291 0.283996 0.353969 0.486556 0.147160 0.149920 0.236453 0.240179 0.377943 0.243746 0.304601 0.323416 0.443925 0.125483 0.131735 0.246627 0.228079 0.290415 0.144212
 19.000000 0.154664 0.242582 0.250551 0.388480 0.497380 0.462028 0.462408 0.570233 0.677269 0.126471 0.136649 0.251157 0.382646 0.309272 0.320827 0.415917 0.524539 0.230768 0.292211 0.441091 0.288115 0.285000 0.372285 0.455440 0.143266 0.254957 0.256332 0.298813 0.370122 0.498833 0.159819 0.148771 0.231348 0.253699 0.389113 0.251319 0.312228 0.340889 0.463807 0.123309 0.140378 0.251659 0.229872 0.284079 0.146349
 20.000000 0.147231 0.238927 0.240468 0.381357 0.486238 0.451124 0.460723 0.557469 0.661137 0.125750 0.134075 0.250392 0.378806 0.313618 0.344315 0.413257 0.523115 0.225284 0.283783 0.433766 0.307638 0.355604 0.370424 0.470991 0.147214 0.249692 0.253890 0.292863 0.370957 0.492468 0.155261 0.155139 0.237750 0.255783 0.386917 0.259442 0.318108 0.345455 0.465035 0.120071 0.135798 0.244256 0.219002 0.271356 0.139793
 21.000000 0.150396 0.235359 0.236091 0.379724 0.479214 0.446401 0.423296 0.568375 0.665851 0.119268 0.132227 0.250114 0.362983 0.334916 0.348374 0.444420 0.553948 0.222839 0.288073 0.409693 0.367154 0.398413 0.449259 0.552893 0.148583 0.252802 0.240052 0.264681 0.361459 0.480506 0.153304 0.151730 0.244068 0.241272 0.377689 0.259758 0.355417 0.315490 0.454844 0.126179 0.135344 0.245481 0.229523 0.282634 0.143600
 22.000000 0.149027 0.236991 0.234670 0.370138 0.466787 0.448794 0.466727 0.543880 0.641706 0.121367 0.128550 0.240260 0.357772 0.326130 0.374063 0.407177 0.515384 0.219260 0.278315 0.410513 0.347668 0.416702 0.389514 0.489977 0.139871 0.240803 0.243594 0.291626 0.347859 0.467741 0.152493 0.149151 0.242211 0.235206 0.370192 0.250356 0.323255 0.324980 0.458807 0.124233 0.134885 0.240479 0.228617 0.275423 0.144125
 23.000000 0.149513 0.237847 0.244763 0.386324 0.481809 0.464631 0.473461 0.577754 0.669831 0.123762 0.138004 0.255609 0.379007 0.324614 0.349939 0.430481 0.525591 0.229709 0.294444 0.442822 0.324070 0.351286 0.402655 0.479476 0.146973 0.244109 0.252517 0.297372 0.368034 0.482267 0.157003 0.147099 0.240983 0.240013 0.370694 0.250468 0.328605 0.321279 0.451076 0.123300 0.136902 0.236313 0.224109 0.255928 0.145924
 24.000000 0.148422 0.235002 0.235126 0.369173 0.458525 0.443335 0.452210 0.553547 0.668218 0.122690 0.128923 0.239817 0.359769 0.308060 0.339171 0.409098 0.529007 0.222481 0.282844 0.429168 0.310612 0.346955 0.378732 0.486746 0.138250 0.232845 0.242986 0.289562 0.358639 0.487664 0.155750 0.152712 0.246213 0.247760 0.385317 0.253063 0.323152 0.339145 0.461100 0.123004 0.136287 0.249130 0.219900 0.273177 0.145169
 25.000000 0.142113 0.233773 0.240585 0.377333 0.481071 0.431896 0.413292 0.537365 0.621548 0.125579 0.135901 0.252143 0.378276 0.310641 0.323324 0.407521 0.504640 0.224368 0.283870 0.433992 0.301520 0.332124 0.362603 0.443272 0.145990 0.245833 0.252747 0.282622 0.364546 0.484616 0.156400 0.153264 0.233885 0.249305 0.385588 0.261631 0.321759 0.345190 0.479369 0.124089 0.132133 0.243647 0.226117 0.279911 0.146489
 26.000000 0.145757 0.230619 0.238575 0.372004 0.469931 0.442567 0.445090 0.531050 0.630480 0.120017 0.131943 0.241723 0.364623 0.305577 0.329958 0.387072 0.492589 0.219811 0.275895 0.422542 0.298833 0.336018 0.343117 0.432435 0.140018 0.236138 0.246950 0.285246 0.348778 0.471484 0.152957 0.154897 0.241946 0.241614 0.375976 0.252802 0.315763 0.338847 0.464997 0.124374 0.130943 0.238916 0.226082 0.279263 0.140531
 27.000000 0.155161 0.241116 0.249858 0.384943 0.488698 0.467941 0.485174 0.567919 0.673987 0.121696 0.133394 0.245002 0.372893 0.328216 0.370417 0.418668 0.533161 0.220513 0.276720 0.423321 0.337233 0.401414 0.392251 0.501048 0.142071 0.250841 0.244180 0.284150 0.355265 0.478116 0.159891 0.152761 0.240502 0.243534 0.382009 0.256127 0.319587 0.331678 0.463114 0.123309 0.131670 0.242080 0.222302 0.270196 0.148613
 28.000000 0.149670 0.235215 0.251265 0.389518 0.487463 0.468146 0.491029 0.571792 0.676688 0.122160 0.140858 0.255908 0.375874 0.339063 0.387914 0.432117 0.545056 0.228810 0.291235 0.428525 0.360159 0.430337 0.417059 0.527201 0.144727 0.244634 0.246424 0.295063 0.361934 0.480659 0.156026 0.148597 0.242491 0.245304 0.374320 0.248678 0.315845 0.333745 0.451702 0.123810 0.137146 0.241731 0.221500 0.268069 0.136532
 29.000000 0.154156 0.237777 0.239435 0.381582 0.482838 0.446513 0.446991 0.557399 0.660116 0.121762 0.127487 0.246838 0.366891 0.326022 0.362382 0.425523 0.542090 0.221095 0.286473 0.424371 0.345540 0.403154 0.411840 0.524832 0.149800 0.246747 0.257350 0.297869 0.371843 0.495708 0.154545 0.154871 0.244053 0.248312 0.382683 0.259817 0.328582 0.335087 0.459167 0.124944 0.133843 0.242522 0.224154 0.273207 0.142804
 30.000000 0.142426 0.233902 0.233067 0.372733 0.470253 0.466426 0.478725 0.570348 0.686239 0.120536 0.134540 0.252486 0.377745 0.339979 0.372769 0.433278 0.552229 0.220921 0.288347 0.435089 0.345255 0.392025 0.405437 0.512244 0.143003 0.247811 0.258969 0.300283 0.369855 0.501083 0.157309 0.158874 0.245675 0.253399 0.395037 0.256829 0.326383 0.338362 0.472828 0.122593 0.134959 0.252953 0.223058 0.285975 0.146864
 31.000000 0.148290 0.236751 0.244127 0.379073 0.481403 0.457135 0.481610 0.547274 0.651283 0.124020 0.131689 0.242235 0.366908 0.319365 0.365297 0.402891 0.515506 0.219420 0.267662 0.415001 0.314253 0.380604 0.358137 0.461148 0.145293 0.244043 0.250859 0.296166 0.358041 0.483301 0.155708 0.159637 0.249311 0.247687 0.387982 0.260977 0.323501 0.343867 0.477650 0.121918 0.132382 0.244798 0.220447 0.272510 0.147706
 32.000000 0.148196 0.233645 0.241702 0.379037 0.475122 0.461890 0.466859 0.566920 0.681522 0.118566 0.134306 0.246079 0.364726 0.330853 0.360390 0.425718 0.546950 0.219723 0.275058 0.410944 0.342254 0.392269 0.402395 0.517620 0.145399 0.245554 0.244266 0.274316 0.360547 0.488668 0.155261 0.145530 0.230291 0.241021 0.381404 0.248389 0.319675 0.326222 0.459453 0.119570 0.135661 0.251964 0.222919 0.285519 0.146854
 33.000000 0.142724 0.228110 0.241632 0.376327 0.486039 0.437724 0.425480 0.558801 0.660180 0.126444 0.137091 0.249680 0.378737 0.314213 0.330250 0.426109 0.536088 0.233628 0.295337 0.442228 0.327710 0.350298 0.409230 0.505140 0.142667 0.247030 0.249932 0.293832 0.368935 0.495917 0.150552 0.153838 0.251199 0.247712 0.386696 0.242722 0.334115 0.307521 0.440379 0.127949 0.137641 0.250272 0.227486 0.278874 0.145880
 34.000000 0.147587 0.238013 0.237084 0.374991 0.472106 0.442470 0.426645 0.565916 0.665842 0.124660 0.140068 0.249948 0.375960 0.311695 0.317645 0.426841 0.532117 0.236852 0.295340 0.444304 0.322041 0.331038 0.408829 0.498455 0.145234 0.240684 0.253316 0.290312 0.375588 0.500406 0.156748 0.148761 0.239077 0.249786 0.386972 0.253045 0.336693 0.327928 0.461195 0.122744 0.135207 0.250386 0.216044 0.271295 0.144727
 35.000000 0.147170 0.236078 0.239312 0.380894 0.479018 0.445467 0.438800 0.556454 0.654466 0.122825 0.132910 0.251926 0.374178 0.315141 0.334051 0.415723 0.520405 0.222556 0.288550 0.431939 0.320709 0.353036 0.386205 0.474303 0.146144 0.245104 0.247913 0.284522 0.362382 0.486888 0.151559 0.152882 0.241472 0.244763 0.384112 0.255071 0.330044 0.330177 0.468333 0.121499 0.138072 0.251311 0.227838 0.286951 0.145935
 36.000000 0.146895 0.231681 0.239228 0.374126 0.455627 0.475732 0.472612 0.593985 0.715254 0.119423 0.134596 0.242553 0.330802 0.364265 0.393777 0.471697 0.604055 0.223396 0.274747 0.353814 0.408697 0.465538 0.493078 0.632282 0.144291 0.243413 0.248139 0.271985 0.366489 0.494145 0.160493 0.152371 0.239341 0.242870 0.384472 0.255611 0.340667 0.310699 0.446933 0.125288 0.129935 0.246459 0.224031 0.282253 0.148395
 37.000000 0.148533 0.229935 0.251034 0.386572 0.459149 0.495029 0.503633 0.615978 0.732875 0.119625 0.138261 0.250200 0.340156 0.370613 0.406039 0.481825 0.607405 0.223522 0.278557 0.365721 0.410332 0.473289 0.497684 0.632407 0.146547 0.245857 0.247560 0.275521 0.371035 0.489764 0.153877 0.150963 0.240008 0.248135 0.382394 0.239775 0.319622 0.307540 0.432781 0.124764 0.134555 0.243432 0.223094 0.270283 0.144312
 38.000000 0.144253 0.232364 0.243756 0.372173 0.440216 0.478644 0.486540 0.605496 0.728495 0.124684 0.132951 0.236601 0.311492 0.359701 0.394302 0.476523 0.608945 0.220214 0.258531 0.299535 0.402752 0.466873 0.493510 0.637192 0.142492 0.253446 0.236036 0.262202 0.365237 0.489557 0.158300 0.150655 0.237264 0.249540 0.390848 0.256737 0.341914 0.318950 0.459383 0.119168 0.142299 0.256470 0.227302 0.284556 0.150193
 39.000000 0.151651 0.234327 0.244892 0.378426 0.445944 0.486755 0.502049 0.599717 0.718154 0.119737 0.132687 0.243922 0.334912 0.360064 0.401065 0.461175 0.586284 0.221172 0.279695 0.370366 0.398852 0.463441 0.473030 0.603261 0.144962 0.254004 0.243257 0.276841 0.359233 0.478173 0.158852 0.148250 0.240755 0.237525 0.371366 0.255029 0.343676 0.311830 0.440803 0.125096 0.131780 0.237577 0.223403 0.266807 0.143363
 40.000000 0.149512 0.234141 0.243282 0.378489 0.459606 0.483021 0.491575 0.601875 0.717532 0.121770 0.132144 0.240915 0.338240 0.361354 0.399329 0.469580 0.595191 0.221761 0.269733 0.362935 0.404624 0.471343 0.486334 0.621756 0.146486 0.253188 0.243887 0.272489 0.366924 0.484691 0.161127 0.153261 0.242949 0.249337 0.382315 0.245677 0.320228 0.319833 0.439537 0.124744 0.137332 0.243360 0.227510 0.273841 0.142842
