#! FIELDS time pair1 pair2 pair3 pair4 pair5 pair6 pair7 pair8 pair9 pair10 pair11 pair12 pair13 pair14 pair15 pair16 pair17 pair18 pair19 pair20 pair21 pair22 pair23 pair24 pair25 pair26 pair27 pair28 pair29 pair30 pair31 pair32 pair33 pair34 pair35 pair36 pair37 pair38 pair39 pair40 pair41 pair42 pair43 pair44 pair45
 0.000000 0.150336 0.238332 0.238623 0.379212 0.462068 0.455975 0.533304 0.475376 0.573963 0.122625 0.133604 0.247687 0.337286 0.310941 0.383476 0.348765 0.450422 0.226475 0.286028 0.358130 0.293770 0.331187 0.334030 0.401075 0.146516 0.249836 0.264783 0.358025 0.322271 0.452506 0.156579 0.159138 0.249818 0.256647 0.388316 0.257709 0.283954 0.385462 0.496276 0.124844 0.135960 0.240225 0.221090 0.255809 0.147313
 1.000000 0.144392 0.236890 0.235011 0.372189 0.430848 0.460647 0.527444 0.485974 0.601286 0.122474 0.138517 0.251742 0.330377 0.319839 0.384663 0.353053 0.468924 0.229179 0.292031 0.372114 0.301047 0.339037 0.329585 0.415348 0.142495 0.235809 0.260357 0.347633 0.306322 0.446436 0.155129 0.151924 0.240067 0.234363 0.375992 0.255025 0.281583 0.369920 0.497983 0.121528 0.130150 0.243354 0.223011 0.279403 0.147750
 2.000000 0.145777 0.235597 0.242109 0.375440 0.456252 0.449126 0.564657 0.426359 0.544464 0.125734 0.138658 0.247144 0.321125 0.321168 0.428801 0.327330 0.456835 0.232011 0.286225 0.325733 0.322918 0.407071 0.337814 0.447280 0.140663 0.251454 0.250170 0.362709 0.279877 0.425377 0.155245 0.152581 0.240869 0.244182 0.384248 0.254641 0.279494 0.374254 0.500445 0.125964 0.134246 0.248280 0.229732 0.287263 0.146850
 3.000000 0.147329 0.229678 0.239877 0.380375 0.449181 0.446580 0.519570 0.486660 0.594665 0.125579 0.133135 0.251438 0.320603 0.313978 0.378155 0.380763 0.495339 0.232631 0.303231 0.344029 0.328539 0.349607 0.413809 0.508349 0.144610 0.248518 0.244796 0.339338 0.307833 0.441337 0.160677 0.154444 0.244192 0.252446 0.387394 0.275764 0.305210 0.398374 0.522650 0.127699 0.138845 0.249874 0.232596 0.289195 0.141227
 4.000000 0.148762 0.231769 0.235756 0.384126 0.455072 0.471403 0.506794 0.558620 0.672058 0.120370 0.131951 0.256724 0.311753 0.353524 0.386345 0.459476 0.579455 0.225916 0.302195 0.300218 0.395426 0.401782 0.518854 0.633395 0.153896 0.266235 0.245292 0.309091 0.335680 0.462561 0.155309 0.153271 0.243961 0.249922 0.387860 0.259609 0.308535 0.365281 0.491237 0.124101 0.134644 0.247716 0.220490 0.272048 0.146212
 5.000000 0.152053 0.238506 0.239604 0.382660 0.451111 0.464062 0.490537 0.560050 0.660481 0.122266 0.132823 0.252470 0.317561 0.324768 0.343993 0.435550 0.538207 0.226546 0.295750 0.321014 0.333603 0.307236 0.459558 0.544583 0.147685 0.256868 0.250384 0.315514 0.343508 0.465907 0.154680 0.155161 0.241971 0.250857 0.385858 0.250473 0.284559 0.357179 0.480435 0.125064 0.135403 0.244100 0.226934 0.277143 0.144593
 6.000000 0.145633 0.233906 0.232874 0.373311 0.434930 0.463332 0.558358 0.476918 0.590530 0.124792 0.134496 0.249992 0.317844 0.324181 0.414059 0.353177 0.467158 0.233019 0.298095 0.341133 0.324093 0.388283 0.354574 0.436992 0.149054 0.257049 0.257725 0.362621 0.297558 0.435826 0.153704 0.153196 0.238992 0.252329 0.387336 0.245585 0.260077 0.377808 0.491441 0.124193 0.142334 0.249058 0.235667 0.284587 0.147475
 7.000000 0.142362 0.231270 0.233643 0.376132 0.449851 0.463030 0.579467 0.443618 0.575112 0.123422 0.134959 0.254023 0.318297 0.342114 0.450490 0.349036 0.487410 0.228602 0.296569 0.312038 0.365794 0.452705 0.386258 0.512498 0.146908 0.258649 0.254311 0.367953 0.280635 0.426527 0.157889 0.155210 0.242992 0.249307 0.383741 0.261122 0.289596 0.379572 0.500274 0.124824 0.136536 0.242341 0.229454 0.274270 0.146017
 8.000000 0.151937 0.244313 0.244413 0.386297 0.430576 0.461323 0.564897 0.462327 0.579366 0.124137 0.138206 0.253744 0.301505 0.318430 0.415661 0.341809 0.463459 0.228563 0.286468 0.303317 0.309971 0.378214 0.349610 0.448232 0.150150 0.245149 0.250553 0.362098 0.280917 0.421921 0.152319 0.154848 0.244814 0.245363 0.380610 0.259328 0.294837 0.377611 0.498727 0.122874 0.133795 0.240637 0.222092 0.267189 0.144592
 9.000000 0.144890 0.232452 0.241829 0.380380 0.451996 0.457547 0.547859 0.467056 0.589211 0.124679 0.140036 0.256250 0.328318 0.321941 0.404517 0.351081 0.476053 0.234032 0.300202 0.332647 0.332447 0.378284 0.379506 0.483716 0.144478 0.257994 0.243380 0.349273 0.278579 0.421732 0.157382 0.144879 0.238667 0.233431 0.371335 0.242382 0.262277 0.364940 0.484117 0.126673 0.131621 0.242165 0.225889 0.275198 0.146506
 10.000000 0.145420 0.228799 0.241357 0.374034 0.448782 0.440346 0.518827 0.470087 0.587327 0.117243 0.136477 0.246224 0.319959 0.305670 0.377001 0.359078 0.482209 0.221445 0.280970 0.332223 0.292308 0.328837 0.358308 0.462292 0.139047 0.238525 0.250100 0.343581 0.308748 0.447569 0.156064 0.153219 0.241458 0.242769 0.378156 0.254668 0.277370 0.374226 0.494961 0.122041 0.131000 0.243750 0.219429 0.278004 0.141064
 11.000000 0.143464 0.228958 0.235544 0.368353 0.426481 0.442815 0.554395 0.427937 0.546481 0.122336 0.132064 0.239236 0.294988 0.312492 0.417291 0.323039 0.452543 0.224350 0.275372 0.282259 0.321716 0.401793 0.346378 0.459714 0.141524 0.248570 0.243175 0.354284 0.272358 0.416757 0.159317 0.149335 0.234397 0.241847 0.382038 0.258575 0.286136 0.372419 0.499965 0.122878 0.130771 0.247500 0.222032 0.283512 0.146250
 12.000000 0.145320 0.230671 0.235989 0.372806 0.429700 0.460622 0.574906 0.447228 0.562526 0.120370 0.132865 0.244152 0.302414 0.324076 0.433503 0.329316 0.454406 0.223468 0.280630 0.306456 0.318738 0.411366 0.324087 0.430346 0.143872 0.243764 0.260227 0.370100 0.291434 0.432939 0.157054 0.154742 0.241282 0.244518 0.385293 0.254380 0.285028 0.367341 0.496110 0.123774 0.131659 0.249740 0.224647 0.291359 0.144395
 13.000000 0.145234 0.241568 0.239623 0.372159 0.446826 0.458878 0.548091 0.486890 0.610174 0.126530 0.137237 0.246035 0.326340 0.319058 0.403278 0.364001 0.491326 0.226310 0.276661 0.322748 0.303430 0.355622 0.366187 0.477405 0.141298 0.259257 0.253752 0.354777 0.300927 0.441166 0.157414 0.158092 0.242318 0.250456 0.387745 0.251281 0.265422 0.377215 0.499825 0.120636 0.135163 0.250266 0.223549 0.288243 0.141993
 14.000000 0.150884 0.236571 0.240016 0.376810 0.439791 0.450205 0.546791 0.448178 0.564113 0.121095 0.132838 0.241599 0.307171 0.310630 0.400444 0.334840 0.456217 0.222454 0.275489 0.317380 0.301415 0.360415 0.338452 0.432858 0.146690 0.257760 0.244125 0.353368 0.270806 0.412999 0.159856 0.150469 0.241298 0.239086 0.374318 0.266385 0.298813 0.383364 0.502052 0.121639 0.131594 0.236535 0.218973 0.257505 0.147350
 15.000000 0.138575 0.227638 0.232710 0.370159 0.452237 0.443943 0.572702 0.405202 0.519077 0.121934 0.135207 0.249834 0.321467 0.326101 0.451571 0.309267 0.439038 0.224884 0.286777 0.315305 0.334565 0.448812 0.313161 0.428301 0.144561 0.253128 0.255415 0.373739 0.282030 0.426522 0.158890 0.150629 0.244886 0.241481 0.383678 0.252877 0.299167 0.356565 0.487667 0.129499 0.133446 0.251539 0.229943 0.291421 0.147051
 16.000000 0.150575 0.238288 0.242045 0.379585 0.444263 0.463632 0.566273 0.463842 0.587117 0.121795 0.134332 0.247115 0.315178 0.323917 0.419304 0.346929 0.475038 0.224096 0.282818 0.320492 0.323187 0.392089 0.358990 0.467969 0.145124 0.257099 0.248638 0.356652 0.280394 0.422355 0.160340 0.151862 0.237263 0.244487 0.379132 0.265362 0.288217 0.386348 0.507027 0.122025 0.134007 0.242019 0.224838 0.275509 0.143489
 17.000000 0.146516 0.236282 0.239337 0.378217 0.442408 0.462654 0.579380 0.437436 0.556263 0.126641 0.132473 0.248216 0.310815 0.326800 0.439879 0.319976 0.448976 0.226894 0.287960 0.319750 0.323138 0.424495 0.306576 0.416679 0.144257 0.242819 0.258354 0.366597 0.288427 0.429830 0.152214 0.152293 0.236772 0.244953 0.381161 0.247310 0.283274 0.358180 0.482888 0.120623 0.134837 0.246132 0.224591 0.282845 0.142513
 18.000000 0.149937 0.236829 0.236394 0.374724 0.454793 0.455433 0.565830 0.442164 0.563167 0.120718 0.132616 0.244808 0.309629 0.332815 0.433577 0.351338 0.485508 0.224477 0.283545 0.294885 0.352356 0.430911 0.384225 0.506479 0.143958 0.258745 0.252248 0.358968 0.287487 0.434061 0.156336 0.153886 0.235155 0.250354 0.394138 0.249459 0.268360 0.369503 0.498761 0.119545 0.132944 0.255120 0.219310 0.289035 0.148681
 19.000000 0.147973 0.234158 0.238956 0.376029 0.429419 0.464334 0.553446 0.470048 0.585909 0.123750 0.134715 0.246743 0.293402 0.334990 0.414340 0.368864 0.490519 0.230222 0.290706 0.291127 0.354342 0.400422 0.410342 0.514444 0.143059 0.244379 0.250906 0.351764 0.283155 0.421788 0.155477 0.153896 0.240562 0.240439 0.376193 0.262711 0.289733 0.378684 0.499854 0.119908 0.131007 0.238061 0.220048 0.267901 0.144271
 20.000000 0.148570 0.230627 0.243072 0.384372 0.451461 0.460210 0.571690 0.441567 0.551371 0.122760 0.132759 0.253063 0.316000 0.326061 0.430295 0.333937 0.454270 0.226108 0.297525 0.317626 0.342500 0.419273 0.365642 0.466143 0.146240 0.257296 0.242572 0.359507 0.263494 0.404097 0.158193 0.151476 0.246874 0.240606 0.380584 0.257332 0.291894 0.374735 0.500049 0.126483 0.133589 0.247340 0.225211 0.279319 0.146161
 21.000000 0.149509 0.238724 0.242673 0.381137 0.450337 0.454873 0.550957 0.468637 0.586643 0.123231 0.135274 0.247091 0.310609 0.325297 0.412064 0.369876 0.495586 0.225444 0.278514 0.298741 0.334018 0.386555 0.401330 0.511168 0.146714 0.253852 0.251191 0.357018 0.298615 0.439661 0.157690 0.153890 0.239973 0.254374 0.389804 0.269529 0.293947 0.395315 0.516969 0.124101 0.135418 0.247526 0.222497 0.275579 0.144142
 22.000000 0.144959 0.239182 0.232882 0.371549 0.435603 0.454668 0.568342 0.439083 0.560533 0.127597 0.132072 0.247402 0.304767 0.326494 0.433562 0.334381 0.462011 0.227838 0.290291 0.308120 0.331378 0.416808 0.342680 0.447890 0.142559 0.247919 0.250841 0.363289 0.281546 0.424110 0.160807 0.152532 0.243623 0.244971 0.380439 0.258560 0.296383 0.373208 0.492298 0.120723 0.132563 0.241740 0.214819 0.261660 0.144059
 23.000000 0.148152 0.234730 0.237744 0.374445 0.431467 0.465731 0.572628 0.467385 0.588638 0.119612 0.135547 0.247406 0.306276 0.330082 0.429701 0.352525 0.478526 0.225446 0.286651 0.316440 0.333300 0.410000 0.362438 0.466999 0.142025 0.238801 0.257994 0.365056 0.299521 0.443885 0.150057 0.159292 0.244043 0.256605 0.397171 0.263600 0.292633 0.385151 0.511908 0.122266 0.135351 0.251819 0.222614 0.282029 0.147855
 24.000000 0.150778 0.237068 0.238994 0.377205 0.446257 0.457705 0.576254 0.449758 0.573000 0.127417 0.128880 0.242689 0.313064 0.318456 0.431281 0.333772 0.464005 0.228493 0.288168 0.327558 0.324532 0.413521 0.343131 0.449268 0.143812 0.245835 0.255018 0.373263 0.293922 0.440024 0.152529 0.155596 0.252058 0.252266 0.391378 0.260793 0.302790 0.381105 0.504775 0.127534 0.133094 0.247425 0.217078 0.263867 0.148071
 25.000000 0.151308 0.236284 0.240404 0.381830 0.458970 0.450204 0.558475 0.422424 0.524608 0.117448 0.137732 0.254657 0.332549 0.310968 0.412376 0.308477 0.422953 0.226482 0.295845 0.353411 0.309660 0.386331 0.318757 0.412285 0.144879 0.245791 0.246952 0.358170 0.265187 0.402980 0.147983 0.149402 0.242206 0.231340 0.371078 0.248544 0.285298 0.363990 0.494975 0.121314 0.135606 0.249106 0.227381 0.290164 0.143070
 26.000000 0.142587 0.230028 0.237379 0.374847 0.440420 0.455163 0.571098 0.420135 0.521427 0.127428 0.131522 0.247445 0.307748 0.328253 0.438618 0.319039 0.434954 0.227701 0.290649 0.303224 0.349820 0.438082 0.356298 0.456943 0.142860 0.245896 0.246792 0.362508 0.260377 0.395840 0.148923 0.150157 0.244109 0.234949 0.372285 0.249578 0.292577 0.359039 0.485438 0.122090 0.133768 0.246664 0.223087 0.283854 0.140744
 27.000000 0.153232 0.242691 0.239385 0.380289 0.428096 0.467216 0.571744 0.461425 0.584057 0.120079 0.132458 0.249840 0.302691 0.321115 0.420964 0.331332 0.459629 0.220214 0.281814 0.298102 0.313184 0.390287 0.333674 0.442908 0.150682 0.254057 0.251917 0.360924 0.275627 0.420431 0.153538 0.155702 0.240189 0.247421 0.389372 0.250226 0.278677 0.368995 0.497394 0.118895 0.135462 0.251690 0.222751 0.284851 0.147831
 28.000000 0.143297 0.230621 0.235181 0.371685 0.425858 0.458391 0.560419 0.454603 0.565035 0.124419 0.130729 0.243656 0.299782 0.324040 0.419974 0.340038 0.456733 0.224281 0.281808 0.298612 0.327380 0.398500 0.350882 0.446301 0.143882 0.247712 0.250579 0.355660 0.284102 0.418343 0.159289 0.146144 0.230039 0.241035 0.372474 0.252494 0.272985 0.372208 0.487949 0.119683 0.134855 0.243033 0.223083 0.280080 0.137975
 29.000000 0.144471 0.229735 0.240013 0.373702 0.451359 0.436699 0.530536 0.445099 0.555458 0.118617 0.135462 0.242497 0.317907 0.304326 0.392307 0.341615 0.461604 0.220812 0.269164 0.310936 0.288451 0.344678 0.344991 0.444997 0.145695 0.249890 0.259758 0.362145 0.308268 0.447397 0.160792 0.156438 0.244356 0.251050 0.386496 0.260210 0.283263 0.387533 0.507272 0.120942 0.137648 0.247099 0.223329 0.276378 0.142636
 30.000000 0.151687 0.238514 0.242318 0.385779 0.475968 0.454623 0.564388 0.430444 0.537820 0.125507 0.134063 0.253482 0.348805 0.312014 0.415879 0.308916 0.426967 0.230862 0.298665 0.373498 0.310724 0.392473 0.306791 0.398619 0.147810 0.260511 0.254606 0.360852 0.285135 0.424632 0.161040 0.155872 0.236994 0.249018 0.386595 0.269210 0.285514 0.389595 0.514710 0.123069 0.134037 0.247564 0.229090 0.291942 0.143087
 31.000000 0.146113 0.231458 0.243197 0.384379 0.449089 0.451930 0.565158 0.436067 0.556067 0.119892 0.136499 0.256277 0.311493 0.325484 0.430921 0.339960 0.469335 0.222895 0.292428 0.305002 0.336092 0.415679 0.367460 0.479905 0.145554 0.244827 0.245169 0.360201 0.276856 0.421686 0.151017 0.150140 0.242576 0.244199 0.381425 0.250040 0.284902 0.370164 0.492880 0.125415 0.133959 0.244971 0.222616 0.270581 0.146445
 32.000000 0.148785 0.235902 0.235597 0.376049 0.459256 0.453502 0.552219 0.457358 0.585033 0.124181 0.131928 0.250212 0.319664 0.334067 0.420220 0.373070 0.505677 0.228915 0.299979 0.322245 0.370073 0.423896 0.432229 0.551284 0.143210 0.253081 0.244364 0.348675 0.287030 0.430300 0.150629 0.146359 0.233433 0.244820 0.377652 0.248040 0.267720 0.375707 0.490946 0.124298 0.137259 0.243590 0.228521 0.274798 0.145024
 33.000000 0.144703 0.227916 0.237038 0.376316 0.431738 0.472679 0.569365 0.480951 0.600461 0.122348 0.131848 0.249449 0.309149 0.338161 0.427881 0.366935 0.492424 0.225666 0.292612 0.316923 0.350679 0.411817 0.395609 0.508191 0.147054 0.254340 0.255259 0.361527 0.286561 0.423104 0.158158 0.154810 0.244706 0.244782 0.379784 0.265947 0.298163 0.385723 0.511048 0.120037 0.134440 0.245915 0.219606 0.278928 0.139348
 34.000000 0.147418 0.235393 0.238625 0.376003 0.449145 0.453750 0.568441 0.423968 0.547979 0.122221 0.134157 0.248584 0.308498 0.334863 0.441933 0.337972 0.475370 0.225224 0.288953 0.297632 0.359459 0.448242 0.378031 0.504624 0.141831 0.250370 0.249417 0.357797 0.274876 0.422598 0.157318 0.157318 0.239121 0.249674 0.390529 0.267929 0.300336 0.381521 0.511932 0.118870 0.135203 0.249227 0.223995 0.282556 0.148573
 35.000000 0.145787 0.233394 0.235553 0.378407 0.444313 0.466451 0.576398 0.455061 0.558280 0.123947 0.132925 0.251599 0.309687 0.338684 0.440614 0.355926 0.469980 0.227934 0.294253 0.310987 0.351483 0.426622 0.388577 0.485071 0.147597 0.249116 0.261262 0.375124 0.284974 0.419721 0.152401 0.156643 0.252688 0.239885 0.378440 0.254474 0.292597 0.371086 0.496980 0.124812 0.134239 0.246053 0.226058 0.282931 0.143157
 36.000000 0.150273 0.240628 0.244824 0.384534 0.472730 0.452641 0.579971 0.424401 0.546342 0.120399 0.136883 0.253302 0.329360 0.329378 0.450167 0.328600 0.464798 0.220166 0.281428 0.315338 0.335073 0.441545 0.336883 0.464160 0.145400 0.260501 0.249325 0.364786 0.283441 0.425772 0.156793 0.154201 0.238650 0.251050 0.384982 0.260618 0.288939 0.372239 0.495672 0.130038 0.130476 0.241257 0.228451 0.279594 0.144045
 37.000000 0.149767 0.239779 0.238772 0.385991 0.438616 0.471960 0.580521 0.458015 0.563246 0.123992 0.132476 0.256103 0.305257 0.335574 0.436479 0.345991 0.459465 0.224620 0.293539 0.296442 0.343287 0.417260 0.371465 0.467121 0.151595 0.250607 0.259303 0.370913 0.283348 0.416661 0.160140 0.155006 0.245481 0.244824 0.379084 0.260112 0.290510 0.378124 0.498444 0.124571 0.137375 0.245833 0.231322 0.287906 0.139478
 38.000000 0.150313 0.233257 0.238004 0.377408 0.444707 0.464021 0.569520 0.450277 0.558198 0.116383 0.132748 0.249806 0.309745 0.330088 0.426750 0.342469 0.459211 0.219369 0.290003 0.319608 0.331706 0.406888 0.349213 0.446871 0.142144 0.244716 0.253389 0.358905 0.284016 0.418298 0.156987 0.149469 0.236390 0.240520 0.374561 0.246349 0.267030 0.369368 0.490299 0.121561 0.138856 0.248437 0.232065 0.294401 0.138210
 39.000000 0.146550 0.234909 0.238348 0.386220 0.434441 0.466363 0.584365 0.442893 0.553640 0.126091 0.129402 0.256119 0.309893 0.327880 0.441400 0.321986 0.441466 0.222886 0.293595 0.316981 0.331146 0.423911 0.332475 0.428834 0.153225 0.242588 0.254456 0.371377 0.272562 0.413087 0.147000 0.150844 0.241779 0.239052 0.378488 0.256252 0.297644 0.365170 0.492623 0.126305 0.131537 0.245408 0.226797 0.284236 0.145612
 40.000000 0.152230 0.237110 0.237190 0.375460 0.449940 0.441699 0.513518 0.467750 0.582599 0.118089 0.131472 0.242136 0.308885 0.308577 0.371337 0.365440 0.489782 0.221102 0.277408 0.304494 0.312367 0.335914 0.393025 0.501941 0.144820 0.250585 0.248461 0.340185 0.299294 0.440696 0.155711 0.151703 0.237481 0.242796 0.383977 0.256035 0.279043 0.377381 0.505130 0.119545 0.134201 0.251010 0.222155 0.286051 0.146438
