#! FIELDS time pair1 pair2 pair3 pair4 pair5 pair6 pair7 pair8 pair9 pair10 pair11 pair12 pair13 pair14 pair15 pair16 pair17 pair18 pair19 pair20 pair21 pair22 pair23 pair24 pair25 pair26 pair27 pair28 pair29 pair30 pair31 pair32 pair33 pair34 pair35 pair36 pair37 pair38 pair39 pair40 pair41 pair42 pair43 pair44 pair45
 0.000000 0.142822 0.231899 0.239585 0.372631 0.447218 0.463459 0.458897 0.587116 0.697977 0.124615 0.133989 0.241897 0.330203 0.351670 0.377383 0.467107 0.590323 0.224027 0.270782 0.351882 0.400815 0.456531 0.492723 0.627635 0.144260 0.245171 0.229480 0.248574 0.357553 0.474141 0.152859 0.152702 0.235597 0.255145 0.389401 0.248769 0.316016 0.334026 0.456923 0.119808 0.138625 0.248799 0.222443 0.275770 0.144160
 1.000000 0.150057 0.238983 0.238925 0.376691 0.425414 0.484323 0.495922 0.597828 0.713796 0.120308 0.135853 0.246335 0.314932 0.369462 0.411876 0.470875 0.597211 0.224975 0.280772 0.354508 0.410641 0.480319 0.485915 0.617888 0.144641 0.225375 0.250060 0.281158 0.367144 0.489012 0.153339 0.149790 0.235429 0.245801 0.382466 0.249588 0.309538 0.335573 0.467659 0.123895 0.132306 0.245326 0.222452 0.277768 0.145128
 2.000000 0.151083 0.243380 0.243534 0.370568 0.460593 0.461725 0.492229 0.542797 0.652595 0.127122 0.136854 0.243813 0.366931 0.325785 0.376979 0.394587 0.506922 0.231692 0.288674 0.433458 0.345427 0.415578 0.369609 0.465843 0.138557 0.245163 0.231424 0.277802 0.333698 0.459244 0.157921 0.154341 0.248459 0.243011 0.383652 0.256511 0.320579 0.350527 0.486561 0.125924 0.134978 0.253767 0.226817 0.293784 0.143823
 3.000000 0.150735 0.239537 0.245603 0.374382 0.460183 0.463933 0.463021 0.582472 0.696835 0.121347 0.135359 0.236493 0.319025 0.349246 0.379776 0.457809 0.586009 0.220225 0.256952 0.317121 0.388685 0.449596 0.470151 0.608432 0.142783 0.245921 0.229196 0.250172 0.352246 0.473762 0.150778 0.144734 0.230887 0.235079 0.374610 0.244585 0.328562 0.297896 0.437496 0.120021 0.135772 0.246919 0.227040 0.282025 0.148395
 4.000000 0.148573 0.239184 0.233684 0.371560 0.446653 0.472012 0.469909 0.594134 0.714524 0.122421 0.127318 0.241568 0.326418 0.362504 0.394272 0.472077 0.603584 0.217166 0.276348 0.354071 0.409573 0.469682 0.493674 0.633253 0.142130 0.236650 0.249261 0.276879 0.369750 0.495968 0.152361 0.152151 0.238363 0.245817 0.383584 0.246227 0.324785 0.308713 0.436242 0.124776 0.135307 0.247295 0.229672 0.285584 0.145695
 5.000000 0.146414 0.232691 0.237630 0.374405 0.462019 0.464870 0.466101 0.579091 0.684110 0.121408 0.135591 0.243930 0.339878 0.357627 0.392659 0.462608 0.584201 0.227905 0.279224 0.365515 0.411034 0.473976 0.492859 0.626753 0.146079 0.250100 0.237882 0.265417 0.357507 0.473082 0.154819 0.155007 0.245758 0.248467 0.385706 0.249532 0.327551 0.324082 0.454992 0.125483 0.132253 0.241168 0.221380 0.261897 0.149697
 6.000000 0.147353 0.235181 0.236825 0.369241 0.455098 0.456449 0.444909 0.585763 0.690685 0.126052 0.130373 0.238994 0.321899 0.355206 0.379354 0.475387 0.595551 0.227082 0.282618 0.335765 0.424153 0.474799 0.525833 0.657732 0.139172 0.244053 0.231668 0.256074 0.357902 0.473115 0.153691 0.153704 0.241386 0.249361 0.382001 0.251372 0.342937 0.306043 0.435585 0.120723 0.134097 0.241872 0.217757 0.266807 0.140911
 7.000000 0.152558 0.235858 0.248634 0.381189 0.457500 0.490975 0.500793 0.609263 0.728940 0.119788 0.135015 0.239994 0.318757 0.369370 0.407912 0.476650 0.606158 0.221824 0.266068 0.314151 0.413924 0.479709 0.496582 0.635976 0.144644 0.256650 0.245884 0.274891 0.366423 0.487017 0.158931 0.156923 0.244133 0.247439 0.382404 0.263124 0.349448 0.315799 0.443917 0.120673 0.134911 0.241897 0.223184 0.271949 0.143649
 8.000000 0.149359 0.240404 0.236002 0.372594 0.436392 0.490210 0.501178 0.609556 0.734689 0.123378 0.130954 0.240828 0.314843 0.374205 0.413031 0.482114 0.614325 0.222551 0.273503 0.327387 0.418317 0.482204 0.502709 0.640529 0.144959 0.247942 0.255476 0.287760 0.374071 0.500129 0.153434 0.153990 0.245155 0.245194 0.383017 0.249101 0.353770 0.290768 0.428455 0.126404 0.132080 0.245049 0.224341 0.278860 0.144145
 9.000000 0.148997 0.236263 0.243873 0.371415 0.436628 0.477524 0.476769 0.591041 0.713059 0.121211 0.135107 0.238212 0.319305 0.362945 0.393610 0.463466 0.594933 0.222239 0.269913 0.338432 0.411384 0.470384 0.486005 0.625476 0.136839 0.243167 0.236307 0.260847 0.350304 0.475204 0.160515 0.153388 0.237361 0.239846 0.377891 0.252834 0.326112 0.318479 0.446525 0.121902 0.132068 0.242598 0.227346 0.284426 0.144547
 10.000000 0.148519 0.235187 0.238657 0.376969 0.463561 0.463249 0.458924 0.580903 0.682109 0.121626 0.133660 0.247026 0.340063 0.354765 0.383663 0.461222 0.576425 0.224245 0.284656 0.374061 0.399666 0.453945 0.478929 0.599103 0.143788 0.246272 0.239368 0.264458 0.360440 0.474604 0.148664 0.151809 0.235731 0.246694 0.378066 0.252129 0.331714 0.320008 0.451301 0.118874 0.135381 0.240732 0.221493 0.270856 0.140428
 11.000000 0.146240 0.234610 0.235763 0.371470 0.463714 0.467501 0.499921 0.562702 0.680124 0.123992 0.129746 0.242227 0.343549 0.359270 0.420173 0.445821 0.575768 0.222338 0.281336 0.373283 0.412030 0.498659 0.471557 0.609619 0.140989 0.246605 0.247784 0.298210 0.355396 0.480983 0.155441 0.157699 0.249373 0.250452 0.385975 0.253111 0.311867 0.341623 0.462795 0.127287 0.134205 0.242813 0.226647 0.273412 0.144309
 12.000000 0.149496 0.237112 0.237034 0.371341 0.468243 0.456330 0.503028 0.534858 0.657137 0.120636 0.135558 0.241555 0.357852 0.336297 0.410305 0.401241 0.533046 0.227299 0.279385 0.402469 0.370660 0.468377 0.396831 0.528412 0.141354 0.243733 0.241876 0.302368 0.339697 0.472519 0.153196 0.150336 0.246895 0.234800 0.375621 0.247131 0.306245 0.332593 0.458535 0.126436 0.132989 0.245255 0.226747 0.278140 0.147485
 13.000000 0.143844 0.229114 0.241897 0.373536 0.482051 0.429542 0.455101 0.497974 0.591328 0.125817 0.134004 0.241624 0.372051 0.298169 0.347215 0.360101 0.465878 0.228143 0.278736 0.432583 0.293995 0.358951 0.310014 0.399217 0.141708 0.243041 0.246130 0.299267 0.336244 0.461325 0.158499 0.153925 0.241834 0.235374 0.372827 0.255008 0.303028 0.346469 0.472485 0.120021 0.129707 0.236459 0.221181 0.268485 0.145674
 14.000000 0.153147 0.242588 0.242021 0.381400 0.465646 0.449590 0.453038 0.544872 0.644052 0.120611 0.135307 0.248423 0.363808 0.309427 0.337113 0.395369 0.501929 0.223238 0.282179 0.424456 0.303457 0.346880 0.352667 0.443493 0.145238 0.234828 0.254521 0.294253 0.358677 0.485874 0.154952 0.153065 0.235587 0.244567 0.384756 0.238849 0.276964 0.337830 0.464161 0.121606 0.131095 0.244892 0.222912 0.278539 0.148976
 15.000000 0.146826 0.233197 0.238619 0.374202 0.485812 0.445245 0.428925 0.562642 0.668692 0.123955 0.130096 0.241133 0.370083 0.316229 0.325873 0.424570 0.537119 0.222077 0.275038 0.421108 0.317852 0.331813 0.399986 0.494807 0.143694 0.250460 0.247621 0.280253 0.362581 0.491282 0.155390 0.147418 0.237348 0.235604 0.376449 0.251193 0.348195 0.298183 0.440093 0.122434 0.132443 0.248632 0.223036 0.283771 0.146714
 16.000000 0.145564 0.236620 0.232983 0.372083 0.470527 0.437143 0.427421 0.535833 0.642404 0.121367 0.130146 0.245102 0.370849 0.304751 0.321251 0.394104 0.506440 0.217817 0.277418 0.427665 0.301790 0.335792 0.354164 0.452745 0.143906 0.244371 0.243682 0.276145 0.350708 0.478408 0.156889 0.147547 0.236028 0.237649 0.375932 0.237912 0.295968 0.325824 0.449528 0.129078 0.131488 0.245171 0.232215 0.291921 0.144174
 17.000000 0.145637 0.232972 0.241058 0.384930 0.483120 0.454909 0.451598 0.561787 0.652293 0.122971 0.134078 0.254969 0.375490 0.319609 0.337359 0.419253 0.517191 0.223466 0.288436 0.430605 0.304785 0.325135 0.372055 0.451360 0.150233 0.246386 0.260298 0.298285 0.375558 0.492954 0.147871 0.152398 0.237668 0.254350 0.385442 0.242942 0.310061 0.335121 0.460301 0.121396 0.139208 0.244532 0.223978 0.269156 0.142951
 18.000000 0.150496 0.241783 0.237971 0.376684 0.472065 0.450565 0.459811 0.558457 0.667277 0.121713 0.136678 0.252163 0.375636 0.323450 0.360401 0.418312 0.534664 0.227291 0.293796 0.438637 0.330917 0.382221 0.391863 0.497427 0.142144 0.242493 0.251367 0.296591 0.362453 0.490934 0.155222 0.152624 0.239059 0.246927 0.385052 0.259711 0.323056 0.338731 0.467353 0.122086 0.134852 0.246351 0.223379 0.275089 0.147364
 19.000000 0.148273 0.238128 0.237234 0.373036 0.468720 0.440507 0.468416 0.520561 0.630914 0.123636 0.129727 0.240077 0.361255 0.306635 0.358126 0.377440 0.497036 0.220520 0.272399 0.418044 0.305108 0.372094 0.330468 0.438115 0.142787 0.236732 0.243545 0.297935 0.343826 0.476071 0.154098 0.148169 0.241183 0.238084 0.380505 0.253105 0.314711 0.347376 0.478951 0.120868 0.135374 0.249884 0.220547 0.274199 0.149920
 20.000000 0.145743 0.233234 0.244855 0.385235 0.492117 0.432590 0.423723 0.537402 0.621468 0.121955 0.139445 0.254234 0.381887 0.297639 0.313168 0.395472 0.488407 0.227385 0.284651 0.432445 0.284373 0.309227 0.344864 0.417418 0.149660 0.250082 0.246925 0.284783 0.362131 0.480115 0.151753 0.150286 0.239535 0.246611 0.380397 0.248155 0.316825 0.334015 0.464376 0.122070 0.138806 0.247827 0.226190 0.280548 0.141128
 21.000000 0.152256 0.246010 0.236992 0.376384 0.444830 0.464742 0.460706 0.586725 0.690071 0.125016 0.133346 0.246019 0.339585 0.347038 0.375164 0.456495 0.572834 0.227341 0.284141 0.388766 0.386970 0.439996 0.469384 0.592140 0.145011 0.235021 0.240079 0.267127 0.361454 0.476775 0.151904 0.152480 0.241390 0.243608 0.380197 0.255822 0.332833 0.322388 0.455988 0.123365 0.133847 0.238872 0.224624 0.261631 0.151219
 22.000000 0.154175 0.236442 0.244477 0.381590 0.472700 0.475468 0.470474 0.599798 0.708639 0.121462 0.130985 0.244149 0.355141 0.350850 0.375486 0.463869 0.583099 0.223472 0.284903 0.406372 0.389221 0.432605 0.475743 0.596744 0.142373 0.244626 0.249177 0.279534 0.373721 0.494429 0.156506 0.155554 0.243526 0.253584 0.388868 0.250482 0.338001 0.318071 0.448498 0.121926 0.138080 0.247146 0.223043 0.272608 0.144482
 23.000000 0.150884 0.236106 0.235004 0.376061 0.467496 0.471064 0.512244 0.545904 0.659559 0.121095 0.130419 0.243290 0.350481 0.350641 0.418074 0.415636 0.541492 0.224795 0.282337 0.394899 0.385649 0.478073 0.414214 0.543873 0.147638 0.249772 0.253136 0.303910 0.350040 0.472674 0.157464 0.149763 0.237306 0.241589 0.374094 0.252883 0.302696 0.349528 0.469831 0.124174 0.134900 0.238586 0.228982 0.273211 0.143182
 24.000000 0.150721 0.237206 0.243232 0.380171 0.485251 0.446692 0.454117 0.542787 0.649533 0.123637 0.133045 0.243793 0.369765 0.309120 0.343539 0.397073 0.512303 0.225169 0.277923 0.422126 0.312776 0.369325 0.361316 0.470266 0.145224 0.245106 0.246848 0.285626 0.356250 0.480189 0.150097 0.153909 0.243795 0.244139 0.378472 0.251446 0.318686 0.330419 0.451469 0.128078 0.132590 0.239535 0.230043 0.276928 0.143837
 25.000000 0.144375 0.234171 0.232523 0.370035 0.474534 0.440502 0.443158 0.545676 0.644390 0.123645 0.134294 0.246061 0.377298 0.310300 0.336400 0.406042 0.510696 0.228707 0.287899 0.441214 0.308347 0.342638 0.373130 0.463014 0.142916 0.247243 0.246903 0.284186 0.357196 0.474528 0.158468 0.149325 0.234608 0.240063 0.368942 0.247318 0.306850 0.323521 0.439192 0.121758 0.130545 0.232495 0.221005 0.263702 0.139284
 26.000000 0.145389 0.231299 0.229560 0.374345 0.470259 0.437608 0.426074 0.541637 0.633253 0.120254 0.134603 0.252302 0.375023 0.307176 0.320775 0.401001 0.498713 0.230141 0.298049 0.441537 0.310364 0.332734 0.370369 0.448872 0.149339 0.245793 0.249822 0.278828 0.361710 0.479246 0.150033 0.155503 0.240377 0.248319 0.382030 0.258985 0.326526 0.340949 0.471085 0.125196 0.133780 0.241035 0.229149 0.279675 0.142341
 27.000000 0.145839 0.231244 0.237960 0.377028 0.480718 0.441499 0.431005 0.553235 0.640706 0.124197 0.132748 0.247921 0.375323 0.309002 0.322909 0.412861 0.506597 0.228099 0.290785 0.439534 0.315156 0.339336 0.389506 0.462975 0.144821 0.247000 0.244953 0.276442 0.358879 0.474355 0.154305 0.149703 0.236180 0.239906 0.372470 0.249562 0.321330 0.316855 0.450748 0.122466 0.129831 0.237758 0.220395 0.272355 0.141326
 28.000000 0.153525 0.234531 0.245008 0.385632 0.482938 0.457985 0.459666 0.561964 0.665640 0.123843 0.137036 0.254067 0.374490 0.307509 0.319417 0.408961 0.513036 0.234610 0.305098 0.445724 0.306935 0.316471 0.380092 0.460018 0.144641 0.244908 0.252921 0.291698 0.363447 0.489102 0.152397 0.152165 0.235850 0.247829 0.383818 0.244395 0.301324 0.331328 0.458481 0.121889 0.133660 0.247544 0.223065 0.285414 0.141177
 29.000000 0.148452 0.229978 0.247471 0.379643 0.492269 0.435681 0.435409 0.528061 0.610991 0.121499 0.134291 0.242671 0.370811 0.306930 0.336293 0.392045 0.490740 0.222616 0.273124 0.418544 0.306513 0.353696 0.351558 0.438680 0.143091 0.245994 0.242825 0.279905 0.351871 0.468523 0.152270 0.150795 0.237504 0.242458 0.376915 0.253908 0.325616 0.333518 0.466797 0.119712 0.132744 0.240087 0.218701 0.265181 0.144972
 30.000000 0.145770 0.237171 0.234725 0.376193 0.476878 0.446001 0.439279 0.553283 0.646866 0.123972 0.134688 0.251448 0.377900 0.316063 0.331827 0.412971 0.511072 0.226967 0.290880 0.438042 0.327599 0.356912 0.389371 0.471552 0.145935 0.247437 0.247728 0.282195 0.359352 0.477840 0.152951 0.150446 0.238514 0.240535 0.374580 0.242157 0.315723 0.318039 0.449860 0.120967 0.133705 0.242516 0.222297 0.275755 0.141439
 31.000000 0.148489 0.238615 0.238336 0.380906 0.464248 0.460689 0.449439 0.565916 0.661564 0.122409 0.128565 0.251014 0.363952 0.321156 0.326757 0.419411 0.518123 0.215242 0.285111 0.425959 0.311553 0.317481 0.381741 0.457177 0.145275 0.236858 0.256347 0.290095 0.363561 0.485821 0.152227 0.153353 0.239838 0.243594 0.382271 0.250208 0.323266 0.332077 0.471273 0.123081 0.129842 0.244618 0.219513 0.274396 0.147557
 32.000000 0.146468 0.233079 0.235300 0.374739 0.465146 0.442153 0.444184 0.543030 0.648137 0.123016 0.130710 0.245890 0.362006 0.300703 0.320203 0.396810 0.505472 0.224464 0.286459 0.424661 0.282427 0.297067 0.350718 0.434084 0.144675 0.237017 0.253545 0.296650 0.361401 0.490923 0.149887 0.153890 0.241847 0.248040 0.387765 0.252290 0.313468 0.342248 0.475106 0.125363 0.134410 0.251980 0.227002 0.292435 0.143924
 33.000000 0.148846 0.233735 0.247342 0.383296 0.487833 0.443830 0.441142 0.543787 0.634611 0.121338 0.138148 0.247392 0.370235 0.314741 0.341199 0.406176 0.509643 0.226605 0.275688 0.418083 0.309892 0.349980 0.362966 0.455714 0.149446 0.241365 0.262299 0.305264 0.373435 0.493989 0.146782 0.161310 0.252693 0.253496 0.387065 0.251193 0.328964 0.335108 0.462725 0.121536 0.136620 0.242673 0.220214 0.266272 0.141347
 34.000000 0.147577 0.235493 0.241491 0.374578 0.456267 0.451732 0.485890 0.537172 0.642523 0.124924 0.132337 0.240021 0.345860 0.326186 0.385572 0.403739 0.522035 0.224488 0.272972 0.399666 0.351541 0.438331 0.388310 0.508427 0.142468 0.228976 0.236241 0.281469 0.345291 0.466739 0.151740 0.153951 0.238403 0.249978 0.386619 0.253649 0.292515 0.358962 0.484292 0.120868 0.136367 0.246546 0.224065 0.276771 0.145743
 35.000000 0.147794 0.229194 0.240477 0.380618 0.461661 0.478416 0.493235 0.588386 0.708565 0.118275 0.127098 0.245448 0.343599 0.355760 0.397832 0.455654 0.585343 0.212097 0.274907 0.375304 0.391170 0.460327 0.462768 0.601040 0.146550 0.248318 0.248956 0.283658 0.364926 0.488318 0.157089 0.153616 0.239472 0.247196 0.381223 0.258126 0.323966 0.333702 0.451458 0.121659 0.133671 0.241373 0.221975 0.268663 0.145894
 36.000000 0.150502 0.240722 0.241125 0.375666 0.455424 0.466289 0.456344 0.585439 0.696835 0.123418 0.136169 0.242227 0.333161 0.354748 0.380858 0.462563 0.587963 0.227890 0.275162 0.350753 0.407635 0.464221 0.491606 0.628907 0.143736 0.251503 0.230889 0.249982 0.351946 0.469525 0.157054 0.150805 0.238719 0.242994 0.378875 0.251543 0.329838 0.318886 0.445035 0.127157 0.133154 0.241342 0.230193 0.277793 0.146342
 37.000000 0.147058 0.241363 0.231789 0.373098 0.462855 0.450996 0.490017 0.532442 0.641826 0.121367 0.131019 0.245357 0.346868 0.344876 0.411812 0.419037 0.542998 0.217784 0.272738 0.372820 0.384912 0.477197 0.429705 0.560090 0.147655 0.243879 0.241357 0.293723 0.344885 0.467733 0.151463 0.150662 0.240601 0.245128 0.378891 0.249259 0.297271 0.350669 0.472342 0.123491 0.136363 0.245139 0.225400 0.278483 0.140521
 38.000000 0.142972 0.228432 0.238032 0.366381 0.443515 0.479902 0.499184 0.596104 0.713865 0.124908 0.136433 0.237036 0.313744 0.368721 0.415584 0.473575 0.601562 0.233054 0.275967 0.328422 0.421038 0.493806 0.499261 0.635721 0.141124 0.242802 0.247316 0.283567 0.367232 0.487650 0.156208 0.151199 0.242368 0.243070 0.377882 0.244500 0.335900 0.298754 0.434366 0.121659 0.135285 0.242508 0.221452 0.267658 0.144360
 39.000000 0.147634 0.238407 0.233816 0.371240 0.458233 0.453212 0.449151 0.571588 0.685036 0.123215 0.134663 0.245542 0.340626 0.352495 0.384683 0.460688 0.588325 0.228932 0.287244 0.372569 0.412093 0.471933 0.497020 0.633664 0.142538 0.244242 0.231195 0.257439 0.354160 0.476741 0.149910 0.146007 0.233825 0.244912 0.381378 0.233566 0.305596 0.314422 0.438226 0.123175 0.136843 0.249898 0.224887 0.282285 0.144038
 40.000000 0.147804 0.236360 0.242912 0.379202 0.465495 0.473208 0.480340 0.585212 0.707629 0.124523 0.133754 0.247132 0.354352 0.350486 0.386039 0.451120 0.582046 0.224433 0.282436 0.399626 0.384705 0.445156 0.456486 0.588772 0.143625 0.246193 0.242961 0.277088 0.357230 0.488963 0.152928 0.155583 0.247584 0.240933 0.388439 0.251223 0.331700 0.310712 0.451360 0.125626 0.130388 0.248920 0.224256 0.279251 0.154926
