#! FIELDS time phi psi
#! SET min_phi -pi
#! SET max_phi pi
#! SET min_psi -pi
#! SET max_psi pi
 0.000000 -2.646158 0.500787
 1.000000 -2.615784 0.575088
 2.000000 -1.722868 -0.443017
 3.000000 -1.488931 -0.283362
 4.000000 -1.587116 -0.297563
 5.000000 -0.789397 -0.950703
 6.000000 -1.447091 -0.434281
 7.000000 -1.918304 -0.200780
 8.000000 -2.560713 0.403213
 9.000000 -2.638758 0.043019
 10.000000 -1.952216 0.096875
 11.000000 -1.624403 -0.027213
 12.000000 -1.547104 0.127459
 13.000000 -1.444941 -0.136370
 14.000000 -1.880327 -0.107911
 15.000000 -1.375671 -0.322891
 16.000000 -1.663899 -0.317765
 17.000000 -1.537292 0.286917
 18.000000 -1.375329 -0.379884
 19.000000 -1.087958 -0.661018
 20.000000 -1.140176 -0.647248
 21.000000 -1.287015 -0.493627
 22.000000 -1.017516 -0.538934
 23.000000 -1.177083 -0.715377
 24.000000 -2.132417 0.219928
 25.000000 -1.775705 -0.108551
 26.000000 -2.040859 0.213541
 27.000000 -2.804715 0.575682
 28.000000 -2.557103 -0.007098
 29.000000 -2.803719 0.312179
 30.000000 -2.140509 0.460079
 31.000000 -1.911376 -0.131698
 32.000000 -1.786492 0.147881
 33.000000 -1.913472 -0.301389
 34.000000 -1.659303 -0.166774
 35.000000 -1.681585 -0.064695
 36.000000 -1.565267 -0.003113
 37.000000 -1.550047 -0.326154
 38.000000 -2.052395 0.479032
 39.000000 -1.938377 0.197114
 40.000000 -2.032389 -0.601717
