#! FIELDS time pair1 pair2 pair3 pair4 pair5 pair6 pair7 pair8 pair9 pair10 pair11 pair12 pair13 pair14 pair15 pair16 pair17 pair18 pair19 pair20 pair21 pair22 pair23 pair24 pair25 pair26 pair27 pair28 pair29 pair30 pair31 pair32 pair33 pair34 pair35 pair36 pair37 pair38 pair39 pair40 pair41 pair42 pair43 pair44 pair45
 0.000000 0.145399 0.234595 0.234759 0.371983 0.436095 0.480483 0.478566 0.607705 0.732252 0.124346 0.134896 0.244978 0.304575 0.374301 0.404959 0.490924 0.626593 0.230328 0.285104 0.313516 0.430296 0.489451 0.525264 0.670276 0.144537 0.242312 0.248532 0.270483 0.375059 0.502797 0.154402 0.148469 0.234354 0.249315 0.390797 0.246242 0.332953 0.307724 0.446473 0.126368 0.136268 0.254827 0.228635 0.290079 0.149245
 1.000000 0.149563 0.238598 0.235066 0.374753 0.459740 0.465898 0.462539 0.589730 0.707233 0.120208 0.131564 0.245171 0.324290 0.364634 0.394861 0.478728 0.609381 0.220882 0.279337 0.327863 0.420830 0.477478 0.514365 0.653846 0.145382 0.252723 0.240792 0.265726 0.364793 0.489986 0.153873 0.153144 0.238281 0.248648 0.387430 0.256441 0.337572 0.318253 0.451009 0.120004 0.135547 0.251048 0.221545 0.283877 0.144236
 2.000000 0.153990 0.242219 0.243286 0.377738 0.468535 0.471031 0.472246 0.586711 0.686485 0.123106 0.129773 0.240643 0.359383 0.324744 0.340865 0.434360 0.535660 0.219786 0.275583 0.419823 0.317396 0.334093 0.402405 0.484078 0.141018 0.234019 0.254248 0.287145 0.372857 0.490360 0.151635 0.150884 0.234303 0.247520 0.378636 0.243234 0.319188 0.315552 0.448277 0.118668 0.137295 0.242592 0.223298 0.272545 0.141849
 3.000000 0.147289 0.231175 0.241804 0.382855 0.471740 0.443219 0.411998 0.571284 0.668391 0.122817 0.133255 0.253665 0.370142 0.310421 0.300789 0.432161 0.535263 0.225701 0.297520 0.439241 0.315343 0.302467 0.415128 0.500494 0.145179 0.238759 0.247730 0.275657 0.370149 0.493020 0.151898 0.154302 0.242417 0.249088 0.386332 0.254480 0.338965 0.321232 0.455330 0.122690 0.134915 0.247364 0.222587 0.277809 0.144170
 4.000000 0.159113 0.244542 0.249720 0.384888 0.489575 0.469512 0.467262 0.570134 0.669048 0.122532 0.134510 0.242780 0.370352 0.330902 0.357205 0.421134 0.529160 0.225382 0.278234 0.416558 0.354810 0.407673 0.409361 0.511668 0.142165 0.249359 0.251223 0.277153 0.363606 0.484872 0.158780 0.158474 0.236797 0.252480 0.388888 0.261651 0.326199 0.341217 0.476698 0.120012 0.132356 0.246491 0.222695 0.286030 0.142843
 5.000000 0.145027 0.237561 0.235690 0.367668 0.478437 0.441485 0.445567 0.531828 0.628710 0.122972 0.135007 0.240917 0.370649 0.320559 0.355310 0.397366 0.503111 0.223689 0.273881 0.414151 0.340197 0.400591 0.375454 0.469846 0.139004 0.247035 0.244763 0.283560 0.346172 0.470967 0.153682 0.156630 0.246297 0.237287 0.377487 0.252450 0.327872 0.321591 0.462119 0.125168 0.133664 0.247623 0.233283 0.296010 0.145743
 6.000000 0.148327 0.235739 0.237960 0.376776 0.468505 0.457466 0.485839 0.545257 0.671422 0.124844 0.131537 0.243255 0.357399 0.334673 0.391256 0.413430 0.549765 0.226526 0.280173 0.412594 0.363904 0.447376 0.403453 0.540416 0.147489 0.246901 0.238952 0.282030 0.347485 0.481569 0.158395 0.150795 0.240516 0.246570 0.389245 0.251813 0.300608 0.352967 0.476400 0.125008 0.135566 0.253967 0.225852 0.285909 0.150602
 7.000000 0.147966 0.233124 0.240502 0.372444 0.436482 0.471699 0.465435 0.591071 0.716515 0.122184 0.137146 0.241711 0.315376 0.360868 0.387342 0.468243 0.603432 0.230656 0.281263 0.332282 0.418009 0.471721 0.502846 0.645719 0.140659 0.240310 0.236333 0.257218 0.354364 0.483052 0.156544 0.150884 0.236131 0.237947 0.379602 0.260998 0.345152 0.311681 0.445271 0.122532 0.129912 0.246840 0.224092 0.287531 0.146946
 8.000000 0.148331 0.235168 0.239535 0.373835 0.458089 0.455602 0.504406 0.527322 0.635480 0.124924 0.133150 0.239844 0.341204 0.337356 0.410982 0.401219 0.523325 0.228607 0.277303 0.388374 0.377392 0.476103 0.404995 0.529463 0.143868 0.238153 0.233015 0.289995 0.328417 0.450788 0.150469 0.149579 0.241435 0.235134 0.372239 0.246490 0.290933 0.343251 0.470171 0.124503 0.130499 0.240711 0.223399 0.276139 0.143492
 9.000000 0.145606 0.224791 0.242163 0.373365 0.452736 0.477679 0.494450 0.594695 0.705741 0.120706 0.136945 0.242425 0.321824 0.370311 0.416747 0.477831 0.600724 0.230903 0.285114 0.334361 0.433846 0.504026 0.521123 0.653585 0.140278 0.253000 0.240054 0.280503 0.358883 0.475189 0.160789 0.157493 0.251885 0.249570 0.381034 0.259555 0.342130 0.326742 0.452873 0.124475 0.134525 0.239739 0.220402 0.265068 0.138845
 10.000000 0.149937 0.233711 0.236901 0.378020 0.461357 0.465589 0.460238 0.588410 0.715303 0.120208 0.128425 0.243947 0.327452 0.355502 0.377717 0.469462 0.604261 0.219588 0.279532 0.339130 0.409446 0.445419 0.508921 0.644907 0.147367 0.256027 0.238095 0.269809 0.353845 0.488092 0.155580 0.149620 0.238537 0.233574 0.377520 0.261952 0.374146 0.279725 0.428212 0.121598 0.131792 0.250657 0.223555 0.286253 0.151222
 11.000000 0.147194 0.233594 0.234840 0.375256 0.456864 0.473537 0.480880 0.596592 0.719506 0.123248 0.130407 0.246757 0.349072 0.352768 0.385603 0.466020 0.595135 0.225362 0.288404 0.392226 0.394384 0.446650 0.485341 0.616760 0.147190 0.255275 0.244743 0.278489 0.366312 0.492740 0.159003 0.144368 0.240110 0.236383 0.375931 0.251241 0.351996 0.292570 0.427380 0.127008 0.134086 0.248077 0.225522 0.278921 0.146741
 12.000000 0.150549 0.237859 0.238659 0.373173 0.434954 0.472636 0.488701 0.580505 0.703990 0.122246 0.131343 0.243616 0.337245 0.347908 0.391072 0.442042 0.570441 0.223291 0.284051 0.393281 0.383896 0.449819 0.445593 0.572443 0.142049 0.233514 0.242444 0.282266 0.355142 0.483794 0.153320 0.157750 0.250930 0.244422 0.383502 0.263966 0.337593 0.340201 0.469716 0.125384 0.134466 0.247748 0.227627 0.286241 0.143422
 13.000000 0.147966 0.228683 0.246508 0.385866 0.488265 0.446646 0.465767 0.534551 0.633802 0.120988 0.137783 0.254686 0.379580 0.313709 0.356641 0.392343 0.501068 0.229133 0.294729 0.440176 0.309479 0.356610 0.350743 0.438959 0.148017 0.247598 0.256704 0.314860 0.356507 0.486457 0.150791 0.150585 0.242986 0.243257 0.383734 0.245597 0.308882 0.337831 0.469581 0.120524 0.134485 0.249367 0.216338 0.270751 0.147438
 14.000000 0.146878 0.229358 0.241035 0.380790 0.477807 0.452826 0.467998 0.545643 0.648872 0.123863 0.133188 0.247136 0.366816 0.318248 0.356723 0.404063 0.515545 0.228178 0.285913 0.427029 0.326230 0.383094 0.371237 0.473499 0.148631 0.240127 0.259263 0.302966 0.368750 0.492277 0.151374 0.161103 0.248731 0.255787 0.389434 0.264341 0.328130 0.355541 0.480472 0.121856 0.135930 0.244706 0.222108 0.275180 0.140029
 15.000000 0.150778 0.235144 0.238340 0.375563 0.468275 0.443989 0.428906 0.557908 0.661781 0.123495 0.131278 0.243528 0.363706 0.311699 0.324860 0.415330 0.526988 0.228125 0.288321 0.433019 0.317734 0.337504 0.391239 0.486945 0.143979 0.235983 0.254782 0.290369 0.367621 0.495502 0.155351 0.153603 0.242107 0.244968 0.384050 0.263883 0.341710 0.336240 0.470423 0.125276 0.134533 0.246658 0.228852 0.283327 0.146544
 16.000000 0.145152 0.231588 0.237769 0.378423 0.475036 0.456725 0.461664 0.564054 0.669934 0.125364 0.131244 0.249786 0.374526 0.319692 0.344097 0.420597 0.531524 0.226382 0.292542 0.444250 0.314838 0.344504 0.382243 0.476141 0.145554 0.245082 0.259218 0.300749 0.375379 0.501766 0.161601 0.163089 0.252440 0.261994 0.400014 0.268583 0.333768 0.361372 0.490033 0.125284 0.138712 0.251851 0.226453 0.281121 0.145155
 17.000000 0.143958 0.231717 0.229617 0.362449 0.479064 0.439902 0.431187 0.547376 0.647601 0.121594 0.134967 0.236265 0.372696 0.311676 0.327405 0.409126 0.514100 0.230419 0.274911 0.423586 0.318912 0.347196 0.383923 0.471099 0.144309 0.259272 0.244643 0.269047 0.359310 0.480936 0.159000 0.154781 0.239869 0.241679 0.378505 0.261981 0.349846 0.315173 0.454257 0.121417 0.132250 0.244869 0.225145 0.286358 0.142699
 18.000000 0.141739 0.230933 0.233208 0.373210 0.477566 0.443625 0.427114 0.556001 0.658141 0.121400 0.137201 0.252361 0.382922 0.321722 0.330136 0.424842 0.533932 0.228486 0.292126 0.444631 0.330298 0.350434 0.402444 0.498968 0.145746 0.249738 0.253726 0.280945 0.370733 0.495511 0.161031 0.154858 0.236174 0.252755 0.389740 0.260196 0.331042 0.339709 0.470036 0.118714 0.131324 0.247794 0.213469 0.276494 0.142408
 19.000000 0.148439 0.238724 0.231924 0.368962 0.471845 0.448929 0.462817 0.553918 0.675866 0.122168 0.130464 0.243608 0.375364 0.307768 0.338488 0.406208 0.529215 0.223217 0.284271 0.438238 0.300360 0.339896 0.365609 0.470780 0.144402 0.250845 0.246418 0.283389 0.363681 0.498925 0.159157 0.157943 0.244812 0.254975 0.398700 0.265339 0.328752 0.348636 0.481416 0.124728 0.136110 0.260611 0.226153 0.301787 0.146158
 20.000000 0.143624 0.233985 0.233611 0.372760 0.475897 0.443376 0.449466 0.557732 0.672790 0.122086 0.133918 0.246435 0.371653 0.318160 0.351283 0.422290 0.544303 0.224149 0.279423 0.423241 0.325123 0.377016 0.395244 0.509734 0.146403 0.246410 0.249010 0.289237 0.368197 0.499065 0.153330 0.152447 0.244045 0.247053 0.387876 0.253444 0.327668 0.325252 0.455005 0.124764 0.137735 0.253850 0.227308 0.286814 0.146925
 21.000000 0.155016 0.232433 0.251209 0.391562 0.494345 0.450788 0.455713 0.557133 0.661798 0.123041 0.136066 0.251231 0.378147 0.309454 0.339167 0.408124 0.522178 0.232863 0.296017 0.445520 0.315114 0.355214 0.378072 0.480692 0.148550 0.247105 0.252701 0.293929 0.368471 0.494666 0.156198 0.152319 0.236713 0.250296 0.385607 0.252533 0.308722 0.340808 0.460062 0.117098 0.137015 0.247285 0.217598 0.269811 0.145110
 22.000000 0.149499 0.239268 0.241021 0.380435 0.475043 0.452499 0.466805 0.542300 0.633005 0.122813 0.134599 0.247679 0.366508 0.310769 0.344414 0.394615 0.492993 0.224522 0.279439 0.421145 0.298948 0.344868 0.341775 0.423732 0.147540 0.238128 0.250032 0.289848 0.362180 0.479344 0.147068 0.152250 0.239174 0.254727 0.389198 0.246959 0.307026 0.349864 0.479848 0.122409 0.135919 0.248473 0.217720 0.270176 0.144128
 23.000000 0.148004 0.235349 0.246700 0.381844 0.465489 0.483266 0.490285 0.605450 0.723427 0.123231 0.133154 0.245255 0.334755 0.366176 0.403477 0.477388 0.605843 0.219002 0.271249 0.348059 0.409950 0.474874 0.496581 0.633957 0.144049 0.246213 0.244583 0.279696 0.365159 0.488575 0.154923 0.152036 0.247212 0.241058 0.379376 0.241160 0.338401 0.286618 0.421610 0.125463 0.134365 0.244305 0.224840 0.272492 0.146318
 24.000000 0.144132 0.227739 0.240479 0.368095 0.433858 0.474586 0.494338 0.581640 0.702755 0.122650 0.138130 0.237592 0.303528 0.364766 0.411762 0.462060 0.593267 0.232626 0.275929 0.313193 0.421551 0.493367 0.495245 0.634615 0.140164 0.237952 0.237685 0.274234 0.350467 0.474095 0.152692 0.151413 0.242186 0.237126 0.374414 0.248920 0.326143 0.316623 0.447720 0.120773 0.131761 0.242206 0.219970 0.273602 0.143140
 25.000000 0.145691 0.233088 0.242130 0.380770 0.458793 0.474446 0.489537 0.592399 0.710094 0.123814 0.135267 0.249146 0.336120 0.360956 0.406352 0.468818 0.596418 0.225639 0.282138 0.366444 0.403422 0.475914 0.485162 0.618350 0.146727 0.243277 0.243516 0.282200 0.364465 0.487899 0.150788 0.150801 0.246398 0.244365 0.380385 0.251086 0.334061 0.317432 0.444988 0.126147 0.133338 0.245980 0.219668 0.272626 0.141947
 26.000000 0.143454 0.236884 0.236047 0.372977 0.436582 0.479078 0.488715 0.588710 0.714050 0.120254 0.136356 0.250765 0.332378 0.373924 0.413078 0.470226 0.603626 0.218779 0.281265 0.368084 0.412415 0.477093 0.480684 0.616108 0.141908 0.240004 0.247794 0.281343 0.359484 0.490837 0.158859 0.152329 0.237870 0.243300 0.385760 0.250248 0.318230 0.331920 0.466934 0.119290 0.133488 0.253320 0.220239 0.288779 0.146328
 27.000000 0.151581 0.241241 0.233208 0.368718 0.466333 0.449862 0.431454 0.570479 0.673535 0.124346 0.130188 0.236669 0.362209 0.309731 0.309596 0.423907 0.530007 0.225715 0.276091 0.424605 0.314816 0.318424 0.405202 0.496142 0.142060 0.237777 0.257235 0.288286 0.372132 0.496534 0.153763 0.157572 0.243897 0.246692 0.383879 0.246297 0.332621 0.304588 0.439313 0.122560 0.130973 0.241425 0.221799 0.273373 0.145003
 28.000000 0.144090 0.234764 0.237415 0.376112 0.475623 0.457844 0.458355 0.579427 0.689241 0.124956 0.132695 0.245353 0.367610 0.321825 0.341963 0.437833 0.551584 0.223647 0.274521 0.421014 0.310453 0.339931 0.400347 0.501385 0.148007 0.240751 0.262410 0.299818 0.384643 0.510734 0.151858 0.156656 0.246465 0.255021 0.391112 0.247229 0.322952 0.319031 0.446692 0.125507 0.137219 0.250404 0.225302 0.282832 0.141877
 29.000000 0.147299 0.237194 0.235614 0.374970 0.484631 0.449762 0.441482 0.560069 0.661487 0.122188 0.136576 0.248624 0.383492 0.317152 0.331953 0.418249 0.526819 0.229349 0.287767 0.441884 0.319692 0.347843 0.390909 0.491561 0.145386 0.253332 0.254075 0.282074 0.366580 0.486079 0.160237 0.151119 0.230115 0.242895 0.374767 0.257645 0.325062 0.322717 0.443773 0.119499 0.131107 0.233913 0.222578 0.263095 0.147330
 30.000000 0.148101 0.237575 0.237186 0.370694 0.481326 0.443014 0.446936 0.549462 0.655933 0.122188 0.134830 0.239721 0.371092 0.315278 0.346759 0.411054 0.527376 0.226383 0.273331 0.421873 0.318719 0.365669 0.380183 0.489455 0.143195 0.245646 0.256302 0.298324 0.366865 0.493762 0.154172 0.157753 0.246045 0.246335 0.384252 0.252343 0.327394 0.320428 0.447575 0.119608 0.132125 0.241342 0.217488 0.264651 0.147027
 31.000000 0.151281 0.239572 0.242109 0.378674 0.480539 0.434553 0.392669 0.560721 0.655901 0.122069 0.132405 0.247415 0.374040 0.310699 0.298773 0.428959 0.534715 0.221057 0.281619 0.430043 0.312556 0.301831 0.409560 0.500061 0.145221 0.246676 0.250801 0.277673 0.368110 0.493829 0.153042 0.150818 0.239460 0.241110 0.381017 0.237019 0.329804 0.290203 0.427179 0.125527 0.130675 0.244487 0.224306 0.277880 0.147885
 32.000000 0.146755 0.234951 0.232289 0.368858 0.465805 0.443137 0.459493 0.545291 0.661405 0.122487 0.131609 0.244191 0.366883 0.312914 0.354397 0.404311 0.525214 0.225597 0.288274 0.429073 0.328152 0.386975 0.383948 0.494451 0.140435 0.240828 0.244340 0.292612 0.353007 0.484527 0.148358 0.157041 0.250276 0.245133 0.385528 0.252705 0.322754 0.327658 0.456278 0.126436 0.130798 0.247196 0.222176 0.280810 0.145045
 33.000000 0.148973 0.238212 0.243386 0.375192 0.474701 0.427002 0.396245 0.542941 0.634699 0.121054 0.132340 0.242388 0.366420 0.302195 0.304987 0.408265 0.512092 0.215935 0.269099 0.417811 0.295618 0.313141 0.372293 0.464700 0.143367 0.239002 0.254303 0.286114 0.363690 0.486557 0.155100 0.157816 0.243986 0.241843 0.376996 0.257818 0.332718 0.322006 0.450362 0.123130 0.130729 0.236601 0.226586 0.275799 0.142625
 34.000000 0.147733 0.237380 0.244238 0.379033 0.484655 0.445081 0.440061 0.559465 0.653971 0.119574 0.131837 0.243744 0.370431 0.310805 0.332387 0.418091 0.522313 0.210021 0.260716 0.410060 0.287913 0.322507 0.366871 0.457695 0.143283 0.243364 0.251708 0.291428 0.367887 0.490622 0.153167 0.151905 0.242095 0.246274 0.383641 0.244055 0.316161 0.316473 0.449168 0.125463 0.133537 0.244088 0.223609 0.270980 0.147685
 35.000000 0.149302 0.240878 0.231426 0.373960 0.462475 0.447435 0.433342 0.568357 0.675545 0.121215 0.131138 0.247032 0.366628 0.306381 0.306082 0.421978 0.529081 0.221594 0.283104 0.428725 0.293748 0.285876 0.389487 0.475078 0.146874 0.240610 0.257620 0.293879 0.370950 0.498103 0.155824 0.153375 0.242407 0.241330 0.378802 0.256322 0.337257 0.319313 0.452714 0.121971 0.134952 0.246631 0.226400 0.285366 0.142446
 36.000000 0.149017 0.239844 0.248747 0.390018 0.495877 0.452228 0.435240 0.565415 0.657335 0.125264 0.138004 0.254429 0.380279 0.313203 0.318757 0.420100 0.519343 0.225810 0.281654 0.428134 0.299925 0.314371 0.378020 0.461339 0.150017 0.248775 0.255525 0.287341 0.369596 0.489394 0.150007 0.153668 0.241835 0.243167 0.378105 0.250320 0.331804 0.313853 0.446230 0.123248 0.131469 0.238657 0.222679 0.269316 0.144045
 37.000000 0.154674 0.239829 0.242728 0.376886 0.475421 0.441172 0.440956 0.549262 0.666176 0.120258 0.132125 0.238653 0.362962 0.304967 0.334153 0.402945 0.527058 0.222484 0.272890 0.419746 0.312207 0.359611 0.374098 0.488954 0.142457 0.236550 0.243216 0.281601 0.358354 0.491743 0.155068 0.144658 0.233549 0.239303 0.379338 0.244716 0.309714 0.326163 0.451206 0.122479 0.134774 0.253923 0.223421 0.291815 0.144281
 38.000000 0.149359 0.235688 0.243238 0.378062 0.477437 0.468855 0.461627 0.600092 0.711111 0.126305 0.132684 0.246907 0.369473 0.336269 0.347183 0.462435 0.576589 0.228101 0.293929 0.434844 0.354435 0.360806 0.467407 0.569873 0.138932 0.245461 0.247778 0.285063 0.370962 0.494183 0.151608 0.152781 0.246437 0.248421 0.383141 0.243666 0.349946 0.282471 0.416646 0.126210 0.136400 0.246680 0.224985 0.277132 0.141259
 39.000000 0.143976 0.229541 0.239936 0.374181 0.473467 0.455116 0.458674 0.561353 0.675006 0.121277 0.138816 0.243717 0.365576 0.322518 0.348762 0.421853 0.541396 0.229883 0.275380 0.419545 0.322313 0.365003 0.388500 0.499454 0.146976 0.235342 0.261178 0.296191 0.377749 0.506742 0.151327 0.155782 0.242324 0.253508 0.391139 0.247532 0.315641 0.332075 0.457478 0.124004 0.132748 0.249403 0.219716 0.281420 0.143045
 40.000000 0.150047 0.234165 0.243025 0.380121 0.495073 0.437297 0.441295 0.546956 0.643692 0.123073 0.135237 0.244553 0.380372 0.303290 0.334800 0.404657 0.511591 0.229316 0.281753 0.436651 0.307386 0.351784 0.371742 0.466701 0.146632 0.255214 0.237748 0.277406 0.359402 0.479097 0.159653 0.148314 0.241919 0.246156 0.381265 0.254327 0.329594 0.332157 0.459593 0.122662 0.137222 0.247568 0.218961 0.268637 0.143171
