#! FIELDS time phi psi
#! SET min_phi -pi
#! SET max_phi pi
#! SET min_psi -pi
#! SET max_psi pi
 0.000000 -0.931387 2.650556
 1.000000 -0.837085 2.706515
 2.000000 -1.050834 2.837102
 3.000000 -1.058521 2.598295
 4.000000 -1.134920 2.531108
 5.000000 -1.576141 2.707703
 6.000000 -2.605785 2.267626
 7.000000 -2.348622 2.866014
 8.000000 -2.110951 2.918145
 9.000000 -1.174759 2.672950
 10.000000 -1.117893 2.505563
 11.000000 -1.255239 2.457182
 12.000000 -0.976248 2.535643
 13.000000 -1.194943 2.308717
 14.000000 -1.269433 2.731032
 15.000000 -0.866340 2.770066
 16.000000 -1.043897 2.438618
 17.000000 -1.650271 2.064153
 18.000000 -1.832519 2.649816
 19.000000 -1.046224 2.407489
 20.000000 -1.360243 2.422782
 21.000000 -1.162070 2.184683
 22.000000 -1.264915 2.624800
 23.000000 -1.013499 2.094214
 24.000000 -1.034938 2.460977
 25.000000 -1.306339 2.978578
 26.000000 -0.805215 2.734039
 27.000000 -0.993487 2.698929
 28.000000 -1.107391 2.530145
 29.000000 -0.921314 1.913178
 30.000000 -0.836421 2.746800
 31.000000 -0.801500 2.436892
 32.000000 -1.094303 2.053145
 33.000000 -1.017554 2.384748
 34.000000 -1.161620 2.475660
 35.000000 -2.074270 1.960349
 36.000000 -2.723733 2.760098
 37.000000 -3.096621 2.575259
 38.000000 -2.331473 3.097182
 39.000000 -2.039652 2.520382
 40.000000 -1.249379 2.633798
