#! FIELDS time pair1 pair2 pair3 pair4 pair5 pair6 pair7 pair8 pair9 pair10 pair11 pair12 pair13 pair14 pair15 pair16 pair17 pair18 pair19 pair20 pair21 pair22 pair23 pair24 pair25 pair26 pair27 pair28 pair29 pair30 pair31 pair32 pair33 pair34 pair35 pair36 pair37 pair38 pair39 pair40 pair41 pair42 pair43 pair44 pair45
 0.000000 0.146352 0.227710 0.239353 0.378066 0.471408 0.453046 0.517036 0.498881 0.603998 0.120445 0.133825 0.251485 0.340472 0.357133 0.437060 0.412380 0.535669 0.225278 0.293315 0.367475 0.415484 0.512658 0.452714 0.583584 0.145320 0.248909 0.239092 0.306604 0.322040 0.442509 0.156403 0.154431 0.241458 0.247778 0.376531 0.269787 0.308626 0.378283 0.495796 0.124197 0.132503 0.235544 0.223446 0.268354 0.137586
 1.000000 0.146291 0.236028 0.233350 0.370343 0.443654 0.476425 0.510225 0.572829 0.693595 0.123823 0.134332 0.245233 0.331352 0.367872 0.429396 0.453231 0.584368 0.229244 0.286222 0.355446 0.422192 0.507012 0.484361 0.623033 0.143590 0.248050 0.247226 0.296665 0.351251 0.476241 0.153379 0.152804 0.241151 0.245359 0.380354 0.250248 0.305318 0.338804 0.461151 0.124141 0.130307 0.240774 0.219406 0.270058 0.142745
 2.000000 0.148573 0.235332 0.233925 0.373762 0.473440 0.454468 0.562641 0.428754 0.541976 0.124984 0.132646 0.245059 0.368395 0.330819 0.445308 0.313659 0.444160 0.232306 0.292252 0.429709 0.364842 0.483407 0.326035 0.450345 0.145702 0.247701 0.250236 0.350160 0.283952 0.421119 0.156528 0.154561 0.242052 0.242107 0.380589 0.254633 0.278668 0.376017 0.498916 0.119373 0.135429 0.245424 0.224368 0.278649 0.145410
 3.000000 0.152909 0.245263 0.243380 0.383925 0.466014 0.470135 0.577811 0.470941 0.589663 0.126036 0.134466 0.250338 0.355153 0.343141 0.458369 0.349868 0.480436 0.227319 0.287576 0.404936 0.371404 0.493051 0.355681 0.480747 0.145458 0.238937 0.247736 0.347887 0.298940 0.433915 0.150456 0.151858 0.240971 0.247477 0.380823 0.255988 0.283447 0.380013 0.500669 0.123976 0.135462 0.244845 0.224317 0.277930 0.140068
 4.000000 0.143112 0.232706 0.237563 0.378181 0.471939 0.463339 0.568057 0.461520 0.588077 0.123972 0.137859 0.253377 0.353657 0.359424 0.469346 0.374764 0.516586 0.230729 0.292351 0.381861 0.412566 0.525727 0.426222 0.572781 0.147055 0.254169 0.240556 0.339501 0.286086 0.423611 0.153665 0.150619 0.240429 0.244147 0.379369 0.250872 0.272707 0.376150 0.491520 0.125435 0.136448 0.241207 0.229865 0.269787 0.148583
 5.000000 0.150273 0.242293 0.242557 0.375438 0.452306 0.467826 0.590417 0.443432 0.558979 0.122278 0.138528 0.243811 0.345003 0.345533 0.466263 0.341470 0.469814 0.226702 0.273971 0.385885 0.376735 0.488857 0.381762 0.504318 0.142878 0.239151 0.234361 0.351071 0.251805 0.389044 0.152876 0.147340 0.239960 0.234517 0.370957 0.244201 0.277680 0.355428 0.481998 0.127538 0.132382 0.244904 0.230263 0.290716 0.140844
 6.000000 0.147506 0.237061 0.240560 0.377865 0.473213 0.475096 0.597098 0.462304 0.592829 0.125356 0.136569 0.247293 0.366423 0.349196 0.467675 0.354165 0.491770 0.231130 0.285493 0.421986 0.375316 0.484060 0.378963 0.506828 0.145028 0.243124 0.255775 0.368189 0.291777 0.433277 0.156557 0.152729 0.241483 0.247117 0.378993 0.240054 0.267586 0.358197 0.470895 0.127004 0.134019 0.238910 0.228037 0.271599 0.142446
 7.000000 0.154745 0.239883 0.245652 0.387549 0.480834 0.478907 0.601855 0.460388 0.586778 0.121992 0.133256 0.253476 0.376132 0.341177 0.459645 0.342034 0.478241 0.224404 0.293854 0.436414 0.362789 0.466392 0.367985 0.495229 0.146762 0.251639 0.250338 0.368831 0.279546 0.422560 0.158066 0.153225 0.245786 0.253632 0.390090 0.249914 0.296746 0.361541 0.479530 0.126020 0.140986 0.252705 0.228897 0.282378 0.144724
 8.000000 0.145444 0.234088 0.237773 0.382202 0.479376 0.448929 0.541489 0.447940 0.556036 0.121404 0.135580 0.255977 0.378340 0.316624 0.400819 0.342774 0.459397 0.224786 0.291704 0.436369 0.318578 0.367057 0.365690 0.462109 0.149406 0.246790 0.249377 0.354500 0.284377 0.423632 0.151132 0.157006 0.246455 0.248737 0.387807 0.250499 0.336650 0.311578 0.445813 0.125296 0.135577 0.247929 0.228784 0.283828 0.145856
 9.000000 0.144513 0.227655 0.237373 0.373450 0.448156 0.473858 0.595694 0.461976 0.588413 0.121996 0.130744 0.244174 0.345335 0.342393 0.461484 0.346673 0.480065 0.222955 0.283743 0.405585 0.358756 0.468499 0.361537 0.480626 0.144530 0.233251 0.253032 0.368654 0.280425 0.423304 0.149054 0.152191 0.243649 0.243789 0.381236 0.255807 0.298436 0.362726 0.490700 0.126226 0.132193 0.244726 0.224022 0.278111 0.144069
 10.000000 0.146622 0.228591 0.232616 0.379478 0.471085 0.465464 0.565036 0.461824 0.585922 0.118886 0.130016 0.253949 0.375458 0.326357 0.419979 0.341445 0.469520 0.222993 0.298761 0.445108 0.325962 0.395201 0.343687 0.449990 0.150698 0.247639 0.261773 0.366985 0.295697 0.438663 0.157800 0.155232 0.243651 0.249570 0.385778 0.258190 0.335149 0.329818 0.455291 0.123754 0.141908 0.249560 0.235264 0.287964 0.144714
 11.000000 0.148735 0.232734 0.240761 0.378165 0.462752 0.465381 0.585663 0.436507 0.566795 0.121988 0.130836 0.247445 0.360618 0.330105 0.447331 0.316579 0.454298 0.221407 0.283087 0.414625 0.351366 0.455425 0.340663 0.464256 0.147414 0.245783 0.240169 0.355731 0.258252 0.405336 0.151690 0.156045 0.241797 0.249866 0.386546 0.257721 0.298948 0.368707 0.493771 0.123069 0.136722 0.244414 0.228480 0.275568 0.147652
 12.000000 0.149776 0.239052 0.247107 0.383207 0.485887 0.441502 0.533260 0.431908 0.533311 0.121906 0.141856 0.252271 0.377122 0.311129 0.394303 0.335622 0.450176 0.228915 0.285366 0.430377 0.309474 0.355795 0.355689 0.449225 0.142933 0.243479 0.236715 0.344848 0.266918 0.406203 0.152545 0.146901 0.241143 0.238027 0.377726 0.254892 0.339255 0.324338 0.460481 0.124491 0.136503 0.249618 0.226700 0.281647 0.146328
 13.000000 0.151268 0.242607 0.242745 0.383021 0.481450 0.462725 0.563319 0.445001 0.547374 0.128390 0.134391 0.249084 0.370030 0.330082 0.422367 0.344262 0.459994 0.231623 0.289598 0.429267 0.345858 0.406529 0.382434 0.484250 0.146690 0.245554 0.249357 0.358381 0.272941 0.405871 0.148825 0.154677 0.245082 0.247877 0.382242 0.243775 0.318663 0.326959 0.453592 0.121004 0.140150 0.250791 0.226526 0.287252 0.138196
 14.000000 0.152112 0.241423 0.241284 0.378420 0.469721 0.465157 0.579952 0.439637 0.561699 0.120445 0.138369 0.246751 0.362786 0.339053 0.447435 0.342883 0.477512 0.228116 0.281185 0.412210 0.363189 0.454719 0.385209 0.512473 0.144693 0.243775 0.243493 0.354985 0.260463 0.403524 0.155016 0.150203 0.236673 0.239760 0.378344 0.248357 0.294466 0.343574 0.466873 0.117724 0.133229 0.245847 0.218287 0.275256 0.145138
 15.000000 0.144017 0.239025 0.232117 0.374287 0.440034 0.492264 0.605858 0.496481 0.634515 0.124515 0.133914 0.249908 0.320938 0.387583 0.496529 0.420845 0.565238 0.225098 0.282599 0.327452 0.436024 0.532366 0.493962 0.636841 0.148772 0.253602 0.262278 0.374831 0.293372 0.438464 0.158269 0.158553 0.251879 0.253594 0.389053 0.254193 0.291400 0.375336 0.496073 0.121244 0.138596 0.246132 0.219456 0.264237 0.145354
 16.000000 0.148920 0.234889 0.247202 0.384293 0.467107 0.474527 0.596532 0.452152 0.573351 0.123264 0.137091 0.251074 0.354452 0.348966 0.469598 0.348735 0.484407 0.227196 0.287820 0.403304 0.378483 0.492031 0.381557 0.513473 0.143646 0.238835 0.246432 0.361516 0.276264 0.416804 0.151928 0.152463 0.246597 0.248495 0.386536 0.256010 0.298841 0.373636 0.497604 0.123592 0.137437 0.250940 0.221255 0.275565 0.144810
 17.000000 0.141326 0.228300 0.228784 0.363661 0.463002 0.444475 0.568094 0.425456 0.559567 0.121811 0.134703 0.241574 0.362665 0.328739 0.445945 0.337763 0.478529 0.230480 0.284672 0.420331 0.357951 0.459431 0.376019 0.503732 0.142531 0.244256 0.241835 0.358589 0.273315 0.420325 0.153121 0.154231 0.241580 0.254067 0.387595 0.249642 0.288071 0.359558 0.476458 0.126815 0.136503 0.242992 0.228112 0.269483 0.147112
 18.000000 0.144869 0.236713 0.237308 0.376226 0.472979 0.459624 0.578662 0.430860 0.559930 0.122744 0.134074 0.249570 0.356053 0.352637 0.466426 0.354980 0.499922 0.221093 0.278229 0.392370 0.381244 0.484323 0.393483 0.531639 0.147421 0.241533 0.254120 0.363171 0.283441 0.436506 0.151568 0.151341 0.237491 0.243356 0.391115 0.245383 0.276150 0.361305 0.495728 0.120773 0.133544 0.255646 0.221996 0.286079 0.154651
 19.000000 0.146407 0.235128 0.238122 0.375672 0.468352 0.462748 0.559896 0.460849 0.583985 0.122352 0.134867 0.245002 0.352478 0.349072 0.438601 0.382164 0.517793 0.225329 0.274354 0.396314 0.372614 0.433226 0.435928 0.564908 0.149416 0.236504 0.260741 0.368709 0.287534 0.432306 0.156777 0.155669 0.245685 0.243518 0.383574 0.257282 0.337067 0.324398 0.454253 0.121408 0.133184 0.245719 0.221382 0.275467 0.146820
 20.000000 0.142288 0.228692 0.240294 0.371819 0.436615 0.475749 0.536919 0.540020 0.668738 0.120772 0.133000 0.243395 0.318441 0.364663 0.424634 0.449515 0.586244 0.217396 0.274286 0.342463 0.406154 0.444574 0.513367 0.649589 0.137768 0.231538 0.245271 0.328440 0.318108 0.458136 0.156083 0.154693 0.242250 0.253978 0.395268 0.265319 0.368862 0.313223 0.456704 0.127377 0.137386 0.253836 0.230759 0.288250 0.149593
 21.000000 0.141580 0.230532 0.235323 0.381641 0.460493 0.476824 0.498175 0.570867 0.681675 0.122776 0.136301 0.256755 0.347886 0.368079 0.395167 0.474272 0.596364 0.227803 0.291433 0.380853 0.412548 0.428685 0.530881 0.656456 0.153470 0.247748 0.252678 0.305465 0.344407 0.469864 0.151426 0.151212 0.232787 0.248686 0.388254 0.247833 0.357041 0.277364 0.426468 0.119176 0.133094 0.248109 0.218250 0.273717 0.149706
 22.000000 0.142471 0.223182 0.242423 0.377331 0.418739 0.451384 0.424673 0.584648 0.692445 0.122654 0.136048 0.252177 0.299693 0.356961 0.367615 0.481320 0.603624 0.229087 0.296899 0.306444 0.430954 0.466734 0.540371 0.674064 0.147071 0.251788 0.228766 0.247899 0.353893 0.471853 0.155631 0.152289 0.242338 0.244004 0.380698 0.248308 0.331736 0.312610 0.447917 0.124643 0.135684 0.247715 0.228198 0.286012 0.142888
 23.000000 0.152845 0.235044 0.243919 0.382965 0.456265 0.478648 0.492519 0.584347 0.705025 0.119821 0.134186 0.245848 0.324521 0.363825 0.407236 0.462276 0.594944 0.225151 0.281741 0.336406 0.419707 0.487436 0.498985 0.639191 0.147034 0.247403 0.241721 0.274418 0.355996 0.484351 0.155264 0.151281 0.236757 0.247350 0.388622 0.255384 0.315025 0.343163 0.476324 0.123045 0.133679 0.253632 0.223164 0.290979 0.145661
 24.000000 0.147614 0.238348 0.234549 0.373786 0.464401 0.459161 0.482801 0.550059 0.659013 0.125276 0.132820 0.247398 0.349471 0.356596 0.412030 0.438619 0.562829 0.228256 0.288967 0.397434 0.402568 0.483530 0.451527 0.580932 0.144696 0.241249 0.250120 0.296958 0.357634 0.480084 0.153441 0.158849 0.250114 0.253016 0.386722 0.254718 0.316590 0.352007 0.473056 0.123385 0.136404 0.243049 0.222455 0.268628 0.142222
 25.000000 0.144934 0.239374 0.234113 0.370390 0.466525 0.447438 0.466170 0.529684 0.636846 0.122972 0.133300 0.244677 0.364664 0.327345 0.374087 0.396781 0.512846 0.220864 0.275748 0.414403 0.340566 0.412285 0.368539 0.477708 0.141810 0.239560 0.249764 0.292913 0.346540 0.473090 0.154334 0.158770 0.242739 0.241089 0.377704 0.260175 0.314085 0.344097 0.471596 0.119858 0.130491 0.240208 0.223996 0.282754 0.141110
 26.000000 0.149218 0.241849 0.241597 0.375689 0.470348 0.465889 0.479436 0.575162 0.686160 0.122250 0.134384 0.241508 0.355361 0.342259 0.385239 0.440714 0.561956 0.219486 0.264925 0.387221 0.365122 0.438114 0.429423 0.556528 0.143014 0.245963 0.243051 0.276098 0.363601 0.482420 0.157242 0.151456 0.237952 0.250370 0.382118 0.250587 0.313554 0.334365 0.454201 0.124379 0.138427 0.244174 0.229512 0.277393 0.141968
 27.000000 0.145358 0.230113 0.236301 0.376263 0.470306 0.461611 0.445907 0.578004 0.664346 0.123211 0.128659 0.244869 0.352671 0.346072 0.362891 0.452493 0.552733 0.221608 0.281904 0.392800 0.388316 0.432482 0.466722 0.568903 0.146915 0.247883 0.246680 0.264747 0.366956 0.475417 0.157575 0.149970 0.233690 0.244510 0.374899 0.252699 0.332465 0.321081 0.460620 0.124740 0.133978 0.238776 0.229133 0.273807 0.145938
 28.000000 0.145458 0.226828 0.244236 0.376836 0.492331 0.442649 0.440552 0.549540 0.641776 0.121347 0.135414 0.243148 0.375571 0.306552 0.327469 0.407183 0.507927 0.225796 0.277118 0.424015 0.306954 0.337617 0.374349 0.460725 0.143464 0.252438 0.240934 0.279380 0.357392 0.475961 0.152555 0.148388 0.244551 0.240693 0.377620 0.250148 0.344015 0.312807 0.451272 0.127209 0.133184 0.242170 0.222643 0.263572 0.148277
 29.000000 0.140563 0.228427 0.241336 0.375899 0.480052 0.443096 0.464760 0.530849 0.635872 0.123471 0.134822 0.245866 0.370429 0.315804 0.361234 0.398192 0.514211 0.221323 0.271402 0.418388 0.317794 0.389960 0.355761 0.469789 0.145228 0.242967 0.243961 0.284157 0.357612 0.481263 0.155852 0.155235 0.240653 0.255697 0.392032 0.255370 0.303450 0.358735 0.481293 0.123685 0.140189 0.249858 0.230219 0.281007 0.146820
 30.000000 0.148408 0.233728 0.242981 0.383095 0.482471 0.448307 0.447224 0.554358 0.652421 0.122744 0.135768 0.251275 0.375155 0.313359 0.335526 0.410919 0.515481 0.227853 0.289802 0.435664 0.321014 0.355750 0.383150 0.471922 0.146485 0.244070 0.246258 0.283706 0.361055 0.484113 0.153212 0.152555 0.241837 0.246157 0.383399 0.251954 0.323748 0.333351 0.466563 0.120175 0.133933 0.248625 0.216919 0.277045 0.142359
 31.000000 0.149499 0.235521 0.236850 0.376103 0.475599 0.429936 0.436910 0.532925 0.625315 0.122368 0.132476 0.248147 0.372851 0.300947 0.338340 0.392134 0.494919 0.227024 0.294094 0.438082 0.317240 0.373666 0.367757 0.458900 0.143677 0.244410 0.239810 0.284960 0.351649 0.471632 0.150582 0.150167 0.238766 0.245059 0.378985 0.251446 0.309732 0.338179 0.464410 0.124334 0.137244 0.243709 0.228865 0.276942 0.143506
 32.000000 0.143025 0.226824 0.238053 0.370388 0.477754 0.430016 0.420682 0.540446 0.647665 0.122053 0.133375 0.240722 0.370488 0.304391 0.323310 0.406116 0.521860 0.224624 0.277240 0.429127 0.311681 0.343159 0.378791 0.479776 0.142947 0.242664 0.253624 0.296058 0.366283 0.500281 0.157728 0.160502 0.253634 0.248960 0.393397 0.258343 0.338311 0.332038 0.469624 0.123171 0.134573 0.255496 0.221768 0.288141 0.147479
 33.000000 0.148630 0.245662 0.233917 0.372774 0.470017 0.437389 0.429056 0.549880 0.653107 0.124020 0.133259 0.250701 0.373335 0.321443 0.346673 0.420356 0.535371 0.219843 0.280696 0.426396 0.313271 0.351387 0.378034 0.482082 0.145152 0.243493 0.256624 0.298037 0.369666 0.498333 0.152381 0.157064 0.245766 0.252000 0.391434 0.257078 0.329389 0.337716 0.467864 0.123458 0.135636 0.248419 0.223824 0.275772 0.148179
 34.000000 0.146925 0.233043 0.234855 0.373157 0.487487 0.436835 0.436896 0.541766 0.643678 0.122711 0.133199 0.245611 0.382355 0.301758 0.323823 0.397836 0.506156 0.228775 0.289515 0.443104 0.305686 0.335981 0.366624 0.459587 0.143906 0.255838 0.244675 0.283516 0.356439 0.481313 0.156927 0.148226 0.235253 0.241135 0.378686 0.253710 0.328271 0.324398 0.454287 0.119912 0.134718 0.243984 0.221599 0.269643 0.148246
 35.000000 0.151360 0.242324 0.245542 0.389094 0.478968 0.476149 0.491681 0.575211 0.676778 0.123536 0.134763 0.254264 0.362312 0.348990 0.392003 0.437162 0.548552 0.222113 0.283918 0.403065 0.369447 0.438419 0.419563 0.526530 0.149228 0.247429 0.251366 0.288078 0.366021 0.486586 0.150386 0.149953 0.235529 0.250603 0.386889 0.250140 0.316199 0.341822 0.477765 0.121474 0.140521 0.255110 0.227741 0.291371 0.143056
 36.000000 0.143353 0.232590 0.244642 0.376492 0.487101 0.449909 0.450673 0.538681 0.641245 0.124459 0.140064 0.247273 0.378905 0.315436 0.337618 0.397453 0.506475 0.228035 0.277478 0.425865 0.315199 0.357888 0.356734 0.452138 0.141655 0.247566 0.248496 0.282397 0.353897 0.481569 0.157115 0.154415 0.241052 0.243313 0.384210 0.262604 0.338498 0.338653 0.476441 0.124956 0.131640 0.247768 0.226405 0.287502 0.146526
 37.000000 0.145331 0.230534 0.240878 0.382107 0.482699 0.435373 0.434079 0.530112 0.619623 0.119746 0.131700 0.249417 0.369410 0.306294 0.333835 0.394139 0.496663 0.216181 0.275953 0.415135 0.309223 0.359974 0.357084 0.454041 0.149077 0.244298 0.243608 0.280380 0.355191 0.472928 0.147856 0.153782 0.244010 0.248373 0.382535 0.255696 0.325369 0.344033 0.471927 0.124876 0.133828 0.241789 0.222607 0.268731 0.143492
 38.000000 0.147153 0.241549 0.236791 0.372863 0.469716 0.464799 0.554477 0.488714 0.613156 0.124073 0.135256 0.246822 0.365192 0.347270 0.449699 0.369845 0.504470 0.225091 0.282455 0.415748 0.369862 0.486920 0.359406 0.488272 0.140716 0.242639 0.253783 0.336757 0.320217 0.458722 0.154231 0.157623 0.239078 0.249411 0.387405 0.249303 0.259260 0.370615 0.491499 0.123146 0.132140 0.246321 0.226358 0.288217 0.143795
 39.000000 0.149221 0.233998 0.245139 0.380948 0.466697 0.454482 0.434136 0.567580 0.668385 0.124402 0.132099 0.245320 0.350687 0.336257 0.349481 0.438571 0.551983 0.223593 0.281108 0.406503 0.369704 0.405414 0.440050 0.550506 0.143087 0.230775 0.239973 0.262391 0.357377 0.478735 0.153078 0.153078 0.239310 0.241864 0.379037 0.246589 0.322354 0.323402 0.456581 0.122499 0.134763 0.245422 0.227563 0.283919 0.143864
 40.000000 0.153499 0.239696 0.241980 0.375717 0.475910 0.451124 0.470215 0.531942 0.636758 0.116636 0.131096 0.238078 0.361480 0.318310 0.366625 0.389335 0.505918 0.213827 0.263304 0.404727 0.323464 0.395350 0.354184 0.468296 0.141170 0.241873 0.245293 0.291005 0.346517 0.470194 0.154944 0.159217 0.251048 0.247267 0.383273 0.262415 0.328573 0.351817 0.477301 0.125798 0.131038 0.238910 0.222454 0.267707 0.144309
