#! FIELDS time phi psi
#! SET min_phi -pi
#! SET max_phi pi
#! SET min_psi -pi
#! SET max_psi pi
 0.000000 -2.582646 2.650251
 1.000000 -2.233827 2.851543
 2.000000 -2.348464 2.321679
 3.000000 -2.474088 3.119459
 4.000000 -1.765240 2.595134
 5.000000 -1.126561 2.521866
 6.000000 -0.956647 2.113482
 7.000000 -2.785132 2.959329
 8.000000 -2.502621 2.619734
 9.000000 -1.108367 2.518116
 10.000000 -1.690156 2.651045
 11.000000 -1.984193 2.285191
 12.000000 -2.160877 2.656351
 13.000000 -1.291627 2.501549
 14.000000 -1.062534 2.491293
 15.000000 -0.843866 2.434556
 16.000000 -1.074779 2.622305
 17.000000 -1.061744 2.460547
 18.000000 -1.119926 2.623260
 19.000000 -1.795715 2.370941
 20.000000 -1.995259 2.257959
 21.000000 -2.634248 2.776288
 22.000000 -1.685357 2.328768
 23.000000 -1.814212 2.213190
 24.000000 -0.737746 2.399556
 25.000000 -1.611385 2.075641
 26.000000 -2.439383 2.308471
 27.000000 -0.832003 2.307315
 28.000000 -1.374460 2.288168
 29.000000 -1.185460 2.227438
 30.000000 -0.973354 2.441952
 31.000000 -1.223883 2.770501
 32.000000 -1.993759 2.496548
 33.000000 -1.986477 2.820268
 34.000000 -2.931928 2.689960
 35.000000 -2.984040 2.492754
 36.000000 -2.645061 2.613147
 37.000000 -2.811811 2.513017
 38.000000 -2.265996 2.517014
 39.000000 -2.490018 2.573759
 40.000000 -2.496610 2.642325
