#! FIELDS time phi psi
#! SET min_phi -pi
#! SET max_phi pi
#! SET min_psi -pi
#! SET max_psi pi
 0.000000 1.008849 -3.119949
 1.000000 0.960876 3.006478
 2.000000 1.364119 -2.983992
 3.000000 0.803292 -3.063465
 4.000000 0.801570 -2.746984
 5.000000 0.688179 -2.601716
 6.000000 0.903323 -2.466463
 7.000000 1.035450 -2.887801
 8.000000 1.141302 3.079880
 9.000000 1.288238 3.063003
 10.000000 0.767813 -2.683128
 11.000000 1.165755 2.959063
 12.000000 1.042409 -2.851630
 13.000000 1.006064 -2.626288
 14.000000 0.772222 -2.873512
 15.000000 0.872554 -2.954657
 16.000000 1.146986 -2.848196
 17.000000 0.728366 -2.875626
 18.000000 0.893412 -2.422504
 19.000000 0.902320 -3.053456
 20.000000 0.699982 -2.528109
 21.000000 0.986017 -2.182870
 22.000000 0.652244 -2.521158
 23.000000 0.863078 3.102157
 24.000000 1.009743 -3.033670
 25.000000 0.845062 -2.442032
 26.000000 0.701426 -2.437760
 27.000000 1.047113 -3.033603
 28.000000 0.822674 -2.691085
 29.000000 1.028549 -2.558619
 30.000000 0.844354 -2.444046
 31.000000 1.471977 -2.941197
 32.000000 0.998439 -3.003195
 33.000000 1.051158 -2.525592
 34.000000 0.896246 -2.592401
 35.000000 1.194211 -2.522545
 36.000000 1.374177 2.597928
 37.000000 0.975340 -2.963398
 38.000000 0.863113 -2.584755
 39.000000 0.837094 -2.421527
 40.000000 1.000853 -2.713185
