#! FIELDS time pair1 pair2 pair3 pair4 pair5 pair6 pair7 pair8 pair9 pair10 pair11 pair12 pair13 pair14 pair15 pair16 pair17 pair18 pair19 pair20 pair21 pair22 pair23 pair24 pair25 pair26 pair27 pair28 pair29 pair30 pair31 pair32 pair33 pair34 pair35 pair36 pair37 pair38 pair39 pair40 pair41 pair42 pair43 pair44 pair45
 0.000000 0.140609 0.227469 0.229663 0.365065 0.473730 0.443158 0.446311 0.555814 0.663953 0.122479 0.128569 0.240273 0.354811 0.342570 0.379545 0.446446 0.570860 0.220202 0.274157 0.390689 0.382362 0.447637 0.455646 0.584217 0.144641 0.251518 0.244217 0.276228 0.365533 0.492082 0.156269 0.154638 0.243928 0.250721 0.393708 0.251454 0.326614 0.325025 0.463524 0.125004 0.137303 0.254108 0.227987 0.285252 0.151086
 1.000000 0.153815 0.241977 0.247693 0.380853 0.487965 0.456909 0.465973 0.562207 0.672534 0.120208 0.137416 0.240304 0.369471 0.313217 0.344389 0.411158 0.527777 0.222722 0.262770 0.413479 0.290635 0.328143 0.357918 0.460379 0.145812 0.241532 0.257686 0.301229 0.371834 0.500961 0.153912 0.154923 0.246735 0.247081 0.386328 0.245284 0.319683 0.322283 0.450333 0.122413 0.136418 0.248845 0.222969 0.276429 0.146185
 2.000000 0.146161 0.231063 0.248602 0.381293 0.487050 0.439784 0.450402 0.523965 0.618414 0.123810 0.136996 0.247506 0.372023 0.315032 0.354329 0.391290 0.500315 0.225604 0.280667 0.425128 0.325318 0.387812 0.359189 0.461092 0.143063 0.240235 0.250274 0.293988 0.351960 0.476725 0.151888 0.158499 0.244397 0.245705 0.383568 0.253128 0.309800 0.341463 0.470002 0.120075 0.131746 0.241301 0.220928 0.272136 0.145558
 3.000000 0.148987 0.241793 0.239345 0.374342 0.475450 0.452110 0.479033 0.541104 0.645212 0.120254 0.135244 0.243263 0.368225 0.324878 0.379521 0.403378 0.518873 0.218829 0.268067 0.413924 0.325114 0.405020 0.361554 0.477772 0.143882 0.239109 0.260670 0.310385 0.367768 0.488588 0.153313 0.157083 0.242695 0.255079 0.383158 0.246369 0.290720 0.348365 0.458304 0.124684 0.138109 0.237674 0.229952 0.267718 0.141862
 4.000000 0.150336 0.241506 0.234359 0.370811 0.479281 0.450379 0.462213 0.555915 0.649044 0.126008 0.124936 0.236009 0.366171 0.310345 0.344572 0.408599 0.509118 0.218863 0.269448 0.418102 0.308496 0.358756 0.368854 0.456372 0.143070 0.248423 0.252510 0.296865 0.368182 0.485722 0.151066 0.159481 0.252369 0.256010 0.390632 0.244154 0.319392 0.326497 0.458944 0.125475 0.135628 0.244918 0.221041 0.267105 0.144478
 5.000000 0.149231 0.237567 0.233763 0.377228 0.475894 0.445181 0.475162 0.524760 0.631855 0.120806 0.134227 0.252810 0.379685 0.317796 0.374755 0.384033 0.499461 0.227374 0.296805 0.444640 0.330917 0.405533 0.354811 0.458769 0.147261 0.249443 0.251875 0.308665 0.347119 0.475838 0.153968 0.153085 0.242681 0.242739 0.379842 0.242275 0.285061 0.341353 0.462045 0.124455 0.131488 0.242493 0.223245 0.275540 0.144201
 6.000000 0.146826 0.237674 0.242310 0.379718 0.486658 0.453481 0.480970 0.540627 0.645010 0.126542 0.135728 0.249271 0.377659 0.314813 0.360453 0.395380 0.504775 0.228712 0.286400 0.434232 0.305624 0.361687 0.350617 0.441238 0.144132 0.247827 0.252589 0.304056 0.352694 0.478888 0.150778 0.157870 0.246370 0.242638 0.379950 0.253340 0.315455 0.329061 0.458430 0.119971 0.125611 0.238807 0.210402 0.266477 0.141912
 7.000000 0.146414 0.236040 0.233105 0.369805 0.478190 0.441392 0.416875 0.558878 0.662702 0.119474 0.132064 0.245367 0.375810 0.315192 0.317248 0.422232 0.531963 0.219292 0.280391 0.428464 0.311602 0.318908 0.391998 0.484381 0.141655 0.249359 0.252200 0.281459 0.366204 0.494429 0.154383 0.152587 0.238573 0.244461 0.385141 0.256938 0.347072 0.314771 0.455341 0.125992 0.133709 0.248510 0.230404 0.288934 0.147949
 8.000000 0.145486 0.230120 0.241141 0.378003 0.484658 0.436180 0.453045 0.523284 0.624486 0.121824 0.135163 0.246751 0.376357 0.300405 0.339844 0.380705 0.490388 0.225739 0.281718 0.433744 0.294187 0.346873 0.335781 0.432603 0.145310 0.246382 0.248278 0.298290 0.348885 0.474119 0.157108 0.153964 0.245206 0.239069 0.374996 0.259526 0.320314 0.341469 0.463902 0.123276 0.129904 0.235735 0.220848 0.262202 0.146069
 9.000000 0.142776 0.234497 0.235917 0.373896 0.478188 0.442536 0.460739 0.524250 0.623784 0.125610 0.135078 0.247719 0.372673 0.322569 0.368930 0.394853 0.507225 0.228057 0.281601 0.427651 0.328580 0.397176 0.355217 0.460588 0.147963 0.244256 0.255807 0.300648 0.359979 0.483681 0.153173 0.149406 0.235062 0.247297 0.381426 0.242161 0.292684 0.345552 0.467511 0.122156 0.137717 0.245850 0.226588 0.277355 0.143715
 10.000000 0.147384 0.234674 0.239810 0.377586 0.489535 0.431516 0.435544 0.527831 0.622387 0.119675 0.138582 0.252525 0.388166 0.295956 0.323328 0.382750 0.484282 0.227519 0.292758 0.445804 0.294438 0.332245 0.340256 0.422447 0.141894 0.254295 0.235476 0.278873 0.346830 0.471154 0.155827 0.150283 0.240716 0.247639 0.387425 0.255677 0.323187 0.344455 0.478230 0.124616 0.139147 0.252466 0.228983 0.282917 0.148543
 11.000000 0.145921 0.235714 0.233626 0.375799 0.481271 0.435002 0.459347 0.518556 0.621344 0.123434 0.131187 0.250200 0.380722 0.303397 0.351626 0.377021 0.488538 0.223352 0.288368 0.439046 0.292195 0.344994 0.326333 0.418882 0.147180 0.254529 0.248077 0.307969 0.345921 0.474588 0.155400 0.147939 0.242332 0.240992 0.378922 0.246903 0.304975 0.342015 0.465131 0.124752 0.132223 0.243471 0.218238 0.263137 0.147949
 12.000000 0.149308 0.230948 0.240728 0.380775 0.480808 0.455716 0.444286 0.569651 0.674964 0.120274 0.131883 0.247501 0.370066 0.324780 0.339145 0.428165 0.540460 0.223242 0.286222 0.429191 0.333904 0.354160 0.408983 0.506985 0.146116 0.246953 0.250753 0.284552 0.365078 0.491351 0.156339 0.152771 0.244569 0.239917 0.380229 0.260985 0.352508 0.319615 0.458999 0.124519 0.135717 0.246652 0.229212 0.280945 0.148020
 13.000000 0.143809 0.234081 0.241043 0.376906 0.486837 0.443896 0.455176 0.545281 0.653661 0.124936 0.134436 0.245139 0.375619 0.307878 0.340376 0.404125 0.520113 0.223482 0.272246 0.425122 0.290802 0.340742 0.350157 0.455705 0.146103 0.247429 0.252907 0.291467 0.367606 0.495559 0.156451 0.157029 0.241655 0.252773 0.391986 0.251068 0.303977 0.337963 0.461114 0.123081 0.136029 0.248115 0.226480 0.277903 0.149630
 14.000000 0.148745 0.240395 0.234764 0.369371 0.485268 0.443051 0.458455 0.547265 0.643607 0.126226 0.137117 0.240404 0.377574 0.301252 0.334410 0.399197 0.499521 0.236313 0.281135 0.434717 0.295743 0.338897 0.357454 0.437342 0.145096 0.251831 0.251992 0.294365 0.367876 0.488909 0.154861 0.154340 0.243536 0.250208 0.386679 0.242064 0.307701 0.321077 0.453373 0.122845 0.135163 0.246747 0.220984 0.273940 0.145027
 15.000000 0.150682 0.229408 0.239334 0.377917 0.485008 0.454676 0.459505 0.568669 0.660322 0.119854 0.127491 0.241417 0.371666 0.311450 0.334691 0.419349 0.514871 0.220066 0.279680 0.430113 0.315826 0.346331 0.396995 0.475299 0.145911 0.250667 0.247909 0.286590 0.363934 0.477726 0.156403 0.144156 0.235474 0.235087 0.365658 0.243567 0.324170 0.301705 0.435261 0.122935 0.135481 0.235892 0.226057 0.264170 0.144326
 16.000000 0.145952 0.234531 0.235181 0.375219 0.458351 0.437837 0.429376 0.538609 0.631210 0.123008 0.130713 0.247558 0.358085 0.308990 0.325223 0.399766 0.500466 0.221867 0.284454 0.421277 0.303078 0.320170 0.362097 0.442404 0.145152 0.229976 0.248759 0.289403 0.352915 0.474243 0.146383 0.154123 0.246213 0.237962 0.374875 0.251193 0.329322 0.329676 0.463011 0.120752 0.127538 0.237337 0.211932 0.258793 0.144184
 17.000000 0.145045 0.233585 0.241075 0.376731 0.474597 0.452151 0.435804 0.570202 0.676775 0.122270 0.133270 0.243947 0.366429 0.320844 0.328139 0.431399 0.545038 0.219224 0.269414 0.418270 0.318865 0.338155 0.404570 0.508282 0.145200 0.237295 0.257255 0.288462 0.370116 0.498623 0.158348 0.158553 0.246051 0.242440 0.384440 0.256681 0.337623 0.313077 0.449322 0.122254 0.131400 0.242943 0.225038 0.276567 0.149943
 18.000000 0.155103 0.243512 0.241365 0.380849 0.478190 0.449593 0.444727 0.556397 0.661785 0.124262 0.130675 0.242696 0.364608 0.310376 0.333204 0.407874 0.520820 0.225151 0.279271 0.421281 0.313318 0.352471 0.375494 0.475556 0.146181 0.242345 0.252414 0.287300 0.365356 0.492493 0.151347 0.162874 0.251468 0.251754 0.391150 0.270174 0.347094 0.342558 0.477031 0.123887 0.132740 0.247302 0.224089 0.283968 0.143812
 19.000000 0.147560 0.238399 0.237262 0.380485 0.455388 0.471119 0.475143 0.577529 0.688071 0.126941 0.131191 0.252343 0.352412 0.349495 0.382292 0.442916 0.561347 0.226930 0.295600 0.415969 0.377747 0.429652 0.435874 0.547405 0.146690 0.231190 0.258782 0.298409 0.370374 0.497716 0.149643 0.156518 0.249427 0.248316 0.388385 0.257233 0.336150 0.340127 0.476796 0.127844 0.136752 0.250082 0.230766 0.285000 0.147003
 20.000000 0.148047 0.233825 0.235019 0.369543 0.457880 0.465106 0.462738 0.588807 0.693764 0.120880 0.132913 0.243241 0.336226 0.363425 0.395957 0.475598 0.595532 0.225943 0.287733 0.370702 0.422168 0.479590 0.511767 0.639665 0.138615 0.244340 0.240370 0.269800 0.363483 0.480418 0.150473 0.151440 0.238676 0.248889 0.382948 0.234363 0.318474 0.300609 0.435462 0.121877 0.135904 0.244706 0.221865 0.270697 0.144558
 21.000000 0.146185 0.238885 0.238069 0.373549 0.451859 0.462612 0.434918 0.587799 0.695305 0.125626 0.136180 0.247162 0.343513 0.353542 0.357536 0.468374 0.588079 0.228721 0.285063 0.376737 0.405391 0.435157 0.498544 0.627294 0.141457 0.244708 0.235255 0.246619 0.356608 0.473852 0.157766 0.153418 0.236036 0.242790 0.378415 0.260063 0.350367 0.309756 0.441953 0.125315 0.131507 0.238891 0.230630 0.281114 0.145344
 22.000000 0.151199 0.237693 0.240888 0.377387 0.459580 0.464144 0.465946 0.588949 0.706485 0.121148 0.135329 0.247140 0.350766 0.343120 0.372125 0.455159 0.578887 0.226188 0.288061 0.407230 0.370532 0.412180 0.458470 0.575507 0.141032 0.236442 0.243436 0.279552 0.363601 0.492124 0.153059 0.149416 0.238367 0.238286 0.378082 0.256254 0.343360 0.304702 0.442449 0.117346 0.138928 0.250888 0.224631 0.283304 0.145678
 23.000000 0.141891 0.232981 0.227374 0.368268 0.458319 0.450520 0.438782 0.568852 0.672974 0.121528 0.130284 0.249243 0.363589 0.337658 0.354312 0.444155 0.555153 0.220678 0.289594 0.418770 0.370286 0.406918 0.450010 0.556951 0.143576 0.243448 0.243317 0.270209 0.359090 0.478691 0.150522 0.149429 0.237089 0.237032 0.372227 0.240333 0.322015 0.298149 0.431479 0.123960 0.131898 0.239044 0.227321 0.277002 0.143865
 24.000000 0.145234 0.236011 0.232491 0.378266 0.479234 0.449032 0.442337 0.551523 0.657314 0.119958 0.131533 0.253049 0.380434 0.314771 0.330044 0.409199 0.520124 0.218030 0.284668 0.434939 0.301398 0.326991 0.364738 0.458584 0.150097 0.253671 0.261836 0.297197 0.368262 0.498676 0.156895 0.162558 0.247877 0.251169 0.394252 0.257474 0.319842 0.338405 0.471715 0.124860 0.130801 0.247398 0.225763 0.284626 0.149402
 25.000000 0.155129 0.244027 0.245497 0.387745 0.487969 0.455484 0.441903 0.566241 0.674041 0.125467 0.129422 0.248735 0.372861 0.313377 0.323557 0.415825 0.529243 0.221269 0.284262 0.430211 0.309843 0.328431 0.380946 0.476938 0.146877 0.247469 0.253714 0.286515 0.365513 0.495885 0.151341 0.159981 0.246597 0.247251 0.389011 0.259164 0.338311 0.326682 0.463121 0.120300 0.132857 0.250609 0.221836 0.288085 0.145128
 26.000000 0.145224 0.234660 0.233654 0.361919 0.456342 0.438510 0.450543 0.532993 0.636973 0.121536 0.134640 0.235799 0.351001 0.325965 0.371345 0.406740 0.523018 0.226157 0.273799 0.400731 0.360985 0.431780 0.404294 0.519541 0.135473 0.235223 0.231043 0.272839 0.337966 0.460170 0.153039 0.153942 0.247685 0.238231 0.375842 0.251243 0.322455 0.331103 0.462002 0.125356 0.132401 0.241307 0.226279 0.275726 0.144433
 27.000000 0.146222 0.235410 0.238002 0.370478 0.473194 0.452569 0.459195 0.560882 0.673123 0.122837 0.136301 0.241762 0.369196 0.316326 0.342901 0.416987 0.532914 0.228256 0.278187 0.426543 0.312815 0.347491 0.384223 0.487161 0.141326 0.241582 0.249347 0.288203 0.363034 0.489362 0.154386 0.151304 0.242392 0.241651 0.379223 0.252115 0.332351 0.316992 0.445997 0.125805 0.133304 0.243017 0.226815 0.275293 0.146578
 28.000000 0.146034 0.229698 0.237076 0.376139 0.481490 0.442096 0.429181 0.557458 0.662983 0.123179 0.134384 0.247586 0.375291 0.313887 0.328168 0.419244 0.532588 0.231296 0.292455 0.439211 0.326992 0.352075 0.400136 0.504297 0.145945 0.247814 0.248721 0.280387 0.366929 0.490038 0.154350 0.152309 0.240776 0.245733 0.379427 0.254994 0.335078 0.324174 0.446807 0.123859 0.137394 0.244350 0.229687 0.281130 0.142289
 29.000000 0.152056 0.237979 0.242035 0.379274 0.487921 0.449579 0.440025 0.573376 0.684188 0.122225 0.131613 0.245833 0.379049 0.318255 0.330958 0.433037 0.548791 0.222991 0.286191 0.437860 0.336180 0.350608 0.429085 0.534388 0.141549 0.252289 0.244867 0.287185 0.359290 0.486853 0.160555 0.153610 0.248731 0.235841 0.373741 0.254476 0.354301 0.292224 0.422528 0.120113 0.132985 0.244094 0.218032 0.273278 0.141877
 30.000000 0.143056 0.228571 0.238134 0.378931 0.473232 0.452651 0.444930 0.573583 0.683513 0.120772 0.134540 0.255359 0.376481 0.330418 0.350037 0.441855 0.558128 0.223305 0.296779 0.440981 0.349563 0.385567 0.433071 0.540116 0.144281 0.243707 0.249642 0.284919 0.370277 0.498981 0.156506 0.151023 0.240187 0.249006 0.388776 0.246840 0.315718 0.323404 0.453992 0.126119 0.135691 0.253288 0.226075 0.288654 0.145200
 31.000000 0.146017 0.231251 0.244010 0.381049 0.475623 0.454953 0.439989 0.581683 0.694310 0.124652 0.130973 0.245069 0.360816 0.320005 0.327183 0.441282 0.559473 0.220749 0.274454 0.414890 0.318002 0.329562 0.420702 0.529741 0.146414 0.235928 0.251287 0.284494 0.370683 0.497893 0.150688 0.151063 0.243199 0.240701 0.378694 0.251116 0.344211 0.299022 0.429006 0.124443 0.133884 0.247186 0.224920 0.282675 0.143415
 32.000000 0.151003 0.239512 0.241773 0.380970 0.481141 0.450272 0.456159 0.556441 0.666848 0.122238 0.136784 0.249359 0.374338 0.308161 0.332498 0.407197 0.520413 0.228162 0.286793 0.432577 0.298370 0.325307 0.371544 0.466429 0.145430 0.243329 0.256688 0.303409 0.360274 0.490883 0.150230 0.155341 0.244726 0.236248 0.375417 0.255605 0.330130 0.314360 0.444328 0.119516 0.130683 0.240875 0.220096 0.273227 0.145055
 33.000000 0.150659 0.241249 0.242159 0.381674 0.489626 0.462040 0.454199 0.574989 0.674904 0.123940 0.130756 0.246465 0.376877 0.320192 0.332354 0.426795 0.532250 0.219199 0.276698 0.427819 0.302274 0.321785 0.378947 0.469788 0.145499 0.251803 0.260971 0.290038 0.379759 0.499525 0.154767 0.163113 0.242977 0.261830 0.393765 0.263247 0.336694 0.339137 0.466259 0.119197 0.137102 0.244428 0.223063 0.276639 0.139785
 34.000000 0.149218 0.244060 0.230931 0.370849 0.469847 0.448550 0.468437 0.530060 0.641904 0.123778 0.130495 0.241514 0.365210 0.321040 0.369574 0.392348 0.513444 0.222585 0.273192 0.413557 0.334535 0.411266 0.364903 0.482334 0.146458 0.247421 0.247172 0.285440 0.349877 0.477131 0.153196 0.156850 0.240154 0.250795 0.388077 0.255266 0.304921 0.351959 0.476459 0.124282 0.129407 0.244912 0.220785 0.282046 0.142765
 35.000000 0.149248 0.238619 0.245986 0.378350 0.482852 0.464048 0.473732 0.565092 0.673671 0.126143 0.138615 0.244045 0.372399 0.329372 0.363276 0.420835 0.536625 0.232469 0.279553 0.426011 0.342395 0.397820 0.396694 0.506188 0.142878 0.248876 0.245532 0.278677 0.359285 0.482680 0.162336 0.148506 0.236206 0.241073 0.379392 0.254930 0.326108 0.329444 0.461635 0.124463 0.133813 0.244193 0.227229 0.276335 0.148762
 36.000000 0.152427 0.236817 0.236078 0.368235 0.483732 0.415241 0.396139 0.534608 0.615714 0.124234 0.127887 0.239639 0.371915 0.306638 0.328442 0.414796 0.515490 0.226383 0.289062 0.434692 0.336561 0.373376 0.411798 0.506654 0.141506 0.250906 0.244049 0.283282 0.364125 0.479188 0.154085 0.154738 0.246067 0.250669 0.382221 0.252646 0.336920 0.321193 0.449521 0.121413 0.135716 0.239652 0.217288 0.256386 0.142990
 37.000000 0.153059 0.233086 0.249241 0.387093 0.481026 0.471556 0.463208 0.592788 0.705342 0.119992 0.132537 0.245776 0.364183 0.326757 0.337190 0.442382 0.559192 0.220762 0.275220 0.417798 0.326628 0.345174 0.417696 0.523532 0.149164 0.240855 0.255198 0.282561 0.378373 0.505939 0.153886 0.157911 0.244624 0.252420 0.392981 0.257816 0.341541 0.323458 0.459370 0.120636 0.135897 0.252250 0.221642 0.283163 0.145966
 38.000000 0.147719 0.236042 0.247554 0.376453 0.487752 0.445647 0.426040 0.575995 0.689989 0.124294 0.133634 0.240828 0.364619 0.324441 0.339251 0.445220 0.569478 0.219442 0.267270 0.403205 0.337664 0.373746 0.431354 0.552268 0.139735 0.242909 0.245508 0.278153 0.370001 0.501234 0.155142 0.151294 0.243805 0.246128 0.387305 0.253450 0.348924 0.301645 0.435979 0.128550 0.140616 0.256836 0.237718 0.300663 0.146445
 39.000000 0.147506 0.229404 0.239644 0.376035 0.477269 0.453451 0.463712 0.551646 0.665158 0.119783 0.137495 0.246110 0.372843 0.313302 0.341627 0.405289 0.522082 0.230341 0.285766 0.432046 0.314570 0.353447 0.375898 0.478407 0.145303 0.243764 0.254835 0.295245 0.361383 0.492234 0.155775 0.153480 0.241948 0.240768 0.381472 0.266349 0.342662 0.332763 0.466375 0.123689 0.126242 0.242745 0.216679 0.273996 0.146513
 40.000000 0.146690 0.239027 0.235009 0.379355 0.464900 0.457175 0.467911 0.550612 0.654348 0.125355 0.134555 0.256324 0.370095 0.320002 0.346175 0.405059 0.510197 0.229462 0.301161 0.437783 0.313243 0.336715 0.367297 0.448835 0.147170 0.239685 0.259792 0.308032 0.358622 0.483679 0.147071 0.156087 0.244661 0.243805 0.378752 0.246246 0.309905 0.335596 0.462336 0.120300 0.135093 0.243101 0.223575 0.277442 0.140648
