#! FIELDS time pair1 pair2 pair3 pair4 pair5 pair6 pair7 pair8 pair9 pair10 pair11 pair12 pair13 pair14 pair15 pair16 pair17 pair18 pair19 pair20 pair21 pair22 pair23 pair24 pair25 pair26 pair27 pair28 pair29 pair30 pair31 pair32 pair33 pair34 pair35 pair36 pair37 pair38 pair39 pair40 pair41 pair42 pair43 pair44 pair45
 0.000000 0.147496 0.235593 0.240554 0.382315 0.455697 0.457412 0.525704 0.473011 0.564579 0.123301 0.135385 0.253681 0.319166 0.327073 0.413040 0.337840 0.445370 0.227302 0.293266 0.316297 0.335717 0.438485 0.297784 0.393808 0.146578 0.254476 0.252111 0.324855 0.315755 0.440655 0.159866 0.149375 0.233799 0.242648 0.380389 0.252456 0.354273 0.291608 0.433346 0.119545 0.136312 0.251247 0.224263 0.287586 0.144354
 1.000000 0.148708 0.236892 0.235663 0.375480 0.442884 0.447842 0.433946 0.566433 0.666486 0.123669 0.131685 0.245155 0.311657 0.311365 0.319914 0.422561 0.528065 0.226652 0.285105 0.325782 0.308049 0.317998 0.392731 0.480480 0.145842 0.241588 0.252842 0.286308 0.371845 0.494621 0.151403 0.148368 0.238349 0.246144 0.382311 0.251026 0.365104 0.284998 0.427973 0.127079 0.133514 0.245457 0.224297 0.274463 0.145509
 2.000000 0.150788 0.241342 0.238504 0.378700 0.449442 0.447751 0.454798 0.546244 0.659904 0.123730 0.131290 0.244006 0.319892 0.304454 0.331110 0.396647 0.515275 0.222948 0.274354 0.321082 0.292207 0.332056 0.345991 0.453759 0.149231 0.258221 0.249040 0.283727 0.362842 0.490556 0.153310 0.154204 0.239835 0.248415 0.385449 0.259251 0.370623 0.281947 0.425134 0.119842 0.136576 0.247903 0.223452 0.279503 0.145344
 3.000000 0.146932 0.235028 0.236007 0.374106 0.449919 0.434247 0.402031 0.569569 0.670935 0.124776 0.133409 0.245719 0.309034 0.314072 0.306940 0.446415 0.557240 0.229646 0.287348 0.303844 0.329718 0.316400 0.452225 0.552450 0.145134 0.252864 0.245782 0.278686 0.368285 0.492948 0.154545 0.156247 0.250340 0.248359 0.387301 0.261406 0.359658 0.314360 0.451413 0.126289 0.136092 0.248896 0.226552 0.280300 0.145196
 4.000000 0.143993 0.222463 0.241290 0.381746 0.444769 0.453509 0.441219 0.578106 0.686071 0.123386 0.134896 0.252875 0.324205 0.313519 0.313786 0.435024 0.544784 0.231545 0.301128 0.355135 0.308788 0.289209 0.416992 0.502548 0.148125 0.254963 0.252117 0.286023 0.372071 0.499989 0.160901 0.152833 0.244508 0.242281 0.384635 0.257567 0.366007 0.281228 0.427108 0.122809 0.136682 0.248785 0.226883 0.277056 0.151433
 5.000000 0.148570 0.237228 0.241035 0.381942 0.453288 0.459017 0.454072 0.583737 0.692004 0.122213 0.132140 0.252343 0.322113 0.321475 0.333901 0.440084 0.551625 0.219875 0.288986 0.331211 0.313952 0.322766 0.414094 0.511263 0.144035 0.247350 0.251386 0.289449 0.370493 0.494218 0.156467 0.150973 0.239752 0.244084 0.378266 0.249850 0.360670 0.276005 0.416136 0.120025 0.135107 0.243713 0.219390 0.270056 0.142303
 6.000000 0.146212 0.231838 0.233105 0.372712 0.453763 0.445261 0.432235 0.559938 0.660224 0.118436 0.133109 0.251213 0.329164 0.315881 0.325394 0.420595 0.524025 0.223179 0.296019 0.348944 0.321947 0.334846 0.399594 0.483137 0.142176 0.243382 0.250410 0.286079 0.363189 0.487424 0.151819 0.154315 0.242563 0.246138 0.384023 0.257981 0.371702 0.281675 0.421977 0.124844 0.133510 0.246619 0.226285 0.283371 0.144589
 7.000000 0.142996 0.233009 0.237693 0.380853 0.449263 0.460426 0.441751 0.590642 0.696032 0.123211 0.135860 0.254874 0.322275 0.329667 0.327206 0.455704 0.566637 0.225661 0.288984 0.328152 0.326425 0.318925 0.437588 0.539550 0.149248 0.248779 0.258871 0.288399 0.382005 0.503314 0.155242 0.149067 0.235773 0.247699 0.381699 0.255141 0.359401 0.300325 0.444011 0.121524 0.133469 0.245057 0.217012 0.268918 0.144447
 8.000000 0.148587 0.241835 0.234055 0.375747 0.446050 0.452160 0.454297 0.568128 0.664863 0.122629 0.132491 0.250655 0.320039 0.317353 0.340790 0.424765 0.525651 0.222607 0.288489 0.333552 0.311334 0.340109 0.389781 0.472147 0.144658 0.241203 0.253683 0.296557 0.371875 0.492444 0.151132 0.153886 0.245027 0.253632 0.389190 0.255961 0.372780 0.292520 0.434550 0.125909 0.134149 0.246475 0.218918 0.268732 0.144838
 9.000000 0.150429 0.237710 0.245693 0.379211 0.450358 0.442256 0.424412 0.563377 0.659767 0.122560 0.138672 0.246102 0.317120 0.302686 0.306910 0.417434 0.520657 0.229196 0.282837 0.318233 0.299810 0.311530 0.385997 0.474187 0.141032 0.246291 0.246522 0.277950 0.368485 0.491652 0.159653 0.152017 0.237449 0.250753 0.388219 0.259288 0.367700 0.294296 0.437297 0.120768 0.134625 0.247861 0.218378 0.271849 0.146516
 10.000000 0.152977 0.242203 0.249090 0.382572 0.461627 0.454256 0.433675 0.580715 0.681911 0.123758 0.135433 0.243944 0.319188 0.315862 0.320553 0.435550 0.542905 0.222850 0.272340 0.316823 0.301577 0.306610 0.400445 0.490226 0.141912 0.249096 0.255098 0.290696 0.374996 0.500134 0.152794 0.156780 0.248377 0.250130 0.386881 0.255425 0.368441 0.285694 0.421684 0.126566 0.134644 0.246960 0.226066 0.281265 0.142962
 11.000000 0.149003 0.228333 0.236768 0.377081 0.446244 0.445673 0.419149 0.575355 0.678726 0.121450 0.129356 0.243380 0.309008 0.312003 0.309493 0.435556 0.546210 0.225962 0.286646 0.320353 0.318810 0.317342 0.426635 0.525480 0.147570 0.249289 0.250877 0.273044 0.371400 0.493366 0.154123 0.150406 0.233474 0.240655 0.376235 0.257725 0.360500 0.291940 0.434193 0.120058 0.134733 0.242695 0.226347 0.278989 0.144506
 12.000000 0.149054 0.240189 0.233225 0.367807 0.432063 0.441906 0.426176 0.560409 0.669444 0.122188 0.131183 0.239852 0.297800 0.309228 0.317725 0.419048 0.534574 0.222848 0.277447 0.300734 0.303793 0.316236 0.388449 0.491402 0.140036 0.234627 0.253951 0.288177 0.368217 0.496948 0.154000 0.156093 0.242297 0.247455 0.386384 0.255486 0.363483 0.285072 0.430800 0.122984 0.131434 0.244438 0.221951 0.275625 0.147394
 13.000000 0.148219 0.236992 0.239579 0.377810 0.448734 0.437597 0.439774 0.546723 0.647214 0.121301 0.134048 0.248494 0.313896 0.303457 0.332256 0.403022 0.511362 0.222466 0.283854 0.314199 0.298070 0.343243 0.361642 0.457997 0.143087 0.244323 0.243616 0.282268 0.359402 0.481848 0.149325 0.154903 0.240319 0.249483 0.383737 0.248163 0.363165 0.267589 0.411840 0.124395 0.139445 0.244755 0.234301 0.282221 0.144748
 14.000000 0.144986 0.233540 0.235068 0.372486 0.466507 0.436321 0.422764 0.560512 0.666925 0.122670 0.132876 0.249610 0.335169 0.316350 0.333089 0.429710 0.545247 0.224838 0.292556 0.347859 0.327483 0.356657 0.412227 0.516335 0.145551 0.247059 0.257124 0.295953 0.375067 0.506523 0.156936 0.152755 0.239627 0.248624 0.390153 0.265934 0.378426 0.292823 0.441255 0.122837 0.138007 0.253126 0.227884 0.285401 0.149576
 15.000000 0.146509 0.229054 0.242312 0.382683 0.469638 0.440964 0.411654 0.564385 0.661902 0.120619 0.133858 0.249682 0.337119 0.303733 0.297466 0.421916 0.526552 0.223439 0.282857 0.351764 0.285774 0.280016 0.381497 0.465248 0.149723 0.249870 0.259318 0.284907 0.378979 0.505906 0.149579 0.155856 0.237531 0.251420 0.391520 0.253584 0.362826 0.283425 0.427750 0.122597 0.135540 0.250478 0.228116 0.288889 0.147363
 16.000000 0.144111 0.229741 0.243783 0.384531 0.451277 0.452015 0.437297 0.564867 0.666199 0.121972 0.137804 0.258318 0.319379 0.323514 0.334480 0.428227 0.538120 0.226374 0.298102 0.321879 0.329991 0.355311 0.407719 0.509319 0.144962 0.243969 0.249698 0.278756 0.362367 0.485175 0.156394 0.153730 0.237371 0.243307 0.379606 0.258523 0.369689 0.284818 0.432987 0.124916 0.128721 0.237230 0.224297 0.269158 0.148624
 17.000000 0.142587 0.236182 0.228830 0.366400 0.444957 0.445890 0.440451 0.567636 0.687344 0.120486 0.134893 0.248383 0.331843 0.313772 0.322704 0.429642 0.550851 0.222758 0.285161 0.350070 0.303058 0.309353 0.399386 0.506543 0.141046 0.246406 0.252850 0.289506 0.368961 0.502682 0.155801 0.155746 0.241930 0.246118 0.388794 0.262642 0.372701 0.285671 0.435395 0.119746 0.134778 0.250938 0.222464 0.280858 0.150987
 18.000000 0.142457 0.235953 0.226400 0.364528 0.445086 0.437933 0.401010 0.571114 0.670120 0.122996 0.130388 0.246030 0.315179 0.321899 0.308070 0.449725 0.555148 0.222227 0.287268 0.314290 0.337454 0.326146 0.450112 0.544930 0.142849 0.244677 0.253949 0.276438 0.376380 0.497152 0.157838 0.153180 0.236872 0.249355 0.382657 0.264464 0.363980 0.309731 0.444930 0.124980 0.134677 0.243241 0.228941 0.282457 0.141372
 19.000000 0.147398 0.233557 0.240167 0.379480 0.449196 0.463563 0.435535 0.590347 0.700943 0.121758 0.134484 0.249088 0.305423 0.341305 0.331676 0.468035 0.587519 0.225382 0.286234 0.282931 0.371405 0.363469 0.494364 0.612998 0.145564 0.259046 0.242130 0.259636 0.359607 0.483778 0.154771 0.145251 0.225304 0.240861 0.381195 0.247293 0.329603 0.310751 0.450648 0.120748 0.132068 0.248882 0.222930 0.284833 0.148439
 20.000000 0.145045 0.232500 0.233423 0.369883 0.442245 0.443573 0.452225 0.548344 0.641612 0.122450 0.133589 0.243107 0.306263 0.318906 0.330153 0.437174 0.535046 0.227627 0.283367 0.295508 0.339348 0.320342 0.472556 0.556559 0.143489 0.252307 0.246307 0.303949 0.342282 0.460580 0.155801 0.148236 0.238382 0.241843 0.370420 0.253069 0.314111 0.347968 0.465451 0.119189 0.136169 0.233797 0.218701 0.249610 0.143955
 21.000000 0.145657 0.233266 0.232906 0.366798 0.445086 0.442942 0.425701 0.573888 0.668830 0.121938 0.134689 0.241091 0.318443 0.310661 0.306263 0.437580 0.533529 0.229351 0.283256 0.333810 0.310369 0.287420 0.425879 0.498622 0.140592 0.246745 0.252482 0.290197 0.370763 0.489336 0.155374 0.153052 0.241769 0.243559 0.374564 0.258411 0.356417 0.293213 0.420720 0.118882 0.134811 0.237758 0.218945 0.261140 0.142341
 22.000000 0.149429 0.235801 0.245124 0.383625 0.439009 0.447805 0.453912 0.557952 0.656589 0.125319 0.133270 0.247550 0.312170 0.302526 0.326345 0.409139 0.513274 0.226079 0.282860 0.330810 0.281341 0.300576 0.360180 0.441662 0.146253 0.237257 0.253624 0.302572 0.369510 0.494309 0.157737 0.152634 0.247847 0.249588 0.386912 0.259079 0.377546 0.288279 0.431219 0.126495 0.136048 0.247976 0.221914 0.270298 0.145825
 23.000000 0.151625 0.227214 0.256371 0.391201 0.433217 0.473148 0.481499 0.586520 0.699814 0.117132 0.139578 0.253468 0.312811 0.322817 0.340604 0.435215 0.548916 0.224620 0.289272 0.340968 0.306299 0.313705 0.402964 0.500673 0.144187 0.234002 0.258498 0.299555 0.374478 0.498816 0.153118 0.154237 0.241033 0.247067 0.379069 0.258890 0.367745 0.286557 0.428516 0.118878 0.136744 0.241996 0.221781 0.269433 0.142299
 24.000000 0.144934 0.241383 0.228642 0.371307 0.445245 0.461396 0.454310 0.589366 0.698351 0.126206 0.130969 0.246522 0.322585 0.326147 0.332978 0.449895 0.559709 0.225240 0.281817 0.330686 0.317207 0.319415 0.425349 0.519186 0.148115 0.248624 0.266798 0.303587 0.386317 0.510832 0.153825 0.152122 0.241220 0.248099 0.382627 0.248518 0.361498 0.279419 0.419434 0.125340 0.136374 0.244749 0.227477 0.276702 0.143506
 25.000000 0.152447 0.240510 0.236383 0.374301 0.443338 0.445948 0.428994 0.577413 0.684661 0.121824 0.139259 0.252288 0.323853 0.307282 0.303862 0.432183 0.539204 0.236389 0.305608 0.361040 0.311501 0.293464 0.417733 0.502482 0.140897 0.229386 0.251199 0.289415 0.373311 0.501318 0.150300 0.154055 0.244182 0.250617 0.389302 0.258436 0.366651 0.293614 0.434909 0.122646 0.140485 0.253521 0.228022 0.285582 0.145124
 26.000000 0.146554 0.235172 0.245153 0.379768 0.447876 0.454573 0.451545 0.566308 0.660837 0.123604 0.136110 0.247512 0.324748 0.312258 0.324757 0.420108 0.518978 0.223808 0.278255 0.336923 0.293975 0.311007 0.373145 0.455728 0.143346 0.248244 0.250178 0.280259 0.370423 0.485347 0.152634 0.150775 0.232888 0.251223 0.380770 0.254039 0.363684 0.287204 0.429606 0.120623 0.135860 0.239535 0.222081 0.264925 0.142776
 27.000000 0.147739 0.233335 0.238606 0.380445 0.442816 0.466694 0.468906 0.577599 0.685697 0.120241 0.135684 0.251279 0.315793 0.327665 0.328308 0.446710 0.554685 0.226650 0.288889 0.326673 0.324398 0.283415 0.452307 0.541100 0.149228 0.252858 0.257616 0.308308 0.358198 0.483430 0.153251 0.148462 0.237362 0.242609 0.376683 0.245620 0.306990 0.335310 0.458504 0.123102 0.130591 0.241070 0.217177 0.268375 0.141679
 28.000000 0.154561 0.244053 0.243553 0.386464 0.451055 0.477168 0.466551 0.605420 0.710949 0.125463 0.130664 0.249534 0.321526 0.329166 0.329456 0.454592 0.561777 0.223616 0.285787 0.328436 0.322234 0.311968 0.433787 0.527945 0.148007 0.252409 0.264233 0.298114 0.385657 0.505389 0.163242 0.152869 0.240944 0.250657 0.382154 0.259671 0.364387 0.300628 0.439484 0.122943 0.133701 0.241240 0.218584 0.265454 0.141538
 29.000000 0.149456 0.235259 0.240734 0.377490 0.434820 0.462312 0.470141 0.584950 0.703442 0.119223 0.137913 0.247714 0.304239 0.324933 0.332394 0.454455 0.571536 0.227653 0.284710 0.305252 0.327504 0.298915 0.465537 0.566259 0.144520 0.249401 0.251533 0.307275 0.359100 0.489944 0.155496 0.152457 0.243553 0.244232 0.379807 0.255891 0.319125 0.335801 0.456511 0.120967 0.138513 0.249267 0.224506 0.281370 0.141443
 30.000000 0.148489 0.239952 0.235881 0.374712 0.441717 0.451504 0.447805 0.571205 0.673912 0.127240 0.132246 0.246662 0.315063 0.314199 0.311609 0.440420 0.543427 0.230193 0.291873 0.334429 0.315583 0.271415 0.447413 0.526896 0.143182 0.241326 0.249912 0.298424 0.358735 0.483489 0.149803 0.150416 0.242054 0.242516 0.378915 0.252036 0.326780 0.328373 0.457029 0.122119 0.132223 0.240578 0.216883 0.258784 0.147638
 31.000000 0.147258 0.232854 0.235894 0.377433 0.434328 0.461222 0.440784 0.589861 0.692484 0.119088 0.134287 0.252699 0.312483 0.324464 0.315078 0.448621 0.551189 0.224519 0.294552 0.326977 0.326235 0.303997 0.435234 0.519208 0.146363 0.248908 0.250966 0.277188 0.374676 0.493737 0.158496 0.151281 0.241452 0.246236 0.380523 0.258540 0.360730 0.295515 0.431763 0.127534 0.136784 0.243524 0.231765 0.278110 0.144381
 32.000000 0.143363 0.222733 0.237405 0.371131 0.449509 0.435183 0.430303 0.558056 0.664318 0.121602 0.129869 0.241762 0.319817 0.304291 0.322645 0.420001 0.532048 0.223233 0.284376 0.340470 0.300988 0.315219 0.394246 0.487331 0.140446 0.240352 0.249970 0.296570 0.366861 0.495803 0.150247 0.156659 0.251215 0.246516 0.385764 0.261446 0.375866 0.286213 0.426319 0.122053 0.136345 0.249956 0.220738 0.277408 0.143965
 33.000000 0.149680 0.231925 0.243984 0.374448 0.471531 0.431568 0.404130 0.565976 0.673662 0.121807 0.136953 0.245396 0.328933 0.308174 0.310852 0.436235 0.552464 0.230688 0.290699 0.336030 0.317412 0.319158 0.428072 0.530209 0.139180 0.253079 0.248667 0.286547 0.372087 0.503743 0.157956 0.154221 0.245858 0.250212 0.391282 0.252828 0.365237 0.287218 0.425885 0.123572 0.136360 0.255722 0.221066 0.286171 0.144955
 34.000000 0.144156 0.228539 0.234561 0.368209 0.448725 0.438820 0.424705 0.551819 0.645635 0.121528 0.135772 0.241729 0.315752 0.312599 0.326093 0.416141 0.520317 0.230861 0.284538 0.318003 0.324618 0.354045 0.393408 0.486897 0.142678 0.250274 0.255171 0.283558 0.374341 0.495893 0.154396 0.156923 0.238298 0.256355 0.393308 0.258985 0.368589 0.288614 0.436111 0.121906 0.137706 0.247681 0.227390 0.277289 0.148893
 35.000000 0.144544 0.231415 0.237129 0.379402 0.445018 0.450259 0.434545 0.567191 0.671769 0.127664 0.132405 0.249570 0.308059 0.325346 0.337678 0.433586 0.547950 0.231381 0.290408 0.309874 0.332412 0.356343 0.412343 0.515392 0.151334 0.249518 0.261383 0.289698 0.378024 0.504692 0.159050 0.154903 0.239602 0.247253 0.386813 0.267301 0.375391 0.296899 0.443077 0.122662 0.132654 0.245559 0.224078 0.277973 0.148196
 36.000000 0.154742 0.247536 0.238665 0.377336 0.473011 0.440958 0.415359 0.569537 0.657941 0.121363 0.141880 0.256930 0.339915 0.315444 0.313034 0.435923 0.530557 0.234668 0.304592 0.357263 0.328229 0.324409 0.430760 0.511201 0.144101 0.246443 0.252081 0.287712 0.367849 0.483186 0.147408 0.151083 0.240842 0.239429 0.368806 0.244285 0.356483 0.267961 0.406739 0.122421 0.132212 0.231556 0.222106 0.258420 0.141075
 37.000000 0.148388 0.232727 0.244867 0.384246 0.466400 0.455353 0.430963 0.583295 0.679687 0.125352 0.134384 0.254374 0.324373 0.333120 0.338068 0.452873 0.559218 0.228626 0.299475 0.329140 0.349969 0.358805 0.448604 0.543060 0.144295 0.251087 0.254374 0.287522 0.375794 0.496884 0.156058 0.156163 0.247875 0.251265 0.386785 0.260954 0.373074 0.295317 0.435230 0.127157 0.134049 0.243688 0.224526 0.271634 0.144447
 38.000000 0.150788 0.236846 0.233414 0.374735 0.444092 0.473333 0.475062 0.591635 0.712324 0.121889 0.128752 0.245595 0.311456 0.336632 0.338604 0.462360 0.581855 0.224094 0.290259 0.317002 0.347902 0.315804 0.482178 0.587202 0.146417 0.257107 0.260058 0.306101 0.367861 0.497713 0.154693 0.157753 0.248238 0.250970 0.386246 0.251996 0.324336 0.329985 0.451161 0.127279 0.134863 0.247923 0.228569 0.289631 0.139678
 39.000000 0.147489 0.234497 0.236199 0.374414 0.450141 0.450029 0.425171 0.584610 0.683542 0.121975 0.132887 0.244608 0.313710 0.319983 0.315082 0.451435 0.557973 0.225497 0.281729 0.317185 0.319958 0.304071 0.443572 0.538253 0.145417 0.248638 0.257375 0.291668 0.377689 0.498587 0.151318 0.154409 0.246528 0.247182 0.383065 0.252581 0.356417 0.298057 0.440929 0.126925 0.137058 0.243362 0.230692 0.272945 0.147648
 40.000000 0.150529 0.237506 0.235894 0.380134 0.455812 0.454209 0.432207 0.584196 0.689136 0.123475 0.133210 0.254859 0.323286 0.322517 0.317408 0.447801 0.554308 0.230506 0.305446 0.341324 0.332221 0.316433 0.444797 0.531165 0.146881 0.249630 0.257399 0.288404 0.376820 0.501822 0.162631 0.158524 0.245098 0.249225 0.386017 0.266475 0.366134 0.306669 0.436360 0.118933 0.132405 0.245314 0.216393 0.275474 0.142141
