#! FIELDS time phi psi
#! SET min_phi -pi
#! SET max_phi pi
#! SET min_psi -pi
#! SET max_psi pi
 0.000000 -0.820008 2.246340
 1.000000 -0.979946 2.525251
 2.000000 -0.885927 2.099785
 3.000000 -0.492086 1.886134
 4.000000 -1.161421 2.807878
 5.000000 -1.823976 3.001338
 6.000000 -1.122481 2.663162
 7.000000 -1.292649 2.588446
 8.000000 -0.969692 2.430978
 9.000000 -1.101404 2.718511
 10.000000 -0.968194 2.564696
 11.000000 -1.278420 2.449207
 12.000000 -1.709519 2.823933
 13.000000 -1.059793 2.422311
 14.000000 -1.113187 2.406441
 15.000000 -1.095453 2.358648
 16.000000 -1.547739 2.336708
 17.000000 -1.928771 2.790553
 18.000000 -1.509020 2.787447
 19.000000 -1.172858 2.632808
 20.000000 -0.617923 2.357686
 21.000000 -1.420373 2.553724
 22.000000 -1.196174 2.173923
 23.000000 -1.308663 2.493900
 24.000000 -1.281747 2.743969
 25.000000 -0.736208 2.404026
 26.000000 -1.177254 2.538846
 27.000000 -1.033635 2.681288
 28.000000 -1.203523 2.623356
 29.000000 -1.964613 2.297566
 30.000000 -2.149716 2.739328
 31.000000 -2.709418 2.764111
 32.000000 -2.964749 2.726818
 33.000000 -2.467594 2.418867
 34.000000 -2.476921 2.594007
 35.000000 -1.737579 2.707637
 36.000000 -1.937456 2.500280
 37.000000 -1.064433 2.304930
 38.000000 -1.348076 2.929698
 39.000000 -1.279664 -3.140063
 40.000000 -0.997803 2.459988
