#! FIELDS time phi psi
#! SET min_phi -pi
#! SET max_phi pi
#! SET min_psi -pi
#! SET max_psi pi
 0.000000 0.986828 -1.770829
 1.000000 0.975590 -2.087359
 2.000000 0.746699 -2.101731
 3.000000 0.884943 -2.435047
 4.000000 1.311745 -2.252929
 5.000000 0.978057 -2.779549
 6.000000 0.755338 -2.582462
 7.000000 0.924430 -2.903160
 8.000000 0.958292 -2.709533
 9.000000 0.902437 -2.644832
 10.000000 0.949167 -2.648866
 11.000000 0.730925 -2.729627
 12.000000 0.801455 -2.724757
 13.000000 0.793543 2.881367
 14.000000 1.047884 -2.819724
 15.000000 1.250331 -2.907678
 16.000000 0.689352 -2.464448
 17.000000 0.976876 -2.523561
 18.000000 0.766536 -2.491476
 19.000000 0.745298 -3.022205
 20.000000 0.957416 -3.081608
 21.000000 0.912436 -2.489587
 22.000000 0.975258 -2.727257
 23.000000 1.224661 -2.976795
 24.000000 1.366168 2.510327
 25.000000 1.588282 3.047332
 26.000000 1.034474 2.767329
 27.000000 1.339571 2.157375
 28.000000 1.199651 2.996253
 29.000000 0.987355 -2.543325
 30.000000 1.122885 2.554891
 31.000000 0.938847 -3.068842
 32.000000 0.371910 -2.514650
 33.000000 0.798283 -2.852572
 34.000000 1.307392 -3.139826
 35.000000 0.807903 -2.486243
 36.000000 0.899582 -2.634611
 37.000000 0.734606 -2.785326
 38.000000 0.814790 -2.874127
 39.000000 1.173142 -2.804004
 40.000000 1.050966 -2.618725
