#! FIELDS time pair1 pair2 pair3 pair4 pair5 pair6 pair7 pair8 pair9 pair10 pair11 pair12 pair13 pair14 pair15 pair16 pair17 pair18 pair19 pair20 pair21 pair22 pair23 pair24 pair25 pair26 pair27 pair28 pair29 pair30 pair31 pair32 pair33 pair34 pair35 pair36 pair37 pair38 pair39 pair40 pair41 pair42 pair43 pair44 pair45
 0.000000 0.153209 0.237070 0.248038 0.380610 0.437745 0.467450 0.576192 0.455987 0.564357 0.120818 0.132431 0.241580 0.311535 0.317758 0.423526 0.320757 0.440243 0.219729 0.273090 0.325043 0.303158 0.390591 0.302076 0.400396 0.142559 0.247026 0.251853 0.362284 0.279848 0.419132 0.155657 0.146578 0.234600 0.236550 0.379077 0.252079 0.276470 0.368170 0.500654 0.124756 0.132804 0.254947 0.228379 0.303608 0.144758
 1.000000 0.152358 0.238650 0.241994 0.387253 0.442625 0.473154 0.585158 0.458286 0.579172 0.121083 0.133049 0.255648 0.304164 0.335699 0.440539 0.342171 0.471199 0.223215 0.295575 0.301412 0.342323 0.426129 0.355336 0.468685 0.149673 0.252155 0.253752 0.365799 0.276356 0.417470 0.157302 0.154874 0.242295 0.241547 0.377864 0.251909 0.282523 0.361238 0.484757 0.122495 0.127440 0.238686 0.217913 0.271444 0.142836
 2.000000 0.145014 0.230367 0.229726 0.373686 0.445678 0.453708 0.573433 0.416438 0.527911 0.121054 0.129526 0.248040 0.312701 0.325923 0.441787 0.311185 0.434570 0.223966 0.290189 0.310081 0.342079 0.445033 0.331273 0.436886 0.148745 0.255129 0.254788 0.367463 0.271906 0.411939 0.154447 0.152296 0.239692 0.241545 0.378823 0.251360 0.292770 0.359486 0.483186 0.121417 0.135610 0.246854 0.226954 0.286138 0.142699
 3.000000 0.148735 0.233540 0.236326 0.370149 0.437517 0.460891 0.578015 0.438394 0.559030 0.122004 0.130131 0.237297 0.306804 0.321910 0.434551 0.319213 0.450050 0.224029 0.276049 0.315008 0.319213 0.417054 0.313975 0.427174 0.141315 0.243136 0.263268 0.373037 0.292385 0.435552 0.153418 0.158777 0.245652 0.246939 0.385779 0.258590 0.292776 0.369483 0.497134 0.123260 0.132699 0.245510 0.225827 0.283990 0.144340
 4.000000 0.148142 0.235213 0.238646 0.376358 0.446474 0.459566 0.564917 0.454282 0.566952 0.123923 0.131004 0.244010 0.304613 0.331549 0.427744 0.358589 0.478453 0.223788 0.279975 0.297405 0.336051 0.403210 0.379817 0.478801 0.145000 0.249052 0.260425 0.368992 0.298670 0.435352 0.154577 0.155035 0.244471 0.251223 0.381583 0.253405 0.277244 0.380004 0.492179 0.125180 0.139388 0.241806 0.231316 0.275042 0.140751
 5.000000 0.152371 0.235276 0.242299 0.384423 0.446818 0.474303 0.595821 0.443407 0.564031 0.123280 0.132438 0.250926 0.310295 0.333062 0.451120 0.317142 0.446670 0.228609 0.296415 0.309679 0.344174 0.449356 0.320251 0.429041 0.147432 0.257626 0.258894 0.374376 0.279104 0.423502 0.162859 0.157003 0.247356 0.244971 0.384180 0.254199 0.297109 0.352874 0.475190 0.124776 0.133285 0.244990 0.226526 0.279988 0.145880
 6.000000 0.149285 0.232571 0.242988 0.387342 0.454986 0.454855 0.520824 0.512470 0.614069 0.121182 0.137408 0.259241 0.345378 0.307133 0.373213 0.373498 0.477130 0.230404 0.304114 0.389077 0.291716 0.326829 0.353655 0.428108 0.149375 0.246696 0.254476 0.345504 0.329214 0.457753 0.153016 0.155400 0.247318 0.254882 0.387790 0.260509 0.291716 0.383600 0.503886 0.127322 0.138398 0.247382 0.227088 0.278555 0.140100
 7.000000 0.147072 0.229628 0.243812 0.376643 0.423790 0.464994 0.567067 0.460360 0.578876 0.121116 0.134841 0.245858 0.301141 0.323631 0.420910 0.338321 0.461442 0.224885 0.284747 0.310704 0.319590 0.392536 0.342675 0.440284 0.141732 0.243578 0.253131 0.360701 0.283639 0.426569 0.155609 0.159383 0.243961 0.252624 0.389334 0.263752 0.288425 0.384922 0.505192 0.123653 0.139843 0.246345 0.235342 0.284932 0.146949
 8.000000 0.145722 0.234278 0.241201 0.376356 0.439783 0.448306 0.556973 0.427665 0.537775 0.126099 0.136956 0.248715 0.309247 0.316760 0.417962 0.323286 0.441435 0.232332 0.292687 0.319670 0.323812 0.396869 0.338238 0.430581 0.140734 0.237118 0.247818 0.358744 0.282519 0.421557 0.149937 0.152309 0.242724 0.250505 0.383956 0.255192 0.288704 0.377571 0.496053 0.123972 0.140068 0.247318 0.228048 0.276805 0.142650
 9.000000 0.154470 0.237683 0.247111 0.383621 0.445622 0.457876 0.531479 0.470091 0.574816 0.120358 0.137073 0.244773 0.304825 0.317914 0.383303 0.358414 0.473164 0.227299 0.278040 0.315585 0.307716 0.337059 0.365575 0.457369 0.146181 0.241866 0.257880 0.349963 0.296442 0.434268 0.151756 0.153919 0.236734 0.239288 0.378479 0.260517 0.282179 0.375820 0.502739 0.120963 0.131590 0.242580 0.226813 0.283706 0.146223
 10.000000 0.152132 0.236789 0.247105 0.393937 0.480886 0.457569 0.527521 0.484667 0.583520 0.124904 0.132518 0.260242 0.359237 0.307774 0.375838 0.347451 0.451034 0.225774 0.304925 0.403577 0.293898 0.332579 0.326771 0.395450 0.149282 0.251217 0.247560 0.335519 0.304875 0.436611 0.152463 0.143844 0.236783 0.231499 0.370472 0.242994 0.274571 0.359089 0.484490 0.123114 0.131738 0.244035 0.221824 0.274922 0.146171
 11.000000 0.151934 0.238088 0.246595 0.390689 0.460575 0.482853 0.593971 0.472856 0.602685 0.123847 0.137670 0.259249 0.310974 0.365047 0.466568 0.387259 0.527403 0.231298 0.303645 0.292727 0.410079 0.491418 0.452430 0.586003 0.147713 0.258600 0.251750 0.360704 0.281855 0.430120 0.156911 0.151225 0.235448 0.246351 0.388062 0.257833 0.285105 0.374128 0.500509 0.118781 0.132099 0.249425 0.215520 0.273839 0.149616
 12.000000 0.148381 0.230176 0.241696 0.376001 0.425559 0.448502 0.519119 0.490830 0.601190 0.121811 0.130836 0.240699 0.297405 0.306185 0.373311 0.367615 0.483419 0.222729 0.277255 0.306186 0.297004 0.323192 0.374576 0.464056 0.142485 0.235342 0.251879 0.347334 0.311080 0.450941 0.157360 0.152096 0.244657 0.243239 0.384310 0.259848 0.288203 0.379986 0.504197 0.125722 0.131529 0.244873 0.221463 0.268740 0.150980
 13.000000 0.146305 0.231541 0.234644 0.380770 0.466667 0.451125 0.508116 0.488374 0.590494 0.119524 0.131495 0.253478 0.346495 0.309792 0.362382 0.363200 0.469372 0.221642 0.291007 0.377954 0.291062 0.307826 0.347284 0.424476 0.150838 0.250607 0.259091 0.340338 0.319864 0.451886 0.153062 0.149265 0.241988 0.235119 0.373461 0.247168 0.284018 0.359757 0.484782 0.123782 0.129819 0.241514 0.220207 0.271921 0.144948
 14.000000 0.150616 0.235790 0.248051 0.389873 0.469142 0.462481 0.561165 0.458744 0.575998 0.119482 0.137128 0.256402 0.340072 0.318525 0.412227 0.336254 0.459479 0.221901 0.289147 0.358001 0.299723 0.370485 0.319680 0.417130 0.146854 0.253734 0.255840 0.359470 0.295003 0.438206 0.155470 0.154745 0.241456 0.248839 0.386343 0.255118 0.280688 0.381798 0.502464 0.118089 0.138495 0.247457 0.222144 0.272246 0.146826
 15.000000 0.152463 0.236392 0.240235 0.381896 0.443308 0.474891 0.588792 0.470855 0.597122 0.122679 0.134432 0.252772 0.301046 0.347644 0.451443 0.371410 0.504343 0.231495 0.303654 0.304504 0.380849 0.461178 0.418188 0.537983 0.144658 0.243822 0.252761 0.366438 0.286435 0.430374 0.149134 0.147642 0.240410 0.241282 0.379381 0.245994 0.278514 0.365133 0.488927 0.125559 0.132834 0.246215 0.221892 0.274698 0.145475
 16.000000 0.155541 0.244610 0.245353 0.383727 0.433066 0.476224 0.576307 0.481648 0.597685 0.126036 0.132623 0.250178 0.297891 0.337224 0.427936 0.368651 0.489639 0.227539 0.295371 0.297815 0.356484 0.416178 0.407084 0.509122 0.145086 0.252290 0.244649 0.353454 0.277527 0.416237 0.162018 0.154276 0.246495 0.248847 0.387614 0.272123 0.307750 0.393796 0.518792 0.122168 0.136850 0.249796 0.220764 0.273571 0.146486
 17.000000 0.147397 0.228112 0.240749 0.373891 0.447145 0.436492 0.527876 0.440548 0.553872 0.121363 0.134127 0.241607 0.307653 0.307199 0.390637 0.344084 0.465031 0.227427 0.282837 0.309239 0.316875 0.364859 0.375155 0.474890 0.141188 0.253705 0.234531 0.340660 0.270492 0.409148 0.153617 0.147000 0.236193 0.240329 0.371688 0.250266 0.274469 0.374785 0.489075 0.122385 0.136004 0.238933 0.225524 0.267931 0.142583
 18.000000 0.144271 0.232106 0.234030 0.377080 0.459916 0.449278 0.567480 0.437505 0.567871 0.120785 0.132778 0.252913 0.337089 0.317290 0.429565 0.327855 0.464416 0.222304 0.291328 0.347831 0.320228 0.413283 0.338547 0.461030 0.146871 0.255439 0.250801 0.362635 0.287404 0.430402 0.158133 0.150273 0.234629 0.246905 0.376660 0.261664 0.282661 0.384983 0.501850 0.126732 0.134551 0.240310 0.229541 0.275242 0.143196
 19.000000 0.148223 0.228858 0.242763 0.381279 0.447938 0.464492 0.576033 0.443238 0.556520 0.117669 0.131901 0.246402 0.318569 0.322411 0.430154 0.321419 0.446028 0.217940 0.277067 0.324000 0.310376 0.399092 0.318302 0.426046 0.146690 0.249323 0.262074 0.373532 0.281301 0.421802 0.151043 0.159502 0.249187 0.240653 0.379675 0.257490 0.294051 0.369134 0.497983 0.120984 0.130908 0.242961 0.221418 0.278914 0.143314
 20.000000 0.143809 0.233985 0.238130 0.380975 0.443804 0.470146 0.582027 0.457965 0.578517 0.123175 0.134093 0.255564 0.314533 0.341500 0.446128 0.353979 0.481951 0.222425 0.291618 0.317659 0.343893 0.426481 0.370039 0.483443 0.146894 0.247293 0.258525 0.370082 0.283672 0.422812 0.152729 0.155554 0.245041 0.241789 0.375089 0.258397 0.290917 0.374318 0.496482 0.123523 0.133405 0.239218 0.226581 0.276429 0.140293
 21.000000 0.147652 0.230178 0.241143 0.378517 0.443931 0.462828 0.560550 0.454239 0.559943 0.120578 0.134242 0.246686 0.314538 0.322585 0.414672 0.334768 0.449703 0.225251 0.283699 0.316173 0.322264 0.384018 0.347720 0.441078 0.145220 0.250258 0.257643 0.365582 0.285354 0.423403 0.151657 0.155284 0.247570 0.242623 0.382532 0.248783 0.277653 0.368030 0.493286 0.123345 0.133757 0.248262 0.223394 0.281780 0.144931
 22.000000 0.144727 0.228563 0.238807 0.381335 0.443119 0.476210 0.589199 0.463047 0.580060 0.122421 0.135835 0.259102 0.314213 0.353675 0.458001 0.364202 0.487502 0.230139 0.310002 0.329037 0.382368 0.465216 0.400305 0.506475 0.144613 0.240768 0.259355 0.370850 0.290420 0.429210 0.150446 0.157556 0.248071 0.249642 0.384788 0.265643 0.303191 0.380480 0.503273 0.123495 0.133510 0.243676 0.220713 0.272435 0.141877
 23.000000 0.144298 0.234139 0.231679 0.374319 0.447863 0.453327 0.566189 0.431771 0.546331 0.124535 0.132533 0.250338 0.313211 0.331712 0.437170 0.339626 0.465210 0.228477 0.292947 0.314929 0.345830 0.427227 0.364677 0.474663 0.148000 0.248849 0.259488 0.372973 0.288945 0.428188 0.150645 0.154810 0.248799 0.247453 0.382478 0.253618 0.294121 0.371824 0.494935 0.121758 0.134741 0.245082 0.216310 0.268011 0.140933
 24.000000 0.143812 0.237836 0.231787 0.369654 0.429308 0.454638 0.548850 0.466362 0.591038 0.122939 0.132261 0.245833 0.298763 0.330645 0.415025 0.371599 0.501201 0.220846 0.278772 0.287300 0.341833 0.393921 0.411434 0.529366 0.142776 0.241077 0.249634 0.352331 0.285382 0.424901 0.146523 0.156218 0.242273 0.241872 0.374243 0.258560 0.289318 0.373739 0.493981 0.119348 0.132627 0.237390 0.221824 0.270477 0.140776
 25.000000 0.141707 0.218367 0.234583 0.377791 0.464944 0.444751 0.445200 0.552295 0.637443 0.120470 0.126965 0.250697 0.330829 0.320189 0.324435 0.440022 0.535421 0.220320 0.296159 0.339513 0.335678 0.300498 0.467712 0.549336 0.148906 0.254841 0.256025 0.308191 0.361080 0.477756 0.152227 0.152558 0.243123 0.250627 0.383747 0.248879 0.312599 0.342793 0.472816 0.123786 0.136096 0.244217 0.221280 0.267314 0.144236
 26.000000 0.150270 0.241014 0.238147 0.377495 0.458960 0.442351 0.542892 0.436785 0.545499 0.122544 0.138344 0.251438 0.321106 0.317775 0.406342 0.345824 0.463170 0.231011 0.293779 0.314051 0.342137 0.397848 0.391853 0.492493 0.144187 0.256418 0.241715 0.347161 0.282136 0.419882 0.162154 0.145196 0.230758 0.243879 0.378274 0.260281 0.277941 0.385944 0.504980 0.122756 0.134830 0.246100 0.223432 0.278815 0.142457
 27.000000 0.147177 0.233944 0.228581 0.368745 0.442264 0.447765 0.545028 0.431760 0.542517 0.123568 0.130015 0.243688 0.303331 0.326934 0.413072 0.343914 0.465176 0.229402 0.291796 0.304662 0.346769 0.401290 0.380350 0.481998 0.145465 0.251297 0.257709 0.360667 0.284593 0.424727 0.159393 0.156314 0.242844 0.241423 0.379828 0.261630 0.284051 0.376219 0.498880 0.121017 0.130004 0.240950 0.220581 0.274117 0.145066
 28.000000 0.148489 0.234286 0.245147 0.388013 0.451816 0.445485 0.555516 0.414041 0.526103 0.119436 0.136565 0.253573 0.311864 0.316904 0.420869 0.318966 0.446289 0.220188 0.279703 0.287545 0.330734 0.410846 0.358249 0.475919 0.151911 0.252952 0.249924 0.360612 0.273498 0.414488 0.157594 0.156291 0.240441 0.250839 0.385415 0.273414 0.310574 0.388325 0.514771 0.118739 0.135333 0.244937 0.220227 0.274454 0.142313
 29.000000 0.147394 0.241834 0.232093 0.373119 0.458633 0.450647 0.567102 0.441982 0.553083 0.126051 0.131902 0.246708 0.321989 0.325315 0.432273 0.348209 0.468803 0.227286 0.285933 0.316158 0.336849 0.416712 0.379294 0.482495 0.146003 0.260575 0.253298 0.368437 0.287143 0.425175 0.157347 0.153039 0.244051 0.246694 0.382519 0.254549 0.278174 0.379247 0.499965 0.128320 0.135422 0.246491 0.230341 0.286070 0.142046
 30.000000 0.150536 0.232783 0.237769 0.374697 0.435833 0.448934 0.562040 0.431210 0.552980 0.120287 0.131107 0.242002 0.296346 0.314650 0.420557 0.327541 0.457880 0.224931 0.284074 0.293002 0.327576 0.406144 0.358622 0.471868 0.142996 0.246219 0.245120 0.363022 0.269581 0.413063 0.152368 0.152066 0.249401 0.242062 0.377027 0.249968 0.290684 0.368958 0.490172 0.126242 0.136169 0.242176 0.225767 0.267951 0.144392
 31.000000 0.149429 0.235308 0.239184 0.384277 0.439934 0.473913 0.589174 0.466122 0.597117 0.122560 0.133116 0.259319 0.316501 0.338708 0.449512 0.345365 0.481618 0.226789 0.308372 0.338763 0.354189 0.451413 0.354454 0.475375 0.148412 0.245082 0.251450 0.362438 0.285855 0.430242 0.149215 0.151344 0.234987 0.251831 0.386686 0.256316 0.289872 0.374638 0.499581 0.121959 0.136360 0.247409 0.223464 0.276769 0.144807
 32.000000 0.147224 0.234226 0.239696 0.380429 0.458907 0.443029 0.539714 0.435092 0.544893 0.123907 0.134287 0.250298 0.315789 0.322403 0.409649 0.351013 0.472544 0.228070 0.289469 0.301188 0.344112 0.396461 0.399075 0.506568 0.147621 0.260910 0.245937 0.353504 0.279007 0.416436 0.157892 0.153821 0.242217 0.247816 0.380120 0.258664 0.279390 0.383026 0.500093 0.125268 0.135669 0.241773 0.228582 0.277896 0.140535
 33.000000 0.146048 0.230096 0.240140 0.383089 0.448068 0.461963 0.581210 0.431985 0.543773 0.120872 0.139259 0.256829 0.306047 0.341959 0.453690 0.343478 0.469328 0.232334 0.299955 0.292734 0.368958 0.461239 0.385304 0.500777 0.148654 0.258004 0.249177 0.366243 0.268104 0.406593 0.155782 0.155322 0.245540 0.248447 0.384427 0.249778 0.287037 0.364047 0.488103 0.124527 0.137583 0.248904 0.229081 0.287218 0.141145
 34.000000 0.150107 0.237059 0.244199 0.383205 0.448108 0.451721 0.554009 0.443114 0.568728 0.121741 0.136195 0.249812 0.312661 0.310985 0.406908 0.327105 0.461301 0.225668 0.284065 0.309771 0.304422 0.371646 0.328318 0.440947 0.145853 0.250116 0.248212 0.356476 0.288338 0.439085 0.154929 0.148721 0.237424 0.251193 0.394690 0.241688 0.263585 0.371765 0.498638 0.122515 0.141372 0.260328 0.226566 0.287292 0.152062
 35.000000 0.143868 0.233054 0.237607 0.376282 0.437541 0.457801 0.566395 0.452133 0.561128 0.123815 0.136839 0.254547 0.327099 0.319828 0.424525 0.325389 0.435828 0.229497 0.298459 0.353435 0.316528 0.399761 0.312976 0.390062 0.143600 0.245318 0.249341 0.360341 0.288134 0.422642 0.155325 0.149365 0.239773 0.249696 0.378488 0.255503 0.286826 0.379939 0.488280 0.122935 0.138282 0.242180 0.222160 0.264299 0.142311
 36.000000 0.146680 0.235066 0.230063 0.372259 0.452311 0.445409 0.512906 0.495912 0.601889 0.125072 0.133484 0.248689 0.324015 0.318305 0.376072 0.395891 0.505135 0.234293 0.299208 0.344333 0.334414 0.348180 0.432228 0.519987 0.146711 0.255405 0.248697 0.342479 0.314360 0.444406 0.154363 0.151374 0.247984 0.247641 0.380164 0.261078 0.305752 0.378859 0.498567 0.126420 0.137957 0.243120 0.224451 0.265437 0.142587
 37.000000 0.145069 0.231763 0.239485 0.378241 0.442975 0.437340 0.523330 0.438340 0.541137 0.126115 0.134833 0.248284 0.309299 0.306681 0.385190 0.336905 0.450085 0.231631 0.289569 0.310736 0.314407 0.352996 0.365866 0.453856 0.146550 0.248616 0.242835 0.345744 0.278856 0.418325 0.155708 0.148371 0.237920 0.239316 0.378625 0.256470 0.280943 0.376671 0.499650 0.124378 0.132325 0.244272 0.224379 0.274479 0.148866
 38.000000 0.143677 0.225923 0.237112 0.380739 0.452135 0.467402 0.561795 0.479214 0.596262 0.117992 0.140460 0.262878 0.347565 0.329912 0.419763 0.352716 0.470593 0.232175 0.312207 0.388797 0.330427 0.396982 0.350007 0.438780 0.146683 0.247415 0.260252 0.362659 0.303868 0.446283 0.153681 0.154204 0.245336 0.245039 0.387403 0.256166 0.286573 0.378669 0.506220 0.121610 0.135333 0.250068 0.221815 0.276179 0.149963
 39.000000 0.144070 0.237611 0.234992 0.375721 0.431306 0.453425 0.562372 0.443520 0.571046 0.125678 0.133959 0.250188 0.307345 0.319052 0.421248 0.327545 0.460749 0.225996 0.285897 0.324176 0.305904 0.384371 0.308922 0.419858 0.146140 0.233730 0.255803 0.365268 0.292782 0.438704 0.151529 0.147330 0.237798 0.239904 0.376680 0.249377 0.276357 0.364553 0.488050 0.127616 0.129961 0.241648 0.223647 0.273708 0.146322
 40.000000 0.145812 0.235293 0.239238 0.381446 0.472055 0.447180 0.533257 0.455564 0.557337 0.123750 0.133184 0.251098 0.340554 0.313415 0.393388 0.348060 0.460645 0.222612 0.283256 0.344794 0.302954 0.345543 0.359744 0.453200 0.148721 0.271048 0.248026 0.352868 0.279750 0.412759 0.165279 0.151324 0.246929 0.231616 0.368163 0.263754 0.296113 0.377268 0.501582 0.123778 0.130111 0.239756 0.222027 0.275554 0.140776
