#! FIELDS time phi psi
#! SET min_phi -pi
#! SET max_phi pi
#! SET min_psi -pi
#! SET max_psi pi
 0.000000 1.032997 0.877231
 1.000000 1.132837 0.641949
 2.000000 1.368755 0.739417
 3.000000 1.678400 0.489541
 4.000000 1.311538 0.302194
 5.000000 0.939430 0.913667
 6.000000 1.183125 0.237700
 7.000000 1.086563 0.440533
 8.000000 1.201623 0.562207
 9.000000 1.159656 0.432086
 10.000000 1.342590 0.664286
 11.000000 0.678384 0.680026
 12.000000 1.447703 0.390409
 13.000000 1.280253 0.254299
 14.000000 1.243604 0.270479
 15.000000 1.477309 0.497048
 16.000000 1.263820 0.316878
 17.000000 1.338324 0.303199
 18.000000 1.344537 0.426363
 19.000000 1.281584 -0.000047
 20.000000 1.302857 -0.162629
 21.000000 1.109318 0.428648
 22.000000 1.514960 0.479945
 23.000000 1.386393 0.493310
 24.000000 1.291713 0.531510
 25.000000 1.322570 0.612096
 26.000000 1.529703 0.614043
 27.000000 1.114726 0.366220
 28.000000 1.208071 0.295446
 29.000000 1.206696 0.462268
 30.000000 0.649343 1.168428
 31.000000 0.822335 1.070855
 32.000000 0.950652 0.517789
 33.000000 1.405796 0.418926
 34.000000 1.395256 0.498516
 35.000000 1.581107 0.625027
 36.000000 1.035683 0.540319
 37.000000 1.037660 0.431399
 38.000000 1.265024 0.213134
 39.000000 1.462068 0.694886
 40.000000 1.186289 0.430434
