#! FIELDS time phi psi
#! SET min_phi -pi
#! SET max_phi pi
#! SET min_psi -pi
#! SET max_psi pi
 0.000000 1.001364 1.260965
 1.000000 1.249714 0.497313
 2.000000 1.130380 0.238630
 3.000000 1.433861 0.395012
 4.000000 1.306808 0.540860
 5.000000 0.711619 0.899308
 6.000000 0.772086 0.543951
 7.000000 0.817838 0.967066
 8.000000 0.826406 0.552179
 9.000000 1.911500 0.324232
 10.000000 1.352566 0.499958
 11.000000 1.547288 0.431277
 12.000000 1.256938 0.383027
 13.000000 1.242465 0.637504
 14.000000 1.163432 0.120773
 15.000000 1.115558 0.343196
 16.000000 1.462119 0.696681
 17.000000 1.340621 0.164680
 18.000000 1.492357 -0.166318
 19.000000 1.159749 1.898525
 20.000000 1.313414 1.764523
 21.000000 1.018136 1.027959
 22.000000 1.250249 0.793822
 23.000000 0.742698 1.078632
 24.000000 1.224447 0.546794
 25.000000 1.152521 0.578269
 26.000000 1.382232 0.324438
 27.000000 1.213530 0.452234
 28.000000 1.309830 0.649940
 29.000000 1.222634 0.430506
 30.000000 1.405537 0.770785
 31.000000 1.463250 0.495336
 32.000000 1.217175 0.081313
 33.000000 1.237699 0.334780
 34.000000 1.206295 0.692017
 35.000000 1.321732 0.193219
 36.000000 1.301853 1.285944
 37.000000 1.299545 0.631824
 38.000000 1.704662 0.458005
 39.000000 0.458485 1.145149
 40.000000 1.342008 0.664395
