#! FIELDS time pair1 pair2 pair3 pair4 pair5 pair6 pair7 pair8 pair9 pair10 pair11 pair12 pair13 pair14 pair15 pair16 pair17 pair18 pair19 pair20 pair21 pair22 pair23 pair24 pair25 pair26 pair27 pair28 pair29 pair30 pair31 pair32 pair33 pair34 pair35 pair36 pair37 pair38 pair39 pair40 pair41 pair42 pair43 pair44 pair45
 0.000000 0.144565 0.235398 0.235985 0.381032 0.476489 0.449832 0.442409 0.555476 0.658621 0.125072 0.136960 0.260227 0.379875 0.328983 0.350144 0.422651 0.532757 0.231579 0.306028 0.446119 0.338970 0.374334 0.399356 0.493750 0.148000 0.248034 0.254492 0.286683 0.364162 0.489912 0.151687 0.162647 0.245249 0.251996 0.390290 0.271785 0.339909 0.346019 0.480086 0.122233 0.131841 0.245634 0.224938 0.286951 0.142962
 1.000000 0.153717 0.235232 0.244078 0.385079 0.475372 0.463730 0.460071 0.577347 0.677523 0.119076 0.132834 0.250972 0.366815 0.338628 0.365503 0.440097 0.551055 0.223128 0.292178 0.429523 0.363920 0.405486 0.434937 0.539413 0.145183 0.240042 0.251118 0.288702 0.367622 0.488970 0.155531 0.152296 0.243777 0.246345 0.382719 0.246982 0.323989 0.326806 0.457917 0.123244 0.135181 0.244949 0.221253 0.268844 0.145582
 2.000000 0.152755 0.242157 0.241425 0.384056 0.481002 0.474528 0.474799 0.589699 0.699332 0.124988 0.133768 0.252779 0.358024 0.364589 0.399848 0.467124 0.589836 0.227802 0.296545 0.389988 0.421703 0.483589 0.498350 0.629592 0.147719 0.251796 0.254218 0.287952 0.371119 0.490922 0.160162 0.150300 0.240925 0.242524 0.374194 0.249732 0.334056 0.313506 0.435239 0.124623 0.134067 0.238837 0.224991 0.270570 0.140773
 3.000000 0.149188 0.234406 0.244949 0.374258 0.429988 0.480609 0.487971 0.596062 0.710658 0.122446 0.135532 0.239942 0.308851 0.365097 0.403664 0.469158 0.595318 0.226155 0.274927 0.327142 0.417910 0.484283 0.498139 0.634648 0.140986 0.243150 0.237101 0.268395 0.353273 0.471994 0.152476 0.153271 0.242101 0.246189 0.382668 0.250322 0.323534 0.328786 0.461274 0.124744 0.134242 0.243793 0.225996 0.275213 0.145719
 4.000000 0.143140 0.231419 0.236599 0.371922 0.436844 0.484283 0.492450 0.607555 0.724975 0.123410 0.135904 0.242918 0.315839 0.373102 0.409534 0.485685 0.612226 0.228534 0.276081 0.338263 0.419553 0.479708 0.510631 0.644892 0.146400 0.239596 0.250984 0.282085 0.372757 0.491925 0.147902 0.155904 0.248050 0.247251 0.381310 0.244534 0.346367 0.287510 0.420688 0.125399 0.134421 0.241124 0.225122 0.271378 0.142218
 5.000000 0.142639 0.226497 0.234369 0.371790 0.453884 0.448421 0.425098 0.580035 0.683551 0.124077 0.131989 0.243651 0.341064 0.340589 0.349374 0.464537 0.580922 0.228819 0.284867 0.392655 0.389818 0.416304 0.494712 0.613431 0.146332 0.234064 0.235979 0.256946 0.364376 0.483910 0.155110 0.148691 0.237217 0.246935 0.384117 0.248028 0.342139 0.309493 0.447103 0.122919 0.135019 0.248699 0.220184 0.274507 0.145427
 6.000000 0.148879 0.235272 0.245620 0.382399 0.485458 0.449362 0.442836 0.560446 0.665262 0.123629 0.137899 0.250723 0.376578 0.306498 0.318523 0.412244 0.520359 0.227095 0.289030 0.436224 0.299668 0.317801 0.375847 0.465537 0.143255 0.246453 0.255885 0.299568 0.365466 0.494563 0.152450 0.154780 0.245538 0.245383 0.383920 0.247810 0.320678 0.320746 0.450224 0.127272 0.135374 0.247172 0.231836 0.287085 0.145003
 7.000000 0.150013 0.235017 0.242707 0.381640 0.476732 0.453839 0.451638 0.561030 0.664918 0.123697 0.135716 0.249882 0.371016 0.314614 0.334002 0.413292 0.521340 0.230855 0.293615 0.437605 0.317091 0.343983 0.383996 0.474819 0.144548 0.239111 0.253561 0.291537 0.364122 0.488634 0.150871 0.154742 0.242326 0.243990 0.379090 0.251485 0.320602 0.327702 0.454965 0.123495 0.137208 0.243955 0.232398 0.285330 0.142077
 8.000000 0.151440 0.241284 0.246499 0.375891 0.487531 0.430297 0.427882 0.540333 0.643849 0.124860 0.133019 0.238998 0.370794 0.297997 0.326137 0.399202 0.514520 0.221775 0.270196 0.421025 0.292346 0.336341 0.356132 0.463730 0.137775 0.243454 0.243364 0.287592 0.358550 0.485598 0.155177 0.157003 0.247267 0.250012 0.386941 0.263124 0.338640 0.336312 0.461410 0.121371 0.135779 0.245937 0.220533 0.270018 0.145935
 9.000000 0.153912 0.243822 0.241766 0.386265 0.478478 0.465928 0.458417 0.580188 0.685982 0.123361 0.131644 0.250727 0.369186 0.325487 0.339972 0.430633 0.539613 0.222823 0.285142 0.427055 0.323938 0.344036 0.399984 0.491982 0.149459 0.242186 0.257515 0.293293 0.373102 0.497719 0.149030 0.150566 0.243239 0.243386 0.379365 0.241777 0.326137 0.314253 0.446527 0.127644 0.136715 0.248463 0.231400 0.288855 0.141496
 10.000000 0.148260 0.244769 0.238883 0.379566 0.480839 0.465103 0.477379 0.568610 0.682574 0.123923 0.138007 0.251163 0.375533 0.329864 0.362147 0.423516 0.541160 0.225789 0.279439 0.423360 0.317397 0.360814 0.380443 0.484424 0.147272 0.245591 0.262557 0.303490 0.369849 0.499870 0.149111 0.153353 0.237599 0.240809 0.380301 0.246615 0.316899 0.310720 0.442544 0.119206 0.136426 0.244094 0.228618 0.278467 0.149553
 11.000000 0.149272 0.238977 0.245043 0.388209 0.487604 0.462412 0.465242 0.566276 0.673968 0.122874 0.138845 0.260745 0.386544 0.328008 0.352582 0.421932 0.534884 0.227833 0.300563 0.448221 0.327260 0.358282 0.388753 0.484986 0.146116 0.250060 0.254140 0.296388 0.364012 0.493926 0.153818 0.159552 0.249492 0.251306 0.393895 0.253158 0.323769 0.335289 0.468625 0.122560 0.133334 0.249992 0.219629 0.275951 0.149138
 12.000000 0.148896 0.237110 0.239696 0.374872 0.480242 0.449629 0.427512 0.573315 0.692389 0.123827 0.133694 0.242341 0.366319 0.325899 0.333191 0.440438 0.566563 0.226850 0.278984 0.416650 0.348030 0.366520 0.440285 0.563000 0.142846 0.248149 0.241238 0.270248 0.359269 0.488037 0.156898 0.147963 0.241886 0.235514 0.373311 0.250619 0.354900 0.290493 0.414707 0.128880 0.131019 0.247726 0.228539 0.295489 0.141259
 13.000000 0.146407 0.230013 0.242906 0.383637 0.494362 0.445127 0.443890 0.547184 0.647690 0.118123 0.134907 0.250627 0.379322 0.321560 0.350258 0.413760 0.526047 0.219429 0.277072 0.423913 0.328088 0.377812 0.385235 0.494926 0.150286 0.253245 0.250482 0.285190 0.361344 0.480842 0.155785 0.155856 0.243678 0.242097 0.373675 0.253996 0.323391 0.325481 0.443236 0.120847 0.132861 0.235019 0.223374 0.267369 0.140847
 14.000000 0.148209 0.232295 0.249514 0.391903 0.474486 0.475809 0.481900 0.585715 0.703783 0.124020 0.135178 0.256387 0.365616 0.340652 0.369207 0.442283 0.566733 0.224152 0.290635 0.428931 0.347881 0.392557 0.418152 0.538952 0.149013 0.235843 0.253742 0.287327 0.370755 0.497499 0.156554 0.150286 0.236592 0.245043 0.381327 0.253541 0.314708 0.336881 0.455492 0.122434 0.136272 0.245842 0.226870 0.277370 0.147682
 15.000000 0.152611 0.235189 0.244596 0.388068 0.487584 0.456173 0.448033 0.557660 0.664136 0.119892 0.132443 0.251641 0.375971 0.318352 0.336176 0.410057 0.522403 0.221975 0.287181 0.433034 0.327484 0.361925 0.382958 0.478290 0.149807 0.250561 0.243436 0.270956 0.355800 0.485492 0.154664 0.153841 0.242134 0.242231 0.386479 0.253255 0.324752 0.332212 0.472731 0.124217 0.135274 0.257303 0.230323 0.303676 0.147343
 16.000000 0.149352 0.248141 0.239000 0.384268 0.483720 0.458652 0.484812 0.555883 0.665611 0.128554 0.134138 0.257535 0.383913 0.323663 0.371054 0.410256 0.524254 0.226193 0.294900 0.443634 0.320890 0.380758 0.369657 0.469883 0.147828 0.252777 0.251549 0.306421 0.357224 0.483617 0.154741 0.149686 0.241861 0.242120 0.377022 0.252573 0.315236 0.334850 0.457752 0.123972 0.133836 0.242940 0.221443 0.270320 0.142843
 17.000000 0.149860 0.239954 0.237074 0.378350 0.481872 0.434346 0.410139 0.561382 0.660220 0.123766 0.132868 0.249890 0.379583 0.307797 0.313104 0.425046 0.531010 0.226500 0.291007 0.441906 0.318686 0.331077 0.408370 0.498564 0.146850 0.251159 0.247841 0.283990 0.369121 0.494245 0.156122 0.153903 0.249650 0.245994 0.384787 0.249223 0.338410 0.310926 0.445981 0.127377 0.137124 0.250478 0.228932 0.284777 0.144513
 18.000000 0.149630 0.237952 0.243000 0.378126 0.490211 0.447777 0.444583 0.557504 0.663412 0.122776 0.133402 0.243298 0.377256 0.308157 0.327223 0.410261 0.521668 0.222329 0.274492 0.428572 0.299414 0.324544 0.368280 0.466924 0.143087 0.250108 0.245448 0.285298 0.362097 0.485413 0.156780 0.151957 0.247372 0.244336 0.378713 0.244465 0.329031 0.317377 0.439094 0.126625 0.138228 0.245086 0.229323 0.277663 0.142169
 19.000000 0.146294 0.232931 0.247584 0.390798 0.495783 0.471608 0.474514 0.589724 0.695769 0.123130 0.136477 0.257381 0.379638 0.340928 0.367606 0.450022 0.562825 0.222915 0.286855 0.423700 0.350264 0.394747 0.430675 0.540686 0.150575 0.252944 0.258654 0.296051 0.376205 0.495130 0.153173 0.149536 0.239054 0.241000 0.370423 0.248799 0.332699 0.301425 0.423312 0.122646 0.138015 0.238135 0.229404 0.271312 0.140128
 20.000000 0.145276 0.228083 0.239679 0.373228 0.461352 0.465732 0.468159 0.583415 0.692279 0.123616 0.134495 0.246483 0.365572 0.327281 0.342958 0.440279 0.548996 0.229408 0.294029 0.441133 0.334532 0.349658 0.426236 0.517741 0.138134 0.232022 0.257021 0.297988 0.371980 0.495811 0.160028 0.152240 0.240935 0.246345 0.379032 0.253405 0.327003 0.323650 0.450504 0.125303 0.135857 0.243261 0.228862 0.281228 0.139789
 21.000000 0.151440 0.236389 0.251571 0.391297 0.487554 0.466648 0.502643 0.541792 0.650727 0.122270 0.133049 0.250896 0.369685 0.324342 0.380018 0.394032 0.510944 0.217440 0.276530 0.420320 0.316519 0.389479 0.346334 0.453138 0.147611 0.242101 0.250200 0.304391 0.347590 0.474997 0.153616 0.147706 0.239689 0.236774 0.374327 0.250609 0.306974 0.342143 0.467969 0.123911 0.127824 0.240063 0.215836 0.265349 0.145262
 22.000000 0.151552 0.235213 0.240927 0.380569 0.484862 0.451496 0.436166 0.572644 0.665184 0.119285 0.129174 0.244174 0.371132 0.315197 0.324230 0.427688 0.526967 0.217226 0.276597 0.422329 0.321518 0.339850 0.405273 0.490309 0.145853 0.250298 0.244747 0.274825 0.366956 0.483938 0.155827 0.149593 0.240266 0.244168 0.378504 0.253957 0.345384 0.316016 0.454802 0.123264 0.137535 0.245571 0.225960 0.274549 0.144378
 23.000000 0.150097 0.245970 0.230369 0.369240 0.455356 0.450671 0.459026 0.574040 0.683803 0.125531 0.129263 0.239785 0.355494 0.322355 0.357430 0.434526 0.552450 0.223917 0.275225 0.415627 0.333989 0.387487 0.412169 0.526905 0.144451 0.232880 0.249203 0.288397 0.376229 0.499185 0.150575 0.154305 0.243904 0.256807 0.392469 0.241952 0.307382 0.329146 0.451213 0.121033 0.141965 0.252068 0.222470 0.272076 0.145705
 24.000000 0.144841 0.233825 0.238382 0.370066 0.475709 0.436745 0.443569 0.536012 0.630499 0.120669 0.138813 0.244855 0.374833 0.314276 0.350903 0.402097 0.507778 0.227398 0.281519 0.428641 0.333251 0.392359 0.381189 0.481517 0.138257 0.244109 0.235266 0.276546 0.349573 0.468902 0.160991 0.146823 0.238916 0.244569 0.379982 0.256104 0.325172 0.345291 0.475468 0.125579 0.136356 0.246242 0.224613 0.272090 0.145623
 25.000000 0.141414 0.229022 0.233017 0.366307 0.474764 0.431770 0.417575 0.541872 0.643075 0.124423 0.132397 0.242555 0.374330 0.306720 0.319363 0.407692 0.516358 0.227108 0.286458 0.438107 0.316604 0.340866 0.384221 0.476681 0.139492 0.246004 0.247621 0.283655 0.359766 0.487743 0.156774 0.154616 0.243832 0.245939 0.386940 0.254979 0.334105 0.326414 0.463069 0.125634 0.131985 0.248179 0.224508 0.282498 0.147380
 26.000000 0.149248 0.236189 0.240042 0.380257 0.498743 0.446799 0.459971 0.542209 0.643625 0.119825 0.133488 0.247394 0.386857 0.307945 0.342085 0.394868 0.500953 0.218982 0.275067 0.430356 0.310055 0.363676 0.358437 0.452964 0.147550 0.261467 0.244690 0.286742 0.351075 0.473097 0.159066 0.146499 0.235572 0.232338 0.366129 0.244504 0.311567 0.313517 0.438399 0.119825 0.133308 0.240728 0.223251 0.278345 0.139216
 27.000000 0.150273 0.237588 0.242977 0.375177 0.489376 0.452295 0.483633 0.534488 0.654826 0.120690 0.133768 0.245226 0.380143 0.306811 0.351663 0.384316 0.506187 0.220504 0.278119 0.430071 0.297985 0.357051 0.335185 0.441793 0.143673 0.253994 0.237725 0.280487 0.344124 0.476927 0.153756 0.151806 0.237476 0.240954 0.384059 0.237777 0.288295 0.325155 0.451369 0.120142 0.137906 0.252741 0.230217 0.291517 0.149780
 28.000000 0.146209 0.233313 0.246238 0.383476 0.486989 0.465098 0.517750 0.525320 0.634133 0.122499 0.135314 0.249506 0.374431 0.325943 0.394550 0.381597 0.497765 0.220549 0.276110 0.423222 0.315197 0.400525 0.325721 0.433643 0.145695 0.244526 0.257812 0.321947 0.348411 0.474555 0.153822 0.150789 0.241922 0.242613 0.375991 0.249810 0.299436 0.351050 0.470824 0.124238 0.135072 0.238280 0.225821 0.264243 0.145829
 29.000000 0.146581 0.237994 0.243659 0.376529 0.487154 0.455054 0.479172 0.544387 0.640739 0.119319 0.142366 0.248040 0.382697 0.317811 0.359703 0.399083 0.499605 0.224813 0.272905 0.427880 0.306576 0.357554 0.351884 0.434446 0.142576 0.247831 0.247903 0.302003 0.352549 0.474734 0.158847 0.148997 0.249660 0.236582 0.374530 0.246122 0.326567 0.324760 0.460820 0.127429 0.130763 0.243655 0.218094 0.265982 0.145860
 30.000000 0.140350 0.239326 0.230124 0.371856 0.472987 0.451952 0.456955 0.561399 0.659991 0.128394 0.132193 0.250828 0.375985 0.323398 0.347468 0.424086 0.524906 0.224459 0.285408 0.431741 0.318040 0.349859 0.385425 0.466957 0.146137 0.248640 0.255172 0.297834 0.368448 0.487291 0.152112 0.153704 0.246757 0.246150 0.377546 0.252960 0.337344 0.323221 0.454411 0.125364 0.137496 0.244900 0.228379 0.282482 0.137190
 31.000000 0.147902 0.228510 0.236673 0.374661 0.482638 0.452201 0.443705 0.563800 0.658026 0.115109 0.135562 0.248016 0.381108 0.314835 0.323526 0.418661 0.515563 0.224042 0.288337 0.440148 0.317567 0.324390 0.394823 0.471382 0.143391 0.250813 0.251129 0.289355 0.365122 0.485088 0.156195 0.155451 0.250665 0.245473 0.382864 0.249107 0.342363 0.315460 0.454693 0.127969 0.134067 0.243545 0.225686 0.268972 0.147973
 32.000000 0.139219 0.229830 0.231227 0.370548 0.457909 0.453382 0.481918 0.532114 0.636856 0.127012 0.128413 0.248882 0.362703 0.325590 0.372919 0.394982 0.504838 0.222553 0.291846 0.431059 0.333678 0.395202 0.360637 0.453260 0.143750 0.237706 0.246449 0.295802 0.342638 0.467377 0.148715 0.155438 0.244579 0.240543 0.379838 0.246978 0.302780 0.340723 0.472953 0.120358 0.133843 0.245304 0.223593 0.279260 0.145513
 33.000000 0.150113 0.232088 0.241754 0.378855 0.485087 0.452410 0.450981 0.559029 0.663070 0.115321 0.132397 0.242201 0.370302 0.315419 0.338801 0.414040 0.525309 0.215838 0.267518 0.416301 0.306382 0.344716 0.374147 0.473229 0.146622 0.245733 0.258050 0.291837 0.370864 0.496663 0.154871 0.158606 0.242856 0.249050 0.386308 0.257924 0.327405 0.330086 0.461364 0.120744 0.133559 0.245736 0.223708 0.283163 0.142625
 34.000000 0.142804 0.226539 0.243255 0.377796 0.483508 0.457919 0.483176 0.545961 0.647084 0.123633 0.132943 0.243596 0.368512 0.324803 0.370591 0.406873 0.515970 0.222092 0.270817 0.419986 0.312695 0.370884 0.357134 0.449589 0.146850 0.242357 0.262821 0.314360 0.366393 0.491741 0.155711 0.159167 0.252494 0.245212 0.382170 0.257282 0.326771 0.338415 0.471005 0.123325 0.137386 0.246621 0.228539 0.282795 0.142552
 35.000000 0.146462 0.236112 0.231104 0.364078 0.462636 0.436759 0.433122 0.548537 0.663658 0.116730 0.136404 0.247220 0.374234 0.316343 0.343366 0.414118 0.534675 0.222428 0.289437 0.435179 0.327846 0.371868 0.391088 0.502220 0.134967 0.243559 0.233566 0.267032 0.351793 0.480028 0.153782 0.152882 0.238013 0.252020 0.387942 0.253515 0.317646 0.337919 0.460133 0.126495 0.137946 0.252844 0.232899 0.298485 0.141156
 36.000000 0.149837 0.234465 0.241812 0.376253 0.482831 0.452390 0.452953 0.576252 0.691152 0.128300 0.127945 0.239385 0.367213 0.307080 0.324520 0.426808 0.544390 0.226546 0.281514 0.430286 0.302518 0.324894 0.395896 0.500121 0.142130 0.244665 0.249211 0.283822 0.374001 0.500941 0.152171 0.149248 0.234235 0.249078 0.384131 0.246225 0.320116 0.310889 0.433572 0.121231 0.143203 0.253547 0.232323 0.290250 0.143419
 37.000000 0.140975 0.229889 0.229279 0.367185 0.475494 0.446591 0.444271 0.556419 0.666622 0.119319 0.137938 0.243222 0.373296 0.321137 0.343713 0.421621 0.538389 0.228827 0.273214 0.423317 0.311278 0.347456 0.382174 0.489008 0.150778 0.247138 0.270329 0.301982 0.383545 0.510283 0.156419 0.158827 0.240107 0.251104 0.386330 0.261704 0.331511 0.329779 0.454800 0.121886 0.134391 0.243129 0.227714 0.281950 0.143448
 38.000000 0.147533 0.235247 0.242481 0.376304 0.480339 0.441957 0.441324 0.549494 0.653067 0.125964 0.133278 0.245412 0.372046 0.318788 0.349454 0.416661 0.531920 0.226583 0.284000 0.433018 0.325799 0.375339 0.388542 0.496515 0.142141 0.242720 0.252224 0.291261 0.365214 0.490180 0.154094 0.153157 0.237772 0.248155 0.382265 0.239061 0.294450 0.322493 0.439789 0.122206 0.132582 0.242271 0.221094 0.272842 0.142815
 39.000000 0.151271 0.235257 0.245736 0.384445 0.467526 0.462236 0.481379 0.555267 0.663869 0.119235 0.136576 0.253434 0.364936 0.331066 0.376389 0.412215 0.526465 0.224174 0.293424 0.428188 0.348697 0.413698 0.392869 0.495063 0.142457 0.230779 0.249339 0.296884 0.353276 0.481350 0.149349 0.149050 0.236580 0.240695 0.377802 0.242728 0.293916 0.336040 0.464904 0.122727 0.132189 0.248424 0.222621 0.289656 0.140323
 40.000000 0.149953 0.236394 0.245000 0.389590 0.484088 0.462249 0.447140 0.590753 0.693141 0.123475 0.132442 0.256066 0.375245 0.325874 0.329354 0.448568 0.554867 0.222142 0.292838 0.435914 0.326693 0.324532 0.433169 0.521752 0.149013 0.245288 0.255693 0.292877 0.374411 0.498869 0.150841 0.149245 0.241559 0.239685 0.377392 0.242901 0.336856 0.290809 0.429050 0.121979 0.134800 0.244518 0.221784 0.270473 0.146404
