#! FIELDS time pair1 pair2 pair3 pair4 pair5 pair6 pair7 pair8 pair9 pair10 pair11 pair12 pair13 pair14 pair15 pair16 pair17 pair18 pair19 pair20 pair21 pair22 pair23 pair24 pair25 pair26 pair27 pair28 pair29 pair30 pair31 pair32 pair33 pair34 pair35 pair36 pair37 pair38 pair39 pair40 pair41 pair42 pair43 pair44 pair45
 0.000000 0.142822 0.231899 0.239585 0.372631 0.447218 0.463459 0.458897 0.587116 0.697977 0.124615 0.133989 0.241897 0.330203 0.351670 0.377383 0.467107 0.590323 0.224027 0.270782 0.351882 0.400815 0.456531 0.492723 0.627635 0.144260 0.245171 0.229480 0.248574 0.357553 0.474141 0.152859 0.152702 0.235597 0.255145 0.389401 0.248769 0.316016 0.334026 0.456923 0.119808 0.138625 0.248799 0.222443 0.275770 0.144160
 1.000000 0.151908 0.239811 0.239543 0.381238 0.443836 0.474677 0.464733 0.596444 0.703826 0.118916 0.133929 0.249555 0.336104 0.356070 0.378350 0.466824 0.585043 0.221355 0.282760 0.380422 0.392738 0.441237 0.479352 0.602118 0.146905 0.229950 0.246489 0.266049 0.368898 0.486816 0.152840 0.147669 0.231471 0.245069 0.379796 0.248769 0.318840 0.324782 0.456041 0.124214 0.132518 0.242967 0.224152 0.275656 0.144796
 2.000000 0.145774 0.240360 0.236580 0.372250 0.470461 0.445046 0.427554 0.557413 0.668906 0.125734 0.131674 0.240453 0.353211 0.332593 0.349557 0.433761 0.557413 0.221113 0.266047 0.376634 0.373327 0.422160 0.444293 0.572788 0.144824 0.254114 0.229648 0.245650 0.346218 0.471925 0.160524 0.156115 0.240021 0.239385 0.381671 0.268112 0.344491 0.327147 0.463617 0.121680 0.130878 0.246132 0.227216 0.290670 0.147003
 3.000000 0.150030 0.241764 0.243467 0.376555 0.478562 0.452268 0.427183 0.580605 0.688908 0.125813 0.139531 0.245204 0.367447 0.326908 0.330415 0.444804 0.561208 0.233508 0.283644 0.419991 0.345422 0.363793 0.434536 0.542710 0.140762 0.245524 0.241110 0.260732 0.369034 0.495272 0.156812 0.152151 0.235412 0.250994 0.391369 0.261969 0.351296 0.321935 0.461807 0.122168 0.140435 0.255738 0.231873 0.294362 0.147486
 4.000000 0.150884 0.239312 0.240971 0.382054 0.468214 0.453409 0.468318 0.556652 0.655957 0.125004 0.130832 0.250370 0.366434 0.308216 0.339125 0.406137 0.509095 0.224324 0.292689 0.434214 0.291858 0.315284 0.361100 0.439197 0.144423 0.240805 0.257045 0.314033 0.364804 0.489664 0.157851 0.159769 0.255223 0.254075 0.390790 0.263034 0.328003 0.356877 0.486243 0.124535 0.135299 0.247505 0.218085 0.269611 0.142888
 5.000000 0.147112 0.236144 0.239512 0.374156 0.448814 0.466306 0.458007 0.592917 0.693854 0.125435 0.130330 0.239773 0.329123 0.349553 0.372137 0.466731 0.580914 0.222365 0.271516 0.359402 0.394260 0.444920 0.486315 0.609752 0.143377 0.235002 0.240302 0.261507 0.368098 0.480910 0.155541 0.151182 0.235646 0.250841 0.383335 0.254600 0.333952 0.326518 0.459771 0.120420 0.137131 0.243175 0.222274 0.267075 0.145117
 6.000000 0.151056 0.235858 0.246252 0.384336 0.467003 0.490352 0.489786 0.614292 0.731393 0.122943 0.132461 0.246917 0.329081 0.374138 0.404804 0.487752 0.615024 0.222146 0.279319 0.339348 0.423070 0.481407 0.514083 0.650201 0.145966 0.251038 0.252390 0.278313 0.375257 0.496040 0.157347 0.154722 0.241574 0.249451 0.382860 0.253860 0.345216 0.305126 0.431245 0.123422 0.134495 0.243691 0.224317 0.278090 0.140577
 7.000000 0.150366 0.235208 0.246516 0.383073 0.472040 0.472960 0.456991 0.588308 0.694557 0.121807 0.137862 0.247445 0.329876 0.363430 0.379880 0.471602 0.594078 0.228616 0.281009 0.325676 0.421948 0.466307 0.512270 0.647792 0.147516 0.259511 0.234557 0.244170 0.352559 0.468287 0.154929 0.151638 0.232435 0.240585 0.377746 0.255885 0.335668 0.311445 0.448976 0.123329 0.127157 0.237937 0.223090 0.275539 0.146605
 8.000000 0.150087 0.240210 0.233947 0.374687 0.452359 0.474925 0.474877 0.604726 0.721729 0.126305 0.126685 0.241077 0.335930 0.356730 0.385572 0.476105 0.603757 0.223683 0.278602 0.368557 0.404358 0.457551 0.500960 0.637572 0.147773 0.251289 0.248574 0.275178 0.375379 0.497114 0.157610 0.155711 0.242615 0.251002 0.388403 0.260348 0.348748 0.309873 0.439770 0.119423 0.137913 0.248811 0.221977 0.274045 0.146871
 9.000000 0.145128 0.235168 0.238220 0.376792 0.454896 0.472560 0.475766 0.590559 0.701390 0.121614 0.132977 0.247075 0.325371 0.365712 0.399676 0.475494 0.600108 0.218717 0.275311 0.325389 0.415381 0.477197 0.504286 0.640053 0.146673 0.244633 0.244544 0.271584 0.367006 0.487234 0.156288 0.150003 0.237346 0.247071 0.383906 0.253051 0.330507 0.327252 0.462262 0.122082 0.135518 0.247986 0.222147 0.276682 0.145176
 10.000000 0.151783 0.236823 0.239460 0.381955 0.477681 0.465310 0.497131 0.534465 0.643787 0.120021 0.132887 0.247681 0.362780 0.344007 0.404590 0.402831 0.524156 0.224183 0.283163 0.410017 0.377606 0.465117 0.397927 0.516791 0.149335 0.251464 0.244692 0.289334 0.338972 0.465148 0.158774 0.145942 0.233694 0.234749 0.373221 0.243200 0.285019 0.345807 0.474246 0.125738 0.137026 0.250785 0.237348 0.303409 0.142776
 11.000000 0.144755 0.232648 0.237794 0.370219 0.469674 0.435939 0.448173 0.537342 0.641769 0.120071 0.136799 0.240819 0.364623 0.305930 0.344478 0.399090 0.512692 0.224724 0.270601 0.417154 0.307886 0.367899 0.363574 0.472764 0.142745 0.234487 0.244027 0.285638 0.358624 0.481021 0.153180 0.149830 0.239819 0.245493 0.379390 0.245139 0.302795 0.333711 0.451988 0.124756 0.132491 0.241504 0.220104 0.266188 0.144049
 12.000000 0.146041 0.239671 0.234034 0.367471 0.472781 0.433654 0.452890 0.529866 0.638295 0.124940 0.130981 0.239773 0.368274 0.312474 0.361094 0.396432 0.516609 0.221409 0.269891 0.420538 0.302414 0.364880 0.344868 0.454534 0.142755 0.243010 0.258898 0.315432 0.364052 0.496308 0.154315 0.160981 0.253815 0.251629 0.392033 0.253421 0.317643 0.342354 0.468595 0.121363 0.138239 0.248976 0.222973 0.271746 0.148657
 13.000000 0.151559 0.234749 0.244643 0.381557 0.487924 0.442432 0.487155 0.501115 0.602509 0.120520 0.136125 0.245882 0.368633 0.315249 0.385271 0.366996 0.485027 0.226753 0.278778 0.417987 0.314930 0.404202 0.317847 0.428852 0.147871 0.244008 0.256195 0.315579 0.349751 0.477951 0.146867 0.158348 0.243356 0.253105 0.390145 0.257853 0.305513 0.361145 0.487755 0.120158 0.138816 0.246781 0.226813 0.276060 0.147054
 14.000000 0.148054 0.242757 0.234738 0.373170 0.466911 0.453265 0.453970 0.568511 0.668872 0.127008 0.134454 0.242965 0.357477 0.332531 0.364704 0.435822 0.546595 0.230801 0.278142 0.405010 0.361516 0.419421 0.430486 0.538250 0.147072 0.243126 0.243814 0.275247 0.365430 0.485061 0.150526 0.153613 0.245611 0.247607 0.386127 0.248795 0.328178 0.321964 0.461070 0.125881 0.136813 0.248622 0.228083 0.279494 0.147902
 15.000000 0.153864 0.239504 0.250841 0.384576 0.485109 0.453576 0.438518 0.578049 0.685970 0.122955 0.136883 0.247469 0.369574 0.324353 0.341025 0.439633 0.557779 0.226705 0.285372 0.422787 0.347731 0.384505 0.436042 0.551298 0.139879 0.242467 0.241226 0.272167 0.364025 0.490186 0.160050 0.150705 0.239535 0.246483 0.385030 0.265014 0.347449 0.326732 0.458319 0.124326 0.134870 0.249528 0.224056 0.281221 0.145609
 16.000000 0.149245 0.242219 0.239754 0.378590 0.488890 0.430996 0.433480 0.528459 0.610672 0.124756 0.136506 0.245406 0.374397 0.300378 0.332390 0.388146 0.485422 0.228556 0.274773 0.419653 0.299418 0.351913 0.343326 0.433643 0.149218 0.250158 0.244412 0.283057 0.357831 0.471947 0.149923 0.151271 0.241137 0.245081 0.379413 0.253350 0.325862 0.334580 0.465791 0.121820 0.137310 0.239777 0.224709 0.259262 0.150123
 17.000000 0.145636 0.228125 0.232572 0.368946 0.466860 0.413645 0.385938 0.527356 0.627151 0.117902 0.133559 0.244346 0.364928 0.295844 0.302539 0.397424 0.505377 0.225798 0.287785 0.426259 0.315545 0.336489 0.385815 0.479494 0.143934 0.237719 0.239361 0.268972 0.350403 0.475674 0.144655 0.153665 0.242522 0.234941 0.371164 0.246219 0.325020 0.307828 0.437637 0.122434 0.131019 0.243175 0.226354 0.290699 0.138744
 18.000000 0.151133 0.235762 0.243405 0.374637 0.477563 0.463901 0.495048 0.550162 0.651045 0.125064 0.131122 0.238952 0.365745 0.315412 0.358834 0.399293 0.502518 0.225650 0.277260 0.427638 0.305503 0.356933 0.355221 0.437159 0.140865 0.239224 0.256683 0.306831 0.359308 0.480235 0.155470 0.155297 0.245100 0.243148 0.375405 0.249756 0.309673 0.333218 0.460624 0.124230 0.133798 0.240216 0.227379 0.280509 0.138528
 19.000000 0.148812 0.240950 0.237179 0.374754 0.482995 0.438449 0.458333 0.527171 0.645353 0.121392 0.134347 0.247794 0.381745 0.308980 0.356351 0.386256 0.512391 0.221741 0.282138 0.436304 0.304600 0.370235 0.341880 0.458198 0.141630 0.251535 0.244278 0.292457 0.346354 0.481055 0.157724 0.157388 0.242603 0.246459 0.386514 0.254774 0.301756 0.342697 0.462000 0.122356 0.130280 0.245907 0.221183 0.279595 0.147611
 20.000000 0.145705 0.238583 0.233696 0.372383 0.471978 0.442110 0.450743 0.542197 0.653885 0.123717 0.128273 0.242856 0.368382 0.310720 0.344228 0.400677 0.518351 0.216689 0.271619 0.422470 0.299928 0.347023 0.352823 0.456423 0.145138 0.243912 0.252121 0.297205 0.358466 0.489078 0.156659 0.148027 0.237095 0.238330 0.376227 0.244471 0.303845 0.329589 0.453662 0.122907 0.137685 0.248795 0.231407 0.289712 0.144076
 21.000000 0.145014 0.234196 0.236848 0.372506 0.463972 0.438325 0.474638 0.521761 0.642543 0.123568 0.132212 0.244536 0.361941 0.315389 0.378000 0.388465 0.519631 0.223000 0.278928 0.422268 0.317215 0.396506 0.347301 0.468237 0.144174 0.233480 0.252615 0.315550 0.352252 0.493653 0.151185 0.150220 0.243578 0.241630 0.388220 0.236700 0.281761 0.338910 0.466139 0.122532 0.132947 0.254545 0.217230 0.276855 0.153186
 22.000000 0.152614 0.246719 0.241331 0.378139 0.485247 0.434545 0.420297 0.546145 0.641106 0.124616 0.131431 0.244872 0.373928 0.301546 0.316868 0.401957 0.505179 0.219970 0.274869 0.423116 0.288962 0.311551 0.354375 0.438348 0.146117 0.249103 0.253906 0.297797 0.363727 0.488895 0.151440 0.150765 0.243534 0.242497 0.379463 0.253661 0.339769 0.323340 0.458530 0.124431 0.137277 0.248528 0.227662 0.282915 0.143154
 23.000000 0.147601 0.239228 0.238455 0.376311 0.472993 0.442097 0.443877 0.555102 0.659134 0.124073 0.133038 0.245088 0.367619 0.311801 0.342089 0.414603 0.526227 0.222883 0.276821 0.423233 0.319434 0.370196 0.386479 0.492655 0.145172 0.239021 0.245347 0.287642 0.361932 0.482949 0.155396 0.145986 0.241638 0.238705 0.369804 0.244532 0.315051 0.321670 0.438838 0.128705 0.137244 0.241336 0.232553 0.277745 0.139982
 24.000000 0.149164 0.239274 0.241207 0.375163 0.480947 0.454930 0.485326 0.531276 0.631017 0.122515 0.133398 0.239050 0.366631 0.319680 0.372691 0.388929 0.499125 0.221326 0.263612 0.410261 0.318241 0.396082 0.343200 0.445841 0.144976 0.245441 0.251667 0.294550 0.354825 0.477436 0.157674 0.152388 0.234593 0.247016 0.383402 0.255611 0.303626 0.352551 0.483187 0.119833 0.134748 0.247348 0.223699 0.283952 0.143367
 25.000000 0.154574 0.243633 0.248006 0.388003 0.484340 0.451774 0.458168 0.553411 0.660407 0.121869 0.133319 0.250110 0.369814 0.318793 0.354893 0.410922 0.529817 0.218417 0.279805 0.420088 0.329674 0.390806 0.382989 0.497717 0.146305 0.240745 0.248038 0.287884 0.362330 0.493249 0.150469 0.148775 0.233748 0.248447 0.390795 0.243255 0.297296 0.337492 0.468058 0.121120 0.136250 0.254930 0.221914 0.282975 0.150283
 26.000000 0.148920 0.239174 0.243662 0.374152 0.475157 0.460064 0.548224 0.494912 0.623167 0.125591 0.138051 0.242576 0.364685 0.333385 0.436603 0.368287 0.507328 0.231454 0.281009 0.415844 0.359437 0.479668 0.359325 0.497286 0.138235 0.241539 0.242066 0.324798 0.324032 0.461985 0.152892 0.151740 0.241042 0.256788 0.394646 0.243444 0.264781 0.373786 0.490788 0.126198 0.138683 0.253437 0.224430 0.277049 0.148017
 27.000000 0.154674 0.241025 0.240703 0.379429 0.448013 0.474243 0.586234 0.453309 0.580970 0.122576 0.130912 0.243668 0.323592 0.361848 0.472015 0.369455 0.513383 0.224809 0.283060 0.345689 0.421181 0.523055 0.446616 0.593954 0.144914 0.248012 0.238860 0.348907 0.256533 0.400532 0.155287 0.152820 0.241114 0.240892 0.380250 0.252408 0.280189 0.370461 0.493471 0.122336 0.138170 0.245976 0.232571 0.282464 0.148657
 28.000000 0.154716 0.236277 0.240162 0.381146 0.442513 0.474380 0.571946 0.491138 0.622397 0.121877 0.129309 0.247040 0.315523 0.365164 0.465872 0.400717 0.544229 0.225754 0.295505 0.344036 0.432040 0.531441 0.470810 0.616783 0.144741 0.243306 0.241781 0.340285 0.291549 0.433191 0.155222 0.152486 0.237264 0.249762 0.386075 0.261836 0.284348 0.388094 0.509425 0.121483 0.138366 0.247754 0.227269 0.278381 0.146625
 29.000000 0.150107 0.236700 0.244532 0.381834 0.470347 0.482702 0.591231 0.472299 0.592302 0.121733 0.133026 0.247186 0.347024 0.364923 0.476103 0.375598 0.511334 0.220588 0.279990 0.374925 0.407444 0.518634 0.423926 0.561328 0.143405 0.251893 0.247113 0.351662 0.278399 0.416891 0.153704 0.154777 0.246903 0.244125 0.384131 0.246465 0.274875 0.369616 0.495084 0.120768 0.135311 0.250034 0.220118 0.279184 0.144596
 30.000000 0.147262 0.232699 0.242691 0.378654 0.462291 0.474212 0.593244 0.466507 0.583268 0.120445 0.134570 0.245457 0.331205 0.362716 0.474574 0.388408 0.520136 0.220613 0.271739 0.352565 0.399535 0.499690 0.441536 0.570152 0.146561 0.238449 0.248584 0.359160 0.286855 0.425931 0.146772 0.152283 0.238906 0.252519 0.390365 0.244364 0.273485 0.367236 0.498037 0.123895 0.137047 0.256860 0.225011 0.296751 0.141940
 31.000000 0.151093 0.236958 0.251867 0.387515 0.443625 0.490364 0.606063 0.490363 0.622828 0.122270 0.136169 0.247590 0.308827 0.371970 0.482689 0.401055 0.542599 0.221350 0.272575 0.305434 0.420732 0.518742 0.473617 0.616109 0.145688 0.243897 0.241868 0.355118 0.274068 0.415425 0.155753 0.157369 0.246366 0.253014 0.385242 0.265190 0.302118 0.382093 0.500664 0.123325 0.133015 0.239203 0.218229 0.260528 0.142895
 32.000000 0.151928 0.241027 0.247247 0.388826 0.464054 0.484200 0.603808 0.468029 0.596290 0.126633 0.138928 0.253578 0.347460 0.363178 0.474698 0.379201 0.517583 0.234190 0.292243 0.396197 0.404121 0.497544 0.442232 0.574937 0.149710 0.243041 0.247316 0.364312 0.266668 0.410601 0.153916 0.151182 0.240512 0.244068 0.380045 0.248544 0.298961 0.345139 0.469012 0.124314 0.134019 0.243093 0.224987 0.273909 0.144931
 33.000000 0.147496 0.227656 0.251811 0.385445 0.456979 0.485642 0.603445 0.475956 0.600871 0.121359 0.138759 0.249710 0.340119 0.357619 0.469230 0.372592 0.509746 0.227037 0.284315 0.386094 0.387560 0.483840 0.416583 0.547501 0.142832 0.228795 0.249072 0.362272 0.278059 0.424534 0.150619 0.147702 0.236538 0.240952 0.386588 0.249307 0.293418 0.354917 0.491941 0.123766 0.133274 0.257189 0.223795 0.294869 0.149506
 34.000000 0.145733 0.232770 0.229290 0.367800 0.449380 0.467061 0.584746 0.457483 0.585457 0.123288 0.128740 0.242262 0.342471 0.354232 0.461807 0.376145 0.513718 0.225011 0.286864 0.385141 0.404010 0.490536 0.448764 0.582520 0.143028 0.242454 0.251400 0.365576 0.280102 0.423285 0.155077 0.155264 0.242868 0.248801 0.385830 0.257484 0.306343 0.358152 0.482902 0.125531 0.133510 0.245451 0.226369 0.281098 0.144122
 35.000000 0.153235 0.243617 0.238682 0.379801 0.463092 0.472122 0.589672 0.453575 0.581055 0.120424 0.134952 0.250735 0.357540 0.351161 0.464594 0.353328 0.488606 0.223888 0.286786 0.398574 0.387327 0.489091 0.398890 0.524090 0.145602 0.248457 0.245255 0.356847 0.270742 0.416524 0.154645 0.150246 0.236059 0.242909 0.381665 0.252589 0.285088 0.367704 0.496696 0.120938 0.133210 0.247504 0.221588 0.279213 0.146918
 36.000000 0.143381 0.238189 0.231782 0.364710 0.466091 0.453509 0.569903 0.439242 0.565665 0.126499 0.135399 0.241307 0.353569 0.347036 0.453750 0.370962 0.509456 0.230410 0.278803 0.396345 0.377526 0.460481 0.426062 0.557870 0.141188 0.243282 0.252747 0.367426 0.283461 0.428259 0.154616 0.157255 0.247621 0.253168 0.391454 0.258204 0.311053 0.359118 0.483167 0.124535 0.138748 0.251255 0.228083 0.283139 0.145554
 37.000000 0.148128 0.237592 0.240337 0.384098 0.477944 0.463829 0.584609 0.420872 0.537589 0.121820 0.137455 0.256080 0.368806 0.346983 0.463881 0.327391 0.456762 0.227187 0.292269 0.417481 0.375751 0.482682 0.358437 0.476663 0.148839 0.249311 0.247344 0.359936 0.262139 0.401490 0.152319 0.153369 0.238820 0.241027 0.372684 0.252450 0.284475 0.365815 0.485730 0.122413 0.135684 0.237910 0.231191 0.278722 0.140517
 38.000000 0.144226 0.227879 0.242118 0.374078 0.456259 0.468558 0.580345 0.449811 0.573462 0.121721 0.135794 0.242807 0.349676 0.339049 0.444586 0.344423 0.474339 0.226044 0.276744 0.403971 0.354810 0.439510 0.375365 0.488588 0.143119 0.232545 0.249876 0.362068 0.268706 0.411905 0.153395 0.156054 0.243717 0.243204 0.377201 0.261111 0.319468 0.351269 0.479127 0.120179 0.131882 0.235991 0.220114 0.262319 0.144503
 39.000000 0.149245 0.229630 0.236833 0.375208 0.474836 0.438754 0.530997 0.425414 0.517234 0.119775 0.130637 0.242080 0.368230 0.303887 0.388842 0.322287 0.428622 0.224904 0.283191 0.432873 0.313134 0.361652 0.352518 0.436995 0.145812 0.242910 0.241580 0.349694 0.267094 0.400326 0.157207 0.152644 0.245294 0.243537 0.381542 0.250659 0.341249 0.311856 0.449695 0.124776 0.137106 0.249764 0.228274 0.285042 0.144381
 40.000000 0.144087 0.229196 0.239104 0.370961 0.476404 0.444293 0.546268 0.446428 0.562372 0.123895 0.132189 0.237506 0.364651 0.311135 0.406942 0.340098 0.463492 0.224196 0.267767 0.417409 0.314762 0.378394 0.365373 0.466739 0.144343 0.240254 0.250829 0.359736 0.290732 0.433803 0.156975 0.157251 0.241911 0.256043 0.391359 0.255039 0.323234 0.334564 0.466522 0.124310 0.135625 0.244553 0.225471 0.272020 0.147425
