#! FIELDS time pair1 pair2 pair3 pair4 pair5 pair6 pair7 pair8 pair9 pair10 pair11 pair12 pair13 pair14 pair15 pair16 pair17 pair18 pair19 pair20 pair21 pair22 pair23 pair24 pair25 pair26 pair27 pair28 pair29 pair30 pair31 pair32 pair33 pair34 pair35 pair36 pair37 pair38 pair39 pair40 pair41 pair42 pair43 pair44 pair45
 0.000000 0.153209 0.237070 0.248038 0.380610 0.437745 0.467450 0.576192 0.455987 0.564357 0.120818 0.132431 0.241580 0.311535 0.317758 0.423526 0.320757 0.440243 0.219729 0.273090 0.325043 0.303158 0.390591 0.302076 0.400396 0.142559 0.247026 0.251853 0.362284 0.279848 0.419132 0.155657 0.146578 0.234600 0.236550 0.379077 0.252079 0.276470 0.368170 0.500654 0.124756 0.132804 0.254947 0.228379 0.303608 0.144758
 1.000000 0.151370 0.240905 0.235244 0.376376 0.443526 0.463924 0.566381 0.459261 0.573621 0.120623 0.132578 0.245736 0.308795 0.328207 0.421343 0.347767 0.468032 0.223452 0.281219 0.306033 0.330366 0.395307 0.360647 0.460246 0.147659 0.258649 0.254780 0.362727 0.285743 0.424199 0.158101 0.154978 0.241363 0.247819 0.383320 0.259634 0.280578 0.379117 0.498143 0.123394 0.132340 0.243199 0.222437 0.276069 0.142829
 2.000000 0.145375 0.229262 0.241257 0.382523 0.441761 0.474881 0.585031 0.446932 0.567498 0.122902 0.132193 0.252931 0.310710 0.342371 0.446680 0.335783 0.468519 0.223083 0.293191 0.313276 0.355315 0.439516 0.359262 0.482233 0.147462 0.253310 0.251795 0.363230 0.259632 0.401508 0.154107 0.149920 0.239785 0.229835 0.370187 0.255400 0.291942 0.362150 0.495608 0.118866 0.131286 0.244790 0.221578 0.282703 0.145719
 3.000000 0.150844 0.240319 0.240535 0.382291 0.434319 0.465834 0.575904 0.448330 0.572890 0.122943 0.130488 0.250452 0.302356 0.325372 0.429825 0.325905 0.455782 0.219782 0.286470 0.303124 0.324912 0.409402 0.327727 0.439243 0.146181 0.243269 0.248419 0.357449 0.273212 0.413635 0.153392 0.144972 0.230328 0.236148 0.366171 0.244581 0.272584 0.357095 0.473601 0.120872 0.132835 0.235334 0.223886 0.268980 0.140695
 4.000000 0.146990 0.229508 0.244577 0.382503 0.448927 0.450809 0.569934 0.431586 0.553579 0.119925 0.136426 0.252818 0.302718 0.337821 0.447581 0.355276 0.490210 0.224620 0.291498 0.281201 0.376835 0.464908 0.417225 0.545346 0.143168 0.250172 0.232351 0.348547 0.260163 0.403666 0.150589 0.142920 0.229277 0.239278 0.373648 0.246441 0.274593 0.363333 0.484184 0.126293 0.131446 0.241961 0.225180 0.276212 0.144156
 5.000000 0.149900 0.237396 0.247235 0.377611 0.433365 0.472862 0.589689 0.470280 0.594307 0.121338 0.135599 0.243812 0.301415 0.335908 0.446617 0.355287 0.484212 0.220635 0.275904 0.297785 0.338705 0.429041 0.369905 0.482135 0.137822 0.246211 0.248671 0.364818 0.280524 0.421372 0.158477 0.155583 0.248377 0.245652 0.378889 0.270860 0.311320 0.384845 0.504767 0.125383 0.129542 0.236396 0.217297 0.260158 0.141880
 6.000000 0.146014 0.229905 0.241779 0.374719 0.439234 0.454529 0.556397 0.441018 0.564897 0.120133 0.135959 0.243356 0.307425 0.321672 0.416305 0.335924 0.471751 0.224973 0.277528 0.303114 0.325652 0.391139 0.360473 0.485301 0.142018 0.251509 0.249648 0.358679 0.272848 0.419116 0.157341 0.157242 0.244977 0.244026 0.386506 0.268188 0.297271 0.384262 0.518601 0.122389 0.134707 0.251893 0.228081 0.293382 0.148196
 7.000000 0.148718 0.232839 0.242695 0.385235 0.454606 0.462330 0.557615 0.459568 0.574088 0.123592 0.139004 0.255881 0.318594 0.329654 0.415862 0.353426 0.473964 0.235824 0.302377 0.324748 0.345084 0.400298 0.381923 0.479209 0.148462 0.257678 0.251130 0.355656 0.285184 0.426889 0.158408 0.148496 0.236445 0.242324 0.380196 0.251360 0.272443 0.374919 0.493856 0.120719 0.133978 0.245443 0.219766 0.270476 0.147289
 8.000000 0.148701 0.238671 0.243543 0.387667 0.447247 0.473813 0.588444 0.461118 0.582816 0.123693 0.132759 0.256199 0.311984 0.338543 0.446105 0.349213 0.478777 0.218570 0.289216 0.313455 0.334561 0.420078 0.349225 0.458802 0.148219 0.250557 0.252978 0.368764 0.282257 0.427034 0.156621 0.147570 0.241640 0.243516 0.383824 0.250697 0.282800 0.372454 0.498242 0.127079 0.138669 0.253464 0.230647 0.287265 0.147258
 9.000000 0.146048 0.227319 0.241938 0.378151 0.445651 0.444588 0.538231 0.451155 0.562336 0.122532 0.133544 0.248274 0.305684 0.318027 0.402615 0.357381 0.476412 0.227038 0.293090 0.301266 0.338970 0.387996 0.399523 0.501576 0.141160 0.246562 0.238556 0.344158 0.284536 0.419316 0.150290 0.151026 0.240006 0.252414 0.381523 0.244495 0.264734 0.375854 0.488347 0.125435 0.139821 0.244444 0.229159 0.277090 0.138235
 10.000000 0.146270 0.231071 0.233131 0.375423 0.448860 0.448292 0.528032 0.473245 0.589726 0.122004 0.130449 0.249096 0.321185 0.313575 0.385752 0.362494 0.484382 0.225029 0.293922 0.343390 0.309053 0.345251 0.367806 0.466061 0.146199 0.248960 0.253901 0.350591 0.306544 0.447156 0.153013 0.157607 0.248918 0.249533 0.389280 0.255978 0.287139 0.378066 0.502766 0.121622 0.133037 0.247828 0.216414 0.271446 0.146014
 11.000000 0.144693 0.239174 0.228900 0.370347 0.442147 0.456099 0.569310 0.451616 0.579921 0.123952 0.136129 0.250026 0.320341 0.326064 0.432178 0.341978 0.473780 0.230519 0.290305 0.325715 0.332256 0.414673 0.356630 0.468709 0.146404 0.251446 0.256852 0.369422 0.294506 0.440149 0.154334 0.151357 0.242514 0.248705 0.385799 0.253563 0.284854 0.377885 0.499253 0.123766 0.136327 0.247625 0.221871 0.270883 0.146509
 12.000000 0.151651 0.244853 0.240190 0.377106 0.447513 0.448104 0.556061 0.436111 0.557615 0.125351 0.131488 0.244153 0.311695 0.311119 0.411074 0.326241 0.455884 0.222464 0.278643 0.315622 0.303556 0.378292 0.324586 0.434938 0.141866 0.243645 0.248190 0.354089 0.288718 0.430197 0.157914 0.149840 0.233112 0.248431 0.381079 0.258668 0.280043 0.381629 0.501496 0.121824 0.135669 0.244526 0.224519 0.278011 0.141828
 13.000000 0.153912 0.241170 0.242076 0.383948 0.440092 0.472875 0.501280 0.547772 0.662442 0.124250 0.133955 0.253245 0.308357 0.333140 0.353093 0.426995 0.544001 0.229917 0.301203 0.323385 0.344581 0.319232 0.457516 0.558416 0.145262 0.245316 0.253815 0.318149 0.330250 0.462347 0.157826 0.152561 0.239261 0.241068 0.379934 0.260111 0.296896 0.368539 0.496702 0.124535 0.133660 0.247348 0.230126 0.292346 0.143631
 14.000000 0.146762 0.238701 0.240223 0.384252 0.463777 0.458278 0.527577 0.488382 0.587784 0.122266 0.134239 0.253813 0.334876 0.320312 0.383205 0.372089 0.479025 0.219565 0.280071 0.339710 0.297303 0.322458 0.363908 0.447752 0.150230 0.256574 0.262336 0.352031 0.316623 0.448430 0.160434 0.155245 0.243596 0.245049 0.382944 0.259349 0.280114 0.379961 0.504410 0.125404 0.133229 0.245693 0.228180 0.285540 0.144115
 15.000000 0.150120 0.243694 0.241375 0.380534 0.440538 0.454221 0.560684 0.427749 0.534649 0.123851 0.138759 0.250260 0.315636 0.312719 0.413495 0.307898 0.423870 0.228965 0.283043 0.326425 0.299490 0.373086 0.302738 0.391761 0.147676 0.250416 0.248855 0.362544 0.265321 0.406143 0.153219 0.151423 0.245369 0.239773 0.378809 0.258730 0.299570 0.374213 0.500484 0.121791 0.137164 0.247986 0.224591 0.277103 0.145805
 16.000000 0.147442 0.232403 0.243333 0.377942 0.446707 0.450290 0.557065 0.431645 0.541766 0.122262 0.132710 0.242708 0.313898 0.312388 0.413538 0.318135 0.438813 0.221540 0.273267 0.321061 0.299122 0.374916 0.306923 0.400306 0.143705 0.244769 0.252709 0.362295 0.286060 0.429042 0.154282 0.150230 0.239310 0.244305 0.383095 0.257569 0.286353 0.375891 0.498238 0.123507 0.133701 0.247493 0.222157 0.275701 0.147557
 17.000000 0.147543 0.232781 0.234320 0.371718 0.437286 0.446032 0.555397 0.435557 0.546891 0.121252 0.131989 0.245090 0.310003 0.311464 0.413119 0.325553 0.447458 0.226161 0.289595 0.319831 0.322040 0.397217 0.349069 0.452311 0.142289 0.247000 0.241469 0.353007 0.270293 0.411488 0.152843 0.149416 0.237137 0.240250 0.382385 0.254397 0.281213 0.372925 0.504544 0.124391 0.132789 0.252303 0.226447 0.294625 0.145925
 18.000000 0.146864 0.231838 0.249852 0.384199 0.444034 0.458254 0.554771 0.466962 0.585384 0.123685 0.136898 0.250380 0.318404 0.314226 0.408100 0.339471 0.461834 0.224506 0.283517 0.329553 0.295303 0.364968 0.320545 0.414219 0.142552 0.241889 0.252022 0.355056 0.300203 0.441527 0.148226 0.154551 0.238424 0.254862 0.386700 0.245131 0.267180 0.373315 0.483502 0.119155 0.136620 0.241356 0.218497 0.259185 0.146117
 19.000000 0.150546 0.235213 0.244727 0.383893 0.457227 0.456987 0.576383 0.416262 0.529592 0.119921 0.137735 0.258353 0.320020 0.328550 0.450205 0.301672 0.430260 0.226958 0.305583 0.324361 0.348835 0.468728 0.307976 0.425564 0.140744 0.243018 0.246564 0.356154 0.271162 0.409540 0.154696 0.154981 0.240073 0.245805 0.378119 0.252832 0.312237 0.344492 0.471030 0.123385 0.133727 0.238883 0.227092 0.275051 0.141570
 20.000000 0.151013 0.242809 0.240054 0.382107 0.428358 0.463540 0.577987 0.444613 0.558040 0.127832 0.136569 0.250298 0.292243 0.325258 0.433813 0.329214 0.453164 0.235657 0.292441 0.291676 0.327380 0.415717 0.335668 0.438745 0.149285 0.244272 0.259842 0.371200 0.288217 0.429889 0.154974 0.158638 0.244281 0.252387 0.392442 0.255251 0.292858 0.367584 0.494714 0.122029 0.135281 0.251772 0.224317 0.288177 0.144720
 21.000000 0.146137 0.228539 0.238136 0.376691 0.447605 0.470583 0.574220 0.458540 0.585318 0.116078 0.137102 0.254346 0.320090 0.343517 0.438307 0.354924 0.484559 0.224519 0.297231 0.323035 0.364541 0.437384 0.390376 0.501666 0.143349 0.258582 0.247817 0.352823 0.268794 0.414804 0.159254 0.151789 0.233771 0.237796 0.376894 0.260250 0.279945 0.376108 0.497358 0.117953 0.131830 0.240135 0.223253 0.273038 0.149566
 22.000000 0.147146 0.238178 0.236402 0.376736 0.442699 0.457038 0.480605 0.543478 0.652556 0.128550 0.128709 0.246816 0.302658 0.332349 0.353804 0.437616 0.552866 0.225856 0.289615 0.291522 0.358320 0.341547 0.484117 0.589653 0.144506 0.247059 0.249227 0.313166 0.337340 0.464953 0.151394 0.153003 0.240801 0.250532 0.384056 0.255949 0.300388 0.366107 0.488306 0.125064 0.135691 0.246692 0.225834 0.283193 0.139345
 23.000000 0.149816 0.236413 0.237500 0.380613 0.448920 0.471599 0.579069 0.464743 0.583158 0.120773 0.135274 0.254804 0.324466 0.332898 0.433721 0.343026 0.468468 0.228090 0.299541 0.342284 0.336168 0.414138 0.346383 0.450810 0.146799 0.251946 0.260273 0.370439 0.293053 0.437123 0.155804 0.155203 0.247296 0.247140 0.391626 0.253083 0.283958 0.373884 0.505664 0.122422 0.134365 0.256022 0.219511 0.285923 0.148098
 24.000000 0.150562 0.233189 0.241965 0.381861 0.444523 0.469931 0.590732 0.441580 0.546990 0.124226 0.133259 0.250158 0.301539 0.342558 0.455473 0.341042 0.461221 0.230812 0.299177 0.297876 0.376816 0.471177 0.386127 0.496037 0.144378 0.249820 0.247790 0.364030 0.265417 0.399205 0.152882 0.150894 0.239572 0.239184 0.374809 0.254398 0.288357 0.361848 0.488083 0.127287 0.133289 0.246733 0.233028 0.299435 0.138430
 25.000000 0.149496 0.236176 0.234813 0.377361 0.448542 0.457237 0.553515 0.460324 0.585358 0.119775 0.133948 0.250108 0.308974 0.335543 0.420279 0.371811 0.505574 0.226181 0.291132 0.301564 0.359990 0.413086 0.418919 0.540536 0.147160 0.253998 0.254521 0.358818 0.292816 0.439751 0.158452 0.156924 0.244029 0.249818 0.391955 0.270448 0.296993 0.390669 0.519813 0.122740 0.132340 0.249387 0.220647 0.278587 0.149365
 26.000000 0.143545 0.231471 0.238080 0.375761 0.444492 0.450784 0.540638 0.463527 0.585530 0.121926 0.131579 0.249104 0.320818 0.318466 0.400177 0.353734 0.477219 0.218525 0.284709 0.334338 0.316071 0.366314 0.363205 0.461062 0.141612 0.241994 0.244606 0.342139 0.291247 0.432334 0.152174 0.148061 0.229523 0.242588 0.374717 0.259501 0.278500 0.379310 0.493889 0.121240 0.130219 0.235085 0.220213 0.260979 0.146690
 27.000000 0.146079 0.228257 0.237529 0.380150 0.440340 0.461599 0.577204 0.437385 0.557806 0.119222 0.134384 0.251231 0.310413 0.328398 0.438729 0.323093 0.453408 0.225604 0.288958 0.308101 0.339083 0.431394 0.335596 0.451448 0.149940 0.252165 0.257476 0.369486 0.283207 0.425272 0.152056 0.160891 0.245581 0.252345 0.388605 0.265189 0.302409 0.370541 0.496438 0.121351 0.129553 0.241077 0.216402 0.269726 0.143381
 28.000000 0.150449 0.241352 0.237044 0.380372 0.452315 0.450650 0.536005 0.457201 0.565311 0.122327 0.133914 0.252713 0.312426 0.326412 0.400331 0.365669 0.482757 0.225275 0.291938 0.304752 0.346850 0.384433 0.411274 0.513893 0.146823 0.254120 0.240740 0.340391 0.277383 0.412535 0.153643 0.149027 0.237329 0.238256 0.373655 0.256727 0.283261 0.374492 0.496169 0.121976 0.129495 0.239443 0.218351 0.269906 0.142618
 29.000000 0.145829 0.236112 0.236042 0.375165 0.433324 0.445254 0.525156 0.452894 0.562350 0.122201 0.136198 0.245069 0.303242 0.311456 0.383629 0.345793 0.465933 0.227317 0.274703 0.296346 0.305663 0.340473 0.362668 0.465267 0.150030 0.254806 0.250350 0.347996 0.283360 0.423856 0.159308 0.151175 0.233872 0.241027 0.383584 0.263896 0.282395 0.383537 0.514710 0.119891 0.133364 0.251470 0.225180 0.292761 0.147204
 30.000000 0.146079 0.230740 0.238380 0.382054 0.453505 0.459255 0.571386 0.434429 0.552746 0.120690 0.131248 0.255135 0.330115 0.321782 0.428972 0.312874 0.437917 0.220486 0.296169 0.348514 0.320141 0.409288 0.306728 0.407025 0.146758 0.253129 0.248833 0.359017 0.269737 0.412462 0.158613 0.147329 0.233754 0.233277 0.369790 0.253061 0.277375 0.364332 0.485175 0.122446 0.128507 0.237459 0.222466 0.273222 0.144696
 31.000000 0.145045 0.227642 0.244334 0.381956 0.437123 0.467702 0.576986 0.461438 0.571941 0.120087 0.136018 0.250008 0.308138 0.331066 0.435018 0.344809 0.466204 0.223316 0.281917 0.307951 0.327411 0.410609 0.347212 0.450286 0.147190 0.248954 0.257321 0.367001 0.290162 0.430947 0.152003 0.156745 0.240934 0.250689 0.393352 0.259430 0.287281 0.376221 0.507107 0.122727 0.131947 0.254199 0.221784 0.293682 0.146086
 32.000000 0.146854 0.236497 0.229109 0.371853 0.453609 0.454771 0.540276 0.477163 0.599358 0.122299 0.129031 0.251398 0.342918 0.316425 0.394495 0.356203 0.477060 0.222899 0.298992 0.387136 0.308976 0.357627 0.348302 0.441308 0.144139 0.244888 0.255104 0.351046 0.308334 0.446610 0.157626 0.149406 0.244894 0.236664 0.370439 0.255096 0.290236 0.373328 0.489443 0.123657 0.134536 0.237800 0.223596 0.262933 0.144184
 33.000000 0.143028 0.231311 0.225719 0.364191 0.456668 0.448193 0.454130 0.545832 0.655989 0.120599 0.130698 0.244733 0.366657 0.317726 0.344873 0.405921 0.520923 0.224433 0.289396 0.433761 0.313965 0.349847 0.367766 0.468787 0.142092 0.239706 0.260446 0.297568 0.368258 0.495069 0.152738 0.158032 0.234889 0.258112 0.391792 0.248087 0.291952 0.348937 0.465959 0.121272 0.134172 0.244051 0.223716 0.277651 0.143906
 34.000000 0.151730 0.243772 0.235805 0.377840 0.475299 0.457618 0.444097 0.580701 0.689824 0.124133 0.134529 0.252960 0.382807 0.317616 0.318409 0.434944 0.544258 0.229148 0.298734 0.450460 0.309492 0.294437 0.412685 0.500640 0.144288 0.251318 0.255394 0.290864 0.370386 0.495949 0.162093 0.153065 0.243025 0.242382 0.378124 0.254364 0.336037 0.310846 0.435626 0.126270 0.135263 0.242621 0.232069 0.281817 0.144101
 35.000000 0.150665 0.230844 0.241862 0.387177 0.488882 0.443046 0.422883 0.562948 0.661764 0.118865 0.133570 0.254303 0.381683 0.305126 0.307886 0.416637 0.520753 0.225167 0.295098 0.444202 0.304659 0.305229 0.389853 0.474773 0.150768 0.253288 0.249946 0.284937 0.367055 0.490796 0.157035 0.154110 0.247617 0.242417 0.379418 0.249010 0.330917 0.317437 0.446365 0.124097 0.138557 0.247366 0.230491 0.283722 0.142948
 36.000000 0.148923 0.239623 0.241979 0.386582 0.479154 0.455488 0.460011 0.550271 0.653708 0.124455 0.132808 0.255378 0.374811 0.318542 0.346690 0.404443 0.514068 0.221849 0.289401 0.434675 0.307873 0.346902 0.358387 0.448688 0.148721 0.244297 0.251199 0.290107 0.356746 0.483831 0.153561 0.148469 0.234555 0.241441 0.380665 0.252290 0.309058 0.341592 0.473068 0.125678 0.133780 0.247639 0.230239 0.288676 0.146506
 37.000000 0.149870 0.235871 0.242448 0.376678 0.470317 0.466637 0.473534 0.580555 0.699124 0.122172 0.134841 0.243990 0.364989 0.333648 0.363267 0.436826 0.559729 0.226278 0.280558 0.418689 0.355799 0.404160 0.424880 0.543468 0.143000 0.247845 0.240589 0.272472 0.363275 0.489511 0.161437 0.144838 0.234291 0.243635 0.381033 0.250352 0.329548 0.326408 0.454152 0.122270 0.139993 0.253626 0.226949 0.287106 0.143757
 38.000000 0.154353 0.238430 0.238159 0.376651 0.480121 0.453222 0.460219 0.561780 0.668002 0.124443 0.129093 0.241241 0.361714 0.329383 0.369750 0.424389 0.543873 0.227546 0.288394 0.409039 0.375778 0.441988 0.436500 0.558496 0.143840 0.252547 0.243725 0.281556 0.357901 0.483002 0.159016 0.149887 0.239779 0.239773 0.381063 0.261033 0.337369 0.325154 0.463951 0.124202 0.135665 0.245864 0.229436 0.276444 0.152624
 39.000000 0.145647 0.232261 0.242134 0.382175 0.479577 0.471816 0.530903 0.541203 0.652853 0.122809 0.132831 0.250701 0.353753 0.359623 0.439503 0.427858 0.554220 0.221029 0.283473 0.375961 0.405190 0.506601 0.449306 0.584180 0.147088 0.252802 0.248662 0.314863 0.345129 0.468943 0.154771 0.151083 0.246098 0.247364 0.381904 0.249808 0.300849 0.354394 0.476736 0.126578 0.135510 0.244395 0.222452 0.268095 0.143548
 40.000000 0.150479 0.236006 0.249181 0.389344 0.484382 0.461808 0.486142 0.566284 0.663980 0.121963 0.136656 0.252723 0.372486 0.328675 0.377404 0.424182 0.530847 0.224036 0.283447 0.427272 0.337793 0.404896 0.398724 0.497459 0.147831 0.241779 0.250551 0.301763 0.364271 0.483530 0.159289 0.151914 0.245575 0.244383 0.377694 0.258807 0.322518 0.340731 0.468079 0.120851 0.133015 0.241224 0.212000 0.259950 0.140620
