#! FIELDS time pair1 pair2 pair3 pair4 pair5 pair6 pair7 pair8 pair9 pair10 pair11 pair12 pair13 pair14 pair15 pair16 pair17 pair18 pair19 pair20 pair21 pair22 pair23 pair24 pair25 pair26 pair27 pair28 pair29 pair30 pair31 pair32 pair33 pair34 pair35 pair36 pair37 pair38 pair39 pair40 pair41 pair42 pair43 pair44 pair45
 0.000000 0.146294 0.235996 0.238078 0.376237 0.489347 0.437320 0.540965 0.417038 0.510699 0.124314 0.135340 0.248193 0.379343 0.319138 0.414079 0.335888 0.450798 0.228484 0.285640 0.432066 0.336109 0.400461 0.375632 0.479012 0.145647 0.253905 0.244508 0.354076 0.273053 0.408933 0.157013 0.152398 0.240260 0.245498 0.387529 0.254818 0.319816 0.338878 0.473918 0.121268 0.133694 0.256496 0.220386 0.295069 0.144146
 1.000000 0.146516 0.231225 0.246189 0.379920 0.471896 0.456305 0.553674 0.453035 0.574721 0.120225 0.137310 0.246714 0.364972 0.312994 0.407416 0.326536 0.454747 0.222949 0.274252 0.421688 0.294505 0.362902 0.314080 0.421930 0.145869 0.231329 0.252212 0.359185 0.284840 0.427721 0.158458 0.151318 0.238948 0.244732 0.379983 0.260296 0.336596 0.332498 0.457277 0.119704 0.134466 0.243848 0.219148 0.270605 0.143753
 2.000000 0.147966 0.242827 0.232562 0.364190 0.458703 0.427979 0.521496 0.435473 0.542904 0.126289 0.132563 0.234755 0.354630 0.296419 0.380621 0.335292 0.452187 0.228202 0.271147 0.412826 0.294484 0.340131 0.356323 0.454460 0.139946 0.229175 0.246757 0.349630 0.290823 0.425471 0.147221 0.156058 0.241135 0.248907 0.381013 0.256348 0.333985 0.321206 0.447107 0.123548 0.133690 0.241969 0.225887 0.281718 0.137899
 3.000000 0.145152 0.231258 0.241017 0.377943 0.487765 0.458417 0.542093 0.475922 0.591068 0.122102 0.137004 0.248492 0.377166 0.314657 0.397497 0.343788 0.461190 0.227923 0.282477 0.429785 0.292558 0.350840 0.323149 0.411564 0.149646 0.248262 0.261383 0.359953 0.300503 0.439110 0.153720 0.153392 0.236288 0.242920 0.374556 0.243370 0.318368 0.302711 0.429132 0.122070 0.133308 0.234327 0.228188 0.269659 0.143896
 4.000000 0.147628 0.238338 0.239454 0.380569 0.483714 0.447930 0.534547 0.457045 0.566656 0.122184 0.137303 0.251768 0.378181 0.312891 0.390667 0.349001 0.463121 0.226912 0.285121 0.431567 0.310235 0.352187 0.363355 0.453072 0.147902 0.247566 0.244624 0.344855 0.289023 0.425663 0.150180 0.146717 0.231409 0.248654 0.380676 0.236487 0.315642 0.309117 0.437963 0.122106 0.140673 0.246646 0.229580 0.278162 0.143405
 5.000000 0.147550 0.227888 0.241748 0.374301 0.482467 0.431232 0.524047 0.431729 0.544535 0.121070 0.133195 0.238265 0.366231 0.300330 0.386960 0.333936 0.459814 0.226051 0.272899 0.421354 0.303407 0.353884 0.363798 0.473084 0.145551 0.241570 0.250733 0.356333 0.286339 0.429015 0.153301 0.155929 0.243187 0.245888 0.384077 0.253020 0.331736 0.310699 0.438030 0.123588 0.136092 0.247324 0.230002 0.286278 0.145141
 6.000000 0.146632 0.234576 0.240620 0.373696 0.479656 0.448902 0.553380 0.440155 0.555689 0.121272 0.132917 0.241611 0.371318 0.318707 0.415049 0.340935 0.466327 0.219171 0.270812 0.423785 0.316394 0.382822 0.355879 0.462383 0.140666 0.245002 0.246943 0.356792 0.283312 0.425772 0.163049 0.150286 0.239812 0.247889 0.385254 0.259883 0.328723 0.344433 0.474323 0.124659 0.139014 0.250777 0.229506 0.284206 0.145251
 7.000000 0.146963 0.237428 0.238632 0.372637 0.477519 0.459753 0.554608 0.472844 0.598262 0.122450 0.131700 0.240703 0.368746 0.324119 0.411429 0.362444 0.495468 0.218972 0.269433 0.419271 0.314898 0.368388 0.375976 0.495808 0.141411 0.242844 0.257632 0.363506 0.295846 0.439720 0.154318 0.156624 0.247782 0.242809 0.383065 0.245506 0.327185 0.299990 0.423028 0.126945 0.134235 0.249431 0.232086 0.294270 0.145337
 8.000000 0.151489 0.239119 0.242184 0.377447 0.478541 0.463854 0.568221 0.457825 0.576871 0.121832 0.133589 0.243333 0.369595 0.318619 0.418170 0.332904 0.457267 0.222650 0.275913 0.424701 0.310014 0.382566 0.340849 0.446065 0.142594 0.240928 0.257857 0.368068 0.286428 0.425682 0.153633 0.155682 0.248896 0.241549 0.374259 0.247697 0.321817 0.314396 0.434485 0.121910 0.135915 0.238749 0.224613 0.268513 0.140599
 9.000000 0.148338 0.237674 0.243401 0.385360 0.481151 0.459440 0.554431 0.448764 0.557933 0.126637 0.131362 0.252464 0.374521 0.323050 0.410144 0.340025 0.460457 0.223072 0.288869 0.437094 0.328134 0.382689 0.366742 0.471345 0.147003 0.245760 0.247493 0.349190 0.276660 0.414267 0.156659 0.155772 0.235402 0.249770 0.386591 0.249245 0.322217 0.315675 0.442254 0.121733 0.139757 0.251853 0.236328 0.302663 0.141654
 10.000000 0.150217 0.239219 0.236782 0.372302 0.456214 0.459218 0.564231 0.458197 0.574222 0.120868 0.131951 0.241213 0.355238 0.328606 0.423858 0.357351 0.476829 0.221599 0.276306 0.416030 0.337561 0.405133 0.382969 0.481021 0.141347 0.230939 0.249008 0.357137 0.287003 0.424058 0.155326 0.152151 0.238646 0.250847 0.380150 0.252496 0.323410 0.333602 0.462437 0.122352 0.138398 0.240645 0.226283 0.268295 0.142148
 11.000000 0.141912 0.228740 0.235561 0.373969 0.478695 0.442652 0.544600 0.429280 0.537767 0.125495 0.129298 0.244953 0.371039 0.313691 0.409475 0.328466 0.449111 0.222753 0.280430 0.429457 0.303198 0.368474 0.328663 0.428609 0.146608 0.246556 0.260473 0.367807 0.295912 0.433702 0.153681 0.158543 0.249155 0.249195 0.384381 0.253712 0.330345 0.327710 0.452649 0.124379 0.133694 0.244027 0.223781 0.278544 0.140545
 12.000000 0.151427 0.239942 0.241673 0.383079 0.478550 0.462896 0.578233 0.437342 0.554967 0.120374 0.134477 0.251583 0.371225 0.337027 0.442893 0.342920 0.472591 0.222059 0.285598 0.425575 0.351871 0.434150 0.373363 0.490510 0.146417 0.242990 0.253998 0.366620 0.279653 0.422140 0.153434 0.150150 0.238818 0.241847 0.378954 0.241948 0.300776 0.331822 0.455752 0.125208 0.134540 0.245766 0.229037 0.284791 0.143917
 13.000000 0.148614 0.239627 0.244584 0.377945 0.463367 0.468312 0.588954 0.443234 0.574696 0.124262 0.135274 0.244471 0.354303 0.339897 0.455969 0.336598 0.476484 0.223056 0.273651 0.398605 0.362614 0.464057 0.370115 0.499105 0.142229 0.241379 0.238220 0.354055 0.258165 0.405707 0.156362 0.146895 0.237078 0.237542 0.375037 0.248558 0.289929 0.357716 0.481985 0.123410 0.133761 0.242592 0.224798 0.271184 0.148037
 14.000000 0.144727 0.236061 0.235718 0.369893 0.462278 0.460231 0.579031 0.431963 0.554191 0.122233 0.136927 0.245783 0.358345 0.347590 0.460690 0.349505 0.482740 0.227099 0.283242 0.406066 0.381987 0.481242 0.399165 0.524482 0.139764 0.241068 0.244029 0.356575 0.267841 0.409266 0.153356 0.154318 0.242004 0.249072 0.383412 0.246747 0.286384 0.358303 0.479734 0.120814 0.140104 0.247081 0.228186 0.280073 0.142183
 15.000000 0.146782 0.237577 0.231815 0.368262 0.450824 0.452097 0.566947 0.429052 0.560310 0.122906 0.131609 0.245963 0.358699 0.332633 0.445271 0.330289 0.470801 0.224778 0.291338 0.425588 0.359626 0.464618 0.355315 0.482075 0.138863 0.232034 0.247883 0.352683 0.282407 0.431672 0.153554 0.153561 0.234056 0.250066 0.390264 0.252519 0.283748 0.362682 0.489274 0.117529 0.135152 0.249293 0.220275 0.277031 0.149590
 16.000000 0.150043 0.244510 0.242825 0.377302 0.494541 0.453347 0.562661 0.425573 0.536186 0.122923 0.135340 0.240603 0.378389 0.314779 0.418026 0.314180 0.437878 0.219711 0.258027 0.414017 0.299116 0.375295 0.317630 0.425240 0.146400 0.254988 0.254108 0.366654 0.274248 0.415254 0.160219 0.156978 0.245345 0.246903 0.384750 0.256648 0.313343 0.349301 0.475768 0.123045 0.136305 0.247505 0.228497 0.285662 0.143527
 17.000000 0.140943 0.233320 0.235351 0.369363 0.483573 0.433832 0.532573 0.412851 0.520964 0.124936 0.136209 0.244957 0.377643 0.319388 0.411073 0.336840 0.457551 0.227513 0.278634 0.427702 0.334413 0.392665 0.382285 0.487658 0.143028 0.250601 0.245646 0.356998 0.270267 0.409119 0.159468 0.154910 0.249570 0.246457 0.379606 0.256213 0.336388 0.331875 0.456819 0.123507 0.140435 0.243537 0.228412 0.271452 0.142077
 18.000000 0.142720 0.225690 0.234103 0.371369 0.465616 0.436731 0.518584 0.462114 0.566697 0.119420 0.132201 0.244536 0.364309 0.309071 0.383914 0.362825 0.477189 0.222935 0.282239 0.426425 0.312484 0.351063 0.389652 0.486343 0.144288 0.235945 0.245890 0.344954 0.294444 0.429281 0.152306 0.151172 0.240337 0.242219 0.379770 0.244082 0.336566 0.281629 0.416240 0.119101 0.136481 0.248242 0.221057 0.278620 0.143175
 19.000000 0.147790 0.237257 0.243811 0.379865 0.478976 0.456848 0.526689 0.486767 0.601894 0.121413 0.134231 0.246658 0.368850 0.326475 0.388717 0.383747 0.505776 0.217906 0.272773 0.416054 0.333624 0.356755 0.419425 0.528888 0.143003 0.240404 0.248504 0.341070 0.298687 0.436098 0.153408 0.153903 0.240169 0.246110 0.381079 0.244953 0.340419 0.291883 0.421214 0.122878 0.133229 0.242493 0.224190 0.277222 0.142538
 20.000000 0.142892 0.227374 0.240327 0.366261 0.449178 0.461902 0.467339 0.580187 0.687702 0.123373 0.136708 0.238682 0.349255 0.325716 0.344520 0.439223 0.547914 0.230074 0.276362 0.408012 0.331937 0.356052 0.421163 0.517108 0.142007 0.233302 0.246069 0.277177 0.368966 0.487503 0.150619 0.150897 0.240394 0.246954 0.380748 0.258836 0.351370 0.319716 0.456750 0.122837 0.134351 0.242835 0.220098 0.267619 0.143231
 21.000000 0.147983 0.235699 0.238156 0.375461 0.492474 0.444268 0.459162 0.530194 0.646549 0.120835 0.129680 0.245650 0.369477 0.336400 0.384803 0.411768 0.540205 0.216786 0.277635 0.402880 0.369721 0.445414 0.408336 0.535460 0.147082 0.255961 0.250052 0.293779 0.351218 0.483742 0.155696 0.149188 0.239777 0.233557 0.371797 0.246337 0.316793 0.319133 0.442097 0.123369 0.132635 0.246650 0.227306 0.291657 0.141944
 22.000000 0.149057 0.239654 0.241518 0.375747 0.480938 0.443090 0.478188 0.515847 0.612225 0.125364 0.135562 0.244008 0.373616 0.310836 0.371152 0.375747 0.485021 0.228484 0.281439 0.431334 0.319016 0.403646 0.336859 0.444451 0.141241 0.243652 0.247051 0.299845 0.347484 0.465364 0.157216 0.155547 0.240088 0.253073 0.381671 0.259210 0.299268 0.364597 0.478379 0.124101 0.133840 0.235053 0.223781 0.260375 0.143070
 23.000000 0.152702 0.235364 0.245726 0.388887 0.480764 0.479373 0.503026 0.574395 0.667233 0.119222 0.139589 0.258056 0.376601 0.344680 0.390698 0.427296 0.526420 0.231052 0.301604 0.440797 0.356772 0.412266 0.403666 0.489526 0.147486 0.242572 0.265693 0.319534 0.371649 0.486314 0.152279 0.157318 0.251797 0.251275 0.379780 0.256031 0.331459 0.343555 0.470632 0.125000 0.138730 0.238659 0.225949 0.262821 0.140036
 24.000000 0.146581 0.235835 0.236968 0.381206 0.468906 0.460975 0.503045 0.528164 0.641051 0.125690 0.131050 0.252872 0.355912 0.353273 0.420386 0.418661 0.547041 0.225570 0.293901 0.404970 0.403514 0.494427 0.441798 0.574373 0.148439 0.246355 0.242351 0.297695 0.335945 0.465087 0.155399 0.149285 0.236821 0.247356 0.386794 0.241456 0.275908 0.358921 0.483033 0.120657 0.134540 0.252270 0.216926 0.279360 0.144972
 25.000000 0.151255 0.240350 0.238971 0.372265 0.471944 0.461789 0.466641 0.572240 0.690988 0.122874 0.133870 0.241174 0.350293 0.349919 0.389184 0.446781 0.577316 0.226775 0.281185 0.385988 0.395966 0.461751 0.461895 0.596476 0.140093 0.243869 0.245768 0.280922 0.361076 0.490823 0.154512 0.149312 0.238581 0.240429 0.380968 0.243068 0.324082 0.308065 0.439621 0.123657 0.135492 0.249353 0.228090 0.285661 0.147360
 26.000000 0.145152 0.234431 0.228965 0.370096 0.465271 0.463886 0.492191 0.562612 0.680357 0.123390 0.128273 0.242961 0.356087 0.345104 0.401683 0.430759 0.556398 0.223197 0.281370 0.399501 0.379663 0.462162 0.431150 0.556451 0.147139 0.253211 0.249064 0.295758 0.355996 0.483012 0.154900 0.146700 0.241717 0.232867 0.372216 0.242901 0.315489 0.309478 0.441208 0.127820 0.130514 0.242648 0.226221 0.277968 0.146335
 27.000000 0.150785 0.240512 0.236941 0.373612 0.446960 0.466019 0.477624 0.566607 0.672498 0.120058 0.130311 0.241383 0.342200 0.339973 0.381425 0.429050 0.545063 0.217332 0.272026 0.389535 0.362006 0.431448 0.415988 0.531089 0.143572 0.237466 0.242712 0.274310 0.356153 0.476627 0.156189 0.152112 0.237076 0.250188 0.388569 0.262612 0.320596 0.357112 0.493012 0.126091 0.134752 0.249704 0.228195 0.285802 0.147262
 28.000000 0.146810 0.235011 0.234310 0.371499 0.458613 0.486019 0.518036 0.582324 0.699175 0.122217 0.130207 0.240545 0.339371 0.368818 0.425377 0.453495 0.580528 0.221619 0.274265 0.372094 0.404329 0.485709 0.454888 0.587181 0.144755 0.249577 0.259717 0.302969 0.368652 0.490902 0.154742 0.156054 0.240337 0.249932 0.384355 0.243331 0.304110 0.329717 0.456666 0.117852 0.140389 0.245491 0.227275 0.276440 0.144281
 29.000000 0.150688 0.241216 0.243195 0.378415 0.480364 0.458226 0.494317 0.535781 0.652509 0.125355 0.137124 0.248655 0.367479 0.347764 0.412696 0.414948 0.545911 0.230887 0.291508 0.417211 0.394358 0.484184 0.425930 0.560344 0.140634 0.245833 0.245900 0.298873 0.344965 0.476546 0.159361 0.156860 0.243871 0.246725 0.386288 0.253269 0.296022 0.352308 0.474512 0.121828 0.135595 0.246777 0.226817 0.280430 0.147476
 30.000000 0.152984 0.248528 0.238388 0.377213 0.459902 0.450988 0.442635 0.559104 0.667686 0.125196 0.130157 0.244602 0.358823 0.319453 0.341658 0.415968 0.531914 0.220275 0.277835 0.418994 0.326104 0.370796 0.385325 0.491163 0.142776 0.232656 0.247833 0.278889 0.362086 0.490302 0.156703 0.155100 0.240853 0.249325 0.388866 0.264129 0.326371 0.351527 0.483894 0.126262 0.135274 0.251390 0.231381 0.295586 0.144464
 31.000000 0.151357 0.239669 0.236002 0.380603 0.490586 0.440661 0.438108 0.549460 0.652681 0.122082 0.132446 0.253192 0.389125 0.314860 0.344526 0.411557 0.524997 0.225818 0.295712 0.451838 0.323192 0.368073 0.385532 0.489111 0.148236 0.261216 0.247845 0.286674 0.361360 0.485648 0.162801 0.154638 0.243014 0.248075 0.383403 0.264600 0.329885 0.341182 0.463130 0.124904 0.133274 0.243329 0.224136 0.274791 0.143850
 32.000000 0.150894 0.238147 0.237702 0.378811 0.477716 0.457704 0.459863 0.567336 0.674773 0.120611 0.129124 0.247247 0.372312 0.314856 0.333783 0.417769 0.527957 0.218161 0.283210 0.430148 0.307300 0.329661 0.380726 0.475087 0.145334 0.247065 0.252624 0.290734 0.367611 0.492234 0.152456 0.154819 0.243089 0.249399 0.385388 0.254570 0.331812 0.329998 0.458837 0.121297 0.135532 0.246400 0.221152 0.275144 0.142899
 33.000000 0.143259 0.233797 0.244463 0.377848 0.483927 0.451354 0.485379 0.540535 0.648501 0.124105 0.136488 0.246832 0.374852 0.318978 0.373906 0.401359 0.517016 0.221560 0.272533 0.424370 0.308495 0.382086 0.348464 0.456020 0.142334 0.243415 0.249451 0.303280 0.358868 0.483658 0.157848 0.154638 0.245357 0.250482 0.384164 0.255407 0.308668 0.350521 0.470079 0.123810 0.139392 0.245481 0.227774 0.274361 0.143014
 34.000000 0.151215 0.234517 0.237124 0.376217 0.485277 0.458999 0.453420 0.574830 0.685404 0.118550 0.132144 0.244289 0.378217 0.317814 0.329068 0.426180 0.539063 0.223173 0.281853 0.433061 0.321668 0.338112 0.402029 0.503409 0.145805 0.254877 0.253685 0.285177 0.372184 0.496213 0.157813 0.153007 0.239251 0.246646 0.381035 0.255049 0.342505 0.315083 0.442051 0.119791 0.137364 0.246047 0.224364 0.279980 0.141032
 35.000000 0.148142 0.236478 0.238720 0.379436 0.493789 0.446128 0.459226 0.547524 0.652519 0.125403 0.134585 0.252654 0.389181 0.305572 0.338480 0.400268 0.508916 0.231130 0.299189 0.452117 0.304818 0.350124 0.363791 0.455799 0.146489 0.261371 0.241439 0.278837 0.356316 0.478048 0.154945 0.155338 0.241025 0.251169 0.385197 0.257414 0.318266 0.335389 0.458411 0.127157 0.134127 0.243936 0.228620 0.281585 0.141961
 36.000000 0.148560 0.232295 0.246215 0.383880 0.457582 0.490246 0.494908 0.604918 0.718490 0.123592 0.137528 0.250787 0.340721 0.369915 0.403081 0.472671 0.595690 0.231043 0.291144 0.381392 0.416089 0.474958 0.491639 0.621132 0.145417 0.242522 0.250685 0.277626 0.368329 0.486730 0.154042 0.150642 0.236749 0.242516 0.376085 0.245214 0.323773 0.310466 0.439637 0.123786 0.134049 0.238908 0.228066 0.273002 0.144548
 37.000000 0.146710 0.235877 0.233118 0.375119 0.479296 0.451038 0.464747 0.563530 0.672827 0.124089 0.134388 0.248584 0.375043 0.325372 0.363337 0.426875 0.543842 0.231418 0.291359 0.434034 0.343198 0.392698 0.412024 0.521204 0.148155 0.252747 0.249116 0.294676 0.367023 0.492366 0.154101 0.151819 0.246085 0.245898 0.384643 0.252075 0.335024 0.321156 0.452028 0.119553 0.134242 0.247231 0.210314 0.259164 0.146827
 38.000000 0.149255 0.233154 0.244166 0.381443 0.484909 0.448078 0.431048 0.557863 0.668824 0.120167 0.133417 0.245654 0.371532 0.311928 0.320245 0.414307 0.531246 0.220907 0.276025 0.424533 0.303056 0.319326 0.379144 0.480964 0.146717 0.243549 0.259729 0.293628 0.367301 0.499662 0.154538 0.156732 0.243789 0.240998 0.381437 0.259328 0.339147 0.319903 0.451732 0.123215 0.127487 0.245212 0.221109 0.287675 0.143269
 39.000000 0.143698 0.232914 0.238271 0.375295 0.484345 0.439229 0.429265 0.554843 0.649696 0.124499 0.134075 0.247744 0.379150 0.311995 0.328586 0.418433 0.519831 0.225291 0.284002 0.436572 0.312380 0.336941 0.387280 0.472148 0.143279 0.249662 0.242992 0.280480 0.361201 0.479124 0.156582 0.149693 0.243988 0.242885 0.373996 0.244021 0.326377 0.314084 0.440331 0.126515 0.136136 0.243008 0.227233 0.278742 0.137135
 40.000000 0.153493 0.236747 0.251094 0.385222 0.488259 0.434515 0.416717 0.542220 0.633022 0.121083 0.136147 0.246552 0.370552 0.295478 0.307143 0.395246 0.496436 0.224199 0.281228 0.424563 0.292305 0.317235 0.357035 0.441921 0.141039 0.239885 0.234647 0.266250 0.349941 0.471008 0.146769 0.155342 0.245139 0.245004 0.382368 0.249988 0.325567 0.324484 0.457194 0.125004 0.133521 0.244192 0.226773 0.279950 0.144187
