#! FIELDS time phi psi
#! SET min_phi -pi
#! SET max_phi pi
#! SET min_psi -pi
#! SET max_psi pi
 0.000000 -2.811811 2.513017
 1.000000 -2.183733 2.197034
 2.000000 -2.584447 2.598780
 3.000000 -2.409670 -3.041884
 4.000000 -1.646192 3.008400
 5.000000 -1.615262 2.728145
 6.000000 -1.060038 2.412799
 7.000000 -1.447705 2.146299
 8.000000 -1.101101 2.630673
 9.000000 -1.049832 2.522426
 10.000000 -1.191244 2.350835
 11.000000 -1.516070 2.072422
 12.000000 -0.849816 2.233049
 13.000000 -1.159465 3.012126
 14.000000 -0.747323 2.330838
 15.000000 -0.889141 2.316701
 16.000000 -1.057070 2.483704
 17.000000 -0.739085 2.489858
 18.000000 -1.120627 2.593308
 19.000000 -1.256941 2.446798
 20.000000 -1.136327 2.611310
 21.000000 -1.114778 2.466730
 22.000000 -1.085240 2.833197
 23.000000 -2.063799 2.556289
 24.000000 -2.279606 2.809695
 25.000000 -2.540482 2.751470
 26.000000 -2.511792 2.399606
 27.000000 -1.962908 2.040442
 28.000000 -2.124511 2.076512
 29.000000 -2.232316 2.715562
 30.000000 -1.691851 -2.498423
 31.000000 -1.416183 2.833887
 32.000000 -1.035374 2.273173
 33.000000 -1.109907 2.615993
 34.000000 -1.305597 2.493376
 35.000000 -1.476395 2.761663
 36.000000 -2.470077 3.066858
 37.000000 -1.903713 2.927547
 38.000000 -1.595579 2.276292
 39.000000 -1.534348 3.070729
 40.000000 -1.069141 2.589406
