#! FIELDS time pair1 pair2 pair3 pair4 pair5 pair6 pair7 pair8 pair9 pair10 pair11 pair12 pair13 pair14 pair15 pair16 pair17 pair18 pair19 pair20 pair21 pair22 pair23 pair24 pair25 pair26 pair27 pair28 pair29 pair30 pair31 pair32 pair33 pair34 pair35 pair36 pair37 pair38 pair39 pair40 pair41 pair42 pair43 pair44 pair45
 0.000000 0.145127 0.232912 0.226416 0.359703 0.440061 0.458950 0.580474 0.447683 0.577811 0.123507 0.131050 0.241599 0.352451 0.338575 0.458055 0.339703 0.479220 0.230634 0.294642 0.416953 0.378665 0.488518 0.378803 0.511228 0.141060 0.247689 0.238720 0.356278 0.261939 0.405791 0.154855 0.146496 0.238743 0.237542 0.377976 0.250082 0.285030 0.363381 0.487613 0.126542 0.132193 0.247518 0.225606 0.282145 0.147547
 1.000000 0.147750 0.240604 0.230467 0.366678 0.447304 0.464635 0.584632 0.459557 0.589340 0.121269 0.132019 0.237910 0.341498 0.342085 0.454773 0.364150 0.499908 0.221741 0.266190 0.375674 0.367061 0.460665 0.410301 0.537396 0.145279 0.241648 0.247833 0.364402 0.277298 0.420101 0.153864 0.150688 0.240784 0.247318 0.381373 0.255345 0.300112 0.360993 0.484117 0.125483 0.134406 0.243323 0.223488 0.271562 0.143307
 2.000000 0.147034 0.229369 0.231190 0.369845 0.458970 0.470277 0.580173 0.464185 0.601194 0.123000 0.127616 0.240603 0.352660 0.346782 0.446849 0.367939 0.509573 0.226691 0.287487 0.407487 0.387643 0.464716 0.426837 0.558829 0.146622 0.255337 0.247996 0.358491 0.272149 0.419119 0.158300 0.151281 0.234491 0.244641 0.379762 0.252073 0.297995 0.351946 0.471232 0.122597 0.133720 0.240294 0.226577 0.272692 0.147180
 3.000000 0.151334 0.235917 0.242788 0.380665 0.473508 0.470065 0.594802 0.438212 0.558667 0.119687 0.131385 0.242099 0.359853 0.335525 0.456309 0.326242 0.462172 0.218694 0.268583 0.407516 0.346947 0.456117 0.343597 0.476149 0.147831 0.241052 0.256256 0.371860 0.276977 0.416486 0.158284 0.158458 0.247536 0.246629 0.384129 0.258644 0.296827 0.363733 0.481881 0.127511 0.133038 0.243848 0.231318 0.285813 0.145234
 4.000000 0.147851 0.236688 0.240179 0.385223 0.477973 0.476022 0.597221 0.453494 0.579622 0.123859 0.134944 0.254215 0.371540 0.349355 0.465133 0.350264 0.488198 0.227040 0.288545 0.422110 0.375486 0.476082 0.391431 0.523454 0.152201 0.251964 0.255251 0.370504 0.273212 0.418094 0.158572 0.153857 0.241043 0.241350 0.381856 0.252010 0.290467 0.348533 0.471098 0.125164 0.128616 0.243347 0.223589 0.279725 0.147492
 5.000000 0.146731 0.236954 0.247030 0.381863 0.473432 0.474060 0.590310 0.446574 0.564565 0.123633 0.138224 0.248163 0.361707 0.345672 0.454812 0.342266 0.470519 0.223900 0.274095 0.408858 0.353952 0.445049 0.358680 0.473402 0.144814 0.239036 0.252660 0.363420 0.274233 0.414331 0.153704 0.159016 0.239960 0.248860 0.382990 0.254403 0.294343 0.358634 0.483036 0.124262 0.134063 0.241481 0.232263 0.287531 0.141273
 6.000000 0.147343 0.231355 0.236095 0.370791 0.458267 0.471497 0.586191 0.457376 0.578115 0.121281 0.131153 0.239128 0.348007 0.346700 0.463256 0.346556 0.481559 0.224553 0.277310 0.397500 0.375790 0.492748 0.369178 0.501157 0.143307 0.241731 0.253026 0.358175 0.282680 0.421049 0.152535 0.159809 0.248085 0.242225 0.382802 0.257193 0.283240 0.367791 0.493419 0.123730 0.124459 0.239763 0.217065 0.273841 0.145719
 7.000000 0.147530 0.234542 0.235383 0.370485 0.466292 0.459316 0.577697 0.437366 0.559473 0.124037 0.133566 0.242062 0.366455 0.328679 0.443041 0.326530 0.457361 0.230272 0.286861 0.435208 0.341574 0.444547 0.331622 0.443691 0.141824 0.241083 0.250116 0.361161 0.280710 0.423494 0.159333 0.152145 0.238707 0.248342 0.385125 0.251434 0.290197 0.360939 0.485553 0.121281 0.137426 0.249401 0.225058 0.282344 0.143698
 8.000000 0.152108 0.233234 0.239303 0.373021 0.465069 0.473613 0.594705 0.461740 0.594025 0.120544 0.129719 0.238764 0.358293 0.337982 0.457446 0.343076 0.482975 0.223616 0.280476 0.415058 0.364312 0.475855 0.369689 0.500018 0.141601 0.246116 0.248715 0.362896 0.280688 0.425340 0.157448 0.151076 0.242983 0.248445 0.385488 0.248286 0.280287 0.367615 0.487527 0.125112 0.139230 0.249642 0.228224 0.278600 0.145911
 9.000000 0.149576 0.237632 0.240842 0.378327 0.464942 0.465805 0.590474 0.431895 0.544946 0.124088 0.134655 0.248415 0.361400 0.338663 0.458814 0.330769 0.458662 0.228504 0.290727 0.421775 0.365090 0.470393 0.370489 0.488472 0.142667 0.239829 0.246595 0.366892 0.259453 0.400504 0.153127 0.155939 0.252048 0.240362 0.381320 0.256626 0.311551 0.348715 0.478457 0.125893 0.131988 0.247439 0.223531 0.281988 0.144786
 10.000000 0.155750 0.237398 0.247293 0.381856 0.484439 0.452925 0.537486 0.451422 0.556512 0.123183 0.135263 0.243002 0.369877 0.312888 0.388635 0.341579 0.456863 0.231348 0.285969 0.434331 0.314523 0.352580 0.355716 0.443421 0.142429 0.240460 0.250876 0.351347 0.288687 0.429386 0.153431 0.148624 0.239518 0.238348 0.378721 0.244119 0.333218 0.309032 0.448354 0.125976 0.132495 0.245770 0.225949 0.277462 0.149265
 11.000000 0.141443 0.236064 0.235334 0.370840 0.454438 0.455795 0.574036 0.443126 0.572826 0.125244 0.138701 0.251277 0.360869 0.338805 0.450165 0.348266 0.482960 0.230074 0.291283 0.420064 0.363256 0.455872 0.381244 0.501115 0.141443 0.236964 0.238137 0.353125 0.267651 0.411789 0.148277 0.153964 0.240892 0.248042 0.380865 0.248316 0.299802 0.347720 0.468566 0.122589 0.127577 0.235514 0.212094 0.253573 0.144343
 12.000000 0.144672 0.237558 0.244965 0.381734 0.465077 0.479543 0.595378 0.458224 0.583304 0.124908 0.140007 0.252826 0.363157 0.348013 0.458865 0.344855 0.479164 0.227029 0.281430 0.415077 0.352649 0.446113 0.355321 0.477671 0.146959 0.239969 0.254647 0.368482 0.275182 0.419767 0.155724 0.154395 0.243536 0.245369 0.386156 0.260027 0.311542 0.363448 0.492578 0.121844 0.136367 0.250721 0.225375 0.284287 0.146714
 13.000000 0.149164 0.239203 0.236960 0.373746 0.479984 0.458706 0.567697 0.434719 0.555297 0.123475 0.136426 0.243528 0.365846 0.340971 0.439220 0.352957 0.483737 0.231184 0.281389 0.410177 0.372603 0.445572 0.407241 0.526958 0.145086 0.253762 0.248510 0.357477 0.270309 0.412283 0.159239 0.154094 0.236123 0.247655 0.381320 0.256262 0.302696 0.358022 0.480581 0.120843 0.137572 0.243056 0.229898 0.280676 0.143046
 14.000000 0.149953 0.233917 0.249010 0.385816 0.481151 0.452696 0.534064 0.460596 0.563853 0.121996 0.138232 0.251647 0.374398 0.308503 0.385095 0.337658 0.451493 0.227954 0.288113 0.437384 0.299428 0.340531 0.345650 0.437686 0.145527 0.240087 0.244716 0.344897 0.277202 0.415367 0.158921 0.154732 0.240504 0.240194 0.383072 0.270085 0.355120 0.320801 0.459461 0.122499 0.132495 0.250156 0.228081 0.295307 0.146646
 15.000000 0.146253 0.237187 0.239276 0.380086 0.485078 0.460576 0.554826 0.468769 0.583557 0.124072 0.133929 0.248936 0.376618 0.322983 0.410768 0.353867 0.471008 0.223703 0.278401 0.427356 0.314557 0.368633 0.361831 0.455308 0.148997 0.249972 0.258064 0.364150 0.299247 0.433915 0.154460 0.153052 0.243378 0.250234 0.375625 0.251306 0.328330 0.330195 0.449727 0.125435 0.137877 0.234497 0.227912 0.261234 0.139007
 16.000000 0.148452 0.230256 0.243389 0.381884 0.464789 0.479744 0.569945 0.490621 0.609352 0.116979 0.133544 0.249329 0.357582 0.347813 0.428134 0.384818 0.508313 0.217977 0.281064 0.408055 0.364755 0.414028 0.423813 0.531321 0.145386 0.237628 0.254079 0.354481 0.292676 0.434270 0.149780 0.154250 0.237053 0.251782 0.391118 0.247020 0.322748 0.327988 0.468693 0.122446 0.137182 0.250875 0.227425 0.281910 0.150429
 17.000000 0.149917 0.238137 0.238766 0.374701 0.466477 0.453808 0.549565 0.458731 0.576645 0.122678 0.133094 0.244716 0.366887 0.312123 0.401409 0.337504 0.462051 0.224896 0.283806 0.431321 0.309614 0.366209 0.349598 0.454071 0.141159 0.236804 0.250410 0.356333 0.287300 0.429983 0.156876 0.154722 0.246437 0.241265 0.382158 0.265438 0.347973 0.328008 0.460561 0.122654 0.129097 0.245100 0.216809 0.274201 0.145993
 18.000000 0.150980 0.238753 0.244150 0.378464 0.478239 0.462959 0.545471 0.491011 0.608528 0.122523 0.131932 0.240832 0.364903 0.319587 0.395884 0.369479 0.492237 0.219959 0.269020 0.417059 0.306940 0.349274 0.372230 0.476442 0.143548 0.239842 0.255582 0.352071 0.309084 0.446743 0.154771 0.153545 0.234785 0.254234 0.388042 0.254382 0.328679 0.327483 0.454069 0.123110 0.137967 0.249072 0.229528 0.289346 0.140634
 19.000000 0.149097 0.237379 0.235752 0.372899 0.478570 0.451908 0.531257 0.475140 0.584215 0.122813 0.137495 0.245259 0.376102 0.311286 0.383043 0.354804 0.465301 0.234055 0.288172 0.438194 0.310116 0.345110 0.365476 0.448408 0.145138 0.246759 0.252400 0.349504 0.300195 0.434695 0.153496 0.149970 0.236909 0.245247 0.377201 0.246223 0.329492 0.311697 0.442576 0.123308 0.135606 0.240354 0.226261 0.271118 0.142930
 20.000000 0.146850 0.228878 0.243134 0.382477 0.468996 0.477160 0.599712 0.455131 0.575114 0.122466 0.132895 0.247301 0.345613 0.358331 0.475867 0.366034 0.498599 0.224453 0.281308 0.378516 0.402990 0.508766 0.427735 0.557036 0.149000 0.241795 0.252337 0.367227 0.279653 0.418184 0.148007 0.156240 0.246319 0.252232 0.385607 0.245335 0.281149 0.364600 0.486680 0.125579 0.139363 0.247665 0.231193 0.285072 0.140071
 21.000000 0.142014 0.232953 0.243148 0.376455 0.459811 0.470426 0.586144 0.450230 0.568451 0.121635 0.137321 0.249628 0.351372 0.355912 0.462568 0.367221 0.498948 0.218170 0.275908 0.384584 0.387094 0.471519 0.425822 0.555883 0.139216 0.235408 0.245817 0.358483 0.268630 0.408864 0.152977 0.156955 0.242097 0.247736 0.385363 0.254568 0.306518 0.347921 0.474007 0.124419 0.135167 0.248077 0.231253 0.293629 0.142387
 22.000000 0.145993 0.235480 0.236620 0.376752 0.455400 0.470187 0.589920 0.453092 0.580660 0.119520 0.132797 0.250328 0.353843 0.349791 0.465667 0.360364 0.499075 0.217711 0.282519 0.400926 0.373303 0.477436 0.400613 0.537019 0.145365 0.245418 0.246026 0.361603 0.269230 0.409188 0.157534 0.151545 0.243758 0.246662 0.378677 0.261589 0.309637 0.363083 0.475623 0.121037 0.137142 0.244127 0.217885 0.263116 0.142752
 23.000000 0.149097 0.233660 0.240834 0.386141 0.444253 0.482598 0.599734 0.468616 0.599721 0.121033 0.130587 0.253383 0.330680 0.363476 0.475522 0.376193 0.516917 0.219759 0.287559 0.364091 0.409285 0.508376 0.442938 0.581355 0.151479 0.239424 0.246297 0.359828 0.265616 0.410412 0.149151 0.145781 0.232366 0.237769 0.374652 0.243479 0.280442 0.348672 0.474420 0.123085 0.132068 0.242767 0.224241 0.276763 0.145911
 24.000000 0.146731 0.231720 0.243016 0.377134 0.479259 0.453447 0.574031 0.421809 0.538095 0.122654 0.137073 0.247810 0.358356 0.343677 0.456077 0.347852 0.478702 0.229087 0.289403 0.394455 0.392339 0.486492 0.415540 0.538569 0.141397 0.247487 0.241071 0.355923 0.267795 0.411044 0.156362 0.152427 0.238985 0.247905 0.384430 0.261964 0.302121 0.375065 0.503678 0.124185 0.135237 0.247560 0.226245 0.281904 0.144544
 25.000000 0.151192 0.245092 0.244037 0.386060 0.471467 0.482869 0.603834 0.467412 0.588372 0.126495 0.135429 0.250832 0.359486 0.351825 0.467567 0.361692 0.493232 0.226526 0.280214 0.406169 0.367279 0.467746 0.391916 0.516073 0.150326 0.243953 0.258008 0.373837 0.283263 0.421688 0.152122 0.156467 0.246605 0.251026 0.385480 0.253892 0.298766 0.357797 0.478759 0.124459 0.136007 0.246238 0.224780 0.279229 0.140474
 26.000000 0.144530 0.222371 0.234715 0.377616 0.444384 0.481388 0.600009 0.470388 0.600408 0.116396 0.132189 0.249850 0.335297 0.365466 0.477320 0.380302 0.517290 0.223083 0.290436 0.381874 0.408153 0.506413 0.436076 0.566255 0.149496 0.236605 0.256291 0.370734 0.281748 0.424265 0.150629 0.153167 0.242299 0.245754 0.379373 0.252216 0.298178 0.360186 0.484071 0.123568 0.134086 0.240915 0.223683 0.270305 0.143035
 27.000000 0.138090 0.225337 0.224762 0.361028 0.443165 0.450881 0.567712 0.436166 0.561849 0.125833 0.127228 0.238902 0.346084 0.328897 0.440441 0.334494 0.469163 0.226550 0.283648 0.410524 0.353600 0.449157 0.363907 0.484035 0.143990 0.233703 0.246069 0.358133 0.272832 0.418412 0.148236 0.150030 0.234960 0.243023 0.384351 0.248679 0.292243 0.351292 0.482568 0.122184 0.131183 0.249088 0.221183 0.283651 0.147343
 28.000000 0.149164 0.232284 0.241400 0.377893 0.467492 0.440346 0.564865 0.404477 0.530345 0.118735 0.137615 0.247728 0.350629 0.332236 0.453723 0.330675 0.472275 0.227987 0.287101 0.392990 0.381131 0.492874 0.391277 0.527729 0.143084 0.244219 0.220098 0.339133 0.245120 0.391875 0.154616 0.145141 0.236723 0.244420 0.380480 0.254503 0.296742 0.371509 0.494794 0.124788 0.135775 0.246246 0.221655 0.266790 0.147912
 29.000000 0.149429 0.235805 0.247316 0.385847 0.483192 0.465848 0.583294 0.440804 0.551363 0.122299 0.134097 0.245945 0.362388 0.332883 0.445651 0.337095 0.464850 0.219383 0.266717 0.402693 0.339043 0.433797 0.363285 0.483951 0.152266 0.237880 0.266588 0.378752 0.294226 0.435024 0.152427 0.157968 0.246321 0.250994 0.392024 0.254649 0.305696 0.350169 0.479855 0.120905 0.134588 0.253671 0.219317 0.286072 0.144406
 30.000000 0.152020 0.243327 0.241713 0.378222 0.459959 0.468653 0.589170 0.438728 0.564246 0.123572 0.132473 0.245833 0.352667 0.344131 0.461108 0.342981 0.477918 0.221912 0.281148 0.400807 0.374908 0.480139 0.390203 0.514270 0.141510 0.241257 0.241737 0.357024 0.261153 0.406144 0.154577 0.153440 0.244788 0.247754 0.384044 0.255691 0.300658 0.363106 0.490167 0.121676 0.140506 0.248044 0.226718 0.275541 0.145705
 31.000000 0.153379 0.238210 0.243656 0.382166 0.481291 0.476149 0.595884 0.454428 0.578808 0.120037 0.133705 0.246394 0.369630 0.339825 0.455654 0.338408 0.469797 0.223338 0.281785 0.421736 0.353460 0.457653 0.352631 0.468860 0.146543 0.252881 0.252020 0.365866 0.277534 0.418720 0.155313 0.155567 0.243731 0.250954 0.383245 0.251151 0.286798 0.366369 0.485456 0.122654 0.137975 0.243093 0.226665 0.273763 0.141637
 32.000000 0.145138 0.228074 0.239355 0.377090 0.456512 0.482488 0.596270 0.476997 0.611963 0.120868 0.132371 0.245459 0.349259 0.349854 0.461514 0.360368 0.501204 0.222416 0.279580 0.401424 0.364166 0.468613 0.373553 0.502674 0.149325 0.244998 0.256078 0.364556 0.285365 0.432005 0.154136 0.146649 0.233163 0.243070 0.382290 0.250040 0.280073 0.367626 0.493530 0.120104 0.138452 0.251372 0.225570 0.282243 0.147611
 33.000000 0.153639 0.238525 0.240626 0.378478 0.466212 0.453948 0.465366 0.565837 0.680899 0.125782 0.130315 0.244710 0.349103 0.343613 0.390493 0.443921 0.572284 0.229702 0.294642 0.405216 0.402605 0.474586 0.474676 0.607152 0.142116 0.237863 0.239533 0.282593 0.355817 0.483827 0.152558 0.156016 0.248801 0.246871 0.385795 0.249742 0.314922 0.328562 0.453032 0.123689 0.133049 0.247937 0.219028 0.275510 0.144399
 34.000000 0.151529 0.239919 0.245027 0.380854 0.453992 0.483037 0.474227 0.603771 0.720065 0.119683 0.134376 0.244158 0.326199 0.364393 0.386406 0.474188 0.601146 0.217892 0.268062 0.331068 0.404581 0.454720 0.491636 0.627335 0.144451 0.249036 0.242695 0.261084 0.362024 0.484153 0.154198 0.151667 0.235765 0.240842 0.380224 0.254232 0.346880 0.300177 0.442415 0.122254 0.130392 0.242423 0.223616 0.276639 0.148489
 35.000000 0.147983 0.237497 0.235894 0.371252 0.453089 0.458113 0.455303 0.584037 0.700471 0.124378 0.129139 0.238367 0.332351 0.346370 0.377208 0.461476 0.589932 0.221903 0.272362 0.364622 0.392645 0.451276 0.481205 0.617691 0.142794 0.243623 0.235544 0.262562 0.362631 0.485931 0.157690 0.152351 0.241083 0.249293 0.386692 0.259100 0.338259 0.327635 0.454010 0.122237 0.138290 0.250966 0.225153 0.281364 0.145176
 36.000000 0.150350 0.237483 0.236047 0.370509 0.450806 0.480668 0.498412 0.585620 0.702240 0.121314 0.130572 0.240308 0.310643 0.372195 0.416352 0.472810 0.602989 0.222729 0.279616 0.311926 0.426474 0.493980 0.509680 0.651083 0.143767 0.240828 0.254008 0.286426 0.368850 0.490128 0.156035 0.149067 0.234813 0.246465 0.381691 0.242862 0.310925 0.325960 0.453690 0.125379 0.133079 0.242671 0.224744 0.271406 0.147095
 37.000000 0.150844 0.239119 0.245210 0.377020 0.465833 0.478258 0.486412 0.584608 0.701352 0.122016 0.134499 0.240670 0.326181 0.364748 0.402990 0.464652 0.594636 0.221599 0.268913 0.325358 0.412108 0.478770 0.490699 0.630993 0.141195 0.252206 0.240556 0.270076 0.353946 0.477374 0.155255 0.151826 0.239376 0.243750 0.382317 0.247974 0.326890 0.318537 0.450837 0.124716 0.129650 0.243567 0.220769 0.274789 0.146157
 38.000000 0.147224 0.240106 0.241736 0.380187 0.432922 0.476130 0.475734 0.592426 0.702369 0.124643 0.138892 0.253403 0.309189 0.376440 0.408774 0.482422 0.607623 0.229127 0.287466 0.307373 0.435361 0.490461 0.525207 0.662792 0.147763 0.250920 0.242504 0.277581 0.352505 0.471273 0.150030 0.154848 0.242572 0.244397 0.379903 0.246619 0.310442 0.328471 0.454771 0.123883 0.134536 0.239996 0.228602 0.273571 0.145788
 39.000000 0.142338 0.228930 0.233985 0.374992 0.443407 0.473610 0.505975 0.570549 0.688798 0.121478 0.135266 0.253588 0.315877 0.378574 0.429338 0.475426 0.607397 0.227763 0.297580 0.323619 0.444600 0.506780 0.532861 0.673966 0.144893 0.245888 0.246181 0.297916 0.350042 0.477500 0.155052 0.153821 0.238202 0.249826 0.388876 0.247722 0.286938 0.352443 0.479280 0.118714 0.138615 0.252105 0.224377 0.284218 0.145853
 40.000000 0.143785 0.234730 0.237158 0.377659 0.489935 0.419464 0.401741 0.528256 0.622379 0.124016 0.134811 0.250236 0.379903 0.302860 0.320028 0.402122 0.509675 0.225295 0.280446 0.427699 0.308065 0.346944 0.369603 0.467313 0.151770 0.253772 0.246451 0.277835 0.362312 0.486221 0.155029 0.152912 0.241524 0.244148 0.381692 0.262652 0.337935 0.334661 0.466188 0.122532 0.134112 0.246870 0.223933 0.282197 0.142986
