#! FIELDS time pair1 pair2 pair3 pair4 pair5 pair6 pair7 pair8 pair9 pair10 pair11 pair12 pair13 pair14 pair15 pair16 pair17 pair18 pair19 pair20 pair21 pair22 pair23 pair24 pair25 pair26 pair27 pair28 pair29 pair30 pair31 pair32 pair33 pair34 pair35 pair36 pair37 pair38 pair39 pair40 pair41 pair42 pair43 pair44 pair45
 0.000000 0.142822 0.231899 0.239585 0.372631 0.447218 0.463459 0.458897 0.587116 0.697977 0.124615 0.133989 0.241897 0.330203 0.351670 0.377383 0.467107 0.590323 0.224027 0.270782 0.351882 0.400815 0.456531 0.492723 0.627635 0.144260 0.245171 0.229480 0.248574 0.357553 0.474141 0.152859 0.152702 0.235597 0.255145 0.389401 0.248769 0.316016 0.334026 0.456923 0.119808 0.138625 0.248799 0.222443 0.275770 0.144160
 1.000000 0.149271 0.237598 0.237567 0.376705 0.444667 0.473313 0.475684 0.589174 0.689279 0.119812 0.135573 0.247550 0.338481 0.356496 0.390330 0.460930 0.573249 0.224951 0.282500 0.382505 0.394378 0.455871 0.472071 0.590668 0.145468 0.232691 0.246790 0.271759 0.367353 0.478801 0.153486 0.149178 0.232189 0.248123 0.378630 0.248966 0.309344 0.333372 0.461152 0.123572 0.133000 0.238539 0.222803 0.266872 0.143896
 2.000000 0.146881 0.233489 0.240362 0.372363 0.475396 0.469885 0.473241 0.573915 0.695785 0.123956 0.128950 0.237019 0.356622 0.343840 0.373846 0.438607 0.567157 0.219055 0.267359 0.393184 0.370860 0.426129 0.434310 0.562980 0.141697 0.255145 0.245051 0.272575 0.357250 0.485150 0.157522 0.156787 0.241800 0.245980 0.383334 0.250928 0.332075 0.317041 0.440881 0.121116 0.128273 0.244051 0.216113 0.280653 0.141262
 3.000000 0.147990 0.229943 0.242077 0.375171 0.482710 0.444508 0.462173 0.523100 0.619572 0.121824 0.134127 0.241996 0.369954 0.317739 0.363573 0.385896 0.494554 0.227005 0.282254 0.425926 0.341481 0.411123 0.365143 0.466584 0.141916 0.244053 0.246037 0.289539 0.345893 0.468182 0.158032 0.149700 0.236053 0.238155 0.373082 0.253050 0.309653 0.343270 0.471481 0.121437 0.136697 0.243504 0.230679 0.284424 0.142394
 4.000000 0.150376 0.238212 0.239623 0.370956 0.459140 0.443057 0.454081 0.540142 0.634559 0.122736 0.130774 0.239318 0.352344 0.318870 0.361408 0.404420 0.512710 0.221887 0.279365 0.410086 0.344468 0.414218 0.392128 0.501470 0.135628 0.231002 0.236246 0.273916 0.344682 0.459297 0.152201 0.154178 0.235884 0.245155 0.375165 0.260158 0.309977 0.346309 0.467865 0.122630 0.131111 0.231711 0.224971 0.264015 0.143402
 5.000000 0.145788 0.234096 0.236206 0.378704 0.449767 0.456917 0.430309 0.589276 0.682189 0.120046 0.134063 0.254659 0.329948 0.362813 0.372599 0.485434 0.595140 0.222059 0.293155 0.354301 0.423790 0.458019 0.528607 0.649642 0.145513 0.241531 0.236313 0.252272 0.363771 0.470580 0.153065 0.157067 0.240834 0.251438 0.377501 0.266039 0.351875 0.326650 0.450220 0.120071 0.136092 0.234779 0.224116 0.266695 0.136316
 6.000000 0.145399 0.234595 0.234759 0.371983 0.436095 0.480483 0.478566 0.607705 0.732252 0.124346 0.134896 0.244978 0.304575 0.374301 0.404959 0.490924 0.626593 0.230328 0.285104 0.313516 0.430296 0.489451 0.525264 0.670276 0.144537 0.242312 0.248532 0.270483 0.375059 0.502797 0.154402 0.148469 0.234354 0.249315 0.390797 0.246242 0.332953 0.307724 0.446473 0.126368 0.136268 0.254827 0.228635 0.290079 0.149245
 7.000000 0.152020 0.239004 0.243780 0.375107 0.429806 0.497623 0.516746 0.613113 0.740110 0.123810 0.132714 0.238602 0.316172 0.372619 0.418311 0.476204 0.609292 0.225073 0.272488 0.344682 0.414591 0.486930 0.491173 0.629482 0.145059 0.248540 0.253973 0.288023 0.372206 0.498223 0.159919 0.155968 0.246063 0.251016 0.388513 0.255033 0.336614 0.327452 0.456200 0.124904 0.133780 0.247972 0.221752 0.278842 0.143259
 8.000000 0.147241 0.233568 0.237874 0.378986 0.484942 0.444301 0.435804 0.552255 0.644476 0.123911 0.129707 0.246475 0.372635 0.309120 0.324538 0.409508 0.509051 0.222904 0.283115 0.427594 0.308235 0.332158 0.376756 0.455723 0.147560 0.249874 0.250813 0.287174 0.362747 0.484909 0.149054 0.156668 0.248344 0.244514 0.384334 0.255221 0.341470 0.320091 0.462889 0.123895 0.130866 0.245443 0.220118 0.274696 0.147425
 9.000000 0.143976 0.232710 0.234122 0.365275 0.481936 0.434454 0.428758 0.541245 0.637944 0.121700 0.129174 0.234987 0.365197 0.313893 0.339273 0.410971 0.520586 0.217295 0.262214 0.403765 0.319772 0.365985 0.380581 0.483215 0.142692 0.249485 0.249826 0.285016 0.363798 0.487202 0.157677 0.148074 0.235604 0.241682 0.379279 0.254876 0.339442 0.320184 0.458241 0.121996 0.134149 0.245200 0.222807 0.273510 0.147414
 10.000000 0.147709 0.240040 0.232185 0.371168 0.485393 0.443245 0.453097 0.537826 0.631695 0.123617 0.132718 0.243208 0.371718 0.329767 0.372877 0.411783 0.521500 0.226515 0.279251 0.413774 0.358760 0.429556 0.402032 0.511696 0.146205 0.258050 0.246990 0.282197 0.355802 0.473922 0.155274 0.157213 0.241766 0.246712 0.383221 0.254892 0.319082 0.331441 0.464784 0.122389 0.134294 0.241375 0.228175 0.276899 0.146782
 11.000000 0.144848 0.235332 0.233651 0.372958 0.448056 0.466293 0.457232 0.588718 0.693396 0.125300 0.132620 0.249357 0.344164 0.355730 0.378526 0.467258 0.585191 0.227947 0.291498 0.381802 0.408397 0.460280 0.495154 0.624644 0.147034 0.255541 0.236042 0.251933 0.361096 0.472979 0.154745 0.147007 0.226833 0.252129 0.383601 0.249048 0.316103 0.333678 0.457904 0.122417 0.137062 0.244215 0.225397 0.271280 0.146250
 12.000000 0.147465 0.231426 0.240915 0.376514 0.493028 0.453835 0.466910 0.556354 0.655250 0.125196 0.136755 0.242720 0.377292 0.325241 0.364775 0.418275 0.527585 0.235716 0.283353 0.432799 0.342403 0.397154 0.398823 0.495849 0.147875 0.255314 0.255394 0.300295 0.369332 0.494296 0.160904 0.153000 0.247714 0.245636 0.386755 0.254045 0.336999 0.325937 0.467120 0.123073 0.133910 0.249852 0.216765 0.269208 0.149687
 13.000000 0.145300 0.230801 0.232069 0.367287 0.471194 0.435171 0.431485 0.547535 0.661536 0.121561 0.130384 0.241901 0.369118 0.315040 0.341998 0.415397 0.536669 0.224457 0.285813 0.432117 0.332658 0.374131 0.399937 0.511481 0.140698 0.243754 0.246929 0.286808 0.360714 0.491257 0.154415 0.153994 0.243875 0.244808 0.382578 0.250172 0.324658 0.321775 0.446276 0.122788 0.134807 0.250100 0.224366 0.288841 0.141453
 14.000000 0.145251 0.231733 0.236078 0.372344 0.467783 0.416899 0.433997 0.508992 0.619208 0.123491 0.133757 0.247034 0.368669 0.292310 0.339305 0.372391 0.492786 0.228790 0.292499 0.436693 0.302478 0.365012 0.340007 0.449816 0.141778 0.238105 0.235640 0.290425 0.337455 0.468863 0.151172 0.152882 0.245230 0.237320 0.374767 0.255844 0.311257 0.341236 0.460099 0.123325 0.133004 0.241965 0.224506 0.272444 0.146946
 15.000000 0.146734 0.241816 0.236935 0.375630 0.480602 0.448066 0.457534 0.551251 0.657156 0.123726 0.134108 0.246489 0.374594 0.314643 0.348451 0.409124 0.522284 0.221578 0.273622 0.421209 0.309095 0.361881 0.363552 0.468603 0.146007 0.249652 0.244812 0.283864 0.363875 0.487335 0.153486 0.150775 0.242753 0.253434 0.389879 0.250817 0.323365 0.341355 0.468540 0.127020 0.138514 0.251621 0.225331 0.277926 0.144972
 16.000000 0.148684 0.232062 0.240585 0.380158 0.469737 0.447687 0.433112 0.557933 0.657050 0.121861 0.131674 0.246972 0.364700 0.312274 0.323186 0.414171 0.519505 0.224013 0.285603 0.430613 0.315057 0.338377 0.384357 0.473258 0.145825 0.235606 0.250449 0.278692 0.365634 0.487954 0.155824 0.156025 0.241093 0.248131 0.383043 0.255431 0.318413 0.339662 0.468659 0.123879 0.135281 0.246540 0.229715 0.291009 0.139696
 17.000000 0.147414 0.237095 0.236044 0.371970 0.471430 0.446488 0.439613 0.565231 0.668770 0.122886 0.131537 0.244616 0.369601 0.307407 0.315929 0.420387 0.525085 0.222753 0.284454 0.430542 0.294819 0.293384 0.387719 0.468313 0.139775 0.241415 0.252026 0.293498 0.365175 0.490891 0.150559 0.156531 0.246410 0.245104 0.382336 0.259511 0.348990 0.315214 0.453313 0.120083 0.133124 0.245896 0.218490 0.276689 0.142425
 18.000000 0.150934 0.233671 0.240890 0.379666 0.487685 0.452039 0.459676 0.554062 0.661221 0.120735 0.126606 0.243600 0.373106 0.318129 0.353210 0.411099 0.526411 0.215847 0.278930 0.428650 0.319069 0.370912 0.376655 0.478026 0.144409 0.251008 0.254831 0.297231 0.364715 0.494179 0.157000 0.154081 0.239854 0.248699 0.387939 0.256620 0.320701 0.336592 0.468781 0.123195 0.134216 0.251384 0.224635 0.290353 0.143562
 19.000000 0.145430 0.232280 0.232912 0.370204 0.476913 0.444892 0.485841 0.514854 0.605575 0.122409 0.127193 0.239084 0.367091 0.317347 0.382964 0.380585 0.485511 0.219103 0.272978 0.418650 0.331097 0.421494 0.349527 0.449690 0.144592 0.251177 0.241663 0.295352 0.341483 0.457761 0.158130 0.146704 0.236884 0.245618 0.380150 0.248058 0.294314 0.355563 0.484224 0.125984 0.135329 0.247499 0.224522 0.278065 0.144312
 20.000000 0.151529 0.234766 0.241365 0.376577 0.482612 0.438937 0.432163 0.549262 0.643354 0.123475 0.129337 0.239009 0.365958 0.309718 0.335914 0.410889 0.518932 0.224031 0.277397 0.423761 0.324069 0.371034 0.388816 0.490434 0.143140 0.244902 0.242835 0.276236 0.361721 0.481404 0.155126 0.157029 0.246579 0.251672 0.388547 0.257095 0.329024 0.335969 0.466572 0.125519 0.136062 0.244759 0.227381 0.273306 0.147289
 21.000000 0.147479 0.230985 0.240869 0.381509 0.478733 0.460820 0.469147 0.567980 0.685601 0.121877 0.132053 0.251016 0.372082 0.323427 0.351011 0.422920 0.543975 0.223289 0.292146 0.434819 0.324360 0.359979 0.395670 0.501576 0.145200 0.243288 0.259054 0.302022 0.367017 0.501690 0.148775 0.152388 0.236148 0.242788 0.384643 0.243430 0.306734 0.315791 0.446031 0.118878 0.133319 0.249884 0.221527 0.284123 0.147770
 22.000000 0.142664 0.238197 0.223687 0.362406 0.453503 0.444448 0.432163 0.573560 0.683643 0.122756 0.133495 0.244444 0.362411 0.329431 0.339137 0.449006 0.564217 0.226296 0.282853 0.416145 0.355131 0.376140 0.450419 0.558421 0.143409 0.241746 0.244757 0.273417 0.370485 0.496939 0.157032 0.147757 0.234340 0.246481 0.387192 0.253651 0.346023 0.313410 0.455654 0.118334 0.136195 0.253570 0.216245 0.275755 0.148469
 23.000000 0.144503 0.234226 0.233825 0.371422 0.483466 0.429535 0.424873 0.535086 0.627514 0.124752 0.132586 0.247954 0.379096 0.307735 0.333473 0.401968 0.506102 0.227447 0.292318 0.438006 0.320397 0.361910 0.374333 0.464354 0.142499 0.252636 0.241367 0.280205 0.356507 0.479812 0.150336 0.148155 0.236002 0.248183 0.387719 0.245542 0.319565 0.327985 0.465000 0.122902 0.137946 0.252202 0.224709 0.278185 0.149830
 24.000000 0.143820 0.232124 0.231542 0.366721 0.460264 0.455651 0.452524 0.574624 0.674885 0.123073 0.134652 0.239936 0.352304 0.338578 0.364069 0.447646 0.558886 0.230452 0.278622 0.399836 0.370308 0.415881 0.453052 0.566979 0.144934 0.240318 0.252166 0.282957 0.372081 0.485820 0.156106 0.153655 0.242080 0.248004 0.378030 0.258822 0.346794 0.320626 0.448239 0.122348 0.130874 0.234497 0.215631 0.254157 0.141919
 25.000000 0.152789 0.234228 0.240977 0.374253 0.477915 0.453591 0.460483 0.550482 0.663937 0.120204 0.130572 0.239810 0.364413 0.329318 0.369717 0.414468 0.539111 0.223374 0.283510 0.420124 0.362487 0.429621 0.410693 0.533241 0.138181 0.250743 0.236933 0.270241 0.347720 0.475813 0.159430 0.154884 0.239027 0.249161 0.388669 0.258443 0.316269 0.344942 0.472773 0.127095 0.135211 0.249722 0.233946 0.294880 0.146140
 26.000000 0.143687 0.233084 0.232835 0.368828 0.419016 0.469664 0.470432 0.588600 0.699014 0.123361 0.133634 0.243840 0.307314 0.364870 0.396535 0.471024 0.593246 0.226636 0.279389 0.322475 0.421085 0.479756 0.504085 0.637750 0.145691 0.238004 0.238939 0.264238 0.356659 0.471263 0.145959 0.151691 0.238877 0.240437 0.373388 0.245173 0.326444 0.312912 0.442686 0.119858 0.132597 0.236603 0.220381 0.264320 0.142790
 27.000000 0.145097 0.234692 0.249165 0.374713 0.450229 0.463882 0.453262 0.588524 0.709577 0.124197 0.140620 0.239973 0.319504 0.351520 0.374483 0.468788 0.601919 0.226581 0.263237 0.318820 0.400343 0.455932 0.496432 0.640158 0.139918 0.243181 0.221097 0.239067 0.348744 0.475803 0.149479 0.152358 0.242004 0.250298 0.394473 0.253071 0.337322 0.323637 0.461182 0.128378 0.135211 0.256951 0.228602 0.293498 0.149900
 28.000000 0.149800 0.232725 0.244732 0.384849 0.459218 0.479592 0.527321 0.568207 0.690890 0.122151 0.136741 0.252288 0.337611 0.363402 0.436755 0.443381 0.576768 0.230132 0.294289 0.371847 0.414678 0.511330 0.466509 0.606150 0.146181 0.241605 0.246014 0.305950 0.351228 0.479159 0.151446 0.148883 0.244773 0.244839 0.380389 0.253365 0.311676 0.349877 0.471958 0.128631 0.137004 0.246475 0.228079 0.274747 0.144879
 29.000000 0.142878 0.229401 0.233825 0.368311 0.468595 0.450150 0.452434 0.559955 0.674730 0.122593 0.133094 0.245363 0.341053 0.356018 0.389134 0.457668 0.588535 0.226051 0.285758 0.365015 0.414307 0.474017 0.489760 0.629909 0.143363 0.248054 0.238908 0.265140 0.357561 0.484302 0.153851 0.150246 0.233054 0.242213 0.383533 0.248552 0.318057 0.318373 0.451825 0.118786 0.138018 0.250595 0.229114 0.287127 0.149763
 30.000000 0.148388 0.233964 0.240927 0.380832 0.489613 0.435341 0.433080 0.542026 0.637371 0.121803 0.134510 0.250962 0.380203 0.313294 0.345180 0.410213 0.519166 0.226011 0.289396 0.436974 0.323582 0.377673 0.383983 0.483605 0.148395 0.251561 0.253941 0.292777 0.368649 0.493555 0.155929 0.158003 0.244199 0.254246 0.392537 0.264834 0.327037 0.346469 0.478192 0.125952 0.134440 0.248037 0.226340 0.281940 0.145884
 31.000000 0.148145 0.236700 0.244291 0.379892 0.491465 0.449706 0.462460 0.541023 0.645097 0.122947 0.134718 0.248244 0.375512 0.331602 0.376826 0.412215 0.529631 0.222344 0.281256 0.421427 0.353095 0.423634 0.392919 0.507004 0.142990 0.249796 0.248558 0.294444 0.356199 0.483001 0.154674 0.153873 0.246205 0.246751 0.384674 0.246992 0.315641 0.334506 0.462565 0.125992 0.137772 0.249289 0.230085 0.284709 0.144416
 32.000000 0.143492 0.232426 0.243873 0.380049 0.458965 0.475140 0.477106 0.577156 0.687748 0.126000 0.141506 0.251163 0.343484 0.363117 0.394512 0.455002 0.577107 0.235245 0.287644 0.377726 0.411862 0.472174 0.474674 0.603812 0.147983 0.252676 0.236428 0.257573 0.348154 0.465537 0.152899 0.153392 0.235311 0.244180 0.379165 0.249898 0.313204 0.333715 0.461203 0.121169 0.134034 0.242134 0.227269 0.281782 0.142667
 33.000000 0.146833 0.239554 0.233882 0.369421 0.459728 0.455318 0.446992 0.582586 0.699094 0.119975 0.134911 0.247919 0.329585 0.363321 0.392844 0.478027 0.608754 0.219693 0.280396 0.339715 0.415817 0.471654 0.509631 0.649045 0.140360 0.245282 0.234941 0.265366 0.356248 0.482118 0.153747 0.146089 0.238483 0.235936 0.375405 0.241400 0.342386 0.278039 0.414884 0.123734 0.133701 0.247247 0.224210 0.280259 0.145777
 34.000000 0.147614 0.236047 0.240545 0.379880 0.453136 0.472155 0.475653 0.589825 0.703699 0.126396 0.133019 0.249530 0.336402 0.360053 0.395987 0.466194 0.591775 0.227653 0.290484 0.366429 0.417452 0.481275 0.498346 0.632871 0.144530 0.242376 0.240952 0.273700 0.360457 0.482744 0.152187 0.151377 0.243115 0.244843 0.382111 0.252385 0.332400 0.324692 0.455249 0.125100 0.134562 0.245630 0.224323 0.274871 0.145358
 35.000000 0.147611 0.231000 0.241058 0.381970 0.478954 0.446146 0.456738 0.543913 0.661922 0.114830 0.134626 0.251655 0.368641 0.329516 0.371183 0.416214 0.546053 0.216162 0.280607 0.411551 0.355838 0.423383 0.409211 0.541345 0.146581 0.248040 0.236214 0.272560 0.345934 0.476691 0.158588 0.150748 0.235688 0.238768 0.378779 0.260002 0.314371 0.341078 0.463165 0.119030 0.131130 0.245852 0.219534 0.278027 0.147919
 36.000000 0.145523 0.237674 0.235062 0.377685 0.479396 0.440316 0.458102 0.517847 0.617855 0.122580 0.129657 0.248574 0.367764 0.323859 0.372159 0.394242 0.509743 0.216243 0.276176 0.409251 0.342583 0.420627 0.373086 0.491309 0.148196 0.251931 0.239136 0.277547 0.341836 0.461334 0.155058 0.151717 0.234193 0.248149 0.380154 0.259925 0.307878 0.359790 0.479927 0.122769 0.132959 0.240106 0.223747 0.273578 0.141722
 37.000000 0.150137 0.237954 0.246280 0.385873 0.488064 0.452457 0.461270 0.540943 0.640807 0.122152 0.135422 0.250098 0.375762 0.315988 0.349739 0.396139 0.505752 0.222302 0.278162 0.427432 0.303376 0.349337 0.346383 0.437431 0.147763 0.245288 0.255490 0.300350 0.357045 0.487658 0.154752 0.153860 0.243766 0.241398 0.386394 0.246254 0.306963 0.334355 0.472161 0.122902 0.130683 0.249794 0.220647 0.280203 0.151489
 38.000000 0.149272 0.242625 0.238782 0.378975 0.463324 0.449525 0.448955 0.565693 0.667933 0.124423 0.136195 0.253973 0.369920 0.319945 0.344924 0.425435 0.534687 0.227671 0.295095 0.437372 0.321580 0.354753 0.396361 0.492736 0.143098 0.235236 0.249311 0.291808 0.366461 0.489678 0.152725 0.155451 0.246294 0.251279 0.386911 0.256725 0.324851 0.339779 0.465310 0.123984 0.135300 0.244706 0.221337 0.268032 0.145124
 39.000000 0.149696 0.238430 0.240394 0.379734 0.462556 0.466932 0.492891 0.552921 0.652707 0.121885 0.132838 0.248654 0.360318 0.329912 0.376672 0.405924 0.511683 0.221111 0.280130 0.413658 0.339503 0.407988 0.372551 0.471817 0.147122 0.238149 0.247035 0.290514 0.354635 0.470766 0.149833 0.151641 0.242378 0.248312 0.380770 0.251525 0.313810 0.352149 0.479631 0.124483 0.139298 0.245424 0.228429 0.275857 0.141961
 40.000000 0.144935 0.230807 0.233671 0.375311 0.453477 0.466926 0.465472 0.580197 0.686779 0.121037 0.130568 0.248793 0.348840 0.350488 0.377696 0.451968 0.568376 0.221914 0.288524 0.402026 0.385585 0.435385 0.458040 0.575247 0.146581 0.242110 0.246475 0.271503 0.363641 0.481434 0.153561 0.150605 0.233422 0.243977 0.378155 0.252375 0.322399 0.327191 0.457281 0.119783 0.133165 0.240601 0.221948 0.271531 0.144069
