#! FIELDS time pair1 pair2 pair3 pair4 pair5 pair6 pair7 pair8 pair9 pair10 pair11 pair12 pair13 pair14 pair15 pair16 pair17 pair18 pair19 pair20 pair21 pair22 pair23 pair24 pair25 pair26 pair27 pair28 pair29 pair30 pair31 pair32 pair33 pair34 pair35 pair36 pair37 pair38 pair39 pair40 pair41 pair42 pair43 pair44 pair45
 0.000000 0.146704 0.241524 0.231110 0.367527 0.462249 0.445521 0.442286 0.556535 0.638449 0.124403 0.134439 0.244667 0.369104 0.319038 0.341393 0.418088 0.505111 0.227345 0.285170 0.432562 0.330716 0.368230 0.396158 0.466181 0.141167 0.238348 0.255705 0.295765 0.365528 0.477050 0.154175 0.158433 0.247477 0.245884 0.375485 0.246570 0.316410 0.321405 0.454635 0.123928 0.134603 0.235244 0.228513 0.269967 0.143059
 1.000000 0.150629 0.242345 0.231717 0.379634 0.466268 0.457841 0.446321 0.571640 0.670156 0.125483 0.127719 0.251136 0.366632 0.324729 0.334863 0.428286 0.530187 0.224673 0.294083 0.433854 0.331634 0.344524 0.406275 0.489148 0.151013 0.242295 0.258714 0.291830 0.371840 0.491502 0.148358 0.152151 0.241404 0.243191 0.376766 0.243660 0.325327 0.317487 0.449952 0.123183 0.133364 0.242526 0.222706 0.275777 0.140460
 2.000000 0.150897 0.236563 0.243750 0.372490 0.473920 0.434293 0.419496 0.550593 0.648764 0.122670 0.131848 0.234139 0.358382 0.298617 0.313463 0.407592 0.516819 0.222045 0.265663 0.412376 0.298697 0.332161 0.375248 0.472688 0.139144 0.232521 0.246390 0.278774 0.364915 0.492551 0.152686 0.157293 0.244634 0.250356 0.393224 0.256386 0.329443 0.328909 0.468579 0.124399 0.134056 0.250148 0.225610 0.281484 0.151225
 3.000000 0.144465 0.227302 0.244569 0.378444 0.492870 0.452401 0.454537 0.555387 0.648526 0.121103 0.132959 0.243783 0.374568 0.317739 0.342826 0.414808 0.517417 0.218897 0.270751 0.418993 0.312115 0.352565 0.373444 0.467540 0.144187 0.249726 0.250926 0.287906 0.366442 0.482466 0.151595 0.150712 0.240350 0.247350 0.379001 0.237880 0.315318 0.316245 0.442065 0.125116 0.136982 0.239529 0.227355 0.264359 0.145884
 4.000000 0.148344 0.236954 0.238128 0.380696 0.475253 0.451085 0.446857 0.558631 0.667857 0.124052 0.132352 0.250234 0.372506 0.316402 0.335552 0.415160 0.530489 0.225677 0.288427 0.435750 0.323612 0.358271 0.389629 0.493929 0.148068 0.243910 0.247275 0.277608 0.360313 0.487998 0.156000 0.152358 0.237558 0.241746 0.382808 0.250082 0.312118 0.327367 0.456270 0.120868 0.130897 0.245628 0.220919 0.277921 0.148368
 5.000000 0.141654 0.229166 0.237379 0.372152 0.480131 0.443735 0.423739 0.572625 0.687119 0.121577 0.138604 0.247699 0.376380 0.323943 0.324914 0.446230 0.564704 0.229159 0.284735 0.430259 0.341019 0.341921 0.447100 0.553488 0.142730 0.246335 0.247014 0.282025 0.364541 0.496203 0.155477 0.154725 0.245671 0.240637 0.381477 0.250769 0.355000 0.282583 0.420545 0.120839 0.133154 0.250490 0.220962 0.286250 0.144122
 6.000000 0.147397 0.240144 0.241265 0.372748 0.470087 0.459693 0.485354 0.544439 0.655250 0.126661 0.131867 0.238388 0.356110 0.331210 0.382974 0.406736 0.526920 0.222050 0.267077 0.402588 0.341776 0.420145 0.374595 0.485932 0.140293 0.237628 0.248831 0.293394 0.353275 0.484692 0.155759 0.150336 0.238969 0.242159 0.385466 0.251225 0.311286 0.341139 0.479968 0.125080 0.134514 0.255408 0.228637 0.297775 0.147828
 7.000000 0.143910 0.238189 0.232725 0.368003 0.471313 0.451706 0.431956 0.573408 0.683458 0.123020 0.136591 0.242944 0.368936 0.328971 0.333527 0.440714 0.555126 0.225927 0.273854 0.419173 0.332250 0.346430 0.417980 0.519797 0.143732 0.247235 0.248188 0.268524 0.369351 0.494281 0.156429 0.153955 0.236588 0.246421 0.383026 0.252962 0.341488 0.308508 0.442623 0.121269 0.135074 0.248606 0.227097 0.291673 0.141202
 8.000000 0.152643 0.245065 0.237813 0.376257 0.457000 0.467800 0.450051 0.601320 0.713137 0.124680 0.131252 0.246148 0.334229 0.363490 0.380160 0.485800 0.611438 0.224450 0.287252 0.362935 0.420923 0.459775 0.524012 0.658144 0.141527 0.244855 0.243454 0.266550 0.369731 0.492109 0.157563 0.154977 0.240194 0.250194 0.387625 0.258453 0.356700 0.301415 0.437526 0.121939 0.138539 0.248944 0.229338 0.284313 0.145582
 9.000000 0.151664 0.241843 0.242499 0.384236 0.455553 0.466465 0.439665 0.603870 0.704486 0.121762 0.133192 0.253316 0.339993 0.357947 0.366981 0.486737 0.602670 0.220086 0.288695 0.378599 0.406293 0.439610 0.516367 0.640004 0.144669 0.238485 0.237777 0.254753 0.371399 0.487577 0.153408 0.150210 0.237676 0.254971 0.390991 0.250274 0.339635 0.319139 0.456110 0.126527 0.140161 0.251438 0.229944 0.279721 0.147601
 10.000000 0.150632 0.245542 0.238078 0.377046 0.474709 0.452682 0.461738 0.558625 0.660672 0.122479 0.136415 0.250556 0.377935 0.319270 0.352916 0.413703 0.521059 0.224263 0.284484 0.435497 0.309461 0.352847 0.370261 0.461808 0.143140 0.244659 0.254539 0.300648 0.365460 0.488689 0.157025 0.152411 0.240653 0.248656 0.382094 0.251956 0.312623 0.338634 0.462801 0.124238 0.136627 0.244322 0.226883 0.277067 0.141880
 11.000000 0.146656 0.237192 0.236258 0.376528 0.474445 0.454457 0.429421 0.586490 0.686648 0.123839 0.129715 0.244772 0.362902 0.333315 0.334464 0.458373 0.569190 0.219968 0.274927 0.411381 0.350512 0.360719 0.456234 0.564214 0.147821 0.243220 0.255071 0.281691 0.380060 0.500027 0.153945 0.157791 0.244739 0.254057 0.389995 0.253742 0.351900 0.305866 0.441111 0.122086 0.135384 0.245084 0.221197 0.270409 0.145248
 12.000000 0.151070 0.234032 0.243043 0.378764 0.481329 0.455199 0.441508 0.575080 0.677858 0.120021 0.132959 0.243376 0.369711 0.314045 0.319551 0.427454 0.533668 0.222821 0.279552 0.427356 0.306811 0.307431 0.399287 0.483821 0.142793 0.242120 0.252345 0.286533 0.369079 0.495223 0.152597 0.153987 0.243625 0.244109 0.383461 0.248447 0.338531 0.305492 0.446325 0.122902 0.133735 0.247552 0.223495 0.279838 0.146564
 13.000000 0.142289 0.232676 0.233643 0.373243 0.468208 0.439238 0.412711 0.560698 0.654909 0.123629 0.140815 0.260672 0.384537 0.323447 0.321070 0.433147 0.532554 0.236307 0.315249 0.458743 0.352854 0.357589 0.433595 0.518133 0.141609 0.245247 0.242938 0.271310 0.361659 0.481972 0.153730 0.151136 0.238948 0.246281 0.382967 0.250697 0.334181 0.322672 0.458499 0.124346 0.135831 0.246329 0.226799 0.277820 0.146089
 14.000000 0.155132 0.236899 0.245728 0.391695 0.499157 0.453575 0.451617 0.549262 0.654886 0.124655 0.133312 0.253813 0.386137 0.310999 0.333302 0.398202 0.512396 0.231627 0.299877 0.453428 0.322235 0.357906 0.370748 0.471475 0.151542 0.257810 0.250974 0.285989 0.358850 0.488616 0.158987 0.151911 0.237358 0.244131 0.386628 0.251344 0.311830 0.337895 0.466384 0.120706 0.132563 0.248206 0.220679 0.276221 0.151370
 15.000000 0.148125 0.237078 0.240961 0.377828 0.479947 0.445569 0.438983 0.552659 0.641326 0.122739 0.136576 0.245884 0.372051 0.308157 0.325123 0.407785 0.504064 0.227319 0.277809 0.426243 0.288156 0.309222 0.356564 0.432349 0.146486 0.242572 0.261239 0.299720 0.373917 0.492351 0.153287 0.155827 0.242021 0.252361 0.384273 0.255259 0.324273 0.339118 0.468035 0.124137 0.136660 0.242107 0.227723 0.274499 0.142141
 16.000000 0.151080 0.244389 0.235527 0.372116 0.472883 0.440155 0.449971 0.542812 0.640389 0.125638 0.130085 0.239802 0.364125 0.318598 0.361360 0.407448 0.516106 0.224257 0.274605 0.420007 0.335896 0.398367 0.384303 0.482846 0.144482 0.241390 0.246392 0.295098 0.356418 0.479102 0.157956 0.147303 0.245031 0.235748 0.372027 0.245051 0.319753 0.325179 0.457093 0.124924 0.136532 0.246329 0.225852 0.277482 0.142930
 17.000000 0.153457 0.239961 0.248548 0.386313 0.492278 0.445735 0.444088 0.548344 0.635579 0.123539 0.135547 0.248296 0.375790 0.312315 0.340991 0.405790 0.504981 0.226374 0.282965 0.430316 0.319689 0.368962 0.371796 0.459778 0.146663 0.246254 0.251030 0.289465 0.367055 0.484455 0.154081 0.152414 0.239399 0.252557 0.384095 0.251724 0.316172 0.343587 0.471126 0.122466 0.140018 0.247978 0.227247 0.281640 0.139068
 18.000000 0.147357 0.229963 0.240793 0.377542 0.452166 0.452418 0.461295 0.553005 0.649635 0.121511 0.136825 0.252579 0.357980 0.312867 0.338735 0.406399 0.506411 0.231227 0.302577 0.429550 0.307651 0.330040 0.375085 0.452098 0.142257 0.233197 0.258091 0.307025 0.359907 0.481544 0.149271 0.152676 0.232226 0.249183 0.378058 0.245467 0.282965 0.346846 0.460037 0.120545 0.136007 0.235334 0.227317 0.265286 0.144707
 19.000000 0.147085 0.234759 0.239894 0.380454 0.476628 0.451892 0.435726 0.572993 0.679103 0.122433 0.131769 0.251390 0.375902 0.313104 0.314371 0.428533 0.538473 0.220765 0.289055 0.439397 0.302354 0.297303 0.397126 0.491993 0.144132 0.245693 0.250737 0.284946 0.367693 0.491453 0.159559 0.153990 0.244577 0.245027 0.379982 0.261973 0.344785 0.325897 0.448398 0.125551 0.134651 0.241766 0.227877 0.274678 0.145355
 20.000000 0.150712 0.243117 0.244405 0.389237 0.491546 0.462715 0.462451 0.569443 0.668405 0.126815 0.131484 0.253797 0.379572 0.317772 0.334414 0.419367 0.521874 0.219923 0.283018 0.433046 0.303528 0.328346 0.374811 0.461791 0.149963 0.252054 0.259019 0.298632 0.368490 0.488366 0.155325 0.154292 0.243220 0.243376 0.375031 0.250280 0.321568 0.322859 0.445881 0.123020 0.132597 0.236563 0.223580 0.269124 0.139914
 21.000000 0.146048 0.227996 0.236785 0.374743 0.482583 0.457552 0.456559 0.558449 0.663558 0.119658 0.135444 0.249275 0.381085 0.315392 0.323441 0.413494 0.517845 0.228782 0.293745 0.445605 0.310532 0.310612 0.387343 0.468339 0.144537 0.250266 0.255986 0.290415 0.361151 0.485335 0.158562 0.152164 0.237314 0.236645 0.372930 0.248504 0.323512 0.313220 0.443059 0.120557 0.129896 0.237173 0.222538 0.272215 0.144548
 22.000000 0.147526 0.230734 0.241589 0.376836 0.473081 0.443246 0.436997 0.555007 0.643003 0.124507 0.132473 0.244886 0.368616 0.303280 0.316566 0.408824 0.502602 0.227941 0.288217 0.435791 0.287939 0.292065 0.368001 0.433178 0.142092 0.242209 0.256683 0.300062 0.367875 0.487949 0.159959 0.157092 0.244121 0.251066 0.385723 0.261964 0.328816 0.346654 0.480846 0.120071 0.139621 0.247285 0.226797 0.278728 0.143937
 23.000000 0.144592 0.228186 0.241033 0.372850 0.477064 0.444679 0.435492 0.550201 0.647874 0.121729 0.134707 0.243093 0.370660 0.311673 0.326733 0.409651 0.515024 0.225184 0.281535 0.430921 0.313863 0.342882 0.378193 0.469491 0.139090 0.239819 0.250787 0.283894 0.362577 0.486187 0.155129 0.155685 0.240096 0.248737 0.385818 0.253348 0.321840 0.332378 0.464014 0.124507 0.133019 0.243545 0.226994 0.278837 0.146185
 24.000000 0.151479 0.239710 0.242905 0.388513 0.482995 0.459859 0.440633 0.583692 0.690543 0.123398 0.134168 0.256254 0.375843 0.322717 0.325264 0.438946 0.552008 0.225890 0.294946 0.436441 0.324895 0.335193 0.413295 0.515699 0.149830 0.245494 0.256377 0.281294 0.381160 0.506737 0.148290 0.155081 0.235875 0.257329 0.394214 0.249564 0.322994 0.327200 0.454340 0.118334 0.137499 0.252402 0.219875 0.281318 0.144378
 25.000000 0.150685 0.236537 0.244534 0.381830 0.488816 0.448148 0.453241 0.552843 0.654381 0.121696 0.136107 0.245996 0.373327 0.310743 0.342118 0.407187 0.517104 0.226546 0.278514 0.424654 0.303267 0.348989 0.365159 0.463916 0.146591 0.245561 0.254692 0.296058 0.367682 0.490160 0.149000 0.155862 0.245742 0.248413 0.381736 0.246041 0.314563 0.323447 0.445234 0.126008 0.135181 0.241008 0.228298 0.274220 0.142524
 26.000000 0.143258 0.234463 0.236417 0.367316 0.475610 0.433643 0.472298 0.499966 0.599594 0.126831 0.131719 0.237895 0.366041 0.308300 0.373259 0.367229 0.479435 0.224624 0.270085 0.418796 0.300495 0.384814 0.309731 0.408502 0.141046 0.241052 0.250976 0.312573 0.345104 0.471845 0.151222 0.152673 0.246739 0.244792 0.380744 0.239769 0.288922 0.344516 0.468476 0.128985 0.136331 0.246307 0.232265 0.285037 0.142467
 27.000000 0.141947 0.222524 0.233352 0.371863 0.484930 0.443885 0.446996 0.562210 0.674728 0.116807 0.133784 0.242720 0.373430 0.316406 0.344095 0.426967 0.546973 0.222275 0.272985 0.421291 0.314403 0.351831 0.397478 0.508696 0.150874 0.254244 0.249100 0.283568 0.373177 0.499521 0.152771 0.146711 0.238311 0.244741 0.383706 0.237594 0.318890 0.302676 0.429922 0.122817 0.136506 0.251559 0.220286 0.275315 0.147058
 28.000000 0.148287 0.231976 0.243282 0.380858 0.496211 0.441281 0.428319 0.547959 0.632131 0.121054 0.137859 0.248053 0.379808 0.311849 0.327497 0.408845 0.504636 0.229793 0.284014 0.429272 0.318041 0.350936 0.380565 0.462840 0.148489 0.253730 0.252513 0.280280 0.365022 0.481556 0.153903 0.149860 0.231006 0.240578 0.374445 0.256016 0.331442 0.318870 0.456038 0.118937 0.133409 0.238502 0.224744 0.272421 0.145729
 29.000000 0.146680 0.236324 0.242186 0.376707 0.493026 0.440093 0.428458 0.544357 0.641840 0.124908 0.135827 0.243908 0.375606 0.316817 0.338188 0.411110 0.519739 0.226991 0.274301 0.420174 0.324399 0.371619 0.380822 0.480929 0.145155 0.253198 0.245630 0.270692 0.359653 0.480083 0.156445 0.153199 0.237596 0.243113 0.376561 0.256400 0.329440 0.324017 0.452191 0.126008 0.134306 0.242054 0.234376 0.291674 0.139363
 30.000000 0.145911 0.231674 0.242341 0.375694 0.461392 0.472709 0.478771 0.589758 0.703385 0.120586 0.136312 0.243996 0.348604 0.349740 0.382029 0.455783 0.575453 0.223177 0.272178 0.377208 0.383245 0.441084 0.461306 0.582245 0.144226 0.247010 0.241953 0.272241 0.361346 0.483008 0.153209 0.152748 0.243405 0.240487 0.377137 0.252034 0.340078 0.303791 0.440433 0.123020 0.134440 0.243910 0.226142 0.279782 0.143395
 31.000000 0.141425 0.232745 0.233060 0.367883 0.454508 0.456844 0.457827 0.572559 0.691610 0.125638 0.132733 0.241969 0.338198 0.348487 0.381168 0.452293 0.580894 0.225998 0.277424 0.371692 0.388641 0.446224 0.461669 0.590915 0.142671 0.245357 0.239569 0.271402 0.359262 0.488310 0.153997 0.152007 0.244475 0.242887 0.384714 0.260294 0.352504 0.321946 0.460289 0.124411 0.136066 0.253300 0.226376 0.288799 0.146332
 32.000000 0.148765 0.232828 0.249257 0.382732 0.484621 0.462167 0.510848 0.533931 0.650625 0.121004 0.141386 0.247812 0.367517 0.332531 0.403778 0.398544 0.526185 0.230369 0.280309 0.414296 0.349573 0.445858 0.374009 0.503442 0.144378 0.240206 0.247392 0.300857 0.352915 0.479969 0.146486 0.151281 0.236977 0.254279 0.388249 0.236491 0.274204 0.348491 0.463367 0.124724 0.138354 0.247550 0.227011 0.275044 0.145962
 33.000000 0.143698 0.233976 0.234964 0.378208 0.463432 0.464079 0.487204 0.549861 0.660786 0.126546 0.136048 0.258468 0.344290 0.370993 0.423279 0.452117 0.579218 0.233960 0.309222 0.379233 0.438368 0.514161 0.498291 0.633322 0.147692 0.244092 0.249906 0.294184 0.351618 0.477018 0.156825 0.151572 0.240576 0.243134 0.380435 0.258264 0.317233 0.351980 0.479634 0.123179 0.130713 0.243362 0.218932 0.272679 0.144184
 34.000000 0.151000 0.239837 0.244240 0.379152 0.439848 0.493584 0.511282 0.605235 0.729036 0.120768 0.133139 0.242456 0.314778 0.374913 0.419206 0.476324 0.609345 0.217672 0.267608 0.335315 0.412108 0.483331 0.487078 0.628314 0.142958 0.232648 0.254727 0.288264 0.371712 0.496914 0.158082 0.156183 0.238263 0.251772 0.387126 0.252818 0.308170 0.338894 0.459136 0.118786 0.135838 0.245384 0.222284 0.275919 0.144156
 35.000000 0.140904 0.232538 0.232736 0.373874 0.452887 0.473031 0.479101 0.589075 0.709310 0.122483 0.131027 0.248793 0.344965 0.360538 0.396045 0.465078 0.593267 0.217793 0.276959 0.374514 0.396300 0.461131 0.472251 0.604346 0.147845 0.247695 0.248974 0.278575 0.368295 0.495264 0.153326 0.153317 0.242343 0.246648 0.386882 0.250960 0.326400 0.320777 0.454835 0.126839 0.135429 0.250883 0.230783 0.291263 0.146044
 36.000000 0.147330 0.232942 0.241731 0.371024 0.470959 0.433767 0.438365 0.537410 0.635844 0.121639 0.137062 0.243189 0.358115 0.327552 0.368936 0.421077 0.536027 0.228118 0.283007 0.410904 0.363711 0.429686 0.422343 0.538974 0.138293 0.232796 0.237790 0.280046 0.353909 0.473644 0.152017 0.152148 0.245135 0.247178 0.379650 0.249259 0.319547 0.335914 0.457866 0.124330 0.135543 0.242262 0.221707 0.267875 0.140837
 37.000000 0.148553 0.239416 0.239010 0.374307 0.473103 0.457420 0.473414 0.547206 0.647109 0.124113 0.137368 0.245377 0.362676 0.338084 0.384761 0.414027 0.524509 0.230968 0.284250 0.412681 0.365717 0.435671 0.401575 0.505365 0.142106 0.243791 0.245628 0.288654 0.350289 0.471341 0.151796 0.153450 0.246100 0.240242 0.376712 0.249722 0.324424 0.329645 0.464256 0.125100 0.135037 0.244972 0.228651 0.282420 0.143150
 38.000000 0.137259 0.223083 0.238447 0.369382 0.478543 0.439093 0.440042 0.552143 0.655252 0.121301 0.136327 0.243858 0.372111 0.316245 0.342440 0.421172 0.531702 0.222092 0.272846 0.422465 0.310240 0.350316 0.382084 0.478264 0.141060 0.242508 0.245752 0.282606 0.366089 0.491135 0.154259 0.155910 0.245410 0.250681 0.388051 0.248950 0.321537 0.324483 0.456390 0.123475 0.140161 0.252689 0.230610 0.290960 0.142650
 39.000000 0.150705 0.239823 0.247188 0.380005 0.457547 0.474831 0.509044 0.560422 0.665538 0.121041 0.136301 0.245805 0.332766 0.358475 0.418280 0.436858 0.557628 0.220302 0.275193 0.348744 0.400763 0.484761 0.453654 0.585981 0.138932 0.245497 0.235198 0.284566 0.336222 0.452081 0.159427 0.144900 0.232564 0.238648 0.370784 0.254278 0.309611 0.350602 0.476445 0.118802 0.135192 0.239334 0.219684 0.262151 0.144631
 40.000000 0.151301 0.241170 0.245815 0.386764 0.475198 0.473403 0.481093 0.577194 0.686109 0.126155 0.134495 0.249203 0.355355 0.347980 0.386040 0.440955 0.559465 0.226764 0.280452 0.394444 0.379232 0.445583 0.439083 0.558561 0.149596 0.245096 0.251032 0.284854 0.363147 0.484568 0.157185 0.153029 0.244452 0.240406 0.374856 0.261015 0.336633 0.331524 0.459920 0.126495 0.131137 0.239656 0.226385 0.278435 0.140392
