#! FIELDS time phi psi
#! SET min_phi -pi
#! SET max_phi pi
#! SET min_psi -pi
#! SET max_psi pi
 0.000000 -2.582646 2.650251
 1.000000 -2.427814 2.470586
 2.000000 -1.196510 2.319943
 3.000000 -1.889150 1.762736
 4.000000 -1.494497 2.714457
 5.000000 -2.395976 2.173170
 6.000000 -2.658477 2.841747
 7.000000 -2.638018 2.748653
 8.000000 -2.057089 1.910794
 9.000000 -2.568048 2.453830
 10.000000 -2.358862 2.483154
 11.000000 -2.839381 2.765973
 12.000000 -2.588493 2.819483
 13.000000 -2.322600 1.691321
 14.000000 -0.785503 2.409640
 15.000000 -1.137119 2.741459
 16.000000 -0.848315 2.356532
 17.000000 -1.026592 2.279713
 18.000000 -0.723019 2.447378
 19.000000 -1.060206 2.373167
 20.000000 -0.930102 2.248833
 21.000000 -1.615369 1.881031
 22.000000 -1.088108 2.047353
 23.000000 -1.554378 2.403672
 24.000000 -1.121855 2.061195
 25.000000 -1.071097 2.646342
 26.000000 -1.309851 2.379072
 27.000000 -1.463596 2.376787
 28.000000 -1.232480 2.522871
 29.000000 -1.904397 2.439570
 30.000000 -1.834288 2.725453
 31.000000 -1.045188 2.084515
 32.000000 -1.247217 2.474817
 33.000000 -0.969039 2.348976
 34.000000 -0.933282 2.477295
 35.000000 -0.888625 2.277752
 36.000000 -1.194635 2.551404
 37.000000 -0.525072 2.205051
 38.000000 -1.482030 2.834038
 39.000000 -0.889405 2.734205
 40.000000 -1.252674 2.658374
