#! FIELDS time pair1 pair2 pair3 pair4 pair5 pair6 pair7 pair8 pair9 pair10 pair11 pair12 pair13 pair14 pair15 pair16 pair17 pair18 pair19 pair20 pair21 pair22 pair23 pair24 pair25 pair26 pair27 pair28 pair29 pair30 pair31 pair32 pair33 pair34 pair35 pair36 pair37 pair38 pair39 pair40 pair41 pair42 pair43 pair44 pair45
 0.000000 0.149067 0.247081 0.239842 0.374747 0.434410 0.478951 0.479997 0.591176 0.705951 0.126846 0.131548 0.244397 0.316299 0.365826 0.398349 0.465843 0.589938 0.217764 0.268496 0.315311 0.408268 0.471767 0.483839 0.616458 0.143677 0.247782 0.241284 0.267942 0.352847 0.472582 0.149275 0.149870 0.236089 0.240312 0.375778 0.249042 0.331495 0.318969 0.454002 0.122813 0.129472 0.242219 0.219691 0.277447 0.141566
 1.000000 0.147692 0.243350 0.233272 0.368463 0.462344 0.455984 0.441952 0.577998 0.696747 0.124008 0.135694 0.242281 0.336043 0.357938 0.380291 0.468360 0.601376 0.227356 0.275953 0.350806 0.412318 0.463673 0.499040 0.642317 0.142425 0.252020 0.233155 0.250156 0.355182 0.480833 0.156936 0.149466 0.232906 0.240419 0.381373 0.242035 0.323827 0.297846 0.426983 0.120818 0.133869 0.248357 0.226327 0.286388 0.148573
 2.000000 0.150366 0.238137 0.242225 0.381115 0.487725 0.457465 0.439321 0.585403 0.677892 0.123584 0.129070 0.245041 0.375358 0.320709 0.324390 0.441818 0.541409 0.218335 0.276796 0.430554 0.313399 0.316383 0.412245 0.496143 0.145719 0.250026 0.261865 0.296840 0.383385 0.501873 0.160040 0.156163 0.243898 0.253310 0.386049 0.259264 0.350478 0.318335 0.453424 0.121511 0.137583 0.242555 0.222733 0.265341 0.144485
 3.000000 0.145306 0.236011 0.237506 0.374467 0.471776 0.446530 0.425670 0.563718 0.671262 0.120337 0.137124 0.250491 0.373102 0.318354 0.318655 0.427460 0.538519 0.223047 0.284825 0.428869 0.312039 0.310229 0.400474 0.492709 0.141340 0.239854 0.248648 0.280104 0.360368 0.489486 0.149402 0.155772 0.244624 0.240204 0.381692 0.249576 0.339591 0.302792 0.441595 0.123232 0.127542 0.243947 0.219520 0.279038 0.146400
 4.000000 0.148613 0.235635 0.240456 0.374266 0.482130 0.455505 0.459606 0.548381 0.656788 0.123426 0.134599 0.244346 0.374872 0.327727 0.360552 0.409339 0.525654 0.227567 0.286641 0.433734 0.347081 0.402022 0.389382 0.496337 0.140086 0.253547 0.238147 0.268069 0.347017 0.471603 0.157778 0.153173 0.237160 0.246716 0.384142 0.249283 0.312556 0.335766 0.463928 0.124824 0.133210 0.247655 0.227763 0.290493 0.142583
 5.000000 0.147299 0.233199 0.231195 0.370730 0.450608 0.476943 0.495236 0.588151 0.711914 0.120071 0.132808 0.244029 0.329431 0.370619 0.418629 0.468806 0.602934 0.227106 0.285428 0.359263 0.422669 0.494758 0.493682 0.633634 0.145952 0.242609 0.255194 0.292650 0.371630 0.500229 0.152069 0.152859 0.240154 0.246108 0.385197 0.243218 0.317003 0.316692 0.446459 0.119097 0.137496 0.250322 0.223099 0.280722 0.145678
 6.000000 0.153121 0.237895 0.243329 0.382281 0.468458 0.469562 0.471811 0.586169 0.707362 0.123361 0.133937 0.248518 0.355990 0.350329 0.385908 0.453429 0.585514 0.228773 0.291735 0.402396 0.402703 0.464865 0.478050 0.618829 0.144381 0.248922 0.237750 0.270048 0.355101 0.480437 0.156339 0.150927 0.242986 0.238010 0.374927 0.246148 0.320861 0.308303 0.423285 0.126163 0.133962 0.243090 0.229928 0.278708 0.148125
 7.000000 0.150130 0.242664 0.244512 0.378213 0.455857 0.474925 0.485907 0.590981 0.707905 0.124294 0.132940 0.243381 0.324840 0.362267 0.405341 0.465811 0.594339 0.218824 0.271052 0.327924 0.411113 0.482601 0.488791 0.627552 0.140018 0.246012 0.235852 0.274874 0.351222 0.473571 0.149730 0.150017 0.245033 0.235487 0.372212 0.241574 0.329803 0.295515 0.426147 0.124185 0.133390 0.240772 0.224591 0.271081 0.144382
 8.000000 0.153268 0.243232 0.245359 0.384773 0.456883 0.499657 0.505298 0.614916 0.735074 0.122821 0.136374 0.249546 0.328708 0.382249 0.419558 0.484638 0.614109 0.225843 0.281716 0.339502 0.427863 0.493771 0.503933 0.640163 0.147000 0.253387 0.257290 0.285382 0.375097 0.499240 0.151980 0.158880 0.244757 0.254033 0.391046 0.254443 0.336912 0.323943 0.458001 0.126622 0.137978 0.249708 0.234421 0.292758 0.143423
 9.000000 0.151413 0.238759 0.241878 0.382268 0.446806 0.482017 0.472855 0.605836 0.714335 0.121696 0.133510 0.251342 0.331116 0.370710 0.394439 0.484168 0.605608 0.223721 0.291113 0.367867 0.422381 0.472036 0.514040 0.643883 0.143917 0.235281 0.250338 0.272406 0.374067 0.492409 0.154237 0.155322 0.236772 0.256285 0.389700 0.256453 0.329588 0.336668 0.464408 0.120979 0.134272 0.244726 0.219082 0.271800 0.142681
 10.000000 0.145688 0.233934 0.232011 0.373134 0.447676 0.476014 0.471323 0.594263 0.718530 0.123004 0.131095 0.244978 0.322920 0.365502 0.392716 0.471043 0.603410 0.225752 0.283221 0.338274 0.415035 0.470181 0.494200 0.630991 0.148101 0.253695 0.249171 0.268086 0.368687 0.496353 0.154360 0.149339 0.232388 0.241222 0.379903 0.258699 0.347049 0.310308 0.445193 0.123685 0.134855 0.249864 0.231983 0.298573 0.143283
 11.000000 0.146867 0.233429 0.236833 0.373992 0.469402 0.465779 0.463510 0.593330 0.708774 0.123276 0.131689 0.242103 0.358851 0.339052 0.360848 0.457041 0.578110 0.225497 0.278289 0.410016 0.362796 0.398776 0.455668 0.572529 0.145781 0.244688 0.250523 0.282392 0.376029 0.501515 0.152486 0.153186 0.243830 0.248133 0.386235 0.244594 0.338055 0.297345 0.431413 0.122780 0.140264 0.251736 0.228886 0.284429 0.144931
 12.000000 0.148304 0.231633 0.236078 0.381934 0.475836 0.459201 0.456242 0.569534 0.669912 0.121844 0.132759 0.252270 0.370850 0.314108 0.322442 0.421465 0.523133 0.228991 0.296206 0.435180 0.298761 0.287995 0.388197 0.464093 0.151489 0.246164 0.268382 0.311769 0.378090 0.501818 0.150924 0.156920 0.247703 0.249522 0.384598 0.255394 0.334827 0.330517 0.461006 0.124728 0.132110 0.241620 0.220236 0.268516 0.142930
 13.000000 0.149057 0.235939 0.240859 0.376504 0.477420 0.452551 0.446387 0.556228 0.662508 0.122004 0.132548 0.242077 0.368578 0.312003 0.326819 0.409244 0.520735 0.222374 0.273832 0.424798 0.302683 0.326751 0.368133 0.461673 0.143993 0.241070 0.254883 0.288455 0.365754 0.495536 0.157737 0.156029 0.243199 0.246686 0.388765 0.261736 0.337035 0.337465 0.475869 0.124149 0.130924 0.249818 0.222365 0.285864 0.147092
 14.000000 0.148155 0.238061 0.237718 0.375348 0.477482 0.462104 0.483750 0.546836 0.653681 0.123657 0.132913 0.245662 0.375219 0.319071 0.356752 0.398921 0.510127 0.224804 0.283268 0.436864 0.300528 0.346611 0.347057 0.437321 0.143171 0.245998 0.268235 0.315743 0.366085 0.497318 0.159615 0.159556 0.237390 0.254786 0.395298 0.270970 0.320800 0.361033 0.495768 0.123507 0.129684 0.245754 0.222993 0.280123 0.150097
 15.000000 0.145870 0.236332 0.227706 0.361151 0.462602 0.442238 0.459375 0.541226 0.644474 0.123665 0.130085 0.233178 0.358459 0.306506 0.345269 0.396851 0.504350 0.226051 0.269943 0.413882 0.305000 0.359881 0.356990 0.448413 0.142485 0.238313 0.255808 0.300734 0.364249 0.488275 0.148489 0.159104 0.249774 0.246372 0.382441 0.253257 0.325081 0.326720 0.459628 0.125447 0.137873 0.245310 0.234410 0.287934 0.142499
 16.000000 0.145100 0.232983 0.234926 0.371841 0.469920 0.442201 0.435085 0.550653 0.661098 0.122519 0.132325 0.240836 0.360773 0.311438 0.328757 0.411165 0.529899 0.224377 0.272465 0.414345 0.306681 0.334446 0.372395 0.481450 0.146997 0.237641 0.252060 0.283431 0.367925 0.496235 0.148058 0.155583 0.241812 0.247040 0.387511 0.251386 0.328369 0.326812 0.456712 0.119218 0.135945 0.247905 0.222405 0.276065 0.149492
 17.000000 0.145251 0.231676 0.241259 0.383355 0.486235 0.459647 0.451000 0.576141 0.689645 0.125196 0.134484 0.254863 0.379350 0.331959 0.349876 0.439379 0.559030 0.227781 0.295122 0.441441 0.334618 0.363072 0.412141 0.520173 0.147733 0.249307 0.259447 0.292050 0.378766 0.507646 0.154638 0.153460 0.238466 0.253537 0.389375 0.254769 0.328629 0.330705 0.455076 0.125483 0.137481 0.252581 0.229715 0.294640 0.140996
 18.000000 0.151924 0.243463 0.242250 0.382991 0.480426 0.462288 0.473217 0.567075 0.692326 0.122723 0.134075 0.248123 0.371734 0.319100 0.349939 0.416570 0.544538 0.222281 0.276944 0.424758 0.305005 0.346924 0.370392 0.481129 0.147801 0.243224 0.255932 0.295657 0.369674 0.511286 0.154068 0.148923 0.236580 0.244969 0.394108 0.250605 0.315815 0.331368 0.470521 0.125156 0.136169 0.264433 0.229046 0.306772 0.152319
 19.000000 0.145193 0.232736 0.236715 0.376150 0.474533 0.439501 0.465896 0.517530 0.624959 0.124599 0.130924 0.243693 0.364459 0.311628 0.363816 0.382068 0.500221 0.224513 0.276136 0.421135 0.317139 0.393087 0.340178 0.448593 0.149081 0.240335 0.245424 0.290126 0.349899 0.478487 0.151974 0.150752 0.237306 0.244798 0.383347 0.240886 0.281692 0.346644 0.471308 0.122450 0.138130 0.252256 0.230161 0.293382 0.143697
 20.000000 0.149000 0.230237 0.238027 0.380017 0.486161 0.445796 0.448519 0.557090 0.655939 0.121811 0.130920 0.245121 0.370697 0.318027 0.350434 0.419497 0.530118 0.226658 0.282606 0.427778 0.326183 0.375997 0.392556 0.496493 0.152761 0.249311 0.260263 0.297832 0.378145 0.498294 0.153480 0.155990 0.243195 0.250930 0.383485 0.255454 0.323104 0.332286 0.455378 0.121889 0.139122 0.242615 0.228110 0.272193 0.143405
 21.000000 0.150473 0.236537 0.242128 0.380187 0.472420 0.474903 0.488296 0.584655 0.704016 0.120706 0.134648 0.245186 0.359067 0.340698 0.376071 0.440445 0.563214 0.224085 0.276525 0.411275 0.340572 0.381904 0.413069 0.522046 0.146895 0.234702 0.268405 0.317158 0.379334 0.512993 0.148179 0.154826 0.249048 0.244794 0.385219 0.248053 0.339234 0.310910 0.446411 0.123313 0.134086 0.252224 0.219975 0.284202 0.143478
 22.000000 0.142454 0.230430 0.235597 0.375601 0.473593 0.436731 0.492122 0.489362 0.608425 0.124495 0.134198 0.249546 0.370617 0.313511 0.391419 0.361157 0.491372 0.228057 0.288087 0.432252 0.317965 0.415699 0.316457 0.440932 0.146976 0.241681 0.246840 0.312208 0.337765 0.471333 0.151677 0.154771 0.241735 0.254187 0.388372 0.254134 0.285961 0.371253 0.484720 0.124844 0.133899 0.244690 0.221185 0.269943 0.145815
 23.000000 0.150020 0.228650 0.247020 0.379235 0.494137 0.438622 0.429760 0.548232 0.654811 0.121240 0.134822 0.239610 0.372587 0.300458 0.318538 0.404705 0.521391 0.227504 0.273500 0.425415 0.294958 0.329893 0.363534 0.471489 0.145520 0.247597 0.248809 0.275683 0.370763 0.496945 0.154842 0.151361 0.232863 0.252723 0.389305 0.250132 0.313849 0.332062 0.454174 0.122658 0.138250 0.250986 0.228845 0.286072 0.146625
 24.000000 0.150286 0.226460 0.243699 0.382446 0.483629 0.453016 0.457929 0.554707 0.662780 0.119558 0.132019 0.248425 0.373439 0.321400 0.353000 0.412100 0.528737 0.224911 0.294308 0.439569 0.343506 0.394364 0.396878 0.505969 0.144395 0.244867 0.252889 0.289451 0.362438 0.489635 0.153590 0.154716 0.234090 0.246652 0.382466 0.244059 0.292865 0.330921 0.451869 0.117350 0.139097 0.246538 0.230432 0.287127 0.143781
 25.000000 0.148738 0.238193 0.238606 0.374552 0.465214 0.454323 0.459131 0.562340 0.676954 0.120975 0.133843 0.245500 0.367602 0.314919 0.338405 0.415559 0.532387 0.222038 0.280758 0.430321 0.305052 0.332712 0.379223 0.479961 0.141202 0.236121 0.250340 0.290899 0.360936 0.490540 0.159565 0.153493 0.243425 0.241373 0.380171 0.263494 0.333750 0.335449 0.463805 0.124644 0.133420 0.245263 0.227651 0.283002 0.145193
 26.000000 0.146291 0.227726 0.240626 0.378165 0.467723 0.456836 0.449352 0.565291 0.674188 0.123313 0.132868 0.247366 0.362957 0.318632 0.330055 0.420670 0.532537 0.228241 0.292045 0.432655 0.319856 0.329293 0.396299 0.490062 0.143798 0.233628 0.252242 0.287607 0.363639 0.489380 0.150386 0.151268 0.243035 0.240460 0.376209 0.254130 0.338192 0.323742 0.453238 0.128289 0.131883 0.242580 0.228655 0.283568 0.141436
 27.000000 0.148196 0.230703 0.246735 0.380942 0.495444 0.447840 0.442020 0.567980 0.671999 0.122237 0.135033 0.243156 0.372962 0.316937 0.339214 0.429727 0.543522 0.225127 0.273015 0.416904 0.323316 0.363288 0.404827 0.514021 0.146352 0.253537 0.246128 0.278201 0.371692 0.492429 0.155711 0.154997 0.244808 0.252428 0.386110 0.260257 0.346076 0.323515 0.449788 0.122192 0.138275 0.247510 0.222951 0.275590 0.140986
 28.000000 0.147767 0.234429 0.238676 0.374115 0.435548 0.480485 0.502026 0.580798 0.705667 0.121301 0.133615 0.243091 0.332098 0.356271 0.403055 0.443144 0.574499 0.224257 0.277995 0.384865 0.387165 0.456611 0.439656 0.571004 0.144824 0.226517 0.249900 0.289244 0.359519 0.489606 0.149372 0.152519 0.244761 0.238713 0.382181 0.244545 0.315728 0.326974 0.462197 0.123669 0.135506 0.248685 0.228114 0.280767 0.151295
 29.000000 0.154965 0.235485 0.255292 0.387300 0.501870 0.455673 0.424945 0.587974 0.686407 0.121478 0.133379 0.247954 0.378386 0.330766 0.331955 0.455203 0.566062 0.219939 0.283732 0.430647 0.345284 0.353232 0.453040 0.556341 0.143042 0.249331 0.261174 0.294612 0.379294 0.504629 0.159339 0.156400 0.243238 0.248074 0.384784 0.257212 0.354528 0.294391 0.431173 0.122409 0.135455 0.243947 0.226354 0.276373 0.145417
 30.000000 0.149947 0.235087 0.238634 0.375112 0.478935 0.445400 0.444445 0.557951 0.666331 0.121186 0.133694 0.243969 0.371714 0.306980 0.328102 0.411686 0.524497 0.226817 0.284937 0.432089 0.305266 0.332182 0.381905 0.478992 0.142531 0.243846 0.246992 0.284368 0.362151 0.488558 0.150844 0.152335 0.240404 0.244103 0.380912 0.241582 0.312442 0.311400 0.436914 0.122025 0.132212 0.245206 0.219968 0.277420 0.142499
 31.000000 0.146034 0.233294 0.243183 0.378007 0.476569 0.456746 0.450259 0.576712 0.682438 0.123976 0.136609 0.247081 0.359781 0.340900 0.366417 0.449565 0.566167 0.227978 0.283459 0.400969 0.379614 0.433353 0.456864 0.576239 0.142587 0.245589 0.239008 0.262360 0.363619 0.482246 0.154405 0.150884 0.233962 0.246949 0.379175 0.251736 0.322768 0.319877 0.445846 0.121885 0.140335 0.246292 0.233910 0.289254 0.139735
 32.000000 0.149519 0.237575 0.237643 0.384517 0.475628 0.467382 0.460757 0.585514 0.689524 0.121136 0.136916 0.261712 0.357192 0.370953 0.401499 0.477782 0.597618 0.229491 0.307735 0.394758 0.431655 0.487698 0.516776 0.645865 0.149429 0.252282 0.246860 0.275538 0.365126 0.481104 0.152378 0.148408 0.237874 0.241168 0.371788 0.240188 0.319492 0.305878 0.426902 0.124840 0.131989 0.236552 0.223173 0.267414 0.140357
 33.000000 0.145839 0.236611 0.234455 0.370644 0.444250 0.475127 0.470844 0.607240 0.712713 0.123952 0.132687 0.240649 0.314046 0.364696 0.391983 0.486869 0.604815 0.225419 0.273795 0.317630 0.413031 0.468191 0.513352 0.641384 0.145788 0.242242 0.249409 0.271759 0.379942 0.493491 0.151964 0.149329 0.234442 0.253744 0.384194 0.252670 0.350368 0.309214 0.449558 0.122801 0.138784 0.244994 0.224279 0.269581 0.143809
 34.000000 0.150705 0.243961 0.240736 0.378189 0.459585 0.475614 0.462300 0.604156 0.714835 0.122201 0.131977 0.243037 0.328137 0.364001 0.384865 0.482764 0.604656 0.216377 0.264511 0.339074 0.402144 0.450622 0.500028 0.626257 0.145757 0.242536 0.246648 0.267453 0.371854 0.493389 0.151885 0.154538 0.240761 0.250859 0.386293 0.247845 0.343946 0.299965 0.441449 0.124081 0.133881 0.247633 0.223553 0.282634 0.143478
 35.000000 0.146745 0.236696 0.237194 0.376071 0.454121 0.467393 0.480968 0.567997 0.686029 0.122389 0.134466 0.246238 0.327851 0.363057 0.406475 0.457396 0.589123 0.224824 0.278413 0.343745 0.416966 0.486565 0.490282 0.631412 0.146758 0.246668 0.238162 0.272989 0.348118 0.473891 0.156291 0.151727 0.241390 0.242120 0.381970 0.247584 0.307509 0.336673 0.463791 0.124282 0.132940 0.246941 0.224840 0.281450 0.146304
 36.000000 0.152450 0.242806 0.236248 0.374856 0.450958 0.456199 0.431571 0.585793 0.681737 0.122303 0.130675 0.246889 0.337606 0.352514 0.366089 0.469977 0.581965 0.222580 0.289265 0.371301 0.412570 0.452951 0.508254 0.630889 0.141400 0.247342 0.230630 0.246797 0.356604 0.465638 0.157575 0.148277 0.233163 0.244500 0.373102 0.252171 0.334468 0.316920 0.443298 0.123851 0.136653 0.237480 0.230202 0.272672 0.140645
 37.000000 0.151106 0.244002 0.244125 0.380172 0.486956 0.448260 0.466551 0.535218 0.637403 0.124756 0.132023 0.242664 0.366880 0.319371 0.366926 0.397604 0.513835 0.218436 0.266417 0.406292 0.324842 0.399804 0.360423 0.475679 0.144215 0.249405 0.238336 0.278821 0.345975 0.468169 0.153052 0.150140 0.238103 0.242613 0.380005 0.250254 0.310641 0.337366 0.465047 0.123616 0.133757 0.242961 0.225304 0.272582 0.147949
 38.000000 0.149275 0.232918 0.248099 0.383075 0.491375 0.452923 0.465242 0.543968 0.635528 0.122164 0.138398 0.246205 0.375460 0.317906 0.354633 0.400317 0.502341 0.228906 0.277750 0.429062 0.313439 0.362399 0.357427 0.445595 0.146734 0.244904 0.255088 0.299728 0.360735 0.479184 0.156975 0.153873 0.244234 0.241182 0.374275 0.252883 0.321514 0.334254 0.461681 0.120370 0.135521 0.237611 0.223493 0.264375 0.143558
 39.000000 0.150950 0.237864 0.241313 0.377463 0.481428 0.450593 0.452133 0.547434 0.653022 0.122511 0.134365 0.243327 0.367776 0.321820 0.351349 0.407620 0.523796 0.226722 0.278950 0.421604 0.327855 0.373753 0.374960 0.483360 0.144451 0.243691 0.254837 0.290338 0.363478 0.488882 0.153945 0.158013 0.240620 0.248769 0.384715 0.262151 0.332194 0.341293 0.468518 0.116267 0.134529 0.242739 0.218897 0.271533 0.143993
 40.000000 0.150854 0.241154 0.239226 0.372164 0.474764 0.423454 0.411449 0.525819 0.611242 0.119625 0.134067 0.243530 0.368893 0.304348 0.328394 0.394959 0.496212 0.219623 0.275138 0.419488 0.308516 0.350726 0.359022 0.451152 0.140787 0.240208 0.243364 0.282554 0.356439 0.475973 0.148987 0.153659 0.242528 0.250946 0.385908 0.245206 0.316021 0.336115 0.465134 0.121700 0.135901 0.245736 0.218993 0.268077 0.144066
