#! FIELDS time phi psi
#! SET min_phi -pi
#! SET max_phi pi
#! SET min_psi -pi
#! SET max_psi pi
 0.000000 -2.582646 2.650251
 1.000000 -1.946235 -3.076902
 2.000000 -2.562599 2.556105
 3.000000 -1.499129 2.240432
 4.000000 -0.654552 2.404990
 5.000000 -1.684225 2.474026
 6.000000 -1.616698 2.636898
 7.000000 -1.516310 2.986420
 8.000000 -1.035773 1.975546
 9.000000 -2.068799 2.353081
 10.000000 -1.938354 2.333320
 11.000000 -2.822302 2.851646
 12.000000 -1.573264 2.660031
 13.000000 -1.304712 2.612857
 14.000000 -1.182040 2.474840
 15.000000 -0.820008 2.246340
 16.000000 -1.358498 2.171477
 17.000000 -1.016600 2.518716
 18.000000 -1.125051 2.538988
 19.000000 -0.927614 2.382761
 20.000000 -1.077208 3.100898
 21.000000 -1.103129 2.569988
 22.000000 -1.050040 2.386188
 23.000000 -1.415967 2.371638
 24.000000 -1.108390 2.535165
 25.000000 -1.158896 2.413581
 26.000000 -1.372225 2.599578
 27.000000 -1.007491 2.695340
 28.000000 -1.424714 2.460871
 29.000000 -1.232549 2.283406
 30.000000 -1.237166 1.875080
 31.000000 -0.998332 2.392489
 32.000000 -1.497716 2.771978
 33.000000 -1.100828 2.386787
 34.000000 -0.729385 2.607750
 35.000000 -0.947302 2.818787
 36.000000 -1.036997 2.366142
 37.000000 -1.571781 1.682417
 38.000000 -2.045401 2.973527
 39.000000 -2.443802 2.829073
 40.000000 -2.532292 2.840833
