#! FIELDS time pair1 pair2 pair3 pair4 pair5 pair6 pair7 pair8 pair9 pair10 pair11 pair12 pair13 pair14 pair15 pair16 pair17 pair18 pair19 pair20 pair21 pair22 pair23 pair24 pair25 pair26 pair27 pair28 pair29 pair30 pair31 pair32 pair33 pair34 pair35 pair36 pair37 pair38 pair39 pair40 pair41 pair42 pair43 pair44 pair45
 0.000000 0.142822 0.231899 0.239585 0.372631 0.447218 0.463459 0.458897 0.587116 0.697977 0.124615 0.133989 0.241897 0.330203 0.351670 0.377383 0.467107 0.590323 0.224027 0.270782 0.351882 0.400815 0.456531 0.492723 0.627635 0.144260 0.245171 0.229480 0.248574 0.357553 0.474141 0.152859 0.152702 0.235597 0.255145 0.389401 0.248769 0.316016 0.334026 0.456923 0.119808 0.138625 0.248799 0.222443 0.275770 0.144160
 1.000000 0.150210 0.237600 0.236951 0.377869 0.439655 0.472767 0.467011 0.591596 0.693914 0.119537 0.133899 0.248439 0.334834 0.356121 0.382319 0.463397 0.576564 0.223884 0.285312 0.383347 0.395425 0.448014 0.476888 0.593479 0.146243 0.229319 0.246822 0.267352 0.368372 0.482495 0.153441 0.148614 0.230334 0.247105 0.378970 0.250507 0.313174 0.333480 0.463955 0.122727 0.133218 0.241375 0.223609 0.274631 0.142622
 2.000000 0.150960 0.242794 0.242186 0.380180 0.487111 0.437961 0.411841 0.560630 0.655937 0.123895 0.134361 0.246426 0.370338 0.311684 0.317531 0.425212 0.531163 0.223703 0.276091 0.415042 0.311765 0.329403 0.396769 0.494777 0.146510 0.246274 0.251066 0.282774 0.371045 0.489239 0.147194 0.158130 0.249592 0.249662 0.380245 0.259509 0.355035 0.316185 0.442430 0.124968 0.133963 0.239418 0.223667 0.272811 0.136985
 3.000000 0.147719 0.235902 0.246499 0.378795 0.481378 0.453004 0.445352 0.570764 0.679135 0.124342 0.137670 0.245595 0.370103 0.315915 0.330096 0.426405 0.538966 0.227565 0.279643 0.425343 0.310656 0.330354 0.394935 0.492821 0.140677 0.238833 0.246335 0.281755 0.363876 0.489082 0.150509 0.151430 0.242763 0.241698 0.377435 0.246418 0.332137 0.305518 0.434240 0.125463 0.135960 0.245540 0.230213 0.285214 0.141651
 4.000000 0.153268 0.237750 0.248236 0.384518 0.482687 0.450778 0.448498 0.554635 0.658594 0.123069 0.133992 0.246562 0.366333 0.325217 0.356568 0.419394 0.535956 0.225002 0.281174 0.423724 0.341007 0.396075 0.399656 0.510138 0.145894 0.238323 0.251189 0.286079 0.364012 0.490495 0.159364 0.150629 0.237327 0.243824 0.381237 0.256675 0.317076 0.340287 0.467933 0.124342 0.132382 0.246075 0.224700 0.283453 0.143478
 5.000000 0.142878 0.230688 0.238539 0.373572 0.473216 0.443067 0.436762 0.559218 0.662131 0.122421 0.134048 0.246564 0.369731 0.316427 0.336007 0.424081 0.535019 0.222706 0.281853 0.427217 0.322039 0.357007 0.397585 0.499217 0.140943 0.240163 0.243115 0.276586 0.364077 0.487204 0.152869 0.154945 0.242695 0.252034 0.388748 0.251056 0.322915 0.329281 0.457697 0.122788 0.136092 0.248075 0.222863 0.276861 0.144361
 6.000000 0.145537 0.227609 0.236821 0.374589 0.465275 0.442214 0.473255 0.513585 0.626842 0.120851 0.128643 0.245906 0.361674 0.320509 0.378847 0.383033 0.508211 0.219759 0.285886 0.426663 0.329719 0.408590 0.347023 0.463406 0.144889 0.235459 0.257676 0.312925 0.351882 0.486862 0.151030 0.157404 0.241497 0.251647 0.391093 0.249516 0.284951 0.360158 0.483134 0.122299 0.136125 0.250116 0.227497 0.287091 0.146431
 7.000000 0.143447 0.235002 0.228274 0.369758 0.481036 0.435413 0.439834 0.540482 0.641179 0.122642 0.134037 0.249443 0.378340 0.324998 0.363407 0.417222 0.531506 0.228059 0.291426 0.429532 0.357901 0.422251 0.413527 0.529949 0.147017 0.256018 0.243725 0.280576 0.359102 0.478122 0.153834 0.147465 0.235824 0.244311 0.376320 0.243271 0.310081 0.323173 0.442852 0.124920 0.135904 0.240921 0.227247 0.270433 0.144156
 8.000000 0.147034 0.233457 0.239198 0.376660 0.465263 0.469981 0.506347 0.558456 0.668864 0.121116 0.133936 0.246248 0.353702 0.351609 0.414521 0.429327 0.551453 0.223190 0.280173 0.389248 0.392002 0.479830 0.437606 0.564001 0.144503 0.248270 0.244365 0.296761 0.349470 0.473813 0.157025 0.152673 0.247075 0.245304 0.385427 0.252682 0.316362 0.346643 0.480488 0.123130 0.135444 0.250090 0.219886 0.273832 0.147275
 9.000000 0.146270 0.231132 0.239816 0.375631 0.473198 0.435626 0.450987 0.528683 0.629331 0.121659 0.133008 0.247233 0.365511 0.309375 0.351929 0.391470 0.502893 0.223414 0.285540 0.424133 0.308172 0.361736 0.350591 0.448702 0.143510 0.236932 0.251814 0.305649 0.354466 0.481055 0.146990 0.152922 0.242376 0.244485 0.379675 0.259602 0.329093 0.342583 0.470696 0.119378 0.135919 0.242755 0.220284 0.267150 0.144236
 10.000000 0.146704 0.235881 0.236527 0.373652 0.474856 0.440643 0.446262 0.539099 0.628663 0.121975 0.131716 0.244937 0.371572 0.309309 0.341631 0.397941 0.495497 0.220520 0.280100 0.427823 0.313959 0.362726 0.365255 0.450583 0.142496 0.243822 0.247647 0.295542 0.353421 0.469423 0.156410 0.152781 0.249171 0.241071 0.371679 0.260596 0.337991 0.337774 0.465275 0.129058 0.130847 0.234207 0.224715 0.264872 0.139434
 11.000000 0.146591 0.229741 0.236006 0.369471 0.453442 0.449869 0.455114 0.557216 0.661929 0.123280 0.128694 0.239596 0.343748 0.332423 0.369705 0.427749 0.543129 0.224183 0.285114 0.401523 0.374754 0.436541 0.436537 0.551016 0.138311 0.230228 0.237598 0.274500 0.351763 0.472043 0.147380 0.150768 0.240770 0.242163 0.375948 0.245255 0.315444 0.325414 0.453231 0.124390 0.134670 0.242467 0.226885 0.278702 0.140748
 12.000000 0.143182 0.228283 0.231918 0.375067 0.474729 0.446905 0.448761 0.550442 0.655813 0.117047 0.134852 0.254028 0.379928 0.315070 0.336409 0.409567 0.516925 0.222578 0.292305 0.437608 0.318812 0.351641 0.380906 0.468900 0.147353 0.250068 0.249106 0.285507 0.358483 0.486874 0.153607 0.153555 0.241257 0.240867 0.383689 0.261695 0.335497 0.330615 0.472455 0.123085 0.135993 0.252297 0.231469 0.295818 0.148277
 13.000000 0.147017 0.239917 0.239750 0.372659 0.492879 0.438973 0.457431 0.546448 0.654822 0.126783 0.136184 0.241240 0.379955 0.311373 0.357644 0.408928 0.527820 0.229399 0.275280 0.427277 0.319094 0.388416 0.376630 0.492431 0.143983 0.254114 0.257148 0.306586 0.371874 0.499944 0.160577 0.159518 0.248709 0.253537 0.390644 0.266614 0.334043 0.337929 0.462716 0.122434 0.137967 0.246886 0.224109 0.270841 0.147262
 14.000000 0.146673 0.235487 0.238156 0.382430 0.482076 0.472131 0.492313 0.567734 0.691362 0.120942 0.136883 0.255746 0.379500 0.341107 0.383835 0.425912 0.553483 0.226499 0.291775 0.435857 0.342837 0.398991 0.393474 0.509614 0.149603 0.248365 0.268516 0.317310 0.373060 0.509969 0.151479 0.157702 0.248775 0.248586 0.391057 0.247762 0.316084 0.329547 0.457869 0.126756 0.133929 0.251964 0.227671 0.289795 0.147516
 15.000000 0.148681 0.238564 0.240576 0.379005 0.465898 0.466804 0.483390 0.570275 0.692085 0.125575 0.133809 0.247040 0.357196 0.338827 0.382207 0.431027 0.560741 0.227280 0.284616 0.414461 0.358526 0.426513 0.413383 0.543149 0.145582 0.238893 0.245693 0.280523 0.361338 0.488904 0.148095 0.149763 0.234493 0.246051 0.382979 0.240809 0.296478 0.328361 0.447626 0.123410 0.136982 0.247624 0.229683 0.282223 0.147980
 16.000000 0.150333 0.232682 0.241197 0.373813 0.477801 0.454217 0.459553 0.552924 0.659691 0.118461 0.133776 0.239449 0.368556 0.310607 0.332760 0.403164 0.513599 0.223206 0.275015 0.426194 0.299500 0.320752 0.363359 0.455729 0.141845 0.241607 0.252494 0.292200 0.360750 0.485889 0.156378 0.153483 0.242118 0.241613 0.377995 0.256548 0.335874 0.328422 0.458072 0.120158 0.133049 0.241224 0.219968 0.269305 0.144226
 17.000000 0.146905 0.234045 0.239623 0.379570 0.498640 0.422490 0.411906 0.529256 0.634395 0.122711 0.134395 0.249808 0.384896 0.301760 0.325358 0.398624 0.514950 0.226049 0.286164 0.434139 0.314333 0.355576 0.373118 0.476565 0.148263 0.259894 0.240950 0.280777 0.356116 0.488866 0.151555 0.153867 0.248358 0.245212 0.389238 0.249868 0.333318 0.319928 0.454993 0.123519 0.133992 0.256984 0.219114 0.288690 0.146427
 18.000000 0.146990 0.229654 0.244383 0.381217 0.491050 0.447287 0.456230 0.553725 0.651038 0.118832 0.136766 0.247681 0.377728 0.307935 0.337870 0.408770 0.512915 0.223692 0.278117 0.427482 0.297424 0.339754 0.363992 0.455782 0.146537 0.248711 0.249233 0.288792 0.368619 0.486975 0.153193 0.149111 0.237179 0.250298 0.381203 0.250723 0.318462 0.333360 0.456605 0.124338 0.138510 0.244184 0.226373 0.272261 0.141707
 19.000000 0.147340 0.235181 0.241905 0.379408 0.475386 0.450229 0.441519 0.561344 0.670700 0.123649 0.133330 0.247978 0.368718 0.311581 0.323472 0.416123 0.529788 0.223500 0.283877 0.428170 0.300190 0.319251 0.375410 0.470023 0.143143 0.238851 0.250204 0.279530 0.365925 0.496099 0.151519 0.150486 0.229976 0.247243 0.387327 0.242664 0.299137 0.325900 0.456449 0.120453 0.135178 0.253085 0.226257 0.295047 0.145138
 20.000000 0.151872 0.235187 0.241309 0.380329 0.486745 0.458700 0.472788 0.559290 0.664739 0.120391 0.134354 0.247603 0.378246 0.318749 0.354528 0.410246 0.520174 0.227035 0.289387 0.439350 0.320716 0.365696 0.377682 0.471638 0.144596 0.249714 0.259473 0.308041 0.368018 0.493634 0.153899 0.156391 0.246319 0.250402 0.384923 0.241054 0.304510 0.327255 0.451055 0.123568 0.136070 0.246722 0.224450 0.281028 0.139696
 21.000000 0.144392 0.231581 0.236282 0.376770 0.467887 0.457093 0.444862 0.582327 0.687964 0.125320 0.130606 0.246716 0.363267 0.328395 0.339354 0.445742 0.557804 0.225253 0.284524 0.427422 0.336681 0.354271 0.429729 0.531709 0.147503 0.238078 0.253624 0.283526 0.376622 0.498483 0.154603 0.152650 0.241748 0.247857 0.383299 0.248910 0.332226 0.314771 0.443903 0.123539 0.137073 0.245825 0.226528 0.276756 0.144059
 22.000000 0.148037 0.230393 0.241446 0.378768 0.482026 0.448058 0.438471 0.557025 0.654997 0.118549 0.133847 0.247342 0.374767 0.312005 0.324003 0.413045 0.516262 0.221063 0.282595 0.428843 0.320277 0.343785 0.389546 0.478368 0.143321 0.246716 0.243286 0.276400 0.357996 0.479959 0.155827 0.149107 0.238546 0.241533 0.378154 0.256017 0.340126 0.326132 0.462145 0.121988 0.131609 0.245449 0.217398 0.274532 0.142794
 23.000000 0.146850 0.238776 0.242184 0.381623 0.454533 0.478654 0.497405 0.583274 0.704425 0.125877 0.136872 0.249257 0.338746 0.363058 0.410416 0.455594 0.586533 0.228440 0.279317 0.369814 0.405421 0.480214 0.468029 0.605376 0.148946 0.240634 0.247631 0.286337 0.358276 0.484934 0.155808 0.156096 0.248853 0.238329 0.378357 0.257041 0.328396 0.326847 0.455484 0.122434 0.130419 0.241375 0.220610 0.271024 0.146489
 24.000000 0.153607 0.244906 0.244825 0.381287 0.483756 0.444667 0.440352 0.556420 0.663008 0.122246 0.134432 0.244219 0.368493 0.314220 0.341820 0.415023 0.530007 0.221070 0.271549 0.414202 0.319634 0.366695 0.385793 0.490595 0.144814 0.242114 0.250268 0.292597 0.364401 0.493417 0.154221 0.157255 0.252543 0.245330 0.384608 0.262916 0.346904 0.330144 0.463658 0.125869 0.134231 0.250044 0.224964 0.286930 0.142352
 25.000000 0.144676 0.235680 0.238782 0.382582 0.482876 0.450246 0.439967 0.571687 0.676081 0.123879 0.135639 0.253436 0.376534 0.312464 0.319255 0.428533 0.537247 0.225042 0.282917 0.429215 0.298680 0.305630 0.386710 0.479721 0.151664 0.246710 0.257593 0.295591 0.380438 0.507204 0.151591 0.154460 0.248874 0.252010 0.392125 0.251607 0.339656 0.324926 0.458574 0.125100 0.139610 0.253120 0.225169 0.276640 0.148462
 26.000000 0.146782 0.232779 0.228913 0.366307 0.475462 0.432422 0.428776 0.545111 0.639195 0.122528 0.130744 0.239842 0.374712 0.304588 0.328615 0.405873 0.507176 0.229161 0.285673 0.440711 0.315488 0.349286 0.381117 0.465976 0.143854 0.250474 0.245662 0.283559 0.363737 0.481768 0.159966 0.148196 0.238546 0.245008 0.376780 0.249329 0.322777 0.328064 0.455388 0.123507 0.139438 0.245693 0.228563 0.279204 0.139907
 27.000000 0.145000 0.234766 0.242250 0.380490 0.490261 0.465899 0.467248 0.582492 0.690937 0.125180 0.134870 0.247504 0.375421 0.334106 0.359035 0.443128 0.558112 0.224860 0.275307 0.421866 0.328532 0.372411 0.408517 0.516869 0.148459 0.250194 0.266498 0.297086 0.385445 0.507710 0.152621 0.161199 0.242099 0.256172 0.388264 0.250962 0.319288 0.315723 0.437477 0.121840 0.136591 0.242945 0.227904 0.280537 0.140146
 28.000000 0.146932 0.231685 0.239128 0.379993 0.468018 0.450016 0.440733 0.563587 0.656299 0.117222 0.138344 0.257064 0.376755 0.317479 0.326578 0.422357 0.517692 0.225491 0.299000 0.443595 0.320462 0.326787 0.400530 0.475329 0.144336 0.240539 0.253807 0.297358 0.363508 0.482980 0.156275 0.155528 0.249890 0.243082 0.377512 0.259471 0.342656 0.330837 0.464527 0.124282 0.130752 0.238474 0.218142 0.263002 0.142583
 29.000000 0.145911 0.227592 0.234627 0.376842 0.457336 0.446598 0.433250 0.568670 0.673257 0.126317 0.128639 0.249612 0.358868 0.313181 0.318898 0.427714 0.536767 0.230530 0.304765 0.439670 0.327539 0.325287 0.418410 0.509312 0.145733 0.231746 0.250699 0.289116 0.368026 0.493577 0.147845 0.150140 0.243315 0.242448 0.380321 0.254649 0.342885 0.323613 0.456905 0.123750 0.136004 0.246151 0.223810 0.272687 0.146496
 30.000000 0.144267 0.226753 0.236072 0.372223 0.468265 0.454793 0.479734 0.565209 0.670421 0.119432 0.132759 0.243940 0.365909 0.326144 0.373997 0.426744 0.537837 0.223260 0.281146 0.423506 0.344433 0.410388 0.411993 0.517480 0.143687 0.241781 0.247024 0.296427 0.364411 0.483527 0.157309 0.153000 0.248413 0.245872 0.377749 0.253253 0.322808 0.329492 0.453140 0.123758 0.136653 0.241680 0.220758 0.265309 0.139660
 31.000000 0.143871 0.230848 0.239311 0.379042 0.468753 0.450179 0.463096 0.552440 0.655155 0.123386 0.136356 0.253152 0.369260 0.319227 0.354075 0.411948 0.520741 0.228703 0.294289 0.435101 0.320128 0.364611 0.376033 0.470084 0.144869 0.236804 0.249822 0.294588 0.362842 0.485430 0.152299 0.153075 0.241597 0.249289 0.382948 0.264263 0.331183 0.351332 0.478780 0.121495 0.140816 0.246522 0.228679 0.277283 0.142808
 32.000000 0.150047 0.233244 0.249836 0.385653 0.486958 0.449380 0.437689 0.570107 0.667321 0.121429 0.137178 0.246369 0.369110 0.309903 0.321941 0.424803 0.530618 0.225346 0.273531 0.420689 0.296980 0.311286 0.385669 0.476766 0.148775 0.238776 0.257158 0.297983 0.377471 0.501662 0.153153 0.149847 0.244254 0.245980 0.383413 0.248060 0.334203 0.317984 0.450499 0.124684 0.135948 0.246874 0.220921 0.267247 0.147095
 33.000000 0.146130 0.237958 0.235571 0.381530 0.469457 0.458638 0.447393 0.578026 0.691755 0.125960 0.134625 0.257093 0.375159 0.329067 0.340343 0.439921 0.559347 0.230282 0.300541 0.444367 0.341440 0.365898 0.425001 0.537540 0.149723 0.243713 0.251899 0.276335 0.372137 0.498739 0.155348 0.153603 0.235712 0.248944 0.387164 0.252692 0.316286 0.327393 0.449419 0.120955 0.132947 0.247657 0.221470 0.279557 0.147136
 34.000000 0.151558 0.239779 0.241070 0.378621 0.479097 0.449922 0.450019 0.555871 0.648823 0.120374 0.132714 0.246223 0.371597 0.317682 0.346769 0.412498 0.514083 0.220148 0.279818 0.426673 0.318550 0.365003 0.378387 0.465821 0.143070 0.243091 0.250482 0.288843 0.362119 0.481668 0.153238 0.149252 0.235468 0.243863 0.377694 0.244463 0.306798 0.326219 0.456825 0.125064 0.135355 0.243222 0.230117 0.281791 0.143450
 35.000000 0.147122 0.240069 0.232177 0.374683 0.471514 0.445759 0.433992 0.563990 0.667039 0.124876 0.134026 0.251217 0.377823 0.312118 0.318697 0.422590 0.528939 0.228948 0.294031 0.443773 0.317241 0.326892 0.400849 0.491221 0.146209 0.247049 0.251517 0.286990 0.367300 0.492190 0.157385 0.153525 0.243783 0.244528 0.383403 0.261243 0.345251 0.325733 0.460267 0.122417 0.131552 0.244037 0.218115 0.268745 0.146854
 36.000000 0.144392 0.231627 0.233508 0.369813 0.490149 0.433300 0.413021 0.536885 0.621731 0.122597 0.132253 0.242229 0.381168 0.304952 0.311969 0.399746 0.495056 0.225887 0.279973 0.434153 0.301818 0.319025 0.360623 0.440396 0.145369 0.257872 0.256006 0.285493 0.366723 0.482442 0.158915 0.155058 0.238323 0.249660 0.380497 0.264562 0.348003 0.335664 0.467121 0.122707 0.133030 0.237531 0.222809 0.267387 0.141774
 37.000000 0.145832 0.230046 0.239418 0.378706 0.473787 0.466673 0.472157 0.567555 0.666411 0.121103 0.133933 0.252984 0.374738 0.336052 0.365145 0.427276 0.532063 0.224726 0.297084 0.439806 0.351011 0.397710 0.408844 0.504045 0.142355 0.244452 0.254584 0.289967 0.364430 0.481453 0.153668 0.157131 0.240271 0.252978 0.383424 0.252883 0.313231 0.339488 0.463364 0.125809 0.131400 0.237436 0.224887 0.272477 0.139993
 38.000000 0.147682 0.234747 0.240651 0.378272 0.465576 0.462080 0.476593 0.558042 0.663399 0.123612 0.131746 0.245679 0.359751 0.320471 0.351678 0.410805 0.520451 0.222326 0.279725 0.421147 0.313582 0.356322 0.367806 0.458865 0.144482 0.230838 0.257439 0.299436 0.366418 0.495058 0.150973 0.152381 0.238455 0.247881 0.389622 0.249842 0.309044 0.343118 0.480860 0.122381 0.136224 0.253292 0.225836 0.286541 0.149519
 39.000000 0.145801 0.227660 0.238602 0.376237 0.480402 0.451675 0.464700 0.551179 0.653732 0.120769 0.132864 0.245923 0.373494 0.315414 0.349597 0.407453 0.516305 0.224477 0.282735 0.429117 0.325163 0.378202 0.378221 0.480202 0.146250 0.249152 0.245848 0.284445 0.361360 0.480585 0.154848 0.152696 0.243183 0.249311 0.383094 0.253972 0.323308 0.339656 0.464824 0.125403 0.138130 0.243961 0.228766 0.272831 0.144669
 40.000000 0.140218 0.227870 0.233679 0.365975 0.484191 0.429152 0.453334 0.512598 0.625253 0.123701 0.134294 0.241704 0.376662 0.312072 0.364309 0.384508 0.508177 0.227879 0.279748 0.429591 0.322870 0.395177 0.350037 0.465315 0.144354 0.251335 0.254845 0.308600 0.354419 0.488797 0.156317 0.152624 0.242425 0.241183 0.381357 0.251207 0.312693 0.334721 0.459985 0.121672 0.136752 0.248397 0.227616 0.282519 0.147506
