#! FIELDS time phi psi
#! SET min_phi -pi
#! SET max_phi pi
#! SET min_psi -pi
#! SET max_psi pi
 0.000000 -2.582646 2.650251
 1.000000 -2.345535 2.697234
 2.000000 -2.022349 2.630737
 3.000000 -1.968476 2.219083
 4.000000 -1.922103 2.888684
 5.000000 -2.728434 2.547636
 6.000000 -2.787004 2.711312
 7.000000 -2.282564 2.219616
 8.000000 -2.603466 2.587328
 9.000000 -2.134368 2.792989
 10.000000 -1.391534 2.980908
 11.000000 -2.168875 2.839530
 12.000000 -1.511012 2.016246
 13.000000 -1.430969 2.392258
 14.000000 -1.173168 2.709026
 15.000000 -0.992236 2.524322
 16.000000 -0.921880 2.238774
 17.000000 -1.271711 2.442537
 18.000000 -1.049779 2.605962
 19.000000 -1.176203 2.563754
 20.000000 -1.105707 2.496087
 21.000000 -1.319918 2.607801
 22.000000 -0.460131 2.137773
 23.000000 -1.056018 2.636943
 24.000000 -0.596854 2.209845
 25.000000 -0.535610 2.209733
 26.000000 -1.170942 2.487209
 27.000000 -2.375503 2.025213
 28.000000 -2.556738 -3.017084
 29.000000 -2.485158 2.210616
 30.000000 -2.786924 3.103398
 31.000000 -2.931125 2.844049
 32.000000 -2.646427 2.530659
 33.000000 -2.532997 2.200090
 34.000000 -2.029253 2.912635
 35.000000 -2.832412 2.827773
 36.000000 -2.758836 2.856770
 37.000000 -2.070338 2.325495
 38.000000 -1.142589 2.496898
 39.000000 -1.112804 2.590196
 40.000000 -1.149492 2.086376
