#! FIELDS time phi psi
#! SET min_phi -pi
#! SET max_phi pi
#! SET min_psi -pi
#! SET max_psi pi
 0.000000 0.978403 1.147754
 1.000000 1.384829 0.677360
 2.000000 0.798278 0.882686
 3.000000 0.587582 1.008093
 4.000000 1.429344 0.299925
 5.000000 1.292061 0.480947
 6.000000 0.899636 1.298990
 7.000000 1.118606 0.921775
 8.000000 0.944709 1.325172
 9.000000 1.407495 1.727957
 10.000000 0.781967 1.047294
 11.000000 1.498257 1.717664
 12.000000 1.199898 2.346585
 13.000000 1.182519 2.468593
 14.000000 1.168484 2.258782
 15.000000 1.238926 2.942297
 16.000000 1.276663 2.800398
 17.000000 0.894944 -2.710836
 18.000000 0.798889 -2.762824
 19.000000 0.708565 -2.962815
 20.000000 0.803701 -3.078890
 21.000000 1.212508 2.130862
 22.000000 1.455296 2.403564
 23.000000 1.118699 2.764731
 24.000000 0.806663 -2.564508
 25.000000 1.048800 -2.414924
 26.000000 0.861626 -2.870384
 27.000000 0.692865 -2.963250
 28.000000 1.049089 2.915547
 29.000000 1.030244 -2.277586
 30.000000 0.858101 -2.876451
 31.000000 0.743441 -2.726628
 32.000000 0.832510 -3.098039
 33.000000 1.188817 2.527289
 34.000000 0.996303 1.296763
 35.000000 1.132059 2.693547
 36.000000 1.617764 3.025377
 37.000000 1.236186 2.815372
 38.000000 1.427479 2.524524
 39.000000 0.805282 2.989653
 40.000000 1.149769 3.007984
