#! FIELDS time pair1 pair2 pair3 pair4 pair5 pair6 pair7 pair8 pair9 pair10 pair11 pair12 pair13 pair14 pair15 pair16 pair17 pair18 pair19 pair20 pair21 pair22 pair23 pair24 pair25 pair26 pair27 pair28 pair29 pair30 pair31 pair32 pair33 pair34 pair35 pair36 pair37 pair38 pair39 pair40 pair41 pair42 pair43 pair44 pair45
 0.000000 0.152348 0.247986 0.240772 0.380191 0.441838 0.470129 0.560314 0.478989 0.600688 0.125423 0.130296 0.247344 0.312748 0.326302 0.409353 0.357427 0.484213 0.218133 0.278288 0.314465 0.313557 0.362283 0.364677 0.471781 0.143255 0.242442 0.257709 0.359671 0.294579 0.438321 0.153948 0.153043 0.245620 0.239217 0.381152 0.251551 0.278304 0.373798 0.502308 0.125048 0.138517 0.251275 0.234977 0.293016 0.147757
 1.000000 0.142109 0.231318 0.236430 0.371397 0.450885 0.440057 0.539009 0.436748 0.548535 0.122258 0.132257 0.243432 0.325690 0.308838 0.401383 0.332743 0.452906 0.219333 0.273093 0.332964 0.298138 0.356947 0.337948 0.433344 0.142447 0.252004 0.244771 0.355280 0.281940 0.424189 0.156259 0.149646 0.243793 0.245839 0.384212 0.264203 0.298278 0.388662 0.513562 0.126590 0.138452 0.249594 0.228635 0.277388 0.147872
 2.000000 0.147330 0.228817 0.241010 0.378246 0.436909 0.457412 0.543988 0.468348 0.572693 0.122348 0.132928 0.247107 0.305570 0.320920 0.400376 0.356488 0.465885 0.227181 0.290384 0.310680 0.331257 0.375012 0.384688 0.469165 0.144499 0.248976 0.245967 0.349126 0.284355 0.417664 0.151225 0.154208 0.244395 0.248214 0.380782 0.254733 0.283383 0.378562 0.493374 0.122837 0.135565 0.240339 0.222308 0.263670 0.144364
 3.000000 0.152663 0.237472 0.242532 0.384485 0.449722 0.474463 0.577797 0.472505 0.591950 0.123568 0.133214 0.250589 0.303210 0.347236 0.440501 0.376960 0.503540 0.228672 0.294472 0.292597 0.380723 0.446968 0.434048 0.548124 0.146769 0.250204 0.254497 0.361612 0.286449 0.426496 0.151984 0.148277 0.236461 0.239558 0.374067 0.251803 0.279229 0.371767 0.490250 0.120474 0.132597 0.240104 0.219395 0.266991 0.143812
 4.000000 0.146827 0.235691 0.237784 0.379855 0.449134 0.458063 0.573148 0.442771 0.567134 0.125611 0.132253 0.250340 0.319745 0.324706 0.433655 0.332923 0.467479 0.227291 0.290809 0.328787 0.331982 0.421033 0.346837 0.467762 0.147719 0.253720 0.249978 0.361793 0.280116 0.423851 0.154696 0.150778 0.235561 0.247075 0.384514 0.262063 0.291077 0.381745 0.510396 0.122935 0.134893 0.249530 0.225187 0.285261 0.145069
 5.000000 0.146867 0.227425 0.251909 0.389888 0.444785 0.449065 0.521082 0.461737 0.554447 0.116919 0.138535 0.256084 0.315528 0.309595 0.376906 0.344658 0.447046 0.218564 0.284726 0.323481 0.294688 0.324761 0.341027 0.417313 0.144371 0.236968 0.243625 0.337825 0.291590 0.422907 0.152935 0.151374 0.238615 0.245866 0.380643 0.259617 0.282159 0.380772 0.500789 0.126020 0.131765 0.242345 0.224020 0.274936 0.143698
 6.000000 0.146711 0.236343 0.231789 0.371038 0.444517 0.452250 0.563880 0.428367 0.537332 0.125100 0.130223 0.242695 0.312901 0.319146 0.424510 0.318349 0.437061 0.227381 0.284241 0.319038 0.321413 0.406425 0.324309 0.420174 0.145372 0.251605 0.257095 0.365301 0.282011 0.419381 0.150606 0.158553 0.241909 0.247154 0.382132 0.254002 0.281776 0.367207 0.487525 0.119745 0.131233 0.241226 0.220801 0.278095 0.140620
 7.000000 0.155827 0.246605 0.243304 0.381615 0.454237 0.451647 0.562841 0.426309 0.546938 0.122483 0.133555 0.247010 0.315755 0.311937 0.415921 0.315514 0.448869 0.222861 0.282662 0.323619 0.305933 0.388278 0.316836 0.432482 0.142383 0.246451 0.245324 0.353908 0.273690 0.420645 0.155670 0.149563 0.234500 0.243198 0.384579 0.256402 0.285182 0.376978 0.508679 0.119545 0.137485 0.254091 0.226082 0.289657 0.148196
 8.000000 0.147272 0.236313 0.238432 0.380032 0.445506 0.449224 0.557177 0.448604 0.566499 0.121610 0.133420 0.249441 0.309853 0.317256 0.417012 0.345802 0.472900 0.222005 0.280934 0.298490 0.321052 0.390587 0.367149 0.479309 0.148169 0.250787 0.247859 0.360397 0.291798 0.432845 0.156831 0.145430 0.236783 0.250332 0.386058 0.252599 0.279016 0.383627 0.506818 0.126412 0.140996 0.255407 0.228254 0.287376 0.142636
 9.000000 0.150123 0.230080 0.243493 0.379290 0.446361 0.453644 0.561669 0.441083 0.561721 0.121861 0.132665 0.243623 0.307003 0.317906 0.418102 0.332904 0.460351 0.226914 0.285030 0.311000 0.324737 0.400011 0.348819 0.456829 0.143416 0.246631 0.252492 0.359790 0.286986 0.426224 0.156138 0.151763 0.235569 0.244542 0.372895 0.256303 0.276460 0.374681 0.487331 0.123810 0.131867 0.233210 0.225677 0.268063 0.139721
 10.000000 0.148398 0.229993 0.238623 0.379396 0.452771 0.461058 0.564387 0.462249 0.597703 0.121041 0.133458 0.250426 0.311926 0.336999 0.430057 0.370443 0.513117 0.228123 0.295949 0.314415 0.356801 0.424163 0.408072 0.538589 0.145911 0.251406 0.258927 0.362566 0.298347 0.448065 0.156311 0.156643 0.238952 0.249321 0.388528 0.260142 0.279734 0.382954 0.507704 0.120254 0.134149 0.247841 0.223314 0.278840 0.149777
 11.000000 0.146496 0.231279 0.242252 0.381337 0.448326 0.453182 0.559616 0.446078 0.560429 0.122315 0.137597 0.252992 0.331495 0.310553 0.413542 0.319316 0.440625 0.230161 0.295164 0.365959 0.296618 0.378148 0.296880 0.390460 0.144817 0.242499 0.253941 0.364041 0.292195 0.433960 0.157410 0.151611 0.244315 0.244683 0.382802 0.259349 0.292968 0.381767 0.506921 0.123556 0.135926 0.248526 0.222868 0.277018 0.144655
 12.000000 0.146663 0.232534 0.237099 0.373050 0.447881 0.453191 0.561926 0.436022 0.538372 0.124780 0.134112 0.244365 0.309391 0.326843 0.427115 0.339913 0.454791 0.231914 0.290162 0.304987 0.349894 0.422579 0.381223 0.477503 0.142317 0.255016 0.248302 0.360629 0.273297 0.410805 0.154392 0.153153 0.244346 0.242035 0.381750 0.251374 0.280756 0.369608 0.493554 0.122902 0.132834 0.248703 0.221932 0.282737 0.145375
 13.000000 0.151430 0.232373 0.242021 0.380140 0.443800 0.451772 0.563314 0.421750 0.532456 0.120241 0.135754 0.245473 0.299862 0.319964 0.423907 0.322071 0.444785 0.230263 0.286679 0.292525 0.336302 0.417082 0.352440 0.457452 0.146833 0.249972 0.252915 0.363233 0.277191 0.416419 0.154486 0.152715 0.238567 0.246047 0.379290 0.253156 0.283870 0.369542 0.488382 0.120772 0.137525 0.243854 0.227299 0.279376 0.140947
 14.000000 0.146663 0.230426 0.243545 0.385971 0.443831 0.469362 0.581448 0.449385 0.562858 0.125164 0.131841 0.252634 0.316522 0.328492 0.436836 0.326357 0.449832 0.225180 0.289872 0.323503 0.327159 0.415608 0.328894 0.432075 0.150725 0.251392 0.257257 0.369632 0.279344 0.420156 0.149111 0.154800 0.242722 0.245497 0.384475 0.253986 0.289202 0.368864 0.496186 0.121511 0.134395 0.248471 0.223385 0.283526 0.144049
 15.000000 0.147628 0.239038 0.243010 0.378447 0.433224 0.467651 0.579870 0.471062 0.597346 0.119687 0.136785 0.252075 0.301823 0.335757 0.440437 0.362713 0.493838 0.217773 0.282477 0.287958 0.340109 0.422012 0.383009 0.500669 0.139707 0.242209 0.245314 0.357056 0.285729 0.427661 0.154341 0.152909 0.240506 0.252042 0.386603 0.255363 0.286108 0.379832 0.501383 0.123637 0.137237 0.247954 0.224112 0.277281 0.142692
 16.000000 0.143965 0.225346 0.241271 0.382697 0.449727 0.461716 0.571760 0.446319 0.559294 0.123616 0.134171 0.251867 0.316433 0.329105 0.432708 0.336563 0.459086 0.228895 0.292353 0.317016 0.338625 0.417939 0.354359 0.457870 0.149335 0.254476 0.256152 0.367230 0.284340 0.423356 0.152148 0.151661 0.238682 0.243117 0.378224 0.248596 0.272188 0.365142 0.485211 0.124523 0.131046 0.241847 0.223810 0.278919 0.141517
 17.000000 0.148533 0.238304 0.239121 0.383303 0.458156 0.458535 0.572273 0.425762 0.541955 0.121041 0.132835 0.252818 0.323124 0.329147 0.435755 0.325799 0.454648 0.219695 0.283750 0.316869 0.335865 0.419563 0.349997 0.466148 0.149124 0.256640 0.252232 0.365408 0.269433 0.411271 0.157956 0.152299 0.241762 0.241305 0.377638 0.268338 0.304044 0.383074 0.510224 0.121844 0.136041 0.244804 0.226877 0.280148 0.143436
 18.000000 0.145592 0.233523 0.241417 0.387376 0.453657 0.466807 0.573551 0.448131 0.566340 0.124395 0.134681 0.256416 0.320858 0.332668 0.433541 0.338954 0.468207 0.225533 0.290250 0.322211 0.330536 0.409680 0.348574 0.462017 0.153408 0.260233 0.255176 0.363798 0.275204 0.417934 0.154367 0.148772 0.234318 0.240144 0.379870 0.250571 0.278155 0.372167 0.501159 0.117924 0.138441 0.252630 0.226323 0.289631 0.145396
 19.000000 0.147628 0.238767 0.240179 0.382451 0.443010 0.460646 0.580342 0.434996 0.560373 0.121877 0.135337 0.252684 0.308756 0.325922 0.441748 0.318047 0.453284 0.222140 0.282296 0.294737 0.325357 0.427620 0.317632 0.440246 0.148462 0.251647 0.250873 0.362851 0.276720 0.420236 0.153847 0.149097 0.233315 0.241829 0.377013 0.246351 0.283635 0.351375 0.476128 0.123232 0.130740 0.240668 0.223135 0.274480 0.144934
 20.000000 0.147929 0.236311 0.242951 0.381514 0.444175 0.462356 0.585605 0.438399 0.564504 0.123386 0.135107 0.251329 0.314655 0.325500 0.447354 0.315641 0.452290 0.224967 0.288302 0.318182 0.326181 0.441133 0.304271 0.428698 0.144548 0.249636 0.249468 0.362191 0.279537 0.422736 0.152519 0.156672 0.241305 0.250142 0.386088 0.259842 0.306513 0.361415 0.490149 0.125722 0.129804 0.241010 0.222897 0.272976 0.145805
 21.000000 0.154755 0.242289 0.241326 0.380329 0.446123 0.460519 0.572040 0.435115 0.554417 0.123146 0.132518 0.248679 0.311013 0.319833 0.424567 0.318817 0.449134 0.226446 0.293833 0.316913 0.330294 0.411337 0.340043 0.453336 0.141824 0.243467 0.249275 0.360716 0.273044 0.418734 0.153538 0.153792 0.244659 0.242868 0.385019 0.251790 0.287791 0.368783 0.500398 0.120806 0.136722 0.252642 0.224377 0.285170 0.147625
 22.000000 0.144433 0.232766 0.240337 0.374313 0.440984 0.453513 0.561003 0.437938 0.556996 0.123794 0.136224 0.245542 0.303483 0.328760 0.429121 0.346971 0.478541 0.227460 0.281755 0.289128 0.343369 0.416970 0.387544 0.506462 0.141513 0.250952 0.246037 0.358405 0.271374 0.417639 0.153144 0.154169 0.246004 0.247592 0.390556 0.255188 0.291621 0.380096 0.511245 0.120607 0.142723 0.258306 0.228548 0.288749 0.148842
 23.000000 0.149710 0.238590 0.234753 0.378214 0.445670 0.449650 0.556867 0.425636 0.526278 0.124459 0.133274 0.254631 0.304258 0.328305 0.424269 0.336361 0.450533 0.230630 0.305655 0.305681 0.353754 0.421400 0.376416 0.469883 0.145365 0.246112 0.244266 0.353205 0.266648 0.405347 0.152525 0.151542 0.239268 0.237802 0.381105 0.244681 0.269208 0.357544 0.483918 0.122719 0.129101 0.248813 0.221493 0.287012 0.148253
 24.000000 0.147194 0.230987 0.237605 0.379100 0.450006 0.455568 0.565602 0.448173 0.559501 0.119871 0.134944 0.250793 0.311501 0.330003 0.430826 0.354696 0.473763 0.226969 0.290919 0.308334 0.342825 0.416296 0.383583 0.481712 0.147625 0.254081 0.256550 0.369423 0.293576 0.432843 0.159123 0.155161 0.246832 0.252337 0.387193 0.261677 0.290720 0.387068 0.504070 0.126258 0.138018 0.246278 0.227803 0.275071 0.144824
 25.000000 0.148354 0.236823 0.229456 0.374895 0.449153 0.442241 0.539928 0.433826 0.541788 0.122401 0.128332 0.245184 0.309582 0.313212 0.401498 0.337506 0.456838 0.223828 0.283141 0.299084 0.323799 0.378609 0.369627 0.471501 0.151559 0.262214 0.247808 0.354534 0.277955 0.415940 0.155904 0.150576 0.237920 0.245278 0.382521 0.249209 0.269136 0.374661 0.496599 0.122029 0.136404 0.249117 0.225480 0.284155 0.143391
 26.000000 0.149067 0.236333 0.242924 0.380613 0.443583 0.443705 0.545694 0.428033 0.531419 0.124748 0.136591 0.245905 0.302855 0.313246 0.407575 0.332670 0.449456 0.230167 0.280961 0.295437 0.320351 0.382061 0.368485 0.470078 0.148250 0.258050 0.236580 0.349316 0.252016 0.385162 0.153180 0.150712 0.239625 0.238642 0.369381 0.259704 0.290413 0.378357 0.499157 0.123248 0.138845 0.241437 0.234610 0.286269 0.137179
 27.000000 0.146373 0.229604 0.237914 0.378916 0.437797 0.471696 0.584114 0.468515 0.593196 0.121437 0.134052 0.252416 0.313963 0.333661 0.441352 0.345973 0.476423 0.227862 0.297437 0.327472 0.337611 0.427424 0.347762 0.460370 0.146034 0.247154 0.263086 0.373350 0.300821 0.443542 0.154729 0.160150 0.246937 0.255349 0.392735 0.256213 0.285799 0.375103 0.499734 0.123750 0.133727 0.247663 0.222119 0.279519 0.143673
 28.000000 0.148560 0.232949 0.248020 0.377436 0.432112 0.460131 0.569805 0.438037 0.545067 0.126408 0.135167 0.241102 0.303706 0.318154 0.423535 0.318675 0.437774 0.229079 0.280009 0.321848 0.308443 0.392404 0.310807 0.405286 0.139671 0.240759 0.252694 0.363813 0.277406 0.416709 0.153626 0.157651 0.246081 0.247956 0.386106 0.266678 0.303330 0.381949 0.509458 0.121992 0.138376 0.250691 0.229604 0.290479 0.142948
 29.000000 0.149576 0.233448 0.238826 0.380513 0.447568 0.455318 0.565872 0.442147 0.569763 0.120868 0.134622 0.251943 0.307181 0.323461 0.425100 0.337181 0.469246 0.228206 0.296685 0.305976 0.333362 0.409186 0.353698 0.463112 0.145822 0.252925 0.250080 0.362255 0.283330 0.430027 0.159383 0.151723 0.241986 0.246163 0.381286 0.242345 0.264753 0.362429 0.475066 0.125654 0.133417 0.240206 0.223895 0.263769 0.148145
 30.000000 0.146632 0.231407 0.234491 0.374767 0.455966 0.443231 0.524127 0.463946 0.579087 0.123361 0.135030 0.252311 0.345129 0.301574 0.377537 0.339239 0.457512 0.233583 0.305492 0.385551 0.300135 0.341702 0.346671 0.437213 0.143527 0.250765 0.248342 0.344762 0.294194 0.434757 0.156624 0.155942 0.245669 0.238600 0.378832 0.263539 0.290348 0.376607 0.503616 0.125304 0.132756 0.244299 0.231000 0.287101 0.146198
 31.000000 0.144686 0.233146 0.227099 0.365430 0.444799 0.446411 0.529341 0.474916 0.595870 0.119637 0.132189 0.243682 0.323336 0.313683 0.387309 0.364792 0.488070 0.222560 0.281869 0.350900 0.296253 0.341639 0.349869 0.448772 0.143182 0.246223 0.259540 0.352741 0.316685 0.457525 0.156873 0.155100 0.240651 0.247980 0.385484 0.257055 0.275358 0.379699 0.500603 0.122674 0.133364 0.245426 0.223850 0.278928 0.145010
 32.000000 0.142316 0.227888 0.235106 0.374477 0.450579 0.431196 0.538416 0.401936 0.515166 0.121083 0.134272 0.249136 0.317397 0.305990 0.406003 0.309595 0.436951 0.225490 0.287238 0.316345 0.310630 0.383715 0.330509 0.438982 0.147139 0.247697 0.249337 0.357003 0.278464 0.423881 0.150213 0.151885 0.236907 0.246978 0.387320 0.247550 0.273190 0.371513 0.499204 0.120192 0.139467 0.253791 0.228790 0.289786 0.147313
 33.000000 0.144631 0.232725 0.237592 0.384025 0.434614 0.454662 0.560508 0.433517 0.543780 0.122413 0.137724 0.258652 0.301266 0.330967 0.428169 0.339884 0.460499 0.228300 0.295888 0.306395 0.335884 0.406153 0.356508 0.454772 0.152135 0.244845 0.249774 0.360623 0.272832 0.414665 0.153016 0.152230 0.240778 0.244937 0.384097 0.264851 0.301871 0.378898 0.505409 0.121696 0.134663 0.247597 0.222266 0.276424 0.147031
 34.000000 0.151308 0.238927 0.243887 0.388920 0.463898 0.459688 0.568570 0.439360 0.541927 0.123717 0.134970 0.255580 0.321231 0.328842 0.429439 0.339136 0.457142 0.227181 0.293498 0.309998 0.348073 0.420640 0.381357 0.486692 0.150167 0.259430 0.249191 0.362013 0.270292 0.408625 0.152440 0.153643 0.243629 0.240354 0.381856 0.253219 0.282667 0.369007 0.498351 0.123373 0.130023 0.247980 0.221190 0.285309 0.145210
 35.000000 0.149696 0.238619 0.239435 0.381315 0.457818 0.463437 0.560997 0.455752 0.571442 0.121351 0.135255 0.254295 0.311365 0.349464 0.434964 0.379664 0.509073 0.225047 0.293043 0.295212 0.376262 0.430476 0.433078 0.552493 0.146444 0.252464 0.258079 0.362119 0.290009 0.434558 0.147872 0.156573 0.243590 0.246631 0.390263 0.242522 0.260465 0.366504 0.494315 0.124623 0.136265 0.252828 0.232127 0.294090 0.149553
 36.000000 0.149167 0.238254 0.237379 0.372637 0.434544 0.454346 0.558343 0.459968 0.584809 0.126198 0.132386 0.242778 0.311413 0.312815 0.410902 0.336583 0.466747 0.230009 0.287717 0.332322 0.312030 0.385380 0.335669 0.443898 0.141085 0.242870 0.248891 0.355018 0.293983 0.438115 0.156163 0.147139 0.232037 0.246960 0.385235 0.253442 0.269559 0.379729 0.504826 0.125972 0.136415 0.252400 0.230391 0.292877 0.145221
 37.000000 0.150136 0.236478 0.242788 0.385175 0.461745 0.465404 0.580794 0.443793 0.564787 0.120412 0.132193 0.254049 0.320662 0.334117 0.442325 0.340660 0.470958 0.218440 0.288822 0.319467 0.331658 0.419814 0.344276 0.455980 0.146376 0.248151 0.262505 0.373995 0.295008 0.439233 0.153000 0.157927 0.248214 0.249880 0.387123 0.248326 0.279991 0.368333 0.489347 0.123309 0.135266 0.245008 0.223709 0.273097 0.145355
 38.000000 0.144177 0.227835 0.237600 0.377451 0.450647 0.445803 0.561488 0.415840 0.541104 0.122483 0.135370 0.253933 0.312723 0.327504 0.435488 0.327585 0.463864 0.230032 0.303068 0.308930 0.359156 0.450004 0.369965 0.492904 0.144101 0.248751 0.248528 0.354066 0.278074 0.424539 0.155621 0.154055 0.229639 0.248745 0.384713 0.253493 0.276387 0.366917 0.489393 0.120636 0.133218 0.242769 0.227267 0.281365 0.146649
 39.000000 0.146969 0.235722 0.237832 0.381126 0.450766 0.456143 0.559130 0.456876 0.577131 0.124342 0.135661 0.252968 0.315566 0.325567 0.420031 0.354942 0.481571 0.230237 0.293724 0.312287 0.334211 0.397066 0.383558 0.490219 0.150376 0.265387 0.247059 0.359731 0.276789 0.420401 0.159138 0.155798 0.247889 0.247097 0.385455 0.257965 0.285296 0.381311 0.502302 0.125044 0.134856 0.244791 0.224985 0.271932 0.147496
 40.000000 0.147973 0.227275 0.237240 0.373506 0.451222 0.447408 0.549972 0.440574 0.554557 0.119775 0.132072 0.243399 0.311995 0.321363 0.413208 0.346777 0.468946 0.226356 0.287341 0.320355 0.331023 0.396970 0.362663 0.467040 0.143164 0.249884 0.256104 0.357192 0.301833 0.436205 0.157080 0.157800 0.235410 0.259896 0.386655 0.263718 0.274973 0.390406 0.502978 0.122397 0.137428 0.241305 0.228388 0.281103 0.135211
