#! FIELDS time pair1 pair2 pair3 pair4 pair5 pair6 pair7 pair8 pair9 pair10 pair11 pair12 pair13 pair14 pair15 pair16 pair17 pair18 pair19 pair20 pair21 pair22 pair23 pair24 pair25 pair26 pair27 pair28 pair29 pair30 pair31 pair32 pair33 pair34 pair35 pair36 pair37 pair38 pair39 pair40 pair41 pair42 pair43 pair44 pair45
 0.000000 0.145014 0.228136 0.238958 0.380175 0.455659 0.431524 0.401350 0.558596 0.670943 0.124848 0.134075 0.254335 0.318204 0.304227 0.295017 0.425789 0.543508 0.231782 0.304751 0.323637 0.316445 0.294992 0.421610 0.521772 0.145966 0.250651 0.242549 0.277191 0.359032 0.493325 0.159053 0.151242 0.246010 0.235419 0.380259 0.242008 0.342983 0.271393 0.408055 0.123000 0.129838 0.251494 0.218071 0.284777 0.147570
 1.000000 0.150768 0.244154 0.231907 0.371502 0.444820 0.445119 0.435855 0.563831 0.665639 0.120083 0.130254 0.241282 0.312912 0.306901 0.317593 0.418060 0.523840 0.217343 0.268814 0.316989 0.284239 0.290071 0.373189 0.460022 0.145612 0.244266 0.259326 0.300125 0.373692 0.498323 0.153340 0.157255 0.249006 0.247695 0.384376 0.256527 0.368040 0.282184 0.420749 0.122544 0.132129 0.243056 0.217414 0.267987 0.143394
 2.000000 0.146949 0.240971 0.236021 0.378867 0.458120 0.449910 0.434255 0.576454 0.678772 0.123373 0.131780 0.254295 0.335037 0.313281 0.316384 0.434075 0.539453 0.219265 0.290439 0.349040 0.302324 0.309138 0.402924 0.494599 0.145017 0.246690 0.249666 0.279652 0.369904 0.489438 0.154084 0.151219 0.234906 0.245542 0.375919 0.252486 0.364836 0.279322 0.420273 0.124266 0.136426 0.240425 0.230656 0.277802 0.141337
 3.000000 0.142720 0.225118 0.238363 0.378257 0.429937 0.471583 0.455637 0.603862 0.718339 0.120046 0.135152 0.254026 0.308942 0.338117 0.331195 0.469274 0.585052 0.225568 0.295861 0.315249 0.344720 0.324051 0.469716 0.573314 0.145805 0.248558 0.259833 0.289216 0.381722 0.509123 0.160543 0.161189 0.247550 0.255255 0.395754 0.269410 0.360071 0.324908 0.465696 0.122217 0.136415 0.250968 0.225171 0.282860 0.147424
 4.000000 0.150811 0.245051 0.247008 0.390313 0.451922 0.474714 0.475381 0.584713 0.694906 0.123475 0.136473 0.257014 0.318229 0.336917 0.339310 0.456002 0.566754 0.218895 0.281940 0.320565 0.321368 0.285771 0.452608 0.543846 0.148098 0.244567 0.259796 0.310603 0.358705 0.486591 0.152859 0.153535 0.244710 0.241375 0.376391 0.260379 0.331097 0.340737 0.465121 0.124121 0.132736 0.238766 0.224591 0.269661 0.144257
 5.000000 0.146198 0.229691 0.236231 0.370698 0.445414 0.443255 0.419051 0.570065 0.674366 0.122066 0.136415 0.245693 0.305506 0.323186 0.312624 0.452515 0.565919 0.233497 0.295637 0.301453 0.354870 0.329202 0.482906 0.591084 0.139693 0.251927 0.241351 0.275494 0.357294 0.480730 0.155039 0.151730 0.239535 0.246571 0.384225 0.249016 0.327490 0.319017 0.454772 0.123365 0.131791 0.248123 0.219413 0.281173 0.143213
 6.000000 0.151030 0.238072 0.247010 0.380692 0.437422 0.466691 0.457438 0.592584 0.690441 0.123992 0.133432 0.242293 0.308036 0.319935 0.323495 0.443380 0.543834 0.222715 0.271448 0.310284 0.302830 0.295789 0.415064 0.500265 0.143548 0.242821 0.261109 0.298732 0.376784 0.492669 0.154221 0.155236 0.243678 0.244929 0.373771 0.255824 0.358356 0.293029 0.428799 0.120320 0.132589 0.231881 0.218698 0.254916 0.140602
 7.000000 0.147017 0.229915 0.243774 0.384880 0.453353 0.452492 0.442587 0.560469 0.662482 0.121824 0.140021 0.256646 0.313944 0.327690 0.321368 0.447408 0.554961 0.233827 0.301267 0.308292 0.352553 0.314970 0.483548 0.577632 0.147136 0.253494 0.248775 0.295413 0.349291 0.476189 0.157169 0.154123 0.242037 0.246797 0.383850 0.258592 0.314360 0.352493 0.475978 0.124619 0.132442 0.242687 0.223850 0.272780 0.146561
 8.000000 0.147922 0.236220 0.233604 0.379003 0.445203 0.470527 0.465061 0.596807 0.700640 0.121413 0.132083 0.252962 0.316258 0.335960 0.334504 0.466923 0.573719 0.224595 0.293044 0.315332 0.341977 0.314003 0.476594 0.572678 0.150120 0.259663 0.262776 0.305406 0.377959 0.497227 0.161174 0.161552 0.255008 0.256501 0.390675 0.263496 0.344851 0.339532 0.471998 0.126071 0.135462 0.245153 0.222180 0.271739 0.141513
 9.000000 0.141580 0.227308 0.234591 0.370065 0.448540 0.435303 0.396791 0.574722 0.657015 0.123612 0.132514 0.244902 0.318083 0.311599 0.295415 0.446812 0.538411 0.226645 0.287446 0.319476 0.328156 0.312138 0.446248 0.526693 0.141382 0.251517 0.240712 0.262347 0.373284 0.483829 0.155615 0.150669 0.237998 0.255276 0.386333 0.261107 0.362164 0.314417 0.453635 0.125849 0.140602 0.244413 0.229811 0.267668 0.147333
 10.000000 0.149890 0.234346 0.245361 0.385872 0.450939 0.459099 0.425795 0.590304 0.702244 0.121182 0.133420 0.251551 0.313211 0.322346 0.304279 0.452946 0.569878 0.221156 0.286016 0.314328 0.316275 0.280077 0.443848 0.547542 0.145832 0.248576 0.254161 0.280302 0.371399 0.500999 0.158572 0.156208 0.242095 0.245646 0.386568 0.259511 0.346769 0.316052 0.453927 0.123033 0.133847 0.250771 0.227346 0.292966 0.145221
 11.000000 0.151212 0.241400 0.242103 0.381175 0.440366 0.466800 0.452979 0.592180 0.712513 0.125040 0.134421 0.246777 0.304255 0.328175 0.323893 0.454757 0.576325 0.227451 0.282184 0.307597 0.323265 0.292034 0.452304 0.557553 0.146240 0.245654 0.259873 0.300503 0.368376 0.502503 0.153948 0.154532 0.245292 0.238920 0.380748 0.256772 0.341356 0.311800 0.445153 0.124258 0.133936 0.248936 0.229563 0.291234 0.146199
 12.000000 0.146779 0.234619 0.239023 0.377308 0.448955 0.446307 0.432025 0.563842 0.671638 0.122450 0.136367 0.250881 0.308028 0.328308 0.324983 0.452166 0.565574 0.228004 0.290498 0.300481 0.346906 0.320515 0.477877 0.578279 0.144253 0.249449 0.246321 0.289126 0.350477 0.478554 0.157766 0.148273 0.237211 0.235459 0.371888 0.259486 0.331269 0.332306 0.457326 0.121483 0.132913 0.241301 0.224196 0.275470 0.144568
 13.000000 0.149807 0.244978 0.239274 0.377921 0.451242 0.441720 0.413020 0.568730 0.673817 0.124996 0.137703 0.251813 0.312604 0.318501 0.304031 0.446824 0.558871 0.229133 0.290265 0.306889 0.329974 0.300897 0.455864 0.556817 0.146219 0.241203 0.255736 0.290704 0.366680 0.495723 0.157515 0.153091 0.240967 0.237937 0.378038 0.263867 0.346880 0.320551 0.456931 0.120433 0.132042 0.244479 0.222969 0.279903 0.145949
 14.000000 0.149416 0.238231 0.240585 0.375689 0.455473 0.452611 0.431864 0.580949 0.697997 0.121635 0.133462 0.248316 0.322312 0.320631 0.312695 0.447753 0.566566 0.221926 0.288656 0.332857 0.319905 0.289636 0.443211 0.546716 0.138438 0.240934 0.253535 0.293779 0.366163 0.498053 0.156480 0.156770 0.249898 0.241582 0.380124 0.259386 0.356756 0.300676 0.430999 0.125960 0.132284 0.248115 0.226982 0.292594 0.140734
 15.000000 0.146755 0.233532 0.231720 0.372701 0.442271 0.448349 0.446289 0.560109 0.672314 0.123313 0.131761 0.248843 0.334755 0.305820 0.313399 0.414851 0.525657 0.229249 0.297464 0.376055 0.299740 0.295643 0.388756 0.474975 0.145141 0.246061 0.251291 0.287760 0.364159 0.493484 0.157715 0.149937 0.237748 0.240637 0.379737 0.261811 0.375060 0.278980 0.421015 0.123746 0.136773 0.249474 0.231806 0.291678 0.145045
 16.000000 0.148516 0.234691 0.239148 0.380670 0.453945 0.456373 0.441471 0.579528 0.684224 0.122902 0.132654 0.250876 0.322566 0.319983 0.327585 0.436163 0.545584 0.225867 0.292612 0.334876 0.318050 0.330928 0.411652 0.505548 0.146075 0.247366 0.259638 0.290498 0.378430 0.503479 0.157309 0.158461 0.242889 0.252842 0.389483 0.261009 0.372893 0.290288 0.432297 0.125272 0.135340 0.245949 0.229639 0.283912 0.144506
 17.000000 0.149897 0.237441 0.245481 0.382562 0.455840 0.462923 0.441567 0.592363 0.700161 0.122029 0.135875 0.248147 0.318278 0.326513 0.312803 0.458749 0.567627 0.223815 0.279925 0.311272 0.325951 0.286135 0.460864 0.553048 0.144427 0.257004 0.252026 0.285976 0.366711 0.491035 0.156435 0.154045 0.236797 0.247584 0.379473 0.255996 0.328428 0.321929 0.441153 0.120487 0.137201 0.243709 0.228563 0.283734 0.139607
 18.000000 0.148034 0.237017 0.237971 0.373473 0.463806 0.435533 0.412927 0.568157 0.664910 0.122902 0.135890 0.249924 0.322239 0.325688 0.336994 0.450055 0.559186 0.228851 0.293699 0.319714 0.350717 0.369949 0.457929 0.563221 0.143353 0.251686 0.252196 0.292676 0.371852 0.490774 0.156557 0.155039 0.251533 0.245088 0.375942 0.264123 0.378498 0.297264 0.433757 0.127012 0.134778 0.239366 0.224707 0.269080 0.138351
 19.000000 0.146455 0.235032 0.234338 0.369922 0.456217 0.444329 0.433632 0.562258 0.672900 0.124599 0.133007 0.245081 0.322222 0.321541 0.339326 0.429058 0.548861 0.229500 0.290988 0.333913 0.334980 0.363985 0.415184 0.527990 0.141527 0.248459 0.253334 0.287320 0.368266 0.496083 0.159091 0.150446 0.234135 0.244176 0.380791 0.261637 0.372329 0.287583 0.433463 0.121165 0.131719 0.243651 0.220556 0.273593 0.146840
 20.000000 0.150934 0.239209 0.241876 0.377917 0.445184 0.445983 0.450505 0.540794 0.634664 0.123774 0.137525 0.250847 0.316866 0.306176 0.332087 0.391790 0.490890 0.232209 0.298670 0.333676 0.308091 0.343654 0.356352 0.432760 0.139402 0.243395 0.241580 0.279519 0.348606 0.470738 0.154169 0.155987 0.239128 0.248425 0.387377 0.253211 0.365850 0.272123 0.416942 0.121959 0.133278 0.245840 0.225053 0.280330 0.147899
 21.000000 0.145757 0.231765 0.245314 0.384595 0.452855 0.452437 0.441308 0.568938 0.657989 0.124908 0.138629 0.256152 0.328605 0.314309 0.321792 0.425001 0.519889 0.231802 0.299249 0.349092 0.310876 0.318738 0.393721 0.473055 0.144257 0.242266 0.250743 0.286918 0.369567 0.482888 0.153951 0.153773 0.243635 0.251273 0.380014 0.258915 0.373421 0.290828 0.435686 0.126246 0.135926 0.235493 0.226181 0.256961 0.145468
 22.000000 0.146322 0.232661 0.237556 0.377795 0.423041 0.458878 0.448095 0.590381 0.704918 0.121758 0.136547 0.249578 0.294635 0.325409 0.328532 0.453099 0.570117 0.229822 0.288170 0.295044 0.332659 0.328003 0.447904 0.551139 0.148074 0.242399 0.254539 0.290768 0.376136 0.507115 0.155464 0.154538 0.246260 0.246183 0.390164 0.265716 0.361161 0.315685 0.457783 0.120540 0.135735 0.252883 0.219230 0.276072 0.150659
 23.000000 0.150150 0.239629 0.236366 0.375496 0.462673 0.452616 0.433624 0.575727 0.679765 0.123179 0.134811 0.250579 0.340172 0.314938 0.310698 0.432583 0.538286 0.229650 0.297720 0.371344 0.313323 0.295693 0.414571 0.500241 0.141852 0.249678 0.251984 0.285000 0.368052 0.491522 0.155670 0.152440 0.241071 0.244053 0.379497 0.257066 0.369093 0.285175 0.426175 0.124342 0.129869 0.240412 0.219893 0.270453 0.143248
 24.000000 0.146632 0.236294 0.234574 0.372571 0.452188 0.447777 0.428818 0.581029 0.685444 0.123604 0.132989 0.241549 0.319420 0.313339 0.313819 0.441427 0.549453 0.226870 0.274827 0.322566 0.304136 0.300230 0.417679 0.508957 0.147662 0.255459 0.259517 0.290637 0.381432 0.505063 0.153815 0.153769 0.240271 0.246832 0.381210 0.253515 0.359367 0.284642 0.419116 0.119971 0.138661 0.246386 0.226826 0.281604 0.141113
 25.000000 0.150503 0.236772 0.244027 0.386545 0.467644 0.451496 0.434619 0.565695 0.668406 0.120540 0.135137 0.251750 0.330369 0.314315 0.323761 0.420718 0.531361 0.223056 0.282365 0.331768 0.302711 0.320283 0.382181 0.480234 0.150286 0.255879 0.261059 0.295115 0.374254 0.500235 0.155698 0.160792 0.251450 0.248898 0.386990 0.263799 0.380522 0.283725 0.429294 0.128223 0.132507 0.241948 0.229898 0.278040 0.146700
 26.000000 0.149586 0.234574 0.236789 0.378165 0.450825 0.431510 0.448029 0.514537 0.618596 0.123891 0.128690 0.247267 0.319116 0.292932 0.333230 0.367375 0.479367 0.224731 0.292705 0.334685 0.294167 0.347334 0.324902 0.418041 0.145121 0.244463 0.240029 0.288820 0.338770 0.468583 0.149887 0.153603 0.240635 0.241762 0.382144 0.253594 0.367082 0.267243 0.412953 0.122061 0.135355 0.247059 0.228766 0.284361 0.147746
 27.000000 0.149900 0.237693 0.240312 0.386619 0.467653 0.452091 0.430622 0.584691 0.688799 0.123701 0.131202 0.252301 0.327245 0.319190 0.322293 0.445729 0.558801 0.223325 0.285731 0.324125 0.320986 0.327177 0.427843 0.531457 0.154033 0.257994 0.257678 0.290525 0.383001 0.509771 0.155399 0.147560 0.240027 0.245369 0.386324 0.252351 0.364319 0.288532 0.437606 0.124439 0.136916 0.252123 0.222915 0.274305 0.151063
 28.000000 0.148748 0.239182 0.234241 0.376045 0.444586 0.449721 0.438468 0.582531 0.696808 0.120408 0.131168 0.248628 0.318630 0.309844 0.312042 0.439718 0.554702 0.219511 0.283602 0.331127 0.295657 0.283552 0.415896 0.514130 0.145523 0.243129 0.252321 0.292033 0.372764 0.501696 0.152056 0.150980 0.245597 0.240716 0.378959 0.246418 0.357283 0.278713 0.417788 0.124680 0.138690 0.251032 0.229430 0.286782 0.143590
 29.000000 0.143951 0.232228 0.239535 0.380950 0.440429 0.443126 0.456886 0.528981 0.620545 0.125004 0.134807 0.254780 0.309095 0.312700 0.350201 0.389783 0.490944 0.227273 0.296083 0.306245 0.320470 0.374017 0.354566 0.441618 0.145678 0.242250 0.245561 0.293407 0.348497 0.469622 0.154470 0.154977 0.245825 0.247786 0.385231 0.253482 0.370590 0.272886 0.417087 0.123499 0.133169 0.244231 0.219923 0.268256 0.146455
 30.000000 0.149218 0.226780 0.244207 0.379986 0.446880 0.458133 0.437380 0.590080 0.692406 0.120744 0.134674 0.244264 0.315769 0.315553 0.311309 0.444162 0.550449 0.228688 0.284882 0.326339 0.316735 0.305382 0.429142 0.522954 0.145148 0.245986 0.257982 0.290351 0.383657 0.503648 0.152856 0.151351 0.241089 0.253205 0.384308 0.251297 0.359173 0.298406 0.434709 0.126187 0.136140 0.245736 0.222821 0.275037 0.138831
 31.000000 0.148936 0.240927 0.239554 0.376598 0.453364 0.445814 0.433725 0.569415 0.678957 0.124908 0.133716 0.247047 0.322151 0.309428 0.318310 0.425196 0.538355 0.225278 0.284889 0.329468 0.304470 0.316296 0.395972 0.491945 0.141788 0.251557 0.243577 0.275966 0.363020 0.491229 0.153652 0.153877 0.241795 0.242685 0.383403 0.255525 0.366347 0.272839 0.416587 0.120851 0.138297 0.250192 0.229767 0.287049 0.147343
 32.000000 0.144810 0.233414 0.242367 0.382490 0.459030 0.462788 0.454265 0.582904 0.692963 0.124073 0.137091 0.253277 0.321106 0.339094 0.356961 0.450179 0.567899 0.227561 0.287724 0.311735 0.351424 0.381231 0.436837 0.545652 0.148503 0.253004 0.263156 0.301365 0.379867 0.510161 0.153121 0.155428 0.247746 0.247326 0.389098 0.258163 0.372905 0.284493 0.429161 0.125371 0.132816 0.249181 0.221932 0.277389 0.148361
 33.000000 0.148169 0.235911 0.236314 0.379070 0.440764 0.448735 0.433955 0.576697 0.691946 0.124040 0.133064 0.250603 0.313042 0.314110 0.310205 0.443424 0.561926 0.228145 0.292448 0.316331 0.327690 0.307339 0.454468 0.562426 0.147804 0.248203 0.245949 0.287571 0.360293 0.491582 0.157674 0.149402 0.248292 0.235493 0.379021 0.265816 0.362006 0.322103 0.463122 0.126388 0.132590 0.251313 0.222625 0.282747 0.147601
 34.000000 0.153392 0.241431 0.241182 0.384354 0.449188 0.462875 0.449340 0.590004 0.699785 0.121499 0.133229 0.251700 0.311687 0.326071 0.319520 0.456892 0.569798 0.223924 0.289443 0.306778 0.337010 0.309081 0.469781 0.571512 0.147353 0.251990 0.249564 0.287946 0.363896 0.490133 0.158070 0.149228 0.240454 0.240036 0.379066 0.257676 0.338470 0.323647 0.458398 0.123203 0.135890 0.247802 0.226427 0.280729 0.146157
 35.000000 0.148003 0.230898 0.238273 0.371766 0.430048 0.455641 0.433348 0.583827 0.688339 0.121799 0.131792 0.242048 0.301798 0.317456 0.301962 0.447827 0.555348 0.225934 0.286301 0.309530 0.325584 0.285507 0.456165 0.549727 0.141782 0.250062 0.242757 0.270433 0.359026 0.479877 0.152764 0.152673 0.236732 0.245809 0.384385 0.252832 0.331242 0.320392 0.459466 0.121363 0.133458 0.245065 0.223593 0.275634 0.148735
 36.000000 0.146843 0.234465 0.243586 0.375630 0.434748 0.443709 0.415871 0.567991 0.676723 0.123163 0.135856 0.240834 0.298926 0.308534 0.305827 0.427037 0.543044 0.224784 0.268310 0.295780 0.291400 0.295501 0.389710 0.493686 0.143882 0.242169 0.253239 0.274651 0.372035 0.499494 0.152447 0.153929 0.235858 0.245365 0.384104 0.255175 0.359457 0.291019 0.435183 0.124077 0.132612 0.246443 0.228904 0.288730 0.146137
 37.000000 0.143516 0.226864 0.235877 0.380656 0.448655 0.455166 0.458267 0.574381 0.686681 0.123863 0.131427 0.252954 0.318286 0.323099 0.327631 0.449893 0.561717 0.227484 0.296074 0.320612 0.336052 0.302017 0.472963 0.565463 0.151119 0.258869 0.248020 0.300774 0.355068 0.483666 0.152957 0.147929 0.241185 0.240154 0.375606 0.246079 0.309235 0.328539 0.446260 0.124583 0.137335 0.244939 0.227662 0.273901 0.146007
 38.000000 0.147336 0.237289 0.232854 0.370925 0.456530 0.444340 0.439859 0.557775 0.661636 0.121153 0.133884 0.248711 0.324457 0.321910 0.317351 0.445386 0.551295 0.225413 0.289017 0.338399 0.323354 0.277802 0.456176 0.542004 0.145396 0.240684 0.262939 0.311238 0.366276 0.492491 0.150110 0.155335 0.244149 0.242796 0.376036 0.256168 0.326104 0.326584 0.449953 0.125531 0.133120 0.236799 0.229375 0.273244 0.142986
 39.000000 0.146444 0.230881 0.232691 0.372402 0.454561 0.441357 0.417063 0.563880 0.667156 0.118954 0.134093 0.249112 0.331611 0.305931 0.298054 0.422484 0.527789 0.226586 0.294444 0.350979 0.307789 0.296220 0.404788 0.492271 0.143548 0.247748 0.251366 0.278440 0.366579 0.490435 0.153000 0.155547 0.238456 0.243578 0.379038 0.254994 0.360819 0.277984 0.416088 0.119407 0.131943 0.241100 0.222713 0.278885 0.141654
 40.000000 0.146417 0.234557 0.232605 0.374307 0.446969 0.441105 0.413268 0.576983 0.679714 0.121083 0.134800 0.254982 0.318865 0.317575 0.302688 0.450772 0.555320 0.227627 0.301405 0.340673 0.322569 0.285133 0.446473 0.528536 0.144814 0.237436 0.251454 0.284371 0.375670 0.502050 0.151588 0.155351 0.246081 0.250222 0.389945 0.260923 0.354574 0.313892 0.447582 0.123037 0.136708 0.250801 0.223022 0.277086 0.148061
