#! FIELDS time pair1 pair2 pair3 pair4 pair5 pair6 pair7 pair8 pair9 pair10 pair11 pair12 pair13 pair14 pair15 pair16 pair17 pair18 pair19 pair20 pair21 pair22 pair23 pair24 pair25 pair26 pair27 pair28 pair29 pair30 pair31 pair32 pair33 pair34 pair35 pair36 pair37 pair38 pair39 pair40 pair41 pair42 pair43 pair44 pair45
 0.000000 0.142822 0.231899 0.239585 0.372631 0.447218 0.463459 0.458897 0.587116 0.697977 0.124615 0.133989 0.241897 0.330203 0.351670 0.377383 0.467107 0.590323 0.224027 0.270782 0.351882 0.400815 0.456531 0.492723 0.627635 0.144260 0.245171 0.229480 0.248574 0.357553 0.474141 0.152859 0.152702 0.235597 0.255145 0.389401 0.248769 0.316016 0.334026 0.456923 0.119808 0.138625 0.248799 0.222443 0.275770 0.144160
 1.000000 0.149295 0.235646 0.237447 0.375492 0.435473 0.475100 0.483065 0.588324 0.699829 0.119524 0.133619 0.244236 0.327713 0.354870 0.393025 0.457097 0.578783 0.223508 0.278756 0.372594 0.390621 0.456216 0.465156 0.591583 0.145702 0.228897 0.246424 0.273702 0.366068 0.485063 0.152430 0.147641 0.232340 0.247243 0.381959 0.250521 0.311527 0.338919 0.467895 0.124419 0.132940 0.244665 0.222308 0.274825 0.144361
 2.000000 0.146157 0.236324 0.241033 0.372357 0.472822 0.469027 0.497435 0.567987 0.687374 0.126653 0.133787 0.239449 0.363430 0.335795 0.385570 0.426006 0.550619 0.227064 0.272920 0.420226 0.340525 0.409367 0.397243 0.515886 0.141404 0.237474 0.258521 0.305763 0.365642 0.494131 0.154470 0.159956 0.250216 0.244975 0.382524 0.240871 0.300168 0.314827 0.435157 0.123459 0.129719 0.239259 0.220030 0.268188 0.144962
 3.000000 0.147163 0.242967 0.237632 0.382313 0.472430 0.454305 0.446418 0.560261 0.654139 0.124379 0.138773 0.261653 0.361255 0.363420 0.393650 0.460439 0.573607 0.228324 0.299343 0.403139 0.414543 0.472201 0.484642 0.604752 0.148748 0.244223 0.245483 0.276018 0.360924 0.477134 0.152411 0.156506 0.246394 0.251344 0.385747 0.248908 0.320164 0.339012 0.467307 0.124330 0.134930 0.243908 0.222180 0.270793 0.142804
 4.000000 0.140847 0.229980 0.234107 0.366602 0.444136 0.459514 0.486323 0.562724 0.678039 0.122756 0.134194 0.244023 0.346634 0.340886 0.392915 0.432132 0.554499 0.224689 0.279138 0.389633 0.374013 0.452200 0.429983 0.554734 0.144620 0.249181 0.233159 0.274638 0.348652 0.469443 0.153114 0.154260 0.245090 0.249682 0.384975 0.262800 0.329953 0.348753 0.475998 0.123455 0.137117 0.246678 0.224098 0.275233 0.142860
 5.000000 0.143342 0.231210 0.231097 0.370809 0.464160 0.445428 0.432671 0.573820 0.677410 0.121528 0.130434 0.246423 0.362804 0.322765 0.335230 0.441568 0.552032 0.221941 0.285316 0.421310 0.333485 0.354866 0.427595 0.529613 0.146182 0.237718 0.258391 0.293568 0.379309 0.501480 0.151904 0.152279 0.239422 0.247366 0.379741 0.260910 0.347298 0.318787 0.448080 0.120822 0.139961 0.244863 0.228563 0.278209 0.141071
 6.000000 0.149980 0.234438 0.242928 0.384648 0.490263 0.451209 0.428555 0.569844 0.671254 0.121610 0.133694 0.252840 0.383992 0.315465 0.315729 0.426481 0.533397 0.224635 0.292870 0.446037 0.314326 0.313952 0.403372 0.491509 0.146116 0.253424 0.250966 0.281327 0.364713 0.490487 0.158940 0.155698 0.244984 0.241582 0.381838 0.253819 0.337984 0.309542 0.444785 0.124455 0.130446 0.242714 0.224582 0.277353 0.147397
 7.000000 0.145083 0.235648 0.236525 0.370666 0.466873 0.436250 0.439138 0.541714 0.641082 0.126028 0.133270 0.245043 0.363743 0.323791 0.360662 0.416042 0.527846 0.228039 0.286818 0.426692 0.347456 0.404250 0.400654 0.503057 0.142930 0.234619 0.254051 0.301021 0.364513 0.491559 0.151720 0.157318 0.250968 0.247275 0.386754 0.248624 0.318989 0.333044 0.466579 0.124547 0.137674 0.249908 0.228031 0.282634 0.145760
 8.000000 0.146373 0.229297 0.242724 0.377219 0.482640 0.457595 0.468398 0.557130 0.668435 0.122008 0.134410 0.245131 0.371817 0.319765 0.350699 0.412760 0.530454 0.225695 0.282845 0.428637 0.319008 0.363918 0.375959 0.483855 0.142172 0.244193 0.253460 0.291441 0.366668 0.494573 0.151740 0.153424 0.236966 0.251853 0.390345 0.251225 0.317493 0.334931 0.463131 0.122287 0.136327 0.247778 0.225524 0.275100 0.150695
 9.000000 0.144423 0.235604 0.234491 0.376915 0.480426 0.452225 0.469158 0.546707 0.667369 0.122070 0.134194 0.250338 0.376153 0.324470 0.365892 0.408344 0.534372 0.223251 0.281631 0.424860 0.331135 0.393225 0.378999 0.496020 0.149027 0.251259 0.252889 0.296191 0.356142 0.491501 0.152860 0.156135 0.245898 0.237798 0.381586 0.255143 0.322729 0.323119 0.453689 0.122874 0.128367 0.246605 0.221310 0.284130 0.147905
 10.000000 0.145691 0.231180 0.238084 0.374952 0.479071 0.446225 0.439437 0.558349 0.666766 0.119842 0.127805 0.241452 0.367855 0.309495 0.325274 0.414923 0.527821 0.212697 0.267449 0.416938 0.297350 0.321106 0.375655 0.474305 0.144931 0.245872 0.247590 0.283776 0.361055 0.486794 0.155222 0.155267 0.250200 0.239328 0.376154 0.257142 0.344311 0.315370 0.444880 0.128203 0.134410 0.244016 0.233071 0.288368 0.141372
 11.000000 0.150765 0.234668 0.246232 0.383567 0.466173 0.444622 0.426475 0.564346 0.668338 0.121231 0.132371 0.249948 0.362040 0.311912 0.321824 0.422061 0.532768 0.219151 0.288779 0.428334 0.322974 0.342937 0.405040 0.504362 0.143381 0.231432 0.250062 0.291433 0.362417 0.488944 0.153379 0.151463 0.246473 0.238508 0.374390 0.253002 0.331870 0.323279 0.449890 0.127617 0.135089 0.244100 0.231558 0.285035 0.141386
 12.000000 0.144641 0.232998 0.240745 0.372168 0.477408 0.426481 0.419391 0.532725 0.631827 0.123195 0.135658 0.242648 0.367969 0.300208 0.322989 0.396289 0.504885 0.225313 0.276559 0.420711 0.302480 0.342650 0.361757 0.459597 0.140545 0.238675 0.242557 0.281711 0.352202 0.475375 0.151053 0.152516 0.242376 0.237817 0.371636 0.258442 0.334585 0.324552 0.450693 0.123203 0.134276 0.239173 0.228851 0.278401 0.140904
 13.000000 0.150350 0.235468 0.238826 0.369077 0.475935 0.443218 0.475673 0.519936 0.621675 0.122008 0.129811 0.234940 0.367220 0.306348 0.362491 0.374505 0.485869 0.221957 0.273863 0.428048 0.307212 0.379112 0.327558 0.430289 0.137470 0.242008 0.253073 0.313195 0.351729 0.474652 0.158688 0.155029 0.246368 0.250924 0.380455 0.251106 0.303201 0.357364 0.471273 0.123810 0.141297 0.240553 0.230204 0.268121 0.141552
 14.000000 0.146034 0.233893 0.235648 0.372785 0.480355 0.448514 0.451244 0.554553 0.662658 0.120241 0.132688 0.244820 0.373399 0.320564 0.348636 0.415898 0.529372 0.221242 0.279408 0.424722 0.325504 0.367376 0.387764 0.486052 0.143391 0.247542 0.255588 0.297437 0.364561 0.494698 0.151308 0.156320 0.245182 0.244373 0.385011 0.248359 0.326454 0.315379 0.451793 0.121054 0.133004 0.250482 0.221423 0.287188 0.144253
 15.000000 0.139878 0.228668 0.231292 0.368254 0.481820 0.436731 0.435849 0.544703 0.645099 0.124535 0.136272 0.246911 0.384874 0.310925 0.331533 0.409547 0.514730 0.233060 0.290127 0.449174 0.311212 0.331302 0.378914 0.461825 0.144869 0.254248 0.254664 0.300406 0.364309 0.490857 0.163160 0.151924 0.245526 0.241317 0.380113 0.254468 0.336717 0.324187 0.459237 0.122188 0.133615 0.247397 0.218827 0.274170 0.144741
 16.000000 0.148439 0.240394 0.225453 0.368783 0.466022 0.436836 0.427679 0.563246 0.661448 0.123130 0.133996 0.247784 0.372401 0.311830 0.327861 0.426945 0.531722 0.232659 0.293309 0.437815 0.316710 0.331934 0.405358 0.495416 0.149258 0.245650 0.257016 0.298681 0.378224 0.498095 0.149164 0.151588 0.245955 0.247841 0.379854 0.244992 0.332292 0.311906 0.437195 0.124663 0.139621 0.243528 0.226493 0.268241 0.142457
 17.000000 0.144869 0.238682 0.237954 0.374454 0.475810 0.431939 0.433941 0.525348 0.637538 0.124812 0.137321 0.249485 0.377539 0.303315 0.332803 0.387155 0.508249 0.226815 0.285147 0.435240 0.311387 0.365045 0.351933 0.464372 0.141824 0.243699 0.238967 0.276639 0.348824 0.484351 0.157515 0.152168 0.237725 0.249010 0.394748 0.259523 0.314747 0.354713 0.487082 0.123830 0.133570 0.256447 0.223273 0.289373 0.152243
 18.000000 0.150566 0.231573 0.243924 0.384338 0.483854 0.461248 0.459063 0.570211 0.681710 0.121417 0.133510 0.250938 0.374157 0.321537 0.339377 0.422230 0.536907 0.226647 0.293997 0.437197 0.328573 0.351967 0.401186 0.499691 0.145777 0.246138 0.251056 0.286684 0.362153 0.490781 0.149970 0.155248 0.244334 0.239817 0.379670 0.251462 0.332439 0.312312 0.445616 0.121873 0.135359 0.246729 0.228952 0.286674 0.145193
 19.000000 0.144520 0.232678 0.239460 0.378456 0.483165 0.454455 0.456275 0.563847 0.675213 0.121725 0.132246 0.248059 0.375587 0.313016 0.330026 0.419388 0.533432 0.218463 0.277045 0.426665 0.284215 0.300113 0.367602 0.463080 0.145911 0.248582 0.260127 0.296894 0.374979 0.503540 0.160240 0.154486 0.237289 0.252533 0.388506 0.253340 0.308031 0.338059 0.458755 0.125036 0.137481 0.248984 0.232196 0.289640 0.144069
 20.000000 0.146891 0.237777 0.233465 0.364656 0.464429 0.434302 0.434182 0.544203 0.655404 0.124262 0.131533 0.235569 0.359248 0.307150 0.335990 0.406721 0.526009 0.224731 0.271654 0.417634 0.306914 0.351204 0.370050 0.480184 0.138723 0.235385 0.242165 0.277374 0.360296 0.486400 0.153577 0.147648 0.232938 0.246360 0.380443 0.251145 0.318223 0.333240 0.454424 0.121606 0.136327 0.248171 0.223734 0.282618 0.141259
 21.000000 0.142446 0.233979 0.233137 0.369786 0.456221 0.454216 0.448416 0.573497 0.687416 0.122544 0.134752 0.244142 0.354182 0.333099 0.353579 0.442543 0.564686 0.224421 0.275184 0.401781 0.352871 0.396579 0.432492 0.553719 0.144904 0.234216 0.248075 0.272533 0.370543 0.498151 0.151849 0.151334 0.233797 0.248196 0.390235 0.253168 0.325593 0.325510 0.461637 0.119670 0.135185 0.251835 0.222203 0.281130 0.150778
 22.000000 0.148630 0.242048 0.245978 0.385384 0.492794 0.466108 0.457285 0.577216 0.693892 0.123580 0.137978 0.253089 0.383934 0.325721 0.335561 0.430503 0.550270 0.222553 0.278944 0.431658 0.308282 0.328848 0.386995 0.496223 0.146239 0.251211 0.258329 0.284202 0.371506 0.499881 0.157255 0.153903 0.232579 0.244894 0.380428 0.255141 0.324376 0.317670 0.437993 0.121132 0.132495 0.243678 0.227557 0.287962 0.143262
 23.000000 0.148704 0.238265 0.238818 0.380366 0.471722 0.445605 0.442607 0.548179 0.656617 0.125048 0.135591 0.255517 0.375496 0.308747 0.326359 0.402334 0.515156 0.231253 0.303638 0.446401 0.314690 0.340336 0.372357 0.466842 0.144354 0.242033 0.240087 0.274188 0.352525 0.482497 0.150446 0.152322 0.238162 0.247705 0.390908 0.252052 0.314533 0.340884 0.473889 0.122119 0.132755 0.252169 0.220184 0.281610 0.150083
 24.000000 0.147557 0.236138 0.225799 0.366011 0.468582 0.449682 0.479303 0.543007 0.656348 0.123637 0.126270 0.239008 0.364629 0.303992 0.342599 0.396328 0.509935 0.224575 0.281455 0.426654 0.285049 0.321213 0.348744 0.443162 0.146864 0.246028 0.263809 0.314748 0.370659 0.497464 0.152161 0.157639 0.243596 0.254073 0.387517 0.253277 0.308892 0.343241 0.461066 0.122364 0.133548 0.241033 0.219468 0.263564 0.145169
 25.000000 0.144312 0.236053 0.240171 0.376040 0.467913 0.473304 0.459453 0.593610 0.704484 0.122976 0.140421 0.252693 0.374171 0.341390 0.339236 0.457029 0.566901 0.229541 0.289048 0.434229 0.345809 0.341588 0.446274 0.540172 0.144069 0.243257 0.254827 0.278275 0.369823 0.493051 0.157778 0.156630 0.239502 0.241208 0.377268 0.258200 0.351325 0.296478 0.435409 0.121169 0.132816 0.239303 0.228976 0.281144 0.144257
 26.000000 0.146619 0.232957 0.240179 0.382612 0.470639 0.452694 0.464670 0.547968 0.659118 0.122417 0.132895 0.254608 0.369727 0.318743 0.352904 0.404463 0.520163 0.223260 0.295027 0.434992 0.318115 0.360326 0.369689 0.470465 0.145966 0.238703 0.251790 0.300683 0.353682 0.481985 0.149375 0.152486 0.243774 0.239635 0.374438 0.247518 0.309168 0.333527 0.453988 0.123911 0.133060 0.241810 0.225470 0.279138 0.140858
 27.000000 0.147095 0.238539 0.241671 0.382959 0.498329 0.452276 0.439241 0.568339 0.674623 0.120607 0.141379 0.254718 0.389437 0.323464 0.336743 0.429610 0.542850 0.227513 0.283526 0.431589 0.325357 0.354911 0.400753 0.507789 0.149335 0.259702 0.255047 0.285713 0.372785 0.495941 0.158259 0.154512 0.242959 0.246487 0.380191 0.262705 0.350618 0.319496 0.444519 0.124583 0.135403 0.243070 0.228563 0.280881 0.141368
 28.000000 0.153261 0.248026 0.243300 0.388228 0.487718 0.473828 0.473537 0.594181 0.694908 0.124145 0.137106 0.259129 0.384726 0.345170 0.369083 0.454209 0.559274 0.226128 0.295743 0.440171 0.357902 0.392507 0.440802 0.532564 0.147601 0.254358 0.258631 0.299062 0.374791 0.495841 0.158752 0.155801 0.248214 0.245614 0.381859 0.257628 0.346277 0.312503 0.452396 0.123061 0.135182 0.243257 0.223352 0.270507 0.145925
 29.000000 0.146462 0.236599 0.238891 0.372602 0.484204 0.433993 0.409646 0.570486 0.675523 0.124161 0.138514 0.245607 0.377673 0.309808 0.310562 0.439032 0.550269 0.232461 0.285550 0.433849 0.321635 0.324100 0.431339 0.527792 0.142369 0.247182 0.244804 0.280130 0.369758 0.498901 0.154551 0.146772 0.239136 0.241657 0.382731 0.246808 0.347474 0.285521 0.427959 0.122678 0.140335 0.254757 0.228473 0.286023 0.148368
 30.000000 0.151862 0.238071 0.241506 0.376755 0.471543 0.456947 0.455208 0.577135 0.687161 0.125881 0.129873 0.240703 0.360826 0.309931 0.324728 0.425842 0.537987 0.225417 0.279446 0.423902 0.306015 0.329427 0.395208 0.493159 0.142860 0.235304 0.251209 0.283864 0.372787 0.497881 0.150589 0.150894 0.237356 0.247784 0.384049 0.247091 0.318338 0.317336 0.445350 0.125240 0.139040 0.248618 0.233257 0.286304 0.145365
 31.000000 0.148331 0.240470 0.232919 0.372051 0.475624 0.440130 0.437980 0.552452 0.631625 0.119975 0.134510 0.244610 0.373039 0.302262 0.320088 0.406597 0.491709 0.222856 0.275695 0.423889 0.286384 0.307360 0.358158 0.423445 0.145702 0.245945 0.254089 0.295846 0.372177 0.482424 0.151360 0.153336 0.243898 0.253395 0.381887 0.251416 0.330300 0.333720 0.464560 0.122499 0.138409 0.240470 0.220746 0.258190 0.142678
 32.000000 0.150280 0.240726 0.247332 0.380418 0.481361 0.437861 0.425917 0.565028 0.662466 0.125064 0.135414 0.245255 0.370201 0.299643 0.311334 0.420158 0.524219 0.223862 0.277246 0.424924 0.286232 0.294869 0.385217 0.472073 0.140815 0.241201 0.248566 0.297795 0.364508 0.488656 0.153470 0.154738 0.254238 0.240842 0.377327 0.244215 0.333736 0.297550 0.426076 0.125782 0.136488 0.242008 0.225717 0.266970 0.144807
 33.000000 0.145671 0.232441 0.238818 0.378452 0.472115 0.447041 0.444712 0.557899 0.655244 0.119269 0.136945 0.252955 0.374733 0.310847 0.324698 0.414404 0.514359 0.224555 0.289888 0.435881 0.307254 0.320409 0.382285 0.463208 0.144478 0.240560 0.244389 0.284413 0.359139 0.478768 0.154645 0.147628 0.240085 0.240019 0.373686 0.255251 0.336752 0.329518 0.460233 0.121281 0.133959 0.242118 0.217426 0.266015 0.141301
 34.000000 0.143840 0.231396 0.236318 0.378546 0.469488 0.474542 0.507371 0.558911 0.674023 0.123426 0.132883 0.252081 0.362978 0.356387 0.414976 0.428741 0.553137 0.225251 0.291021 0.410330 0.392354 0.476014 0.428333 0.554850 0.149034 0.258250 0.248214 0.295920 0.347685 0.470868 0.156620 0.153717 0.244487 0.241524 0.377362 0.252446 0.312618 0.340185 0.464413 0.124230 0.133727 0.240235 0.226711 0.273090 0.144492
 35.000000 0.147112 0.236582 0.243602 0.379422 0.474780 0.458455 0.456064 0.568856 0.678411 0.121939 0.139413 0.249072 0.370775 0.317129 0.330799 0.422387 0.534925 0.226850 0.277687 0.425059 0.305827 0.332279 0.381007 0.485050 0.146659 0.236994 0.252038 0.277460 0.370981 0.492009 0.154935 0.151757 0.232914 0.247794 0.380636 0.253150 0.315205 0.332357 0.450676 0.121239 0.134982 0.241441 0.226104 0.274629 0.145003
 36.000000 0.145849 0.230725 0.238179 0.374963 0.477200 0.441618 0.433628 0.560369 0.684850 0.122417 0.131989 0.243575 0.369280 0.307691 0.323056 0.418475 0.546878 0.223824 0.279573 0.427638 0.313362 0.340707 0.394646 0.512271 0.144527 0.242332 0.246051 0.281215 0.363601 0.501376 0.153964 0.151013 0.241756 0.239320 0.383664 0.245312 0.322523 0.307963 0.435774 0.122935 0.137612 0.259185 0.230599 0.303826 0.147465
 37.000000 0.147149 0.237358 0.240019 0.380762 0.474230 0.444208 0.444533 0.546008 0.650176 0.121351 0.134157 0.253576 0.371711 0.305735 0.327028 0.400128 0.508869 0.220105 0.287852 0.425499 0.285373 0.311341 0.347036 0.435061 0.144184 0.243202 0.250104 0.290869 0.360325 0.488322 0.148533 0.157775 0.242203 0.254686 0.392470 0.243350 0.294615 0.340988 0.466863 0.123940 0.139650 0.253089 0.233112 0.295667 0.143269
 38.000000 0.150336 0.235555 0.254688 0.390254 0.493649 0.463109 0.460096 0.575351 0.679665 0.122943 0.138409 0.249994 0.373173 0.322783 0.342177 0.428586 0.539481 0.223620 0.274456 0.420644 0.308736 0.335943 0.384111 0.478643 0.146717 0.241224 0.259010 0.299015 0.375823 0.504013 0.153320 0.156013 0.247318 0.249241 0.388341 0.258988 0.343484 0.328892 0.465706 0.123101 0.138467 0.253119 0.226639 0.287327 0.144049
 39.000000 0.147658 0.237078 0.246708 0.387409 0.485467 0.458032 0.439848 0.577617 0.683276 0.122152 0.139864 0.254976 0.373263 0.325229 0.327697 0.437020 0.546015 0.225816 0.282337 0.418002 0.331604 0.340714 0.418350 0.512913 0.149188 0.243448 0.245565 0.277134 0.362671 0.488415 0.144907 0.148253 0.243167 0.233844 0.372390 0.239059 0.341585 0.287369 0.426870 0.125383 0.131742 0.246384 0.223359 0.281940 0.143558
 40.000000 0.151251 0.236842 0.244593 0.387488 0.482851 0.455381 0.478482 0.541475 0.651461 0.122201 0.135333 0.253476 0.375976 0.316893 0.362946 0.392899 0.508184 0.226526 0.290091 0.436636 0.325248 0.387839 0.358872 0.461989 0.149282 0.245554 0.243520 0.293464 0.347092 0.473933 0.156199 0.148765 0.245459 0.235499 0.371754 0.250936 0.313707 0.340843 0.464187 0.126337 0.137299 0.246183 0.231866 0.285666 0.141722
