#! FIELDS time phi psi
#! SET min_phi -pi
#! SET max_phi pi
#! SET min_psi -pi
#! SET max_psi pi
 0.000000 -1.258260 2.526099
 1.000000 -0.982859 2.294441
 2.000000 -1.139398 2.314978
 3.000000 -0.904422 2.590567
 4.000000 -1.400566 2.049423
 5.000000 -2.062297 1.292453
 6.000000 -1.117673 2.225681
 7.000000 -1.097381 2.669883
 8.000000 -1.609634 2.585238
 9.000000 -1.545215 2.563434
 10.000000 -1.574089 2.936370
 11.000000 -1.411108 2.724097
 12.000000 -1.021293 2.269026
 13.000000 -0.987660 2.750571
 14.000000 -1.330161 2.910974
 15.000000 -1.058131 2.408482
 16.000000 -2.021550 2.735933
 17.000000 -1.076972 2.560837
 18.000000 -1.317844 2.510502
 19.000000 -0.931763 2.378767
 20.000000 -0.874142 2.992461
 21.000000 -1.065093 2.762383
 22.000000 -0.992425 2.366902
 23.000000 -2.585978 2.423450
 24.000000 -2.453555 2.744296
 25.000000 -2.112746 2.188004
 26.000000 -1.608207 2.484817
 27.000000 -1.326987 2.650516
 28.000000 -1.529415 1.898022
 29.000000 -1.134645 2.381446
 30.000000 -1.020461 2.667713
 31.000000 -2.002121 2.618459
 32.000000 -1.055731 2.581355
 33.000000 -1.077114 2.266502
 34.000000 -0.916323 2.326895
 35.000000 -1.033881 2.516095
 36.000000 -1.000103 2.570196
 37.000000 -1.070838 2.436688
 38.000000 -1.068434 2.376303
 39.000000 -1.477967 2.312410
 40.000000 -1.010749 2.308435
