#! FIELDS time phi psi
#! SET min_phi -pi
#! SET max_phi pi
#! SET min_psi -pi
#! SET max_psi pi
 0.000000 -1.447624 1.761202
 1.000000 -0.736728 1.851829
 2.000000 -0.669580 2.461096
 3.000000 -1.256805 2.565922
 4.000000 -1.246872 2.576472
 5.000000 -1.527419 2.735181
 6.000000 -0.920329 2.245060
 7.000000 -1.738373 2.283009
 8.000000 -1.809667 2.869354
 9.000000 -1.023821 2.372827
 10.000000 -0.894987 2.448852
 11.000000 -1.078956 2.642722
 12.000000 -1.066347 2.556574
 13.000000 -1.453840 2.543064
 14.000000 -1.486996 2.147162
 15.000000 -1.088213 2.669198
 16.000000 -0.928259 2.325710
 17.000000 -1.262322 2.610153
 18.000000 -1.347762 2.761680
 19.000000 -2.376707 2.902432
 20.000000 -1.051534 2.704451
 21.000000 -1.339203 2.650355
 22.000000 -1.198624 2.328410
 23.000000 -1.383403 2.792911
 24.000000 -1.095645 2.711717
 25.000000 -1.280595 2.766193
 26.000000 -1.031257 2.775896
 27.000000 -0.972534 2.325628
 28.000000 -1.526615 2.666833
 29.000000 -1.173897 2.415238
 30.000000 -1.505399 2.654859
 31.000000 -0.989946 2.512207
 32.000000 -1.146477 3.024789
 33.000000 -1.237122 2.629330
 34.000000 -1.113413 2.225024
 35.000000 -1.123931 1.956975
 36.000000 -1.140957 2.509009
 37.000000 -1.391233 2.322614
 38.000000 -1.315495 2.718700
 39.000000 -0.741994 2.766663
 40.000000 -0.961835 2.540311
