#! FIELDS time pair1 pair2 pair3 pair4 pair5 pair6 pair7 pair8 pair9 pair10 pair11 pair12 pair13 pair14 pair15 pair16 pair17 pair18 pair19 pair20 pair21 pair22 pair23 pair24 pair25 pair26 pair27 pair28 pair29 pair30 pair31 pair32 pair33 pair34 pair35 pair36 pair37 pair38 pair39 pair40 pair41 pair42 pair43 pair44 pair45
 0.000000 0.146294 0.235996 0.238078 0.376237 0.489347 0.437320 0.540965 0.417038 0.510699 0.124314 0.135340 0.248193 0.379343 0.319138 0.414079 0.335888 0.450798 0.228484 0.285640 0.432066 0.336109 0.400461 0.375632 0.479012 0.145647 0.253905 0.244508 0.354076 0.273053 0.408933 0.157013 0.152398 0.240260 0.245498 0.387529 0.254818 0.319816 0.338878 0.473918 0.121268 0.133694 0.256496 0.220386 0.295069 0.144146
 1.000000 0.150841 0.238985 0.243863 0.385341 0.483394 0.455473 0.554243 0.455347 0.570955 0.121206 0.136301 0.252961 0.377837 0.319088 0.409087 0.346500 0.469931 0.224421 0.286800 0.435745 0.314684 0.375738 0.356187 0.462467 0.146946 0.245644 0.251279 0.354364 0.291005 0.428328 0.157118 0.152552 0.235077 0.246887 0.378272 0.259272 0.326969 0.330244 0.449446 0.121824 0.134123 0.242021 0.225535 0.281359 0.138654
 2.000000 0.140922 0.233632 0.227712 0.365518 0.472832 0.440677 0.543980 0.434129 0.545984 0.123495 0.129653 0.239533 0.367795 0.313909 0.409518 0.335265 0.452779 0.220810 0.268274 0.415839 0.309806 0.373232 0.348029 0.441559 0.146786 0.248087 0.252533 0.363149 0.287974 0.425146 0.153808 0.151033 0.241862 0.248554 0.378261 0.249090 0.318851 0.338565 0.463834 0.125196 0.136967 0.239737 0.225464 0.265025 0.141979
 3.000000 0.146332 0.238941 0.231798 0.371686 0.452456 0.480877 0.600024 0.469735 0.593267 0.121861 0.132910 0.244628 0.344147 0.363292 0.477007 0.376040 0.510636 0.222857 0.275995 0.378150 0.393155 0.494071 0.422996 0.555067 0.146663 0.243947 0.261216 0.373247 0.282986 0.422050 0.157309 0.154149 0.243103 0.236095 0.374067 0.255433 0.284051 0.355622 0.479894 0.127299 0.124712 0.238151 0.223316 0.281817 0.142215
 4.000000 0.147017 0.240252 0.242077 0.379396 0.461234 0.472955 0.592758 0.448832 0.572380 0.126527 0.136547 0.246988 0.353272 0.348993 0.463562 0.349190 0.487189 0.228018 0.276655 0.401731 0.373214 0.472082 0.386537 0.518237 0.147153 0.238235 0.249024 0.364616 0.268393 0.415704 0.157728 0.155006 0.245473 0.243321 0.390187 0.255110 0.305190 0.356565 0.491388 0.122123 0.130943 0.253513 0.218216 0.283480 0.151146
 5.000000 0.145152 0.235977 0.235036 0.376748 0.470392 0.445399 0.554175 0.417962 0.538704 0.121449 0.137655 0.254264 0.374596 0.320482 0.419975 0.318385 0.446982 0.228129 0.292899 0.433472 0.335221 0.408814 0.342971 0.448425 0.146386 0.244010 0.240279 0.348967 0.265567 0.415791 0.151466 0.150396 0.231234 0.247263 0.390657 0.250960 0.307124 0.347932 0.485793 0.121367 0.134789 0.252836 0.225011 0.284348 0.153421
 6.000000 0.150672 0.234940 0.231942 0.366139 0.457508 0.459423 0.581541 0.440959 0.564286 0.125622 0.126685 0.230217 0.344668 0.325911 0.446983 0.324692 0.458769 0.229203 0.273395 0.399306 0.354075 0.467772 0.346046 0.466898 0.145798 0.245620 0.246453 0.361404 0.276923 0.419311 0.153584 0.149807 0.245092 0.244174 0.383313 0.252409 0.291791 0.374327 0.502757 0.123992 0.137190 0.252486 0.222250 0.280109 0.144713
 7.000000 0.150685 0.238472 0.238991 0.376980 0.460597 0.470521 0.590831 0.455818 0.577009 0.121824 0.129935 0.244499 0.354782 0.336250 0.449543 0.344377 0.469030 0.219859 0.280044 0.409181 0.350772 0.441878 0.369742 0.475275 0.144620 0.240560 0.248038 0.368817 0.272945 0.411225 0.149580 0.151407 0.248437 0.245878 0.374210 0.250236 0.314072 0.351514 0.473604 0.128316 0.136367 0.236966 0.226126 0.261124 0.140318
 8.000000 0.148138 0.233208 0.243684 0.377844 0.480874 0.454578 0.549305 0.446046 0.553307 0.122356 0.132102 0.242126 0.365755 0.319928 0.406607 0.338535 0.453954 0.220708 0.273207 0.415964 0.324384 0.378166 0.361365 0.454388 0.142667 0.240994 0.251398 0.352882 0.285379 0.422224 0.152374 0.152561 0.233602 0.244726 0.376464 0.250242 0.314605 0.334498 0.464036 0.122984 0.131408 0.236842 0.225550 0.272780 0.142906
 9.000000 0.151928 0.245449 0.240726 0.383440 0.464365 0.483819 0.598168 0.470178 0.593923 0.124181 0.134629 0.250958 0.356748 0.353826 0.459699 0.368740 0.501233 0.224927 0.283163 0.405958 0.372242 0.455528 0.410422 0.535498 0.148825 0.241317 0.255664 0.370451 0.273419 0.412957 0.151265 0.143447 0.237257 0.231925 0.366675 0.235461 0.295042 0.322967 0.442956 0.123750 0.138326 0.245581 0.231625 0.284991 0.141230
 10.000000 0.148731 0.232495 0.236966 0.376697 0.461113 0.456305 0.577288 0.421822 0.542370 0.122519 0.131598 0.247891 0.354866 0.343385 0.464125 0.335513 0.473457 0.227510 0.294919 0.416856 0.391155 0.507041 0.389027 0.522549 0.143923 0.236504 0.242080 0.356194 0.262536 0.406787 0.155151 0.148449 0.242623 0.235837 0.376226 0.240452 0.278040 0.347912 0.471124 0.123616 0.130790 0.244154 0.218973 0.270137 0.147516
 11.000000 0.149723 0.237960 0.242134 0.378221 0.440148 0.489778 0.601933 0.487822 0.620961 0.124715 0.133993 0.243881 0.319883 0.371781 0.473727 0.403392 0.543203 0.227363 0.279553 0.346435 0.419563 0.500748 0.479784 0.617359 0.144838 0.240971 0.250861 0.361089 0.278573 0.419755 0.155322 0.154522 0.236091 0.252786 0.383492 0.252666 0.291015 0.356786 0.474107 0.123004 0.140741 0.243559 0.235223 0.283628 0.141340
 12.000000 0.142899 0.232278 0.232090 0.371356 0.445622 0.473971 0.586257 0.471025 0.599742 0.121314 0.136974 0.247542 0.312837 0.371781 0.473250 0.404001 0.542809 0.229035 0.283012 0.311586 0.424278 0.506938 0.484060 0.624291 0.147841 0.251756 0.245180 0.354823 0.271148 0.410081 0.151572 0.145479 0.227969 0.240637 0.372895 0.244315 0.268339 0.360380 0.477691 0.121087 0.133738 0.241435 0.224807 0.278806 0.140446
 13.000000 0.142597 0.234045 0.235714 0.371765 0.419596 0.476506 0.588634 0.481649 0.622867 0.127456 0.136971 0.246270 0.306922 0.368619 0.471143 0.405177 0.553438 0.234453 0.286136 0.329205 0.424859 0.507189 0.489756 0.636926 0.145815 0.236626 0.242151 0.353176 0.272208 0.421732 0.153603 0.147679 0.230324 0.245334 0.384929 0.250002 0.295170 0.348507 0.476485 0.120399 0.132333 0.247389 0.218486 0.272839 0.149963
 14.000000 0.142260 0.229870 0.232140 0.376294 0.457544 0.462170 0.587581 0.433476 0.558749 0.119775 0.137466 0.255071 0.365904 0.339442 0.462131 0.326881 0.461851 0.228405 0.293369 0.426228 0.359340 0.471706 0.347138 0.469502 0.150100 0.237388 0.255104 0.372572 0.276192 0.422195 0.155778 0.150970 0.243430 0.239353 0.379622 0.257439 0.302200 0.359473 0.487309 0.127240 0.130330 0.243814 0.224967 0.276874 0.147733
 15.000000 0.148573 0.237068 0.236859 0.374436 0.450881 0.472117 0.586647 0.462491 0.587978 0.122495 0.131917 0.247196 0.352684 0.344363 0.450320 0.360033 0.492288 0.223435 0.286225 0.407785 0.371679 0.453459 0.410035 0.531997 0.144104 0.238784 0.247689 0.364047 0.266515 0.410159 0.149211 0.156576 0.249844 0.239178 0.378954 0.254283 0.323515 0.329141 0.459885 0.124892 0.126768 0.238676 0.218367 0.267298 0.146383
 16.000000 0.155261 0.242648 0.249096 0.388583 0.488563 0.468173 0.560371 0.472519 0.592596 0.122841 0.132314 0.248775 0.372956 0.315503 0.405189 0.334120 0.458929 0.219939 0.276975 0.426120 0.297184 0.359586 0.320297 0.422722 0.150286 0.245852 0.251374 0.355990 0.285677 0.426149 0.155747 0.145221 0.231441 0.242423 0.375836 0.244659 0.318117 0.321466 0.444099 0.121466 0.137920 0.245801 0.226949 0.279875 0.142281
 17.000000 0.146523 0.230586 0.246597 0.375321 0.481687 0.459830 0.557715 0.470955 0.597549 0.121824 0.140132 0.241456 0.371078 0.326228 0.417403 0.363388 0.495538 0.230517 0.273416 0.422665 0.336027 0.396628 0.397309 0.512551 0.144021 0.248793 0.243060 0.353123 0.275394 0.422747 0.162376 0.155544 0.243979 0.249106 0.388882 0.259765 0.331683 0.331156 0.462477 0.120574 0.133469 0.245522 0.217085 0.264445 0.150216
 18.000000 0.149124 0.238416 0.247687 0.387581 0.488845 0.469387 0.585496 0.447107 0.552922 0.123045 0.135606 0.255251 0.381004 0.330681 0.441624 0.329938 0.447447 0.220710 0.287167 0.434852 0.327099 0.416975 0.336718 0.437082 0.144506 0.249570 0.253024 0.368154 0.276503 0.413558 0.155206 0.157667 0.249257 0.245842 0.383948 0.257950 0.316462 0.344539 0.473718 0.124089 0.133075 0.247586 0.223417 0.285014 0.141527
 19.000000 0.145331 0.230361 0.238008 0.372979 0.462258 0.460626 0.575765 0.448448 0.587072 0.120037 0.136371 0.242932 0.357438 0.330589 0.441531 0.337628 0.482416 0.226623 0.274964 0.408599 0.348394 0.445920 0.360627 0.495865 0.146277 0.235531 0.245943 0.354097 0.280125 0.426856 0.151796 0.145276 0.227037 0.245139 0.378831 0.238418 0.270795 0.351119 0.464286 0.120004 0.135683 0.242763 0.222803 0.267841 0.148304
 20.000000 0.148034 0.237156 0.243666 0.378989 0.455924 0.469585 0.588246 0.457144 0.581103 0.125320 0.136752 0.246497 0.344054 0.347344 0.462223 0.358102 0.495602 0.229578 0.282556 0.391944 0.380511 0.485597 0.398193 0.530994 0.143694 0.232985 0.243797 0.353965 0.278032 0.421488 0.148479 0.154871 0.238602 0.251424 0.392963 0.254340 0.286972 0.367916 0.497355 0.122711 0.131792 0.251915 0.219948 0.285536 0.146772
 21.000000 0.150313 0.242145 0.242790 0.383694 0.474263 0.461837 0.580674 0.433204 0.555296 0.122254 0.142594 0.254560 0.364191 0.349344 0.461209 0.355170 0.490625 0.232364 0.288009 0.412118 0.379691 0.475504 0.401415 0.528586 0.148317 0.243167 0.244635 0.358515 0.268702 0.412987 0.155312 0.153779 0.239986 0.250509 0.387368 0.252955 0.298880 0.358375 0.483055 0.120702 0.135599 0.247172 0.220658 0.273691 0.145303
 22.000000 0.143544 0.234747 0.239929 0.377943 0.475882 0.460307 0.581318 0.437114 0.559215 0.123657 0.136752 0.251782 0.371124 0.342698 0.457980 0.349448 0.482038 0.224352 0.285379 0.418007 0.371910 0.469988 0.397579 0.522266 0.143670 0.244977 0.249169 0.365301 0.280091 0.421139 0.157483 0.154460 0.245849 0.253429 0.386164 0.252688 0.302170 0.358950 0.477152 0.123240 0.138629 0.245945 0.222454 0.269780 0.141510
 23.000000 0.147350 0.240788 0.237550 0.375554 0.459087 0.464893 0.582385 0.449972 0.566831 0.121930 0.133589 0.246286 0.351853 0.339878 0.449769 0.351982 0.481066 0.218397 0.272217 0.387239 0.358962 0.447861 0.392051 0.517187 0.144316 0.238673 0.246810 0.360791 0.274833 0.411413 0.149700 0.149519 0.236814 0.245801 0.380108 0.252796 0.299688 0.357438 0.479433 0.123923 0.135831 0.248600 0.226616 0.288993 0.139234
 24.000000 0.152729 0.240512 0.242605 0.387021 0.453089 0.468757 0.577340 0.453334 0.562439 0.122654 0.133548 0.255979 0.338579 0.359457 0.471505 0.364870 0.494940 0.225040 0.297121 0.376372 0.417748 0.528281 0.431474 0.566714 0.147709 0.240988 0.236123 0.342692 0.261375 0.395072 0.150270 0.148371 0.236398 0.235417 0.373077 0.245701 0.269587 0.359386 0.482549 0.124298 0.128144 0.241901 0.222308 0.281436 0.142916
 25.000000 0.149686 0.236728 0.237800 0.378147 0.481747 0.458255 0.559251 0.464535 0.577606 0.123798 0.132623 0.246578 0.374676 0.314963 0.410477 0.337963 0.455389 0.228248 0.287185 0.436651 0.309325 0.378609 0.332086 0.421024 0.148182 0.248284 0.253825 0.361217 0.294778 0.434154 0.154230 0.149750 0.235919 0.246702 0.382845 0.242747 0.310292 0.324001 0.455927 0.125893 0.131807 0.244755 0.223509 0.277193 0.145190
 26.000000 0.150565 0.233762 0.249771 0.391415 0.502333 0.463086 0.549293 0.476655 0.571203 0.116765 0.138152 0.254429 0.384050 0.318594 0.400290 0.352855 0.458014 0.219718 0.278772 0.426289 0.296044 0.344920 0.339265 0.421024 0.150366 0.253728 0.262561 0.365587 0.310852 0.443893 0.150200 0.153980 0.248262 0.248179 0.387403 0.244977 0.332232 0.315596 0.454349 0.130023 0.133929 0.250972 0.227743 0.287508 0.145031
 27.000000 0.149115 0.231939 0.245146 0.384765 0.471675 0.468161 0.591257 0.435058 0.550354 0.126258 0.130710 0.246451 0.354058 0.337867 0.456038 0.333264 0.464098 0.224976 0.281604 0.414743 0.352030 0.453072 0.357422 0.472722 0.148691 0.234337 0.252165 0.372368 0.266627 0.411935 0.151832 0.148721 0.245677 0.234800 0.377790 0.243994 0.304063 0.334930 0.469184 0.126036 0.131883 0.248638 0.223298 0.280143 0.148479
 28.000000 0.151984 0.234662 0.247479 0.386317 0.481119 0.471126 0.592280 0.446886 0.571579 0.119804 0.135680 0.248697 0.360638 0.340768 0.463401 0.334670 0.473118 0.224098 0.281292 0.403734 0.362775 0.484468 0.349681 0.483299 0.147041 0.245131 0.248793 0.359718 0.281377 0.422391 0.150087 0.148327 0.242045 0.241234 0.377268 0.246972 0.276940 0.368576 0.487648 0.126566 0.134651 0.243142 0.226062 0.271317 0.145839
 29.000000 0.145777 0.233622 0.238365 0.371516 0.457910 0.460586 0.580147 0.432700 0.559155 0.124595 0.129510 0.237173 0.348593 0.327689 0.442958 0.321922 0.457236 0.220438 0.264157 0.395324 0.341678 0.441325 0.349620 0.474570 0.145265 0.236136 0.245774 0.359212 0.262821 0.404146 0.154810 0.152352 0.237947 0.241166 0.372787 0.255838 0.295921 0.356397 0.474061 0.123838 0.133199 0.235077 0.229351 0.272707 0.142229
 30.000000 0.150193 0.230801 0.243824 0.384639 0.460124 0.475711 0.597654 0.442629 0.561477 0.118376 0.134789 0.251040 0.348026 0.357316 0.476042 0.353415 0.486188 0.223984 0.288759 0.400463 0.396225 0.508166 0.402727 0.531234 0.146891 0.235317 0.249582 0.363043 0.267974 0.405989 0.155528 0.155968 0.244959 0.246647 0.379022 0.254089 0.289064 0.361555 0.480784 0.126059 0.138033 0.241909 0.234874 0.284076 0.140032
 31.000000 0.143781 0.237807 0.232811 0.372390 0.423959 0.467868 0.579000 0.468266 0.599795 0.125702 0.133289 0.249662 0.312202 0.368767 0.473229 0.401315 0.547143 0.226515 0.289914 0.342988 0.427350 0.518927 0.480680 0.629258 0.143489 0.229207 0.242522 0.348675 0.282333 0.429850 0.155862 0.150950 0.231346 0.253907 0.398183 0.253765 0.283383 0.370955 0.501672 0.119821 0.137699 0.260596 0.223137 0.293362 0.150423
 32.000000 0.156697 0.240734 0.246747 0.380299 0.476832 0.453594 0.571689 0.427661 0.550203 0.121445 0.134306 0.241572 0.360812 0.320975 0.431126 0.325192 0.458294 0.226815 0.281535 0.417430 0.341576 0.430740 0.353209 0.470211 0.140125 0.236282 0.245135 0.358028 0.279052 0.423569 0.151572 0.153284 0.239422 0.250601 0.385378 0.254295 0.303646 0.360301 0.483729 0.123657 0.133540 0.243319 0.221364 0.269998 0.144738
 33.000000 0.154101 0.241066 0.242588 0.378128 0.486745 0.441246 0.550689 0.426995 0.535771 0.121334 0.132642 0.241002 0.370861 0.311045 0.410390 0.331273 0.449822 0.222931 0.274266 0.422355 0.317126 0.389833 0.347963 0.443010 0.143122 0.246662 0.244874 0.351520 0.288347 0.427301 0.152938 0.156343 0.233594 0.261297 0.393439 0.247760 0.296165 0.349122 0.476993 0.122593 0.135952 0.246838 0.224129 0.278754 0.143409
 34.000000 0.140869 0.224149 0.235790 0.375589 0.477641 0.447548 0.543686 0.453107 0.569408 0.125837 0.135444 0.250605 0.372721 0.331944 0.441001 0.343211 0.474229 0.235291 0.298831 0.439151 0.365590 0.488406 0.341580 0.465611 0.147017 0.247039 0.244127 0.335042 0.305920 0.442323 0.152716 0.154208 0.245359 0.252834 0.390663 0.241946 0.261551 0.372305 0.492270 0.126258 0.136883 0.251384 0.225322 0.282126 0.144447
 35.000000 0.147248 0.238485 0.241431 0.374708 0.469656 0.467429 0.583758 0.456618 0.578817 0.123552 0.140118 0.249235 0.373359 0.332941 0.447505 0.332761 0.461415 0.229421 0.284572 0.427151 0.344089 0.448109 0.341155 0.455622 0.140638 0.243097 0.248554 0.355964 0.285182 0.425639 0.157591 0.151195 0.232536 0.248214 0.383892 0.255349 0.280617 0.369693 0.492898 0.121988 0.133229 0.246928 0.223609 0.285522 0.141631
 36.000000 0.143140 0.230091 0.239773 0.378879 0.476102 0.441491 0.497287 0.482633 0.579810 0.122674 0.135743 0.249756 0.364922 0.323285 0.403677 0.360196 0.477235 0.224466 0.279247 0.415693 0.329375 0.429788 0.318208 0.429613 0.148721 0.239554 0.246781 0.316381 0.329983 0.459212 0.149218 0.154023 0.252597 0.244154 0.388856 0.254230 0.308342 0.364644 0.500102 0.127648 0.135735 0.252124 0.225570 0.275781 0.153175
 37.000000 0.144869 0.236339 0.231058 0.371927 0.482126 0.438737 0.453840 0.540025 0.652980 0.120924 0.129842 0.244223 0.378405 0.309485 0.349914 0.401019 0.521711 0.217285 0.272318 0.428097 0.300111 0.358425 0.351137 0.463232 0.147343 0.254647 0.248962 0.290852 0.364697 0.493571 0.159609 0.153681 0.239150 0.253094 0.390047 0.251938 0.304201 0.345567 0.464895 0.120967 0.141705 0.253342 0.229211 0.286322 0.145372
 38.000000 0.146373 0.225161 0.237792 0.376189 0.480580 0.435662 0.417140 0.552654 0.637465 0.121127 0.131217 0.247154 0.375545 0.300935 0.305472 0.410213 0.503045 0.226168 0.291672 0.439745 0.290562 0.285701 0.374174 0.440158 0.145914 0.250607 0.254338 0.290838 0.370361 0.489230 0.154256 0.152325 0.238034 0.250958 0.385752 0.255539 0.331414 0.333939 0.468980 0.121272 0.139405 0.246358 0.226752 0.272736 0.147353
 39.000000 0.152384 0.242349 0.253572 0.385694 0.487033 0.442620 0.405350 0.566847 0.662923 0.121762 0.140136 0.249241 0.372720 0.315103 0.310332 0.432001 0.540333 0.222266 0.276270 0.419469 0.328308 0.344674 0.420106 0.523891 0.138835 0.240171 0.228224 0.245165 0.351443 0.472944 0.156758 0.147340 0.232648 0.241594 0.380750 0.251917 0.333865 0.312648 0.448366 0.124137 0.131105 0.245955 0.223276 0.279903 0.147262
 40.000000 0.149713 0.244272 0.239491 0.377261 0.481636 0.440766 0.437816 0.549728 0.661399 0.126345 0.135004 0.246321 0.376559 0.312604 0.340248 0.410099 0.529189 0.227466 0.281327 0.433555 0.322853 0.371755 0.383847 0.496710 0.144617 0.246506 0.249902 0.289805 0.360989 0.488292 0.158300 0.158319 0.249746 0.243898 0.378191 0.253815 0.321773 0.325725 0.441566 0.125316 0.133409 0.242875 0.228164 0.284972 0.139517
