#! FIELDS time phi psi
#! SET min_phi -pi
#! SET max_phi pi
#! SET min_psi -pi
#! SET max_psi pi
 0.000000 0.886851 -3.011348
 1.000000 0.856881 -2.715106
 2.000000 0.743302 -2.746216
 3.000000 1.291331 2.927997
 4.000000 1.178396 2.205286
 5.000000 1.454993 2.565865
 6.000000 1.025900 3.127579
 7.000000 1.316985 2.102830
 8.000000 1.290938 2.497719
 9.000000 1.250904 3.092820
 10.000000 1.099524 2.820794
 11.000000 1.216509 2.644180
 12.000000 1.395586 2.343570
 13.000000 0.980088 2.731311
 14.000000 0.893227 2.963379
 15.000000 0.693430 -2.543537
 16.000000 0.894653 -2.733264
 17.000000 1.320744 2.508460
 18.000000 1.225696 -3.131958
 19.000000 1.091308 -2.687897
 20.000000 0.977698 -2.271472
 21.000000 0.826034 -2.575593
 22.000000 1.300073 3.025263
 23.000000 0.811408 -2.851510
 24.000000 1.066754 -3.135235
 25.000000 0.920756 -2.642634
 26.000000 0.862207 -2.111560
 27.000000 1.037861 -3.006394
 28.000000 0.813636 -3.058901
 29.000000 1.035913 -2.150101
 30.000000 0.982287 -3.080601
 31.000000 1.115561 -2.799032
 32.000000 1.285104 -2.837175
 33.000000 1.175750 2.715243
 34.000000 1.300295 2.570321
 35.000000 1.415656 2.585754
 36.000000 1.088520 -2.982314
 37.000000 1.323529 2.261233
 38.000000 0.840671 2.384146
 39.000000 0.775830 -2.798856
 40.000000 0.910803 3.073077
