#! FIELDS time phi psi
#! SET min_phi -pi
#! SET max_phi pi
#! SET min_psi -pi
#! SET max_psi pi
 0.000000 -2.582646 2.650251
 1.000000 -2.212000 2.570460
 2.000000 -2.669086 2.077737
 3.000000 -2.169187 2.186151
 4.000000 -2.059586 2.305624
 5.000000 -2.396243 2.302388
 6.000000 -1.729093 2.965262
 7.000000 -0.910038 2.902582
 8.000000 -1.265786 2.637227
 9.000000 -0.919949 2.515072
 10.000000 -1.260923 2.500534
 11.000000 -1.068030 2.771618
 12.000000 -1.375420 2.057427
 13.000000 -1.539302 2.721198
 14.000000 -1.093249 2.497929
 15.000000 -1.163143 2.485535
 16.000000 -1.029525 2.602482
 17.000000 -0.873746 2.381086
 18.000000 -0.896314 2.815806
 19.000000 -0.989748 1.832895
 20.000000 -0.495231 2.319241
 21.000000 -1.018362 2.563586
 22.000000 -0.977920 2.467593
 23.000000 -0.873575 2.568250
 24.000000 -0.887322 2.577634
 25.000000 -1.786964 2.807625
 26.000000 -1.169226 2.455773
 27.000000 -1.160203 2.228276
 28.000000 -1.166526 2.578294
 29.000000 -1.153883 2.423060
 30.000000 -1.311715 2.232080
 31.000000 -1.650493 2.351885
 32.000000 -1.058194 2.643035
 33.000000 -1.568014 2.798072
 34.000000 -1.452444 2.440896
 35.000000 -1.008927 2.592761
 36.000000 -1.540816 2.550218
 37.000000 -1.067436 2.871694
 38.000000 -1.062996 2.496381
 39.000000 -1.101711 2.212980
 40.000000 -1.140529 2.440601
