#! FIELDS time phi psi
#! SET min_phi -pi
#! SET max_phi pi
#! SET min_psi -pi
#! SET max_psi pi
 0.000000 -1.009580 2.512957
 1.000000 -1.685787 2.586148
 2.000000 -2.302589 2.742189
 3.000000 -0.989068 2.569202
 4.000000 -1.466967 2.346230
 5.000000 -1.071318 2.835207
 6.000000 -1.473614 2.907461
 7.000000 -0.780356 2.776534
 8.000000 -1.426346 2.537450
 9.000000 -1.063072 2.632400
 10.000000 -1.494044 2.531957
 11.000000 -2.321511 2.261121
 12.000000 -2.584343 2.319362
 13.000000 -2.320340 2.409471
 14.000000 -2.733151 2.448290
 15.000000 -2.375893 2.918935
 16.000000 -2.122100 2.312120
 17.000000 -2.504974 2.765122
 18.000000 -2.157438 2.713348
 19.000000 -1.271946 2.377945
 20.000000 -1.572874 1.832721
 21.000000 -3.004655 2.858506
 22.000000 -2.439082 2.899526
 23.000000 -2.154252 2.954166
 24.000000 -1.149534 2.513838
 25.000000 -1.202413 2.610264
 26.000000 -2.196401 2.171091
 27.000000 -1.523947 2.537315
 28.000000 -0.979133 2.548298
 29.000000 -1.339284 2.571259
 30.000000 -1.224091 2.588183
 31.000000 -2.090239 2.439952
 32.000000 -2.196405 2.104462
 33.000000 -2.012151 2.742625
 34.000000 -2.021051 2.516836
 35.000000 -1.792998 2.575423
 36.000000 -1.036398 2.488155
 37.000000 -2.481219 2.498675
 38.000000 -1.179508 2.478005
 39.000000 -1.123356 2.629170
 40.000000 -1.153388 2.570631
