#! FIELDS time phi psi
#! SET min_phi -pi
#! SET max_phi pi
#! SET min_psi -pi
#! SET max_psi pi
 0.000000 0.584494 -2.231351
 1.000000 0.923068 -2.450530
 2.000000 0.588145 -2.472892
 3.000000 0.994543 -2.188789
 4.000000 0.793878 -2.723029
 5.000000 1.063747 -3.125436
 6.000000 1.250253 2.673146
 7.000000 0.762051 -2.969104
 8.000000 1.290954 2.763464
 9.000000 0.959904 -2.506627
 10.000000 1.015550 -2.429235
 11.000000 0.889639 -2.476137
 12.000000 0.971238 -2.520453
 13.000000 1.118477 3.108692
 14.000000 0.837504 -2.626238
 15.000000 0.688853 -2.450528
 16.000000 0.965719 -2.858872
 17.000000 0.869844 -2.510081
 18.000000 1.072355 -2.975982
 19.000000 1.097676 -2.734423
 20.000000 0.680208 2.973755
 21.000000 0.408155 -2.171348
 22.000000 0.853204 -3.099447
 23.000000 0.706391 -2.799137
 24.000000 0.850769 -2.405056
 25.000000 1.089441 -2.607469
 26.000000 0.866019 -3.026320
 27.000000 1.186212 2.214357
 28.000000 0.690961 1.127159
 29.000000 1.038934 1.402151
 30.000000 1.288640 0.781958
 31.000000 1.173869 0.921048
 32.000000 0.955853 0.635084
 33.000000 1.329527 0.415833
 34.000000 1.149377 0.452029
 35.000000 0.847346 0.217453
 36.000000 1.152276 0.842742
 37.000000 0.978403 1.147754
 38.000000 0.981459 0.522474
 39.000000 1.342641 0.479319
 40.000000 1.291911 0.251245
