#! FIELDS phi file.free
#! SET sample_size 19200
#! SET effective_sample_size 7486.29
#! SET min_phi -3.14159
#! SET max_phi 3.14159
#! SET nbins_phi 250
#! SET periodic_phi true
   -3.141593     10.767288
   -3.116359     10.290905
   -3.091125      9.775386
   -3.065892      9.235025
   -3.040658      8.685853
   -3.015424      8.142771
   -2.990191      7.617865
   -2.964957      7.119844
   -2.939723      6.654218
   -2.914490      6.223865
   -2.889256      5.829743
   -2.864022      5.471575
   -2.838789      5.148409
   -2.813555      4.858985
   -2.788321      4.601904
   -2.763088      4.375675
   -2.737854      4.178704
   -2.712620      4.009337
   -2.687386      3.865972
   -2.662153      3.747235
   -2.636919      3.652116
   -2.611685      3.580005
   -2.586452      3.530572
   -2.561218      3.503491
   -2.535984      3.498088
   -2.510751      3.512983
   -2.485517      3.545803
   -2.460283      3.593024
   -2.435050      3.649991
   -2.409816      3.711138
   -2.384582      3.770423
   -2.359349      3.821932
   -2.334115      3.860540
   -2.308881      3.882459
   -2.283648      3.885511
   -2.258414      3.869070
   -2.233180      3.833781
   -2.207947      3.781213
   -2.182713      3.713643
   -2.157479      3.633971
   -2.132246      3.545696
   -2.107012      3.452795
   -2.081778      3.359400
   -2.056545      3.269310
   -2.031311      3.185454
   -2.006077      3.109462
   -1.980844      3.041470
   -1.955610      2.980196
   -1.930376      2.923274
   -1.905143      2.867758
   -1.879909      2.810716
   -1.854675      2.749826
   -1.829442      2.683868
   -1.804208      2.613016
   -1.778974      2.538832
   -1.753740      2.463911
   -1.728507      2.391247
   -1.703273      2.323462
   -1.678039      2.262138
   -1.652806      2.207409
   -1.627572      2.157908
   -1.602338      2.111033
   -1.577105      2.063402
   -1.551871      2.011351
   -1.526637      1.951365
   -1.501404      1.880410
   -1.476170      1.796182
   -1.450936      1.697296
   -1.425703      1.583390
   -1.400469      1.455114
   -1.375235      1.314010
   -1.350002      1.162345
   -1.324768      1.002990
   -1.299534      0.839414
   -1.274301      0.675756
   -1.249067      0.516902
   -1.223833      0.368454
   -1.198600      0.236571
   -1.173366      0.127676
   -1.148132      0.048111
   -1.122899      0.003806
   -1.097665      0.000000
   -1.072431      0.041022
   -1.047198      0.130130
   -1.021964      0.269372
   -0.996730      0.459455
   -0.971497      0.699614
   -0.946263      0.987464
   -0.921029      1.318855
   -0.895795      1.687760
   -0.870562      2.086287
   -0.845328      2.504948
   -0.820094      2.933341
   -0.794861      3.361316
   -0.769627      3.780445
   -0.744393      4.185334
   -0.719160      4.574198
   -0.693926      4.948404
   -0.668692      5.311228
   -0.643459      5.666494
   -0.618225      6.017747
   -0.592991      6.368220
   -0.567758      6.721384
   -0.542524      7.081559
   -0.517290      7.454112
   -0.492057      7.845027
   -0.466823      8.259980
   -0.441589      8.703271
   -0.416356      9.176900
   -0.391122      9.680011
   -0.365888     10.208713
   -0.340655     10.756334
   -0.315421     11.314149
   -0.290187     11.872659
   -0.264954     12.423380
   -0.239720     12.960742
   -0.214486     13.483352
   -0.189253     13.993888
   -0.164019     14.497465
   -0.138785     14.999033
   -0.113552     15.500752
   -0.088318     16.000093
   -0.063084     16.488960
   -0.037851     16.953818
   -0.012617     17.376626
    0.012617     17.736409
    0.037851     18.011497
    0.063084     18.182705
    0.088318     18.237495
    0.113552     18.174080
    0.138785     18.003198
    0.164019     17.745937
    0.189253     17.428471
    0.214486     17.076404
    0.239720     16.710850
    0.264954     16.346622
    0.290187     15.991839
    0.315421     15.648213
    0.340655     15.311666
    0.365888     14.973426
    0.391122     14.621886
    0.416356     14.245332
    0.441589     13.835053
    0.466823     13.387774
    0.492057     12.906391
    0.517290     12.398812
    0.542524     11.875746
    0.567758     11.348535
    0.592991     10.827696
    0.618225     10.322239
    0.643459      9.839480
    0.668692      9.385080
    0.693926      8.963169
    0.719160      8.576517
    0.744393      8.226743
    0.769627      7.914578
    0.794861      7.640149
    0.820094      7.403246
    0.845328      7.203534
    0.870562      7.040663
    0.895795      6.914251
    0.921029      6.823734
    0.946263      6.768097
    0.971497      6.745539
    0.996730      6.753170
    1.021964      6.786841
    1.047198      6.841226
    1.072431      6.910218
    1.097665      6.987635
    1.122899      7.068095
    1.148132      7.147816
    1.173366      7.225100
    1.198600      7.300346
    1.223833      7.375639
    1.249067      7.454106
    1.274301      7.539276
    1.299534      7.634598
    1.324768      7.743196
    1.350002      7.867831
    1.375235      8.011005
    1.400469      8.175123
    1.425703      8.362617
    1.450936      8.575969
    1.476170      8.817570
    1.501404      9.089450
    1.526637      9.392919
    1.551871      9.728211
    1.577105     10.094239
    1.602338     10.488511
    1.627572     10.907275
    1.652806     11.345882
    1.678039     11.799323
    1.703273     12.262884
    1.728507     12.732757
    1.753740     13.206484
    1.778974     13.683074
    1.804208     14.162727
    1.829442     14.646238
    1.854675     15.134271
    1.879909     15.626799
    1.905143     16.122897
    1.930376     16.620966
    1.955610     17.119203
    1.980844     17.615983
    2.006077     18.109862
    2.031311     18.599102
    2.056545     19.080897
    2.081778     19.550546
    2.107012     20.000785
    2.132246     20.421286
    2.157479     20.798447
    2.182713     21.115870
    2.207947     21.356248
    2.233180     21.504902
    2.258414     21.553837
    2.283648     21.504058
    2.308881     21.364758
    2.334115     21.150295
    2.359349     20.877061
    2.384582     20.561432
    2.409816     20.218509
    2.435050     19.861030
    2.460283     19.498347
    2.485517     19.135890
    2.510751     18.775581
    2.535984     18.417245
    2.561218     18.060578
    2.586452     17.706832
    2.611685     17.359434
    2.636919     17.023227
    2.662153     16.702709
    2.687386     16.400040
    2.712620     16.113623
    2.737854     15.837817
    2.763088     15.564050
    2.788321     15.283201
    2.813555     14.988549
    2.838789     14.678056
    2.864022     14.354901
    2.889256     14.026059
    2.914490     13.699723
    2.939723     13.382728
    2.964957     13.078665
    2.990191     12.786818
    3.015424     12.501776
    3.040658     12.213655
    3.065892     11.909166
    3.091125     11.573849
    3.116359     11.195409
    3.141593     10.767288
