#! FIELDS tica1 file.free
#! SET sample_size 28800
#! SET effective_sample_size 10148.8
#! SET min_tica1 -1.0434
#! SET max_tica1 1.78967
#! SET nbins_tica1 251
#! SET periodic_tica1 false
   -1.043405     29.330015
   -1.032073     28.529795
   -1.020740     27.741563
   -1.009408     26.965365
   -0.998076     26.201402
   -0.986744     25.450012
   -0.975411     24.711635
   -0.964079     23.986783
   -0.952747     23.276009
   -0.941414     22.579873
   -0.930082     21.898921
   -0.918750     21.233662
   -0.907417     20.584551
   -0.896085     19.951987
   -0.884753     19.336305
   -0.873421     18.737775
   -0.862088     18.156610
   -0.850756     17.592967
   -0.839424     17.046955
   -0.828091     16.518642
   -0.816759     16.008060
   -0.805427     15.515210
   -0.794095     15.040066
   -0.782762     14.582578
   -0.771430     14.142668
   -0.760098     13.720236
   -0.748765     13.315151
   -0.737433     12.927252
   -0.726101     12.556339
   -0.714769     12.202172
   -0.703436     11.864459
   -0.692104     11.542851
   -0.680772     11.236935
   -0.669439     10.946223
   -0.658107     10.670141
   -0.646775     10.408020
   -0.635442     10.159081
   -0.624110      9.922425
   -0.612778      9.697017
   -0.601446      9.481670
   -0.590113      9.275035
   -0.578781      9.075580
   -0.567449      8.881591
   -0.556116      8.691158
   -0.544784      8.502191
   -0.533452      8.312437
   -0.522120      8.119522
   -0.510787      7.921012
   -0.499455      7.714508
   -0.488123      7.497754
   -0.476790      7.268767
   -0.465458      7.025976
   -0.454126      6.768341
   -0.442794      6.495451
   -0.431461      6.207575
   -0.420129      5.905655
   -0.408797      5.591248
   -0.397464      5.266428
   -0.386132      4.933654
   -0.374800      4.595629
   -0.363467      4.255167
   -0.352135      3.915081
   -0.340803      3.578087
   -0.329471      3.246745
   -0.318138      2.923415
   -0.306806      2.610241
   -0.295474      2.309142
   -0.284141      2.021818
   -0.272809      1.749763
   -0.261477      1.494278
   -0.250145      1.256492
   -0.238812      1.037372
   -0.227480      0.837746
   -0.216148      0.658311
   -0.204815      0.499652
   -0.193483      0.362248
   -0.182151      0.246482
   -0.170819      0.152653
   -0.159486      0.080981
   -0.148154      0.031608
   -0.136822      0.004611
   -0.125489      0.000000
   -0.114157      0.017721
   -0.102825      0.057661
   -0.091492      0.119647
   -0.080160      0.203447
   -0.068828      0.308771
   -0.057496      0.435269
   -0.046163      0.582529
   -0.034831      0.750071
   -0.023499      0.937347
   -0.012166      1.143733
   -0.000834      1.368518
    0.010498      1.610899
    0.021830      1.869964
    0.033163      2.144685
    0.044495      2.433896
    0.055827      2.736282
    0.067160      3.050362
    0.078492      3.374478
    0.089824      3.706781
    0.101156      4.045237
    0.112489      4.387631
    0.123821      4.731597
    0.135153      5.074659
    0.146486      5.414298
    0.157818      5.748032
    0.169150      6.073527
    0.180483      6.388694
    0.191815      6.691805
    0.203147      6.981572
    0.214479      7.257205
    0.225812      7.518426
    0.237144      7.765431
    0.248476      7.998817
    0.259809      8.219476
    0.271141      8.428464
    0.282473      8.626871
    0.293805      8.815690
    0.305138      8.995705
    0.316470      9.167390
    0.327802      9.330832
    0.339135      9.485667
    0.350467      9.631039
    0.361799      9.765587
    0.373131      9.887448
    0.384464      9.994313
    0.395796     10.083516
    0.407128     10.152196
    0.418461     10.197498
    0.429793     10.216831
    0.441125     10.208137
    0.452458     10.170144
    0.463790     10.102542
    0.475122     10.006058
    0.486454      9.882404
    0.497787      9.734119
    0.509119      9.564333
    0.520451      9.376506
    0.531784      9.174183
    0.543116      8.960787
    0.554448      8.739487
    0.565780      8.513107
    0.577113      8.284098
    0.588445      8.054542
    0.599777      7.826176
    0.611110      7.600434
    0.622442      7.378492
    0.633774      7.161310
    0.645107      6.949671
    0.656439      6.744217
    0.667771      6.545471
    0.679103      6.353862
    0.690436      6.169740
    0.701768      5.993389
    0.713100      5.825033
    0.724433      5.664849
    0.735765      5.512966
    0.747097      5.369478
    0.758429      5.234446
    0.769762      5.107908
    0.781094      4.989880
    0.792426      4.880370
    0.803759      4.779382
    0.815091      4.686924
    0.826423      4.603014
    0.837755      4.527687
    0.849088      4.460996
    0.860420      4.403020
    0.871752      4.353857
    0.883085      4.313627
    0.894417      4.282467
    0.905749      4.260523
    0.917082      4.247943
    0.928414      4.244869
    0.939746      4.251430
    0.951078      4.267728
    0.962411      4.293835
    0.973743      4.329784
    0.985075      4.375568
    0.996408      4.431133
    1.007740      4.496388
    1.019072      4.571199
    1.030404      4.655405
    1.041737      4.748822
    1.053069      4.851256
    1.064401      4.962515
    1.075734      5.082423
    1.087066      5.210831
    1.098398      5.347630
    1.109730      5.492756
    1.121063      5.646202
    1.132395      5.808011
    1.143727      5.978285
    1.155060      6.157174
    1.166392      6.344869
    1.177724      6.541593
    1.189057      6.747592
    1.200389      6.963118
    1.211721      7.188423
    1.223053      7.423741
    1.234386      7.669286
    1.245718      7.925237
    1.257050      8.191739
    1.268383      8.468895
    1.279715      8.756767
    1.291047      9.055377
    1.302379      9.364708
    1.313712      9.684705
    1.325044     10.015286
    1.336376     10.356341
    1.347709     10.707741
    1.359041     11.069342
    1.370373     11.440993
    1.381705     11.822540
    1.393038     12.213833
    1.404370     12.614734
    1.415702     13.025117
    1.427035     13.444883
    1.438367     13.873954
    1.449699     14.312286
    1.461032     14.759870
    1.472364     15.216730
    1.483696     15.682928
    1.495028     16.158560
    1.506361     16.643754
    1.517693     17.138668
    1.529025     17.643481
    1.540358     18.158389
    1.551690     18.683600
    1.563022     19.219331
    1.574354     19.765800
    1.585687     20.323226
    1.597019     20.891833
    1.608351     21.471847
    1.619684     22.063503
    1.631016     22.667054
    1.642348     23.282776
    1.653680     23.910979
    1.665013     24.552016
    1.676345     25.206293
    1.687677     25.874277
    1.699010     26.556497
    1.710342     27.253553
    1.721674     27.966115
    1.733007     28.694916
    1.744339     29.440749
    1.755671     30.204461
    1.767003     30.986939
    1.778336     31.789098
    1.789668     32.611873
