#! FIELDS phi file.free
#! SET sample_size 14400
#! SET effective_sample_size 5701.39
#! SET min_phi -3.14159
#! SET max_phi 3.14159
#! SET nbins_phi 250
#! SET periodic_phi true
   -3.141593     11.064814
   -3.116359     10.592668
   -3.091125     10.075580
   -3.065892      9.528587
   -3.040658      8.969233
   -3.015424      8.414022
   -2.990191      7.876306
   -2.964957      7.365597
   -2.939723      6.887813
   -2.914490      6.445982
   -2.889256      6.041100
   -2.864022      5.672932
   -2.838789      5.340652
   -2.813555      5.043233
   -2.788321      4.779602
   -2.763088      4.548610
   -2.737854      4.348935
   -2.712620      4.179046
   -2.687386      4.037289
   -2.662153      3.922075
   -2.636919      3.832084
   -2.611685      3.766354
   -2.586452      3.724165
   -2.561218      3.704740
   -2.535984      3.706839
   -2.510751      3.728383
   -2.485517      3.766228
   -2.460283      3.816131
   -2.435050      3.872938
   -2.409816      3.930933
   -2.384582      3.984328
   -2.359349      4.027795
   -2.334115      4.056941
   -2.308881      4.068636
   -2.283648      4.061132
   -2.258414      4.034006
   -2.233180      3.988042
   -2.207947      3.925110
   -2.182713      3.848064
   -2.157479      3.760551
   -2.132246      3.666702
   -2.107012      3.570674
   -2.081778      3.476169
   -2.056545      3.386020
   -2.031311      3.301925
   -2.006077      3.224373
   -1.980844      3.152715
   -1.955610      3.085364
   -1.930376      3.020069
   -1.905143      2.954261
   -1.879909      2.885461
   -1.854675      2.811734
   -1.829442      2.732135
   -1.804208      2.647027
   -1.778974      2.558125
   -1.753740      2.468189
   -1.728507      2.380396
   -1.703273      2.297582
   -1.678039      2.221571
   -1.652806      2.152801
   -1.627572      2.090281
   -1.602338      2.031837
   -1.577105      1.974499
   -1.551871      1.914895
   -1.526637      1.849592
   -1.501404      1.775399
   -1.476170      1.689691
   -1.450936      1.590743
   -1.425703      1.478004
   -1.400469      1.352189
   -1.375235      1.215141
   -1.350002      1.069518
   -1.324768      0.918458
   -1.299534      0.765359
   -1.274301      0.613858
   -1.249067      0.467969
   -1.223833      0.332248
   -1.198600      0.211881
   -1.173366      0.112588
   -1.148132      0.040355
   -1.122899      0.001046
   -1.097665      0.000000
   -1.072431      0.041684
   -1.047198      0.129451
   -1.021964      0.265405
   -0.996730      0.450335
   -0.971497      0.683688
   -0.946263      0.963526
   -0.921029      1.286447
   -0.895795      1.647479
   -0.870562      2.040018
   -0.845328      2.455916
   -0.820094      2.885878
   -0.794861      3.320284
   -0.769627      3.750374
   -0.744393      4.169498
   -0.719160      4.573986
   -0.693926      4.963277
   -0.668692      5.339316
   -0.643459      5.705576
   -0.618225      6.066188
   -0.592991      6.425430
   -0.567758      6.787540
   -0.542524      7.156674
   -0.517290      7.536808
   -0.492057      7.931572
   -0.466823      8.344078
   -0.441589      8.776815
   -0.416356      9.231571
   -0.391122      9.709264
   -0.365888     10.209491
   -0.340655     10.729778
   -0.315421     11.264755
   -0.290187     11.805806
   -0.264954     12.341895
   -0.239720     12.861957
   -0.214486     13.358359
   -0.189253     13.829727
   -0.164019     14.281327
   -0.138785     14.722457
   -0.113552     15.162164
   -0.088318     15.605144
   -0.063084     16.048968
   -0.037851     16.482817
   -0.012617     16.887615
    0.012617     17.237732
    0.037851     17.504834
    0.063084     17.664121
    0.088318     17.701591
    0.113552     17.618891
    0.138785     17.432626
    0.164019     17.168509
    0.189253     16.854041
    0.214486     16.513162
    0.239720     16.163829
    0.264954     15.817634
    0.290187     15.480228
    0.315421     15.151837
    0.340655     14.827764
    0.365888     14.499164
    0.391122     14.154569
    0.416356     13.782324
    0.441589     13.373578
    0.466823     12.924810
    0.492057     12.438806
    0.517290     11.923764
    0.542524     11.391167
    0.567758     10.853489
    0.592991     10.322489
    0.618225      9.808242
    0.643459      9.318749
    0.668692      8.859901
    0.693926      8.435639
    0.719160      8.048244
    0.744393      7.698712
    0.769627      7.387166
    0.794861      7.113258
    0.820094      6.876493
    0.845328      6.676433
    0.870562      6.512761
    0.895795      6.385187
    0.921029      6.293244
    0.946263      6.235983
    0.971497      6.211650
    0.996730      6.217415
    1.021964      6.249256
    1.047198      6.302065
    1.072431      6.370053
    1.097665      6.447394
    1.122899      6.528998
    1.148132      6.611196
    1.173366      6.692149
    1.198600      6.771859
    1.223833      6.851849
    1.249067      6.934646
    1.274301      7.023263
    1.299534      7.120801
    1.324768      7.230230
    1.350002      7.354324
    1.375235      7.495730
    1.400469      7.657067
    1.425703      7.841007
    1.450936      8.050242
    1.476170      8.287320
    1.501404      8.554349
    1.526637      8.852643
    1.551871      9.182387
    1.577105      9.542437
    1.602338      9.930310
    1.627572     10.342409
    1.652806     10.774446
    1.678039     11.222018
    1.703273     11.681211
    1.728507     12.149122
    1.753740     12.624163
    1.778974     13.106062
    1.804208     13.595555
    1.829442     14.093821
    1.854675     14.601831
    1.879909     15.119800
    1.905143     15.646884
    1.930376     16.181198
    1.955610     16.720084
    1.980844     17.260496
    2.006077     17.799371
    2.031311     18.333895
    2.056545     18.861591
    2.081778     19.380109
    2.107012     19.886471
    2.132246     20.375543
    2.157479     20.837760
    2.182713     21.256692
    2.207947     21.607865
    2.233180     21.861038
    2.258414     21.987555
    2.283648     21.971057
    2.308881     21.815279
    2.334115     21.543034
    2.359349     21.187580
    2.384582     20.782831
    2.409816     20.357139
    2.435050     19.931029
    2.460283     19.517301
    2.485517     19.122211
    2.510751     18.747123
    2.535984     18.390428
    2.561218     18.049499
    2.586452     17.722310
    2.611685     17.408281
    2.636919     17.108103
    2.662153     16.822663
    2.687386     16.551528
    2.712620     16.291657
    2.737854     16.036908
    2.763088     15.778819
    2.788321     15.508680
    2.813555     15.220336
    2.838789     14.912492
    2.864022     14.589301
    2.889256     14.258904
    2.914490     13.930717
    2.939723     13.612691
    2.964957     13.309347
    2.990191     13.020710
    3.015424     12.741893
    3.040658     12.463191
    3.065892     12.170873
    3.091125     11.849135
    3.116359     11.483475
    3.141593     11.064814
