#! FIELDS time alpha rg e2e hbond
 0.000000 0.090818 0.661153 1.544151 0.007350
 1.000000 0.090916 0.655928 1.630885 0.009970
 2.000000 0.074048 0.695011 1.837188 0.010483
 3.000000 0.062046 0.717258 1.848486 0.006079
 4.000000 0.030242 0.782658 2.123182 0.003410
 5.000000 0.042525 0.771458 2.161125 0.003716
 6.000000 0.034111 0.797044 2.251414 0.003825
 7.000000 0.032056 0.794118 2.077851 0.002817
 8.000000 0.059938 0.725777 1.831876 0.005953
 9.000000 0.063125 0.727880 1.937328 0.005931
 10.000000 0.052502 0.741785 1.980336 0.004896
 11.000000 0.059630 0.720646 1.756758 0.005950
 12.000000 0.066151 0.692209 1.585030 0.005908
 13.000000 0.058132 0.711830 1.741628 0.005766
 14.000000 0.050994 0.747836 1.952935 0.007502
 15.000000 0.039505 0.785664 2.125052 0.003412
 16.000000 0.028145 0.813134 2.131019 0.002222
 17.000000 0.016143 0.885641 2.499420 0.001926
 18.000000 0.015212 0.895203 2.442755 0.002358
 19.000000 0.019966 0.863450 2.465642 0.002641
 20.000000 0.012685 0.912157 2.467270 0.001458
 21.000000 0.011174 0.935138 2.600966 0.001148
 22.000000 0.011213 0.954574 2.591493 0.001076
 23.000000 0.016817 0.911873 2.563497 0.001586
 24.000000 0.032577 0.829338 2.284941 0.002527
 25.000000 0.026114 0.834793 2.248999 0.002013
 26.000000 0.032381 0.792324 2.127037 0.004699
 27.000000 0.041821 0.757182 1.936821 0.004116
 28.000000 0.051138 0.739521 1.898468 0.005466
 29.000000 0.036745 0.794336 2.168451 0.004664
 30.000000 0.044885 0.742946 1.920429 0.003073
 31.000000 0.042661 0.740136 1.899966 0.004939
 32.000000 0.058936 0.727288 1.907861 0.005851
 33.000000 0.037749 0.791103 2.119300 0.003069
 34.000000 0.040104 0.800539 2.269823 0.003522
 35.000000 0.053162 0.736624 1.974913 0.005623
 36.000000 0.065976 0.737618 1.997836 0.008499
 37.000000 0.020454 0.858077 2.368885 0.002205
 38.000000 0.021554 0.847627 2.338523 0.002022
 39.000000 0.054947 0.784438 2.152512 0.006407
 40.000000 0.100915 0.707797 1.866814 0.009748
 41.000000 0.100253 0.715696 1.860653 0.009073
 42.000000 0.143302 0.680630 1.760019 0.009630
 43.000000 0.096362 0.702804 1.834178 0.009719
 44.000000 0.092301 0.695070 1.721302 0.009321
 45.000000 0.102011 0.711228 1.767731 0.019998
 46.000000 0.110773 0.703043 1.827329 0.017154
 47.000000 0.096670 0.720728 1.918958 0.013289
 48.000000 0.073090 0.781895 2.226471 0.009846
 49.000000 0.082812 0.767556 2.045332 0.017277
 50.000000 0.093857 0.730929 1.919149 0.013443
 51.000000 0.095106 0.730187 1.688317 0.014912
 52.000000 0.111974 0.687232 1.568262 0.012523
 53.000000 0.102921 0.692587 1.535968 0.012902
 54.000000 0.098553 0.720746 1.674723 0.013995
 55.000000 0.084478 0.713495 1.634290 0.013108
 56.000000 0.081536 0.709557 1.584113 0.010570
 57.000000 0.069485 0.687657 1.414180 0.011860
 58.000000 0.068397 0.704250 1.603697 0.008095
 59.000000 0.057492 0.730492 1.679348 0.008626
 60.000000 0.043056 0.763672 1.735452 0.006566
 61.000000 0.041143 0.793279 1.861184 0.002805
 62.000000 0.061190 0.705706 1.582750 0.004922
 63.000000 0.049009 0.715115 1.463093 0.002991
 64.000000 0.072509 0.675290 1.287691 0.003837
 65.000000 0.064587 0.697180 1.460061 0.004018
 66.000000 0.077488 0.699331 1.631608 0.005005
 67.000000 0.082753 0.696430 1.761267 0.004969
 68.000000 0.101643 0.634756 1.466261 0.007311
 69.000000 0.074674 0.695844 1.656778 0.003751
 70.000000 0.049083 0.745673 1.679310 0.001874
 71.000000 0.079680 0.666000 1.325447 0.002562
 72.000000 0.088596 0.650310 1.215468 0.004992
 73.000000 0.077081 0.646957 1.093803 0.004578
 74.000000 0.064575 0.689300 1.395642 0.003966
 75.000000 0.056775 0.680719 1.229785 0.005207
 76.000000 0.074750 0.677711 1.330138 0.003592
 77.000000 0.097875 0.628284 0.909673 0.004749
 78.000000 0.091130 0.631509 1.072050 0.004470
 79.000000 0.088108 0.636236 1.048251 0.005701
 80.000000 0.107112 0.663861 1.364620 0.009029
 81.000000 0.070345 0.693808 1.477058 0.004610
 82.000000 0.053427 0.726688 1.660109 0.006702
 83.000000 0.044822 0.743815 1.690001 0.003334
 84.000000 0.061405 0.704051 1.573363 0.004534
 85.000000 0.119937 0.636782 1.489815 0.011322
 86.000000 0.119515 0.666026 1.532773 0.007722
 87.000000 0.188785 0.634446 1.221409 0.018117
 88.000000 0.100027 0.658576 1.376066 0.006063
 89.000000 0.098576 0.628325 1.282163 0.006765
 90.000000 0.113813 0.650160 1.283824 0.008596
 91.000000 0.117844 0.699749 1.764313 0.010739
 92.000000 0.124532 0.666546 1.601466 0.008374
 93.000000 0.067532 0.728077 1.824762 0.003980
 94.000000 0.038650 0.756577 1.809879 0.003431
 95.000000 0.086963 0.712121 1.617293 0.009741
 96.000000 0.044277 0.698005 1.367594 0.003021
 97.000000 0.066310 0.667767 1.301487 0.007107
 98.000000 0.067788 0.652595 1.169127 0.005096
 99.000000 0.084359 0.611727 0.985814 0.006701
 100.000000 0.074514 0.622433 1.112609 0.006508
 101.000000 0.075891 0.630193 1.109741 0.007002
 102.000000 0.071203 0.632234 1.151342 0.005364
 103.000000 0.088964 0.612595 1.096340 0.010911
 104.000000 0.122110 0.624936 1.172895 0.011839
 105.000000 0.125216 0.623567 1.234268 0.011879
 106.000000 0.122337 0.642724 1.356073 0.011528
 107.000000 0.124225 0.639340 1.300921 0.012080
 108.000000 0.117652 0.671506 1.611248 0.007898
 109.000000 0.091969 0.675299 1.454115 0.006483
 110.000000 0.110427 0.649357 1.220185 0.007460
 111.000000 0.116697 0.662504 1.381392 0.010208
 112.000000 0.141250 0.612661 0.991208 0.013676
 113.000000 0.130441 0.598595 0.922920 0.009469
 114.000000 0.105532 0.609779 0.947857 0.006949
 115.000000 0.117716 0.586809 0.872938 0.008617
 116.000000 0.106542 0.617931 1.067129 0.007848
 117.000000 0.118602 0.641572 1.362682 0.008893
 118.000000 0.100690 0.649961 1.309536 0.010941
 119.000000 0.117469 0.712005 1.827036 0.009752
 120.000000 0.142404 0.638251 1.405345 0.010517
 121.000000 0.087700 0.650111 1.175023 0.006763
 122.000000 0.113004 0.633687 1.153195 0.008688
 123.000000 0.096061 0.627820 1.036152 0.006998
 124.000000 0.117419 0.637638 1.283955 0.008636
 125.000000 0.129455 0.665868 1.403962 0.011009
 126.000000 0.134790 0.646403 1.411559 0.008172
 127.000000 0.123626 0.632814 1.158921 0.008316
 128.000000 0.133824 0.601504 1.013552 0.013006
 129.000000 0.092233 0.628029 1.077311 0.008563
 130.000000 0.103600 0.633669 1.134530 0.006300
 131.000000 0.122105 0.628958 1.116034 0.010418
 132.000000 0.110867 0.611450 0.818201 0.010012
 133.000000 0.174443 0.599318 0.831295 0.018189
 134.000000 0.125917 0.603297 0.678812 0.022218
 135.000000 0.108493 0.607227 0.575127 0.017849
 136.000000 0.104781 0.607488 0.715376 0.013826
 137.000000 0.133873 0.609337 0.805982 0.014934
 138.000000 0.114546 0.596427 0.658352 0.018220
 139.000000 0.133285 0.585433 0.647064 0.018414
 140.000000 0.124853 0.609708 0.833530 0.020495
 141.000000 0.158771 0.634021 1.276916 0.016718
 142.000000 0.099438 0.717537 1.699179 0.008640
 143.000000 0.081801 0.746447 1.932778 0.013660
 144.000000 0.115222 0.669524 1.344759 0.020775
 145.000000 0.101728 0.662488 1.224031 0.013117
 146.000000 0.103484 0.660212 1.176366 0.015140
 147.000000 0.090619 0.679484 1.289689 0.019451
 148.000000 0.103052 0.665195 1.165676 0.015596
 149.000000 0.081506 0.667612 1.159852 0.010294
 150.000000 0.078914 0.707207 1.605319 0.013352
 151.000000 0.079848 0.695892 1.542758 0.010078
 152.000000 0.129929 0.677813 1.415071 0.019260
 153.000000 0.121897 0.687838 1.644058 0.014183
 154.000000 0.141981 0.642852 1.252870 0.012986
 155.000000 0.099923 0.681647 1.517794 0.018888
 156.000000 0.083591 0.705680 1.633469 0.011445
 157.000000 0.092571 0.718026 1.652905 0.009740
 158.000000 0.140091 0.678324 1.495078 0.021214
 159.000000 0.117963 0.690659 1.531074 0.031305
 160.000000 0.094542 0.713125 1.697574 0.010106
 161.000000 0.080217 0.737934 1.925931 0.009708
 162.000000 0.094890 0.753650 2.048425 0.011569
 163.000000 0.090594 0.783673 2.179911 0.012027
 164.000000 0.045926 0.817506 2.196683 0.005925
 165.000000 0.069568 0.809095 2.212116 0.006497
 166.000000 0.084375 0.762153 2.063812 0.012653
 167.000000 0.083052 0.756107 2.063074 0.009000
 168.000000 0.027708 0.852909 2.360308 0.002960
 169.000000 0.120085 0.745954 2.017525 0.011486
 170.000000 0.125555 0.745160 1.989857 0.013709
 171.000000 0.110870 0.722437 1.837174 0.010912
 172.000000 0.075643 0.768583 2.178489 0.006730
 173.000000 0.056140 0.822286 2.351371 0.004981
 174.000000 0.043506 0.822697 2.221011 0.005771
 175.000000 0.054060 0.807672 2.251423 0.007035
 176.000000 0.057902 0.788152 2.130618 0.008100
 177.000000 0.066013 0.773021 2.125399 0.010553
 178.000000 0.074001 0.760879 1.959124 0.009179
 179.000000 0.073003 0.784827 2.096394 0.013388
 180.000000 0.106076 0.712554 1.678502 0.016554
 181.000000 0.196915 0.665406 1.502830 0.040319
 182.000000 0.082918 0.628343 1.149175 0.016216
 183.000000 0.100075 0.614991 1.108218 0.022857
 184.000000 0.075786 0.626553 1.030188 0.009355
 185.000000 0.089153 0.615534 0.856090 0.009263
 186.000000 0.082841 0.691273 1.448684 0.009589
 187.000000 0.135151 0.688198 1.521375 0.015003
 188.000000 0.114542 0.700436 1.660036 0.009530
 189.000000 0.132829 0.659569 1.375888 0.013374
 190.000000 0.080314 0.743835 1.810598 0.010434
 191.000000 0.066911 0.734745 1.701887 0.008214
 192.000000 0.091509 0.687089 1.406574 0.011196
 193.000000 0.071424 0.748653 1.784996 0.008838
 194.000000 0.067178 0.729184 1.748473 0.007714
 195.000000 0.073957 0.758614 1.921937 0.010789
 196.000000 0.095566 0.754299 1.999335 0.014059
 197.000000 0.038694 0.826482 2.217139 0.005700
 198.000000 0.099628 0.793029 2.293259 0.009148
 199.000000 0.179113 0.762892 2.201138 0.044807
 200.000000 0.274204 0.751603 2.257478 0.054034
 201.000000 0.053151 0.814980 2.260831 0.007284
 202.000000 0.071236 0.755141 1.916596 0.008226
 203.000000 0.082706 0.775135 2.151206 0.012773
 204.000000 0.303188 0.730478 2.062870 0.094979
 205.000000 0.218104 0.662730 1.652558 0.074857
 206.000000 0.352942 0.650773 1.669990 0.404197
 207.000000 0.269966 0.623964 1.440645 0.132252
 208.000000 0.138171 0.661641 1.366850 0.012536
 209.000000 0.082001 0.670325 1.271045 0.010546
 210.000000 0.080554 0.698350 1.327277 0.012720
 211.000000 0.085827 0.691671 1.456643 0.009898
 212.000000 0.062772 0.721285 1.603522 0.007660
 213.000000 0.063613 0.692136 1.467851 0.005312
 214.000000 0.068424 0.696881 1.482458 0.007956
 215.000000 0.083402 0.675400 1.450539 0.009989
 216.000000 0.079284 0.679335 1.352867 0.009394
 217.000000 0.076430 0.667650 1.138100 0.012364
 218.000000 0.103890 0.647195 1.035859 0.011607
 219.000000 0.096613 0.642972 1.082217 0.020616
 220.000000 0.103417 0.644278 1.139403 0.011963
 221.000000 0.030863 0.730874 1.449093 0.002273
 222.000000 0.042796 0.710788 1.415327 0.002663
 223.000000 0.033317 0.712906 1.351694 0.002810
 224.000000 0.047428 0.727934 1.688651 0.005405
 225.000000 0.052826 0.749580 1.879707 0.003824
 226.000000 0.028466 0.807656 2.109512 0.002303
 227.000000 0.026844 0.792619 1.997055 0.002580
 228.000000 0.039245 0.788651 1.896953 0.005255
 229.000000 0.061133 0.705968 1.481512 0.007010
 230.000000 0.070595 0.684242 1.367567 0.004154
 231.000000 0.046566 0.723621 1.308936 0.003932
 232.000000 0.037000 0.703597 1.256385 0.002832
 233.000000 0.092759 0.693974 1.642746 0.011563
 234.000000 0.070165 0.678456 1.245330 0.012378
 235.000000 0.080736 0.675794 1.255384 0.010383
 236.000000 0.077786 0.721024 1.469268 0.011516
 237.000000 0.049165 0.780322 2.009253 0.004608
 238.000000 0.058339 0.712048 1.465258 0.003546
 239.000000 0.097112 0.679525 1.522861 0.004449
 240.000000 0.101636 0.659899 1.454857 0.012053
 241.000000 0.070838 0.668008 1.286909 0.003984
 242.000000 0.081660 0.652691 1.183741 0.012214
 243.000000 0.074827 0.720149 1.688802 0.013298
 244.000000 0.049321 0.744440 1.756216 0.005895
 245.000000 0.062281 0.711789 1.532131 0.006251
 246.000000 0.064108 0.740908 1.582287 0.004365
 247.000000 0.072176 0.689601 1.430464 0.005374
 248.000000 0.075410 0.720317 1.816098 0.008675
 249.000000 0.037341 0.772383 1.845379 0.003883
 250.000000 0.104866 0.707467 1.774274 0.007060
 251.000000 0.098026 0.659433 1.387667 0.010171
 252.000000 0.063065 0.723751 1.674978 0.006346
 253.000000 0.063801 0.725686 1.717797 0.004936
 254.000000 0.052634 0.716389 1.535153 0.004295
 255.000000 0.048755 0.742922 1.673177 0.012810
 256.000000 0.092170 0.689348 1.518992 0.015582
 257.000000 0.146101 0.678533 1.618743 0.022791
 258.000000 0.116661 0.682119 1.576367 0.013680
 259.000000 0.067131 0.740017 1.977623 0.007638
 260.000000 0.101798 0.714839 1.816992 0.015839
 261.000000 0.108314 0.696314 1.612897 0.016625
 262.000000 0.085857 0.730372 1.887379 0.010795
 263.000000 0.123458 0.663588 1.553793 0.019385
 264.000000 0.123880 0.669860 1.452916 0.056729
 265.000000 0.035338 0.809480 1.951316 0.007590
 266.000000 0.045218 0.821944 2.124784 0.010445
 267.000000 0.043142 0.791117 1.964959 0.005740
 268.000000 0.050946 0.720504 1.731579 0.007577
 269.000000 0.038910 0.765438 1.900294 0.005358
 270.000000 0.053914 0.719378 1.634110 0.004710
 271.000000 0.051372 0.776531 1.836261 0.004611
 272.000000 0.059008 0.756355 1.745837 0.006591
 273.000000 0.052851 0.729135 1.418478 0.005365
 274.000000 0.066677 0.740022 1.582575 0.007391
 275.000000 0.040217 0.783348 1.748292 0.005442
 276.000000 0.097905 0.784071 1.818394 0.005944
 277.000000 0.088595 0.704235 1.394952 0.007280
 278.000000 0.140608 0.720043 1.494107 0.016655
 279.000000 0.151571 0.692616 1.224332 0.016833
 280.000000 0.161865 0.666910 1.254431 0.021981
 281.000000 0.108009 0.708199 1.364249 0.011698
 282.000000 0.084784 0.739199 1.582944 0.009382
 283.000000 0.127085 0.724921 1.599766 0.013374
 284.000000 0.142104 0.690561 1.453409 0.016065
 285.000000 0.103384 0.726314 1.841672 0.015691
 286.000000 0.067720 0.719125 1.612466 0.005542
 287.000000 0.049164 0.766886 1.676755 0.003856
 288.000000 0.046452 0.748192 1.791810 0.003142
 289.000000 0.082122 0.698870 1.385845 0.010295
 290.000000 0.089937 0.694575 1.398087 0.009356
 291.000000 0.120988 0.673529 1.378609 0.013961
 292.000000 0.093796 0.703361 1.281122 0.012246
 293.000000 0.118852 0.668849 1.225130 0.014720
 294.000000 0.143390 0.645949 1.057323 0.023950
 295.000000 0.111243 0.711006 1.398774 0.012407
 296.000000 0.141685 0.706285 1.394526 0.010992
 297.000000 0.133963 0.669213 1.308208 0.020509
 298.000000 0.169612 0.651788 1.284968 0.020768
 299.000000 0.121094 0.684087 1.252694 0.012665
 300.000000 0.108853 0.652630 0.979278 0.020649
 301.000000 0.147442 0.672919 1.283968 0.011725
 302.000000 0.108465 0.704010 1.313162 0.016381
 303.000000 0.161941 0.714533 1.509164 0.014740
 304.000000 0.096985 0.717814 1.332144 0.014973
 305.000000 0.101706 0.708797 1.498563 0.013322
 306.000000 0.089032 0.688074 1.132534 0.013428
 307.000000 0.116390 0.616990 0.704637 0.018570
 308.000000 0.166767 0.616223 0.864873 0.024203
 309.000000 0.126787 0.661602 1.245570 0.015744
 310.000000 0.081205 0.718371 1.404415 0.007386
 311.000000 0.080214 0.671211 1.177310 0.007990
 312.000000 0.104280 0.642625 1.010984 0.012884
 313.000000 0.070923 0.662073 0.981048 0.009479
 314.000000 0.047751 0.673979 1.127699 0.004827
 315.000000 0.081581 0.653419 0.989603 0.005335
 316.000000 0.073621 0.596053 0.493490 0.014086
 317.000000 0.102318 0.618713 0.817238 0.013933
 318.000000 0.090625 0.624021 0.897034 0.015202
 319.000000 0.081191 0.617744 0.729159 0.009821
 320.000000 0.064231 0.641464 1.015657 0.008384
 321.000000 0.062081 0.639725 0.936686 0.006535
 322.000000 0.061584 0.643801 0.871456 0.003920
 323.000000 0.056198 0.636803 0.720568 0.005524
 324.000000 0.052496 0.670758 0.940464 0.003642
 325.000000 0.060069 0.655224 0.922495 0.005537
 326.000000 0.057113 0.664553 1.004713 0.004887
 327.000000 0.055925 0.695462 1.357374 0.004771
 328.000000 0.051471 0.726536 1.668358 0.005076
 329.000000 0.063443 0.684391 1.373398 0.004410
 330.000000 0.081034 0.644691 1.182289 0.006745
 331.000000 0.109187 0.666997 1.197974 0.009116
 332.000000 0.064898 0.669623 1.074393 0.004912
 333.000000 0.064262 0.649954 0.989202 0.006351
 334.000000 0.097761 0.597383 0.755868 0.005547
 335.000000 0.111780 0.607782 0.860616 0.005720
 336.000000 0.125676 0.572655 0.447376 0.008834
 337.000000 0.188515 0.573934 0.700404 0.015171
 338.000000 0.117459 0.582512 0.719753 0.011253
 339.000000 0.093322 0.603579 0.670581 0.010339
 340.000000 0.104601 0.590960 0.709475 0.010790
 341.000000 0.115342 0.611522 0.887273 0.010118
 342.000000 0.115866 0.625958 0.819899 0.011970
 343.000000 0.093408 0.609081 0.663848 0.007914
 344.000000 0.153358 0.577788 0.580970 0.014413
 345.000000 0.130632 0.609091 0.837017 0.013688
 346.000000 0.132502 0.590488 0.811968 0.013838
 347.000000 0.155615 0.632227 1.116453 0.015335
 348.000000 0.156165 0.623955 1.167619 0.021439
 349.000000 0.113140 0.650491 1.067504 0.019485
 350.000000 0.090993 0.647802 0.957655 0.013617
 351.000000 0.067103 0.641836 0.771857 0.004844
 352.000000 0.090231 0.656210 0.978336 0.007475
 353.000000 0.071055 0.660500 0.904350 0.008300
 354.000000 0.080870 0.693278 1.399837 0.010139
 355.000000 0.065855 0.719560 1.649416 0.005566
 356.000000 0.049504 0.697695 1.203812 0.003675
 357.000000 0.066335 0.660599 0.986160 0.004352
 358.000000 0.107162 0.651487 1.041567 0.009051
 359.000000 0.059188 0.653468 0.900316 0.008266
 360.000000 0.056261 0.666926 0.862462 0.004312
 361.000000 0.060330 0.640201 0.857208 0.005094
 362.000000 0.096388 0.641241 1.178497 0.004758
 363.000000 0.101480 0.583773 0.914036 0.007969
 364.000000 0.108952 0.573279 0.676542 0.005063
 365.000000 0.136805 0.572805 0.609801 0.007877
 366.000000 0.149535 0.575559 0.667883 0.012232
 367.000000 0.129128 0.605877 0.875299 0.009257
 368.000000 0.156755 0.596292 0.913732 0.015836
 369.000000 0.078389 0.656745 1.291633 0.007796
 370.000000 0.089331 0.679900 1.372636 0.005471
 371.000000 0.082306 0.664981 1.291759 0.005299
 372.000000 0.104059 0.642366 1.078312 0.008046
 373.000000 0.104854 0.638642 1.147091 0.006376
 374.000000 0.096242 0.638578 1.088149 0.006672
 375.000000 0.162675 0.597523 1.001303 0.014811
 376.000000 0.130805 0.603573 1.211233 0.012095
 377.000000 0.108203 0.615505 1.316323 0.010254
 378.000000 0.104910 0.593273 1.161116 0.009139
 379.000000 0.079637 0.621365 1.244587 0.008686
 380.000000 0.113943 0.576925 0.692008 0.005206
 381.000000 0.099022 0.639437 1.118113 0.006562
 382.000000 0.082655 0.601247 1.013168 0.006913
 383.000000 0.069309 0.643633 1.062716 0.009051
 384.000000 0.080149 0.606378 1.227193 0.008660
 385.000000 0.102733 0.627684 1.351644 0.007385
 386.000000 0.126316 0.639248 1.202830 0.011672
 387.000000 0.117991 0.628208 1.161079 0.018656
 388.000000 0.108833 0.599025 0.844955 0.017730
 389.000000 0.153883 0.576275 0.559344 0.020735
 390.000000 0.115126 0.582148 0.406246 0.009179
 391.000000 0.122325 0.575872 0.535899 0.012109
 392.000000 0.116852 0.590965 0.594954 0.012322
 393.000000 0.109489 0.602171 0.488701 0.007453
 394.000000 0.130648 0.583641 0.519866 0.009735
 395.000000 0.101133 0.587602 0.697885 0.007338
 396.000000 0.095063 0.585783 0.624341 0.010024
 397.000000 0.129054 0.585972 0.682854 0.014875
 398.000000 0.121031 0.579809 0.530375 0.010448
 399.000000 0.085091 0.616563 0.748880 0.009539
 400.000000 0.117148 0.587987 0.571405 0.007832
 401.000000 0.115263 0.576891 0.504506 0.010376
 402.000000 0.166330 0.570259 0.419270 0.015487
 403.000000 0.118193 0.595852 0.478957 0.013294
 404.000000 0.145870 0.583427 0.668450 0.026130
 405.000000 0.291869 0.574422 0.802922 0.125748
 406.000000 0.383952 0.574273 0.843299 0.355971
 407.000000 0.249686 0.600569 1.014995 0.240862
 408.000000 0.217937 0.623599 1.161811 0.036869
 409.000000 0.175310 0.635191 1.259593 0.030749
 410.000000 0.108849 0.625071 1.032832 0.013994
 411.000000 0.171853 0.615515 0.906367 0.076418
 412.000000 0.236452 0.597162 0.927028 0.048498
 413.000000 0.209660 0.614131 1.011852 0.085236
 414.000000 0.288615 0.593647 0.973871 0.087803
 415.000000 0.511687 0.556120 0.816264 0.638208
 416.000000 0.376474 0.579015 0.940223 0.197251
 417.000000 0.389955 0.575663 0.900550 0.363848
 418.000000 0.601058 0.560119 1.076027 0.472359
 419.000000 0.290994 0.611595 1.228761 0.063823
 420.000000 0.332530 0.599557 1.149689 0.190303
 421.000000 0.201627 0.604379 1.173990 0.049218
 422.000000 0.269554 0.639995 1.500135 0.089066
 423.000000 0.330342 0.626491 1.419175 0.638906
 424.000000 0.288339 0.626260 1.399344 0.719478
 425.000000 0.264083 0.639313 1.536595 0.155282
 426.000000 0.315010 0.647564 1.437227 0.058653
 427.000000 0.533630 0.641880 1.398210 0.113221
 428.000000 1.128782 0.620566 1.339649 0.417050
 429.000000 0.636053 0.617607 1.311726 0.860637
 430.000000 0.711682 0.609024 1.312084 0.696657
 431.000000 0.509785 0.616018 1.175378 0.540481
 432.000000 0.454827 0.610086 1.331805 0.343384
 433.000000 1.205611 0.638347 1.521035 1.476441
 434.000000 1.239873 0.664076 1.647315 1.106984
 435.000000 1.267521 0.671963 1.823935 0.698306
 436.000000 1.272891 0.651391 1.712792 0.521352
 437.000000 1.281082 0.672886 1.792682 1.076674
 438.000000 1.220357 0.673489 1.761155 0.289191
 439.000000 1.186465 0.600302 1.228581 0.930542
 440.000000 1.271506 0.578091 1.241229 1.377145
 441.000000 1.214475 0.628950 1.435460 0.700128
 442.000000 1.225765 0.592547 1.311254 1.372472
 443.000000 0.871213 0.610317 1.496551 0.115340
 444.000000 0.588521 0.589776 1.262130 0.094905
 445.000000 0.403336 0.610455 1.337207 0.146291
 446.000000 1.237094 0.570164 1.239764 0.439729
 447.000000 1.152752 0.591107 1.218321 0.625910
 448.000000 1.212344 0.591471 1.227297 0.775905
 449.000000 1.149176 0.585014 1.152400 0.476543
 450.000000 1.293772 0.578675 1.267969 1.401175
 451.000000 1.195361 0.584303 1.084838 1.123040
 452.000000 1.221736 0.582078 1.210666 1.063666
 453.000000 1.244784 0.572778 1.049071 0.865243
 454.000000 1.205153 0.621396 1.388381 1.080674
 455.000000 1.074695 0.611002 1.288505 0.468200
 456.000000 1.186468 0.559258 1.184305 1.403703
 457.000000 1.274310 0.564211 1.147230 0.926973
 458.000000 1.229432 0.570162 1.126078 1.187102
 459.000000 1.278216 0.568196 1.134023 1.332431
 460.000000 1.239822 0.592098 1.218135 1.495976
 461.000000 1.145363 0.594390 1.148162 1.081738
 462.000000 1.122266 0.576971 1.091068 1.027002
 463.000000 1.196064 0.585424 1.217248 0.511849
 464.000000 1.174669 0.590192 1.209674 0.549066
 465.000000 1.263849 0.601197 1.312164 0.713013
 466.000000 1.241115 0.601520 1.315487 1.061681
 467.000000 1.143381 0.604719 1.309694 1.613508
 468.000000 1.171547 0.616576 1.352289 0.553419
 469.000000 1.261346 0.616886 1.481383 1.398721
 470.000000 1.224097 0.612838 1.408640 1.535959
 471.000000 1.210310 0.607554 1.294131 1.346940
 472.000000 1.263180 0.596041 1.378940 0.813039
 473.000000 1.190997 0.598941 1.303093 1.147459
 474.000000 1.127427 0.644279 1.677208 0.400314
 475.000000 0.914772 0.666141 1.746429 0.109381
 476.000000 1.115524 0.616531 1.295819 0.483906
 477.000000 1.187292 0.627172 1.520946 1.031466
 478.000000 1.205515 0.610107 1.472991 1.530013
 479.000000 1.140796 0.607970 1.395787 1.138139
 480.000000 1.259784 0.606207 1.383366 1.285337
 481.000000 1.342411 0.575106 1.117462 1.399671
 482.000000 1.275577 0.605148 1.320541 0.872768
 483.000000 1.318484 0.607971 1.280983 0.537234
 484.000000 1.379609 0.669763 1.768074 0.525800
 485.000000 1.178482 0.661621 1.768650 0.679323
 486.000000 1.404452 0.660328 1.838137 1.036758
 487.000000 1.221213 0.643990 1.685015 1.218735
 488.000000 1.197379 0.635260 1.568559 0.764597
 489.000000 1.226359 0.628263 1.554021 0.797141
 490.000000 1.222520 0.621924 1.511326 0.652137
 491.000000 1.175633 0.653566 1.639840 1.105230
 492.000000 1.083107 0.656703 1.582005 0.385017
 493.000000 1.304157 0.640387 1.683400 1.378154
 494.000000 1.223569 0.600816 1.407957 1.162133
 495.000000 1.250025 0.605707 1.510416 0.922751
 496.000000 1.154777 0.617927 1.413383 1.061915
 497.000000 1.175914 0.668961 1.757836 0.455853
 498.000000 1.150606 0.634117 1.575656 0.444769
 499.000000 1.228699 0.621347 1.507482 0.771935
 500.000000 1.239821 0.585462 1.288616 0.951467
