#! FIELDS time alpha rg e2e hbond
 0.000000 0.057509 0.846284 2.311289 0.009030
 1.000000 0.129509 0.813300 2.193716 0.052158
 2.000000 0.205473 0.788418 2.087073 0.092643
 3.000000 0.217819 0.783759 2.005470 0.097364
 4.000000 0.282465 0.745634 1.768526 0.067882
 5.000000 0.724439 0.770433 1.927878 0.409180
 6.000000 0.959969 0.711760 1.774376 0.267610
 7.000000 0.949641 0.717327 1.847860 0.179487
 8.000000 0.984799 0.696654 1.722575 0.356930
 9.000000 0.454651 0.705992 1.675814 0.267550
 10.000000 0.794484 0.692174 1.703624 0.370682
 11.000000 0.373908 0.690721 1.591600 0.202453
 12.000000 0.563941 0.645387 1.429984 0.199498
 13.000000 0.769456 0.647428 1.481974 0.284769
 14.000000 0.925396 0.693998 1.722872 0.424227
 15.000000 0.638750 0.701732 1.774129 0.373251
 16.000000 2.299699 0.653406 1.591592 1.946341
 17.000000 2.204877 0.666046 1.625316 1.562790
 18.000000 1.977325 0.704238 1.712529 0.394968
 19.000000 2.495545 0.625942 1.512985 2.314102
 20.000000 1.206299 0.711243 1.776055 0.320076
 21.000000 1.220341 0.676856 1.787864 0.169751
 22.000000 1.373513 0.704126 1.977043 1.187881
 23.000000 1.448776 0.730684 2.023400 0.353595
 24.000000 0.382489 0.760946 2.112612 0.081785
 25.000000 1.865986 0.709458 1.931761 0.558683
 26.000000 1.267719 0.724835 1.910917 0.467417
 27.000000 1.412217 0.708150 1.844889 0.575478
 28.000000 1.100081 0.727776 1.871780 0.205145
 29.000000 1.772462 0.699268 1.733043 0.444919
 30.000000 2.089801 0.700462 1.771754 0.963377
 31.000000 2.259435 0.672914 1.759040 2.108602
 32.000000 2.295547 0.662584 1.739025 2.175348
 33.000000 2.220589 0.664813 1.605305 1.942462
 34.000000 2.329799 0.649809 1.588896 2.112137
 35.000000 2.180614 0.679160 1.773647 1.850164
 36.000000 2.266796 0.665947 1.801624 2.016458
 37.000000 2.128351 0.703488 1.894243 1.524453
 38.000000 2.139333 0.699054 1.904830 0.734207
 39.000000 2.087102 0.689886 1.799468 1.363601
 40.000000 2.161095 0.686305 1.787131 1.503588
 41.000000 2.266428 0.688816 1.823129 0.929826
 42.000000 2.188167 0.663339 1.736672 1.037377
 43.000000 2.409399 0.649256 1.613193 2.105215
 44.000000 2.203307 0.695877 1.873109 1.504473
 45.000000 2.162312 0.659230 1.553864 1.535625
 46.000000 2.146864 0.680529 1.736027 1.729030
 47.000000 2.110507 0.697296 1.778216 1.534187
 48.000000 0.832168 0.699823 1.752270 0.747993
 49.000000 0.454948 0.706913 1.805046 0.281434
 50.000000 0.385777 0.677186 1.618435 0.180951
 51.000000 1.368918 0.654476 1.544243 0.375296
 52.000000 0.132587 0.667623 1.317833 0.057765
 53.000000 1.135108 0.659826 1.533753 0.720113
 54.000000 2.080187 0.651929 1.582185 1.061788
 55.000000 0.675190 0.647981 1.507659 0.373323
 56.000000 0.654070 0.673653 1.699791 0.785385
 57.000000 1.325799 0.645103 1.704240 0.755351
 58.000000 0.312456 0.661556 1.709460 0.218283
 59.000000 0.618622 0.685227 1.766097 0.642197
 60.000000 2.329613 0.655639 1.752109 2.287632
 61.000000 2.904396 0.624364 1.675389 2.494573
 62.000000 2.284735 0.651032 1.715681 1.811102
 63.000000 2.070529 0.633630 1.594271 1.462533
 64.000000 1.948937 0.645729 1.666089 0.730980
 65.000000 1.876412 0.629889 1.618783 0.885898
 66.000000 1.143379 0.655620 1.594139 0.314191
 67.000000 1.664723 0.698897 1.775932 1.161690
 68.000000 2.089134 0.660482 1.657350 1.276504
 69.000000 2.287864 0.643709 1.660056 1.615037
 70.000000 2.257953 0.643573 1.710126 2.265375
 71.000000 2.338352 0.649845 1.751748 2.468605
 72.000000 2.105739 0.700882 1.956888 1.204644
 73.000000 2.093571 0.687769 1.892855 1.834012
 74.000000 2.209272 0.678676 1.827208 1.950677
 75.000000 0.829482 0.725980 2.012155 0.433674
 76.000000 0.470841 0.711635 1.904696 0.140563
 77.000000 0.551233 0.726179 2.074756 0.259619
 78.000000 2.092269 0.737473 2.070840 0.431697
 79.000000 2.294615 0.712608 2.005704 1.541364
 80.000000 2.272441 0.704672 1.974230 1.774348
 81.000000 2.168199 0.703643 1.913461 2.341304
 82.000000 2.325647 0.688455 1.865755 1.794554
 83.000000 2.147709 0.674216 1.793737 1.271711
 84.000000 1.850910 0.705824 1.914151 0.614133
 85.000000 2.177605 0.691282 1.881581 1.740012
 86.000000 2.180204 0.690552 1.830810 0.896023
 87.000000 2.239944 0.673096 1.787246 1.616638
 88.000000 2.435559 0.630332 1.597762 2.122978
 89.000000 2.052689 0.677268 1.723875 0.994355
 90.000000 2.212440 0.686099 1.824010 1.686144
 91.000000 2.197342 0.707703 1.927037 1.677186
 92.000000 2.063262 0.726566 2.043303 0.996347
 93.000000 2.074596 0.715860 2.012227 0.508698
 94.000000 2.137373 0.712110 1.982141 1.311984
 95.000000 2.292116 0.677939 1.835094 1.766055
 96.000000 2.200781 0.689558 1.829540 1.887019
 97.000000 2.150136 0.718254 1.950805 1.635597
 98.000000 2.145482 0.698978 1.888957 1.832590
 99.000000 2.154546 0.701582 1.878717 1.361680
 100.000000 2.142846 0.709369 1.925139 1.134418
 101.000000 2.218799 0.676598 1.699262 1.686005
 102.000000 2.490160 0.675441 1.732629 1.849325
 103.000000 2.152148 0.661058 1.712007 1.442403
 104.000000 2.081908 0.671668 1.691562 1.650067
 105.000000 1.894561 0.620302 1.465936 1.279979
 106.000000 2.157083 0.640420 1.591049 0.768447
 107.000000 2.332043 0.648711 1.684409 2.287625
 108.000000 2.204103 0.650079 1.664732 1.787606
 109.000000 2.181564 0.656692 1.665110 1.351445
 110.000000 2.318731 0.620901 1.485895 1.356739
 111.000000 2.363933 0.609310 1.446993 2.113077
 112.000000 2.323640 0.649277 1.662695 1.640669
 113.000000 2.337355 0.665532 1.697820 1.969951
 114.000000 2.193418 0.689645 1.809586 1.549467
 115.000000 2.151130 0.676110 1.858956 1.848858
 116.000000 2.009240 0.703511 1.961344 1.094069
 117.000000 2.146869 0.685654 1.828647 1.772996
 118.000000 2.158162 0.676351 1.715581 1.697419
 119.000000 2.182877 0.663288 1.675083 1.567287
 120.000000 2.182360 0.677787 1.810164 1.738288
 121.000000 2.170975 0.685500 1.872764 1.921889
 122.000000 2.182235 0.671643 1.794491 1.997518
 123.000000 2.249982 0.662228 1.723896 1.862571
 124.000000 2.343186 0.630927 1.596926 2.313219
 125.000000 2.161638 0.673203 1.790418 1.357585
 126.000000 2.119268 0.711897 1.948859 1.418343
 127.000000 1.862847 0.723025 1.939089 1.251320
 128.000000 2.184072 0.687911 1.867929 1.109962
 129.000000 2.230403 0.660979 1.718279 1.649076
 130.000000 0.488158 0.730079 1.992768 0.391860
 131.000000 0.419913 0.698704 1.955070 0.827221
 132.000000 0.695343 0.672377 1.781664 0.640495
 133.000000 0.550220 0.730107 2.071049 0.570321
 134.000000 1.381318 0.715120 2.011681 0.843455
 135.000000 1.103881 0.725264 2.021622 0.474232
 136.000000 0.617598 0.753738 2.075320 0.122376
 137.000000 0.428109 0.751704 2.218468 0.633220
 138.000000 0.458926 0.742110 2.100774 0.089942
 139.000000 1.974640 0.716894 2.052518 1.547864
 140.000000 2.105369 0.674624 1.825242 1.415247
 141.000000 2.349092 0.640147 1.614564 1.913244
 142.000000 2.242697 0.658001 1.721530 1.359090
 143.000000 2.271367 0.653279 1.680501 0.931402
 144.000000 2.239779 0.645569 1.618951 1.755370
 145.000000 2.199747 0.631400 1.482585 1.398850
 146.000000 2.106574 0.666373 1.750150 0.586366
 147.000000 2.196350 0.699901 1.909661 1.143507
 148.000000 2.188032 0.710645 1.908718 1.541624
 149.000000 2.113936 0.695869 1.830994 0.871508
 150.000000 2.144801 0.696541 1.686150 1.488267
 151.000000 2.274575 0.672773 1.680465 1.588386
 152.000000 2.107717 0.715679 1.881427 1.416214
 153.000000 1.541630 0.755440 2.028303 0.634540
 154.000000 1.742993 0.745420 2.012605 0.851591
 155.000000 1.561501 0.725454 1.978693 0.547024
 156.000000 1.521464 0.708220 1.787807 0.616458
 157.000000 1.949869 0.674458 1.698730 1.358015
 158.000000 2.053557 0.708929 1.854471 1.457327
 159.000000 2.350000 0.635901 1.645158 2.052495
 160.000000 2.262747 0.675937 1.807461 1.744842
 161.000000 2.147104 0.659156 1.746677 1.690336
 162.000000 2.309832 0.651063 1.618991 1.837745
 163.000000 2.212589 0.670387 1.731674 0.855828
 164.000000 2.188170 0.679592 1.841709 1.052661
 165.000000 1.206731 0.762045 2.032274 1.181514
 166.000000 0.590032 0.814247 2.134157 0.242103
 167.000000 1.124013 0.790626 2.210465 0.517353
 168.000000 1.259099 0.776687 2.216381 0.437899
 169.000000 1.182968 0.741719 2.080366 0.647810
 170.000000 1.116336 0.800253 2.232357 0.748615
 171.000000 1.236523 0.785107 2.122633 0.880007
 172.000000 1.276931 0.763208 2.075462 1.092355
 173.000000 1.144229 0.763234 1.973920 0.710921
 174.000000 1.088149 0.764421 1.991352 0.354535
 175.000000 2.086074 0.732669 2.022244 0.755859
 176.000000 1.968461 0.694856 1.899935 1.610417
 177.000000 2.173977 0.698517 1.924458 2.189199
 178.000000 2.095382 0.717430 2.006761 1.272086
 179.000000 2.139279 0.713736 1.929152 0.916792
 180.000000 2.164987 0.705130 1.942527 1.984850
 181.000000 2.176775 0.716844 2.016693 1.566996
 182.000000 2.150497 0.708881 1.950128 0.922818
 183.000000 2.305584 0.665385 1.763740 2.445797
 184.000000 2.339207 0.649829 1.642812 2.037784
 185.000000 2.379936 0.657998 1.723149 1.419888
 186.000000 1.938348 0.691783 1.765840 0.439798
 187.000000 2.231076 0.678220 1.738066 1.826819
 188.000000 2.163462 0.652575 1.668537 1.623782
 189.000000 2.209980 0.628728 1.463148 1.513052
 190.000000 2.220182 0.619174 1.460183 1.270298
 191.000000 2.115570 0.607792 1.313043 0.676829
 192.000000 2.243870 0.622633 1.431468 1.252635
 193.000000 2.364238 0.615581 1.481961 2.184511
 194.000000 2.210036 0.660518 1.654274 1.393614
 195.000000 2.281386 0.628112 1.462867 1.844761
 196.000000 2.312673 0.597239 1.269858 1.496342
 197.000000 2.424627 0.548366 0.976358 2.160940
 198.000000 2.481272 0.562430 1.189570 1.891344
 199.000000 2.284282 0.533465 0.884504 1.154774
 200.000000 2.172976 0.586551 1.141366 1.286188
 201.000000 2.219433 0.605487 1.262334 2.153663
 202.000000 2.246189 0.627887 1.363074 1.797607
 203.000000 2.087349 0.626769 1.345216 1.560842
 204.000000 2.206667 0.595105 1.219040 1.744393
 205.000000 2.166728 0.612585 1.388733 1.708033
 206.000000 2.156264 0.617679 1.486560 1.390561
 207.000000 2.139516 0.626110 1.363776 1.574057
 208.000000 2.180152 0.641724 1.515851 1.892493
 209.000000 2.122314 0.656385 1.517211 1.238276
 210.000000 2.294167 0.585076 1.105574 1.917069
 211.000000 2.378415 0.548968 1.013695 2.425469
 212.000000 1.234329 0.582913 0.995624 0.373400
 213.000000 2.291856 0.542826 0.903694 2.251651
 214.000000 2.350843 0.546508 0.870665 1.918176
 215.000000 2.246096 0.569903 1.099232 0.852185
 216.000000 2.350731 0.573533 1.202627 1.191567
 217.000000 0.790423 0.622169 1.216056 0.390995
 218.000000 2.276194 0.562602 1.090034 1.458251
 219.000000 2.320370 0.559365 0.969675 1.812851
 220.000000 2.309129 0.570462 1.047899 1.390599
 221.000000 2.283910 0.598583 1.245771 1.464132
 222.000000 2.286441 0.597136 1.188386 2.465046
 223.000000 2.189575 0.637559 1.517871 1.375818
 224.000000 2.314376 0.604058 1.342077 2.080868
 225.000000 2.136606 0.632785 1.440697 0.990901
 226.000000 2.220596 0.635324 1.491326 2.340503
 227.000000 2.040418 0.645550 1.527693 1.368626
 228.000000 2.522360 0.608579 1.478496 1.995842
 229.000000 2.096471 0.582184 1.201387 2.113305
 230.000000 2.069982 0.616609 1.495295 2.301543
 231.000000 2.169237 0.623313 1.517603 2.053687
 232.000000 2.110575 0.632984 1.541696 1.277213
 233.000000 1.783616 0.618692 1.443200 0.562954
 234.000000 2.464168 0.615617 1.380676 2.278536
 235.000000 2.215900 0.601315 1.286818 1.139332
 236.000000 2.167121 0.626288 1.337898 1.509499
 237.000000 2.146690 0.685849 1.724606 1.918341
 238.000000 2.084845 0.678161 1.685248 1.410302
 239.000000 2.108610 0.621278 1.336454 0.861767
 240.000000 2.175889 0.620035 1.380556 1.722681
 241.000000 1.885242 0.659287 1.603137 0.981713
 242.000000 2.106458 0.634495 1.473512 0.741015
 243.000000 1.114435 0.669619 1.573097 0.222639
 244.000000 2.153587 0.642986 1.477850 1.787163
 245.000000 2.303023 0.633655 1.466466 1.894248
 246.000000 1.654620 0.670916 1.615662 0.658773
 247.000000 1.391600 0.650643 1.609548 0.831779
 248.000000 1.379617 0.680160 1.687327 0.492777
 249.000000 1.294342 0.682341 1.755929 0.436481
 250.000000 1.499242 0.668480 1.697173 1.501643
 251.000000 1.510769 0.625806 1.369506 0.731217
 252.000000 1.218859 0.646562 1.437962 0.896830
 253.000000 1.818246 0.616536 1.369424 1.402622
 254.000000 1.370032 0.618200 1.174585 0.306246
 255.000000 2.147674 0.627257 1.358934 0.776480
 256.000000 1.826916 0.667725 1.672112 0.679417
 257.000000 1.456941 0.656332 1.626153 1.082159
 258.000000 1.697622 0.683002 1.751558 0.731406
 259.000000 1.499083 0.661319 1.548258 0.815733
 260.000000 1.628855 0.640561 1.474798 0.942608
 261.000000 1.781390 0.622779 1.400460 1.409742
 262.000000 1.659373 0.579079 1.187694 0.948843
 263.000000 1.859183 0.553808 1.050490 1.424530
 264.000000 0.451797 0.582210 0.876989 0.179448
 265.000000 0.326935 0.582654 0.824613 0.052029
 266.000000 1.377595 0.553095 0.797412 0.211215
 267.000000 1.651109 0.563315 0.802848 0.518857
 268.000000 0.748820 0.545363 0.712059 0.084383
 269.000000 0.376393 0.550873 0.717516 0.236446
 270.000000 0.270771 0.591462 0.857823 0.029612
 271.000000 0.069005 0.651631 1.030413 0.007892
 272.000000 0.067385 0.661180 1.095187 0.011688
 273.000000 0.083170 0.623374 0.905356 0.014057
 274.000000 0.133791 0.612693 0.920550 0.022692
 275.000000 0.154682 0.647358 1.203257 0.031694
 276.000000 0.155316 0.649316 1.304625 0.012056
 277.000000 0.081484 0.705141 1.672073 0.010262
 278.000000 0.081715 0.744286 1.774356 0.013128
 279.000000 0.348237 0.699342 1.866782 0.079995
 280.000000 2.370840 0.626807 1.614173 2.313608
 281.000000 2.449505 0.581454 1.382180 1.184098
 282.000000 1.500131 0.631571 1.548037 0.329011
 283.000000 2.066871 0.625634 1.664040 0.880904
 284.000000 2.280506 0.641735 1.798277 1.707330
 285.000000 2.176126 0.659017 1.788530 1.942651
 286.000000 2.632817 0.651719 1.718474 2.365008
 287.000000 2.688580 0.644648 1.761557 1.717663
 288.000000 1.490520 0.710800 1.961144 1.016680
 289.000000 2.347478 0.693835 1.974881 1.071766
 290.000000 2.446720 0.692139 2.006416 1.303208
 291.000000 1.733033 0.600837 1.433543 1.294317
 292.000000 0.882102 0.629481 1.595951 0.314801
 293.000000 0.674654 0.603042 1.456051 0.194961
 294.000000 0.379877 0.596644 1.201953 0.094295
 295.000000 0.498850 0.603157 1.343971 0.170246
 296.000000 0.722569 0.587964 1.273115 0.367740
 297.000000 0.415312 0.646255 1.402225 0.114105
 298.000000 1.356620 0.591555 1.248805 0.448280
 299.000000 0.396250 0.591426 1.280585 0.287348
 300.000000 0.939996 0.553876 1.084525 0.534143
 301.000000 1.474409 0.577734 1.337094 0.724607
 302.000000 1.210672 0.580129 1.167265 0.774064
 303.000000 0.842456 0.550028 1.233361 0.303286
 304.000000 0.629880 0.610542 1.400645 0.178937
 305.000000 1.443332 0.609770 1.509567 0.659745
 306.000000 1.261587 0.593243 1.349787 1.098160
 307.000000 0.967855 0.610525 1.503893 0.763588
 308.000000 0.382428 0.653918 1.638608 0.103318
 309.000000 0.249148 0.643049 1.470538 0.133290
 310.000000 0.117588 0.704081 1.790542 0.122341
 311.000000 0.119615 0.690575 1.749300 0.039011
 312.000000 0.068203 0.759260 2.034407 0.028965
 313.000000 0.081511 0.729753 1.922046 0.037345
 314.000000 0.116717 0.735239 1.863838 0.083384
 315.000000 0.093008 0.734515 1.967823 0.039289
 316.000000 0.100391 0.725496 1.868484 0.026681
 317.000000 0.112205 0.702468 1.675342 0.033218
 318.000000 0.075314 0.739607 2.067606 0.009153
 319.000000 0.068347 0.777202 2.099944 0.038712
 320.000000 0.114033 0.717055 1.981397 0.026290
 321.000000 0.075303 0.726835 1.734164 0.024307
 322.000000 0.066411 0.727198 1.795176 0.013408
 323.000000 0.068134 0.733253 1.787590 0.022028
 324.000000 0.060117 0.729537 1.833958 0.017294
 325.000000 0.092972 0.671341 1.569473 0.026071
 326.000000 0.139281 0.634208 1.436840 0.012086
 327.000000 0.113027 0.657262 1.417402 0.023684
 328.000000 0.124323 0.651314 1.295387 0.183713
 329.000000 0.102638 0.687529 1.510999 0.022054
 330.000000 0.082211 0.740697 1.675333 0.028213
 331.000000 0.062661 0.739285 1.836529 0.014022
 332.000000 0.057237 0.768240 1.936720 0.015606
 333.000000 0.070454 0.768292 1.964931 0.011978
 334.000000 0.079864 0.757395 1.777753 0.011728
 335.000000 0.123178 0.702355 1.606392 0.026607
 336.000000 0.076674 0.752405 1.835131 0.020714
 337.000000 0.070527 0.766664 1.954081 0.013937
 338.000000 0.076902 0.759269 2.037484 0.011301
 339.000000 0.081756 0.724889 1.869334 0.010752
 340.000000 0.137936 0.659311 1.481180 0.028894
 341.000000 0.095676 0.685766 1.468477 0.020594
 342.000000 0.087818 0.695975 1.419575 0.017988
 343.000000 0.086883 0.714429 1.466071 0.016543
 344.000000 0.078783 0.721878 1.389894 0.019167
 345.000000 0.060747 0.743359 1.479955 0.010119
 346.000000 0.099468 0.696489 1.519705 0.021149
 347.000000 0.089582 0.730687 1.579616 0.014029
 348.000000 0.092815 0.737287 1.808592 0.012178
 349.000000 0.091066 0.734090 1.698608 0.013904
 350.000000 0.100022 0.718754 1.576285 0.020013
 351.000000 0.088962 0.721005 1.545034 0.019790
 352.000000 0.104782 0.735119 1.688000 0.014812
 353.000000 0.091414 0.726590 1.735740 0.018685
 354.000000 0.066104 0.769562 1.767272 0.009447
 355.000000 0.062828 0.787245 1.898674 0.010940
 356.000000 0.087809 0.783803 2.176836 0.012855
 357.000000 0.094202 0.760980 2.028010 0.025344
 358.000000 0.059814 0.819302 2.150723 0.008497
 359.000000 0.082054 0.786495 2.032877 0.016628
 360.000000 0.068202 0.806186 2.115446 0.009158
 361.000000 0.051405 0.823667 2.137650 0.010297
 362.000000 0.053703 0.796449 1.931156 0.008547
 363.000000 0.063083 0.810438 1.861207 0.007313
 364.000000 0.052701 0.784619 1.732941 0.005028
 365.000000 0.053168 0.764097 1.616233 0.004464
 366.000000 0.057863 0.769159 1.608700 0.007211
 367.000000 0.048690 0.776091 1.543237 0.003890
 368.000000 0.052842 0.785263 1.652579 0.004679
 369.000000 0.061046 0.790129 1.642913 0.004869
 370.000000 0.060435 0.764048 1.579505 0.005444
 371.000000 0.041208 0.819657 2.001840 0.005019
 372.000000 0.039281 0.839284 2.171802 0.004966
 373.000000 0.061187 0.814450 1.974361 0.008464
 374.000000 0.094832 0.782241 2.046914 0.010954
 375.000000 0.223652 0.781936 2.206465 0.036859
 376.000000 0.064469 0.823602 2.287849 0.013138
 377.000000 0.029072 0.878011 2.480665 0.004004
 378.000000 0.062658 0.826266 2.097210 0.009288
 379.000000 0.051325 0.792444 1.792455 0.005383
 380.000000 0.054420 0.760747 1.540495 0.007923
 381.000000 0.068826 0.776546 1.655800 0.008533
 382.000000 0.062259 0.791917 1.834345 0.008007
 383.000000 0.066084 0.804460 1.856147 0.009616
 384.000000 0.060151 0.827217 1.996437 0.007978
 385.000000 0.153567 0.805628 2.147636 0.043220
 386.000000 0.086728 0.807630 2.123787 0.013125
 387.000000 0.021003 0.890208 2.447682 0.002951
 388.000000 0.059905 0.842171 2.358543 0.005863
 389.000000 0.037347 0.857332 2.238615 0.004350
 390.000000 0.047275 0.860063 2.189658 0.008407
 391.000000 0.019956 0.902148 2.350895 0.005451
 392.000000 0.028946 0.866065 2.133947 0.020594
 393.000000 0.027687 0.856564 2.222199 0.012559
 394.000000 0.024332 0.855254 2.194170 0.017074
 395.000000 0.047037 0.847152 2.282640 0.013095
 396.000000 0.040684 0.840681 2.209695 0.012493
 397.000000 0.072707 0.822181 2.213861 0.039340
 398.000000 0.023945 0.889580 2.433794 0.004350
 399.000000 0.038154 0.832146 2.283093 0.008832
 400.000000 0.040142 0.868776 2.361149 0.008514
 401.000000 0.057646 0.840200 2.272958 0.050015
 402.000000 0.022442 0.872247 2.322200 0.008282
 403.000000 0.055352 0.855499 2.256782 0.044672
 404.000000 0.067355 0.823529 2.058278 0.033843
 405.000000 0.039658 0.815994 2.206016 0.013679
 406.000000 0.056338 0.768319 2.084182 0.019177
 407.000000 0.046964 0.813635 2.171710 0.035910
 408.000000 0.027801 0.853354 2.258601 0.009663
 409.000000 0.040494 0.841092 2.229864 0.021678
 410.000000 0.029793 0.837945 2.251168 0.021589
 411.000000 0.074847 0.818041 2.203947 0.051215
 412.000000 0.150970 0.811884 2.150083 0.142509
 413.000000 0.251317 0.787828 2.132961 0.218919
 414.000000 0.192658 0.768154 1.938718 0.470478
 415.000000 0.180575 0.753343 1.798072 0.639635
 416.000000 0.159174 0.751355 1.789647 0.881826
 417.000000 0.160266 0.763985 1.858506 0.755107
 418.000000 0.153820 0.732584 1.516224 0.776779
 419.000000 0.118524 0.741676 1.656088 0.512906
 420.000000 0.173249 0.736790 1.816347 0.908922
 421.000000 0.154253 0.767356 1.874845 0.794444
 422.000000 0.225473 0.756098 2.000436 0.404263
 423.000000 0.207732 0.758795 1.863872 0.876004
 424.000000 0.144233 0.741043 1.620375 0.535556
 425.000000 0.197255 0.692582 1.348358 0.763618
 426.000000 0.154575 0.741556 1.591850 0.512174
 427.000000 0.149324 0.728889 1.580641 0.772885
 428.000000 0.160399 0.750403 1.798596 0.370685
 429.000000 0.219000 0.743096 1.872817 0.716124
 430.000000 0.173009 0.723290 1.709794 0.581056
 431.000000 0.227935 0.740481 1.925831 0.764971
 432.000000 0.178180 0.749468 1.749495 0.108473
 433.000000 0.172282 0.753438 1.748883 0.235318
 434.000000 0.275174 0.777128 1.987699 0.177984
 435.000000 0.131348 0.742624 1.612807 0.830353
 436.000000 0.155672 0.781579 1.924717 0.649084
 437.000000 0.191822 0.769538 1.984890 0.677381
 438.000000 0.225580 0.788348 2.076925 0.180332
 439.000000 0.138577 0.774719 2.079145 0.041369
 440.000000 0.198902 0.790806 2.125126 0.144262
 441.000000 0.159262 0.764042 1.987061 0.501368
 442.000000 0.288522 0.775189 2.041547 0.091323
 443.000000 0.223104 0.758116 2.014409 0.320478
 444.000000 0.213483 0.796539 2.164785 0.636685
 445.000000 0.235434 0.755722 1.939828 0.716104
 446.000000 0.230187 0.756657 2.002439 0.511446
 447.000000 0.250489 0.790689 2.110919 0.211058
 448.000000 0.186285 0.757792 1.886622 0.298901
 449.000000 0.164510 0.768484 1.824481 0.608700
 450.000000 0.131188 0.757170 1.636316 0.694352
 451.000000 0.146260 0.751925 1.824451 0.837009
 452.000000 0.141963 0.729409 1.709273 0.589679
 453.000000 0.245075 0.770074 1.951013 0.183178
 454.000000 0.185873 0.754082 1.949287 0.240167
 455.000000 0.193951 0.755174 1.885800 0.168794
 456.000000 0.199051 0.757651 1.815865 0.084509
 457.000000 0.206800 0.749057 1.758864 0.333675
 458.000000 0.126136 0.725024 1.450926 0.743576
 459.000000 0.131681 0.746407 1.636128 0.505652
 460.000000 0.243762 0.721620 1.598097 0.264206
 461.000000 0.204339 0.725492 1.696314 0.076520
 462.000000 0.137094 0.737625 1.639441 0.722427
 463.000000 0.265046 0.773965 1.916389 0.157455
 464.000000 0.144839 0.773075 1.911488 0.775914
 465.000000 0.205666 0.814955 2.138525 0.145204
 466.000000 0.108494 0.810555 2.095784 0.036106
 467.000000 0.055920 0.836751 2.242158 0.014303
 468.000000 0.091845 0.814637 2.204707 0.026725
 469.000000 0.102319 0.808559 2.080750 0.021626
 470.000000 0.033312 0.848214 2.238229 0.003365
 471.000000 0.039144 0.818909 1.981430 0.003558
 472.000000 0.036510 0.757666 1.502699 0.002748
 473.000000 0.041516 0.753576 1.712568 0.007782
 474.000000 0.038781 0.735737 1.552195 0.004220
 475.000000 0.034432 0.784818 1.973213 0.005123
 476.000000 0.030148 0.822801 2.242080 0.004462
 477.000000 0.040665 0.798199 2.091722 0.008403
 478.000000 0.035655 0.811295 2.153854 0.008896
 479.000000 0.050668 0.817460 2.180311 0.004649
 480.000000 0.034256 0.843855 2.361653 0.004040
 481.000000 0.024777 0.878852 2.390247 0.002278
 482.000000 0.036408 0.808685 2.071377 0.004838
 483.000000 0.025348 0.833761 2.094978 0.003780
 484.000000 0.024442 0.784993 1.653798 0.001932
 485.000000 0.015707 0.883688 2.142091 0.002316
 486.000000 0.020323 0.867530 2.153035 0.002181
 487.000000 0.022564 0.842124 2.078393 0.002857
 488.000000 0.027909 0.803453 1.804289 0.002211
 489.000000 0.029953 0.827093 2.041988 0.003298
 490.000000 0.043900 0.777111 1.758837 0.004265
 491.000000 0.033228 0.771973 1.698957 0.006357
 492.000000 0.038215 0.768917 1.639980 0.006251
 493.000000 0.030738 0.803757 1.779537 0.005333
 494.000000 0.033077 0.817086 1.862655 0.004349
 495.000000 0.023539 0.887222 2.206301 0.002209
 496.000000 0.035122 0.826414 2.075616 0.003573
 497.000000 0.028194 0.858421 2.175194 0.002336
 498.000000 0.053006 0.807242 2.153119 0.006027
 499.000000 0.039951 0.806394 1.979526 0.003742
 500.000000 0.028571 0.821180 2.036179 0.003023
