#! FIELDS time alpha rg e2e hbond
 0.000000 0.130277 0.585410 1.159340 0.023832
 1.000000 0.097593 0.641214 1.474545 0.010818
 2.000000 0.082296 0.645256 1.311223 0.008359
 3.000000 0.100135 0.646446 1.360970 0.007634
 4.000000 0.133957 0.614436 1.176194 0.021204
 5.000000 0.082870 0.683937 1.638220 0.008428
 6.000000 0.194902 0.644208 1.533737 0.024120
 7.000000 0.095739 0.640103 1.330308 0.013748
 8.000000 0.080147 0.686192 1.588823 0.009209
 9.000000 0.105639 0.648363 1.347734 0.014506
 10.000000 0.127225 0.644417 1.496815 0.017056
 11.000000 0.124441 0.637666 1.385846 0.018114
 12.000000 0.086942 0.657379 1.479942 0.011679
 13.000000 0.091982 0.672582 1.590440 0.016263
 14.000000 0.092993 0.670168 1.579658 0.018932
 15.000000 0.055225 0.782597 2.186691 0.006885
 16.000000 0.038760 0.780276 2.158097 0.006639
 17.000000 0.021837 0.862199 2.389152 0.002854
 18.000000 0.020157 0.878971 2.408125 0.004944
 19.000000 0.025606 0.877756 2.403598 0.015361
 20.000000 0.029078 0.866375 2.431127 0.004135
 21.000000 0.039156 0.831482 2.315845 0.007689
 22.000000 0.028725 0.839294 2.338621 0.003432
 23.000000 0.051759 0.782846 2.221944 0.007717
 24.000000 0.060936 0.743991 2.074559 0.007484
 25.000000 0.039382 0.789825 2.256652 0.004404
 26.000000 0.035683 0.803827 2.207539 0.004255
 27.000000 0.051717 0.749743 2.109569 0.006992
 28.000000 0.079642 0.727642 2.052623 0.010216
 29.000000 0.051841 0.753025 2.160812 0.003378
 30.000000 0.054979 0.759124 2.150540 0.005050
 31.000000 0.044593 0.809591 2.358784 0.003977
 32.000000 0.035648 0.839697 2.334927 0.004565
 33.000000 0.041953 0.765289 1.926800 0.003765
 34.000000 0.054251 0.767339 2.099304 0.006183
 35.000000 0.055504 0.762383 2.028318 0.005157
 36.000000 0.057997 0.758102 2.060037 0.010571
 37.000000 0.062185 0.767570 2.055644 0.007925
 38.000000 0.048650 0.807224 2.379901 0.004228
 39.000000 0.048087 0.784937 2.293265 0.003854
 40.000000 0.026746 0.846910 2.382413 0.001820
 41.000000 0.032798 0.819355 2.249072 0.002772
 42.000000 0.032269 0.799461 2.072697 0.003008
 43.000000 0.033776 0.711744 1.391780 0.002078
 44.000000 0.060320 0.640922 1.208054 0.003639
 45.000000 0.046879 0.713029 1.582527 0.003599
 46.000000 0.035422 0.721430 1.566052 0.002317
 47.000000 0.091270 0.666212 1.305125 0.005004
 48.000000 0.061796 0.681071 1.387733 0.005064
 49.000000 0.052683 0.711071 1.577615 0.003110
 50.000000 0.042771 0.724661 1.683430 0.002639
 51.000000 0.030794 0.774487 1.860612 0.002697
 52.000000 0.034853 0.761563 1.912421 0.002626
 53.000000 0.020632 0.839413 2.301044 0.001550
 54.000000 0.025218 0.761818 1.672633 0.001680
 55.000000 0.038219 0.729648 1.756104 0.002571
 56.000000 0.037998 0.704822 1.524362 0.002936
 57.000000 0.048790 0.737204 1.713693 0.005404
 58.000000 0.053936 0.756261 1.902104 0.006308
 59.000000 0.053705 0.752236 1.925671 0.006248
 60.000000 0.049115 0.769293 2.005976 0.005147
 61.000000 0.036729 0.729389 1.447884 0.002920
 62.000000 0.048970 0.722476 1.439302 0.007042
 63.000000 0.043766 0.722699 1.546114 0.003222
 64.000000 0.056553 0.700673 1.393932 0.005948
 65.000000 0.041495 0.753300 1.690946 0.003995
 66.000000 0.028914 0.791968 1.902101 0.002690
 67.000000 0.030996 0.780752 1.858239 0.003080
 68.000000 0.032864 0.802684 1.959597 0.002911
 69.000000 0.039386 0.778441 1.872031 0.004284
 70.000000 0.051508 0.744666 1.661275 0.005058
 71.000000 0.028678 0.798790 1.868655 0.003222
 72.000000 0.045430 0.764467 1.826691 0.004725
 73.000000 0.027493 0.808089 2.084051 0.001880
 74.000000 0.019398 0.852990 2.200246 0.001530
 75.000000 0.023713 0.805648 2.060282 0.001873
 76.000000 0.029597 0.794050 1.983783 0.002109
 77.000000 0.049035 0.741228 1.767379 0.004163
 78.000000 0.022973 0.856118 2.288268 0.002204
 79.000000 0.028494 0.851605 2.344967 0.002595
 80.000000 0.018992 0.902359 2.569884 0.001862
 81.000000 0.021297 0.906870 2.635527 0.002430
 82.000000 0.021801 0.905325 2.598601 0.002484
 83.000000 0.018141 0.918829 2.702264 0.002128
 84.000000 0.020289 0.881573 2.472027 0.002115
 85.000000 0.024743 0.857277 2.353487 0.003340
 86.000000 0.022458 0.858914 2.303488 0.001903
 87.000000 0.026363 0.826496 2.131272 0.003504
 88.000000 0.015803 0.898445 2.507410 0.001891
 89.000000 0.014522 0.941532 2.726503 0.002234
 90.000000 0.027060 0.874525 2.515182 0.003920
 91.000000 0.071432 0.812776 2.352497 0.006222
 92.000000 0.022373 0.869043 2.489829 0.002358
 93.000000 0.036042 0.807359 2.170693 0.003035
 94.000000 0.058175 0.767073 1.954863 0.004623
 95.000000 0.056620 0.763949 1.860061 0.004962
 96.000000 0.089751 0.709516 1.604783 0.008414
 97.000000 0.067520 0.809628 2.262001 0.009656
 98.000000 0.067850 0.772644 1.936610 0.008104
 99.000000 0.092923 0.773850 1.989608 0.013296
 100.000000 0.071357 0.800302 2.219220 0.010059
 101.000000 0.069439 0.823729 2.216012 0.007858
 102.000000 0.106817 0.781410 2.131572 0.015669
 103.000000 0.107050 0.777501 2.169962 0.011056
 104.000000 0.089027 0.768267 1.977801 0.012216
 105.000000 0.109975 0.761225 2.012567 0.013805
 106.000000 0.075214 0.799882 2.222327 0.008807
 107.000000 0.044533 0.863605 2.500012 0.005057
 108.000000 0.026572 0.899938 2.603723 0.003678
 109.000000 0.019433 0.923903 2.664363 0.002811
 110.000000 0.030556 0.901376 2.632778 0.003777
 111.000000 0.023397 0.905792 2.632586 0.003591
 112.000000 0.023410 0.917218 2.690755 0.002458
 113.000000 0.037010 0.861065 2.477753 0.004688
 114.000000 0.075416 0.789935 2.158277 0.006324
 115.000000 0.310619 0.727406 2.044438 0.078204
 116.000000 0.490550 0.656763 1.780834 0.783224
 117.000000 0.446772 0.664502 1.647771 0.389358
 118.000000 0.402447 0.693367 1.813929 0.350011
 119.000000 0.384312 0.680754 1.887311 0.198181
 120.000000 0.188464 0.747202 2.138507 0.039644
 121.000000 0.255089 0.752844 2.114113 0.204963
 122.000000 0.456158 0.697258 2.006575 0.574937
 123.000000 0.359577 0.724700 2.081376 0.135964
 124.000000 0.283734 0.726083 1.910465 0.137829
 125.000000 0.323368 0.711322 1.982062 0.029387
 126.000000 0.411823 0.656504 1.683159 0.429600
 127.000000 0.353299 0.678190 1.799476 0.424524
 128.000000 0.324112 0.694331 1.979088 0.152854
 129.000000 0.327456 0.733870 2.099824 0.226323
 130.000000 0.353697 0.693339 1.847056 0.301119
 131.000000 0.236775 0.737782 2.021698 0.199111
 132.000000 0.279071 0.708837 1.794545 0.159040
 133.000000 0.344892 0.687418 1.745894 0.251086
 134.000000 0.381108 0.695147 1.808614 0.219233
 135.000000 0.400392 0.677442 1.747772 0.344054
 136.000000 0.371822 0.636717 1.496845 0.437585
 137.000000 0.287672 0.623756 1.115969 0.558181
 138.000000 0.384381 0.629684 1.237688 0.562975
 139.000000 0.875649 0.648051 1.580122 0.495338
 140.000000 0.346816 0.656785 1.582129 0.101426
 141.000000 0.287081 0.663349 1.776589 0.054776
 142.000000 0.293132 0.672384 1.759814 0.111866
 143.000000 0.279630 0.656196 1.544561 0.177184
 144.000000 0.231076 0.624510 1.340583 0.337918
 145.000000 0.194854 0.582397 1.008914 0.227451
 146.000000 0.173254 0.605623 1.214842 0.102082
 147.000000 0.180013 0.608224 1.371779 0.344151
 148.000000 0.193686 0.570966 0.909304 0.068474
 149.000000 0.190639 0.604954 1.120569 0.549041
 150.000000 0.165210 0.602313 1.187178 0.047579
 151.000000 0.381685 0.662133 1.563074 0.572525
 152.000000 0.449152 0.630753 1.531765 0.824698
 153.000000 0.435312 0.659080 1.666233 0.663047
 154.000000 0.356200 0.713481 1.914813 0.549276
 155.000000 0.272387 0.753876 2.136851 0.147573
 156.000000 0.403177 0.733488 2.082415 0.237273
 157.000000 0.300587 0.717469 1.874113 0.125507
 158.000000 0.320021 0.699235 1.504327 0.167819
 159.000000 0.256703 0.730026 1.826704 0.068346
 160.000000 0.181661 0.751417 1.908397 0.077116
 161.000000 0.333189 0.720415 1.825724 0.160357
 162.000000 0.323550 0.703840 1.863039 0.155547
 163.000000 0.213664 0.755339 2.117648 0.050301
 164.000000 0.135367 0.760755 2.111070 0.033060
 165.000000 0.259810 0.734774 2.158531 0.077916
 166.000000 0.216806 0.741982 2.161549 0.039145
 167.000000 0.176871 0.757017 2.127366 0.053381
 168.000000 0.104189 0.778352 2.142211 0.022587
 169.000000 0.293146 0.765274 2.090872 0.078652
 170.000000 0.107303 0.792834 2.182968 0.029824
 171.000000 0.268086 0.735813 2.010196 0.073234
 172.000000 0.929435 0.695554 1.983577 0.745363
 173.000000 0.484506 0.726672 2.033647 0.151355
 174.000000 0.494829 0.728277 1.991381 0.213320
 175.000000 0.282896 0.759242 2.092606 0.080335
 176.000000 0.269717 0.736927 1.991633 0.172216
 177.000000 0.190529 0.765224 2.074140 0.075512
 178.000000 0.220534 0.730346 1.984175 0.046408
 179.000000 1.272420 0.704695 1.975412 0.355170
 180.000000 1.200304 0.714100 2.000378 0.450498
 181.000000 1.343154 0.696038 2.011986 1.318645
 182.000000 1.207407 0.657689 1.775667 0.833103
 183.000000 1.234169 0.669837 1.900844 0.920782
 184.000000 1.408642 0.637397 1.804104 1.072412
 185.000000 1.372387 0.698797 2.113681 0.595090
 186.000000 1.207106 0.714765 2.060321 0.244532
 187.000000 1.497069 0.692600 2.092461 0.675484
 188.000000 1.354007 0.721831 2.167167 0.531760
 189.000000 1.384152 0.712226 2.134549 0.477753
 190.000000 1.479544 0.699854 2.077891 0.736404
 191.000000 1.533893 0.673554 2.005333 0.552377
 192.000000 0.276295 0.732722 2.086610 0.029892
 193.000000 0.135542 0.784334 2.274382 0.018631
 194.000000 0.282954 0.735636 2.082693 0.049820
 195.000000 0.654249 0.711696 2.105027 0.107590
 196.000000 0.129356 0.777208 2.146700 0.015649
 197.000000 0.222417 0.751418 2.104618 0.030905
 198.000000 0.080827 0.797444 2.241061 0.005192
 199.000000 0.031649 0.865408 2.440707 0.002105
 200.000000 0.073546 0.774042 2.229968 0.004611
 201.000000 0.100750 0.773531 2.249450 0.006382
 202.000000 0.071454 0.793933 2.268246 0.004374
 203.000000 0.111019 0.774529 2.261893 0.007041
 204.000000 0.059302 0.799510 2.304104 0.005864
 205.000000 0.040141 0.836574 2.381721 0.002936
 206.000000 0.076776 0.787275 2.248967 0.005632
 207.000000 0.076816 0.790651 2.305241 0.005344
 208.000000 0.048960 0.789030 2.271009 0.002655
 209.000000 0.064185 0.796330 2.274532 0.003922
 210.000000 0.033987 0.859390 2.329275 0.003100
 211.000000 0.030650 0.840046 2.328279 0.001745
 212.000000 0.086083 0.693432 1.705128 0.005891
 213.000000 0.062649 0.727648 1.802287 0.004032
 214.000000 0.075642 0.714377 1.844210 0.005145
 215.000000 0.055468 0.718850 1.581969 0.005564
 216.000000 0.093946 0.651390 1.278951 0.006282
 217.000000 0.075797 0.679476 1.310265 0.005582
 218.000000 0.045193 0.727205 1.612831 0.003855
 219.000000 0.033140 0.749271 1.721177 0.002863
 220.000000 0.031249 0.761122 1.772509 0.002540
 221.000000 0.053442 0.696783 1.323647 0.004795
 222.000000 0.046647 0.736383 1.610492 0.003872
 223.000000 0.057847 0.708402 1.443949 0.003921
 224.000000 0.050755 0.713065 1.349049 0.003355
 225.000000 0.047509 0.689172 1.079773 0.003191
 226.000000 0.056650 0.690237 1.327897 0.003543
 227.000000 0.044920 0.699396 1.410888 0.003339
 228.000000 0.031196 0.747198 1.678537 0.001849
 229.000000 0.034118 0.742269 1.577684 0.002615
 230.000000 0.045310 0.740166 1.750522 0.003510
 231.000000 0.036350 0.718364 1.528148 0.002424
 232.000000 0.063505 0.725758 1.878548 0.002716
 233.000000 0.050789 0.680085 1.456848 0.002840
 234.000000 0.043625 0.730586 1.614340 0.004301
 235.000000 0.045636 0.734003 1.706001 0.003341
 236.000000 0.034860 0.768837 1.781365 0.002979
 237.000000 0.021238 0.829210 1.994157 0.002884
 238.000000 0.023212 0.810511 1.981298 0.001888
 239.000000 0.041153 0.746177 1.747549 0.003224
 240.000000 0.043879 0.735224 1.687084 0.002831
 241.000000 0.036579 0.739280 1.561048 0.003225
 242.000000 0.046029 0.738413 1.730285 0.003030
 243.000000 0.039253 0.741313 1.635823 0.003665
 244.000000 0.043726 0.736283 1.630148 0.003975
 245.000000 0.033614 0.757947 1.794664 0.003344
 246.000000 0.070937 0.720257 1.645769 0.006924
 247.000000 0.033948 0.796700 1.984218 0.002665
 248.000000 0.039386 0.809511 2.225607 0.003437
 249.000000 0.026628 0.851147 2.345492 0.003018
 250.000000 0.023205 0.838804 2.194675 0.001962
 251.000000 0.060764 0.749193 1.860449 0.004949
 252.000000 0.040114 0.783841 1.869295 0.003799
 253.000000 0.038148 0.793058 2.026516 0.002815
 254.000000 0.029685 0.798487 2.078387 0.001957
 255.000000 0.027851 0.812201 2.030902 0.002162
 256.000000 0.036293 0.796272 1.964929 0.003766
 257.000000 0.071241 0.716640 1.759812 0.010129
 258.000000 0.027930 0.799379 2.017439 0.002070
 259.000000 0.032784 0.777611 1.797699 0.002856
 260.000000 0.062684 0.686673 1.646366 0.009293
 261.000000 0.059804 0.686918 1.406507 0.004758
 262.000000 0.070012 0.677230 1.489589 0.003628
 263.000000 0.078585 0.683751 1.472630 0.006953
 264.000000 0.049430 0.686426 1.471524 0.003154
 265.000000 0.063660 0.674407 1.367846 0.005149
 266.000000 0.037021 0.746414 1.500415 0.003952
 267.000000 0.037525 0.713622 1.451629 0.002515
 268.000000 0.057010 0.719532 1.608896 0.004950
 269.000000 0.062589 0.691876 1.405085 0.004634
 270.000000 0.068902 0.677517 1.311400 0.005702
 271.000000 0.052631 0.702520 1.619447 0.004108
 272.000000 0.039633 0.753749 1.858485 0.003309
 273.000000 0.036429 0.787549 2.135533 0.004270
 274.000000 0.023610 0.826745 2.079236 0.001919
 275.000000 0.031543 0.834844 2.250837 0.002533
 276.000000 0.059113 0.727904 1.880534 0.004315
 277.000000 0.038102 0.783500 2.023634 0.002687
 278.000000 0.048015 0.743318 1.910193 0.003522
 279.000000 0.041396 0.752739 1.865630 0.002941
 280.000000 0.049645 0.771215 1.928999 0.003489
 281.000000 0.063733 0.753298 1.902427 0.003978
 282.000000 0.052544 0.769241 1.981980 0.002866
 283.000000 0.041789 0.810082 2.034354 0.003496
 284.000000 0.047497 0.804839 1.964693 0.003638
 285.000000 0.064112 0.733081 1.658390 0.007065
 286.000000 0.049978 0.713174 1.408173 0.003022
 287.000000 0.077051 0.707003 1.531396 0.004539
 288.000000 0.051776 0.730057 1.702343 0.004639
 289.000000 0.060848 0.748745 1.776315 0.005370
 290.000000 0.068042 0.710970 1.574515 0.003924
 291.000000 0.125488 0.689072 1.689179 0.008166
 292.000000 0.043020 0.734513 1.703339 0.002233
 293.000000 0.074850 0.709017 1.811411 0.004708
 294.000000 0.043309 0.736823 1.829688 0.004248
 295.000000 0.062393 0.730016 1.912513 0.006869
 296.000000 0.054434 0.735418 1.873601 0.003324
 297.000000 0.065848 0.673185 1.534319 0.003962
 298.000000 0.077737 0.644002 1.508373 0.006281
 299.000000 0.074817 0.673961 1.685697 0.004640
 300.000000 0.094867 0.632698 1.528648 0.007849
 301.000000 0.098376 0.615738 1.423224 0.005934
 302.000000 0.106639 0.617394 1.318663 0.007468
 303.000000 0.079481 0.639151 1.470781 0.005373
 304.000000 0.062841 0.661202 1.347233 0.006245
 305.000000 0.098843 0.639546 1.322264 0.005313
 306.000000 0.082475 0.691774 1.602125 0.004577
 307.000000 0.090959 0.622365 1.392043 0.006585
 308.000000 0.064585 0.692112 1.627186 0.004349
 309.000000 0.079067 0.654762 1.506799 0.003656
 310.000000 0.064074 0.675589 1.516445 0.004614
 311.000000 0.064185 0.665878 1.400240 0.005820
 312.000000 0.044976 0.708788 1.723767 0.004335
 313.000000 0.038917 0.733155 1.876361 0.002785
 314.000000 0.059578 0.696727 1.680668 0.006649
 315.000000 0.075328 0.677054 1.570421 0.006428
 316.000000 0.046860 0.731243 1.836178 0.004285
 317.000000 0.033035 0.732288 1.685075 0.002774
 318.000000 0.062731 0.748538 1.802802 0.051958
 319.000000 0.084068 0.728475 1.780282 0.023843
 320.000000 0.235762 0.691517 1.611039 0.290432
 321.000000 0.163011 0.668903 1.487017 0.093632
 322.000000 0.228953 0.654555 1.429562 0.190292
 323.000000 0.132296 0.661825 1.542771 0.170528
 324.000000 0.223691 0.658375 1.569030 0.395337
 325.000000 0.117514 0.679753 1.634222 0.089148
 326.000000 0.144025 0.716988 1.803213 0.280446
 327.000000 0.210648 0.720068 1.859579 0.440514
 328.000000 0.111347 0.717364 1.819493 0.324372
 329.000000 0.122802 0.671375 1.586352 0.152041
 330.000000 0.135828 0.667189 1.622400 0.033746
 331.000000 0.178720 0.635428 1.396217 0.296884
 332.000000 0.183089 0.660348 1.524682 0.264436
 333.000000 0.163135 0.645213 1.443095 0.172147
 334.000000 0.146607 0.658818 1.396631 0.292523
 335.000000 0.087628 0.679134 1.515988 0.056651
 336.000000 0.156460 0.635529 1.369235 0.195195
 337.000000 0.436042 0.639220 1.277136 0.483804
 338.000000 0.140224 0.650570 1.453676 0.174448
 339.000000 0.178651 0.631724 1.416919 0.114123
 340.000000 0.159758 0.632998 1.456804 0.145287
 341.000000 0.196868 0.591839 1.328389 0.428458
 342.000000 0.152872 0.619142 1.447925 0.110829
 343.000000 0.191429 0.695309 1.736043 0.722587
 344.000000 0.184235 0.709151 1.701669 0.588495
 345.000000 0.165442 0.742250 1.854499 0.485329
 346.000000 0.110656 0.790791 2.103067 0.061464
 347.000000 0.298038 0.731866 1.860976 0.151727
 348.000000 0.259601 0.721236 1.764176 0.247636
 349.000000 0.191164 0.706697 1.770059 0.029232
 350.000000 0.098068 0.801573 2.199963 0.038534
 351.000000 0.089816 0.827149 2.292237 0.027948
 352.000000 0.234566 0.755503 2.008437 0.383402
 353.000000 0.048915 0.848274 2.335396 0.023561
 354.000000 0.050428 0.799558 2.105395 0.022513
 355.000000 0.157027 0.757961 1.992526 0.038588
 356.000000 0.063931 0.800164 2.182770 0.006473
 357.000000 0.039608 0.833930 2.261946 0.004940
 358.000000 0.021668 0.904804 2.553594 0.003127
 359.000000 0.033291 0.836581 2.276214 0.003259
 360.000000 0.035673 0.812467 2.128378 0.002974
 361.000000 0.042159 0.774119 1.920411 0.002880
 362.000000 0.027608 0.818990 2.186045 0.002198
 363.000000 0.025335 0.810705 2.073350 0.001690
 364.000000 0.024915 0.816617 2.065471 0.002751
 365.000000 0.024823 0.839963 2.120866 0.003917
 366.000000 0.017981 0.858192 2.200526 0.002087
 367.000000 0.015199 0.866202 2.123281 0.001849
 368.000000 0.036438 0.824959 2.266595 0.003012
 369.000000 0.030220 0.789385 1.917232 0.003075
 370.000000 0.033015 0.789826 1.919876 0.002372
 371.000000 0.032296 0.776192 1.884088 0.002193
 372.000000 0.048488 0.754199 1.847006 0.003329
 373.000000 0.030493 0.800816 2.004744 0.002291
 374.000000 0.024717 0.810452 1.806522 0.002197
 375.000000 0.027512 0.855075 2.328762 0.003068
 376.000000 0.028252 0.867705 2.324693 0.002880
 377.000000 0.030236 0.859426 2.398197 0.004228
 378.000000 0.031542 0.829485 2.317835 0.001834
 379.000000 0.034359 0.836259 2.368790 0.003339
 380.000000 0.023447 0.869347 2.430455 0.002043
 381.000000 0.015437 0.905362 2.549900 0.002039
 382.000000 0.019846 0.903559 2.585584 0.001742
 383.000000 0.025616 0.833179 2.281747 0.001887
 384.000000 0.033599 0.820468 2.160186 0.003318
 385.000000 0.029457 0.779810 1.770093 0.002954
 386.000000 0.025626 0.831403 2.172933 0.002460
 387.000000 0.032862 0.832759 2.285248 0.003427
 388.000000 0.039643 0.821941 2.269280 0.002976
 389.000000 0.028840 0.837887 2.300463 0.003221
 390.000000 0.031365 0.832236 2.344971 0.003277
 391.000000 0.028982 0.842647 2.427522 0.003207
 392.000000 0.025826 0.852259 2.269921 0.003037
 393.000000 0.027453 0.859013 2.430652 0.003010
 394.000000 0.017542 0.887847 2.359765 0.002222
 395.000000 0.028718 0.844275 2.142169 0.002823
 396.000000 0.024770 0.852119 2.125266 0.003064
 397.000000 0.021480 0.891048 2.347378 0.002528
 398.000000 0.037135 0.848754 2.256818 0.003722
 399.000000 0.039694 0.825307 2.255008 0.004197
 400.000000 0.042894 0.826132 2.215983 0.004758
 401.000000 0.073563 0.762462 2.125735 0.007400
 402.000000 0.056182 0.774639 2.119435 0.004299
 403.000000 0.046990 0.789356 2.120177 0.004124
 404.000000 0.041305 0.811279 2.210953 0.004098
 405.000000 0.063112 0.746167 1.824646 0.004828
 406.000000 0.053080 0.760574 1.726789 0.005192
 407.000000 0.030600 0.810162 1.919508 0.004790
 408.000000 0.026173 0.823395 1.939437 0.002018
 409.000000 0.029437 0.831329 1.964507 0.003558
 410.000000 0.025244 0.853772 2.094387 0.001678
 411.000000 0.023813 0.877149 2.340149 0.001508
 412.000000 0.028289 0.867574 2.107328 0.001707
 413.000000 0.028795 0.848214 2.172659 0.002704
 414.000000 0.028263 0.852231 2.154222 0.002096
 415.000000 0.021065 0.889989 2.295672 0.001614
 416.000000 0.022842 0.863906 2.142887 0.002371
 417.000000 0.017553 0.870185 1.995903 0.001826
 418.000000 0.025166 0.868987 2.148465 0.002999
 419.000000 0.038476 0.827879 2.128843 0.003174
 420.000000 0.024125 0.829609 1.883700 0.002863
 421.000000 0.045475 0.801843 1.658256 0.003360
 422.000000 0.035438 0.778076 1.497716 0.002506
 423.000000 0.031467 0.781955 1.612702 0.003873
 424.000000 0.036465 0.768043 1.569401 0.003726
 425.000000 0.044115 0.776908 1.921931 0.004344
 426.000000 0.057288 0.786012 2.000964 0.005960
 427.000000 0.084451 0.784812 2.082048 0.022735
 428.000000 0.174070 0.757664 2.075170 0.069653
 429.000000 0.231592 0.745869 1.917012 0.223424
 430.000000 0.178589 0.779633 2.109567 0.054298
 431.000000 0.254060 0.752395 1.977958 0.172421
 432.000000 0.067657 0.793964 2.067834 0.035042
 433.000000 0.058490 0.814156 2.194697 0.023086
 434.000000 0.049080 0.850592 2.265139 0.026448
 435.000000 0.040198 0.835725 2.218795 0.030244
 436.000000 0.042787 0.834687 2.287212 0.011211
 437.000000 0.051617 0.829969 2.193121 0.057569
 438.000000 0.039153 0.855415 2.359033 0.013021
 439.000000 0.078587 0.835746 2.144344 0.062779
 440.000000 0.044820 0.853806 2.408893 0.006146
 441.000000 0.032231 0.843575 2.342997 0.013075
 442.000000 0.031521 0.872480 2.391225 0.003854
 443.000000 0.030814 0.875005 2.438591 0.002881
 444.000000 0.036131 0.867634 2.265147 0.003600
 445.000000 0.021951 0.844168 2.110356 0.003201
 446.000000 0.019295 0.893600 2.220448 0.002618
 447.000000 0.010484 0.926150 2.318488 0.001190
 448.000000 0.016476 0.896669 2.320528 0.001863
 449.000000 0.011127 0.938163 2.413009 0.000892
 450.000000 0.019187 0.889585 2.182567 0.002168
 451.000000 0.030686 0.815882 1.874283 0.002662
 452.000000 0.056283 0.789890 1.958846 0.004376
 453.000000 0.023566 0.876472 2.337513 0.002218
 454.000000 0.035970 0.852418 2.429005 0.003569
 455.000000 0.039001 0.856112 2.374929 0.004119
 456.000000 0.031348 0.858681 2.380576 0.002762
 457.000000 0.048406 0.826540 2.299622 0.003859
 458.000000 0.065756 0.779322 2.058515 0.003627
 459.000000 0.036239 0.835371 2.272104 0.002609
 460.000000 0.073331 0.784710 2.044252 0.002838
 461.000000 0.061785 0.805644 2.259905 0.003128
 462.000000 0.065555 0.777180 2.075867 0.003516
 463.000000 0.056690 0.775891 1.905201 0.002500
 464.000000 0.056363 0.761592 1.822435 0.003481
 465.000000 0.062313 0.765987 1.759483 0.004102
 466.000000 0.050726 0.768029 1.706741 0.002071
 467.000000 0.057398 0.794915 2.125191 0.003373
 468.000000 0.026829 0.872091 2.432181 0.002224
 469.000000 0.033421 0.839507 2.200898 0.002496
 470.000000 0.050568 0.803327 1.996429 0.002654
 471.000000 0.041105 0.787774 1.923923 0.001834
 472.000000 0.036932 0.780865 1.877204 0.002969
 473.000000 0.031443 0.815085 1.911130 0.002588
 474.000000 0.030287 0.842588 2.028046 0.002020
 475.000000 0.043028 0.813016 1.891049 0.002430
 476.000000 0.044103 0.792734 1.912913 0.003522
 477.000000 0.046804 0.804144 2.055498 0.003293
 478.000000 0.049745 0.787290 1.910562 0.003847
 479.000000 0.036387 0.814237 2.036218 0.003150
 480.000000 0.038206 0.821329 2.178765 0.003717
 481.000000 0.036571 0.833571 2.284428 0.002944
 482.000000 0.039269 0.836713 2.256350 0.003058
 483.000000 0.032053 0.859197 2.320940 0.002874
 484.000000 0.033256 0.823280 2.184446 0.002071
 485.000000 0.052930 0.821240 2.168659 0.003153
 486.000000 0.027703 0.852133 2.034085 0.002013
 487.000000 0.044729 0.820355 1.955121 0.002865
 488.000000 0.025183 0.850333 2.023437 0.002257
 489.000000 0.033753 0.826511 1.868295 0.003013
 490.000000 0.044098 0.811810 1.835659 0.005980
 491.000000 0.033401 0.813806 1.930292 0.002617
 492.000000 0.037267 0.835254 2.032245 0.004260
 493.000000 0.039700 0.839695 2.171597 0.006029
 494.000000 0.043479 0.825419 2.205257 0.003945
 495.000000 0.034829 0.824797 2.271531 0.003112
 496.000000 0.053864 0.807501 2.211530 0.006397
 497.000000 0.044670 0.816889 2.261125 0.005174
 498.000000 0.040580 0.800800 2.100341 0.003698
 499.000000 0.014672 0.877777 2.159905 0.001181
 500.000000 0.030777 0.841495 2.108891 0.006149
