#! FIELDS time alpha rg e2e hbond
 0.000000 0.093480 0.638581 0.980934 0.055225
 1.000000 0.162448 0.681886 1.285816 0.018157
 2.000000 0.069357 0.728006 1.465538 0.005480
 3.000000 0.057273 0.732433 1.338764 0.004565
 4.000000 0.100617 0.725217 1.456857 0.011256
 5.000000 0.065908 0.720893 1.511509 0.005383
 6.000000 0.038676 0.783532 1.829795 0.004630
 7.000000 0.048114 0.813524 2.052252 0.005559
 8.000000 0.035360 0.833428 2.199463 0.003245
 9.000000 0.076009 0.802518 2.005411 0.011016
 10.000000 0.054340 0.803105 1.976781 0.007941
 11.000000 0.082904 0.774220 1.932411 0.010884
 12.000000 0.062670 0.821441 2.253533 0.006461
 13.000000 0.107796 0.775292 1.897848 0.013433
 14.000000 0.077558 0.756307 1.628037 0.010804
 15.000000 0.083942 0.778255 1.887578 0.011529
 16.000000 0.062959 0.813030 2.145925 0.005334
 17.000000 0.025483 0.837866 2.114315 0.002100
 18.000000 0.061167 0.726905 1.800746 0.004193
 19.000000 0.118384 0.649617 1.462465 0.008769
 20.000000 0.106983 0.684475 1.673762 0.017861
 21.000000 0.144309 0.652283 1.568602 0.027369
 22.000000 0.143870 0.686843 1.831355 0.021455
 23.000000 0.136300 0.675868 1.718997 0.021577
 24.000000 0.189900 0.673721 1.803045 0.041924
 25.000000 0.265385 0.684167 1.839920 0.050989
 26.000000 0.344851 0.646631 1.683089 0.040010
 27.000000 0.367874 0.663058 1.770420 0.106075
 28.000000 0.313969 0.731644 2.078333 0.057878
 29.000000 0.165092 0.742014 2.063883 0.028119
 30.000000 0.129193 0.791338 2.249768 0.029062
 31.000000 0.253131 0.755129 2.148011 0.046522
 32.000000 0.294820 0.732222 2.062952 0.048195
 33.000000 0.118792 0.789551 2.206184 0.019300
 34.000000 0.061575 0.774770 2.175704 0.007131
 35.000000 0.131063 0.690449 1.808470 0.011998
 36.000000 0.050642 0.798670 2.208057 0.004595
 37.000000 0.159024 0.719637 2.031827 0.016447
 38.000000 0.200399 0.771524 2.239954 0.025171
 39.000000 0.101280 0.756366 2.029121 0.008977
 40.000000 0.079673 0.766405 1.983497 0.005942
 41.000000 0.114045 0.779216 2.065487 0.011176
 42.000000 0.065038 0.795084 2.112109 0.005205
 43.000000 0.067683 0.797835 2.252552 0.009630
 44.000000 0.130012 0.737084 1.933722 0.017106
 45.000000 0.176256 0.733642 1.938349 0.021428
 46.000000 0.193203 0.703766 1.701981 0.046335
 47.000000 0.084974 0.742590 1.784854 0.012200
 48.000000 0.133376 0.717590 1.607401 0.064968
 49.000000 0.127198 0.736100 1.737121 0.099187
 50.000000 0.110515 0.707765 1.539482 0.039267
 51.000000 0.116448 0.718746 1.676378 0.031617
 52.000000 0.104718 0.724660 1.735104 0.015587
 53.000000 0.133403 0.666073 1.450377 0.015112
 54.000000 0.061480 0.701186 1.640599 0.005800
 55.000000 0.093221 0.664320 1.503167 0.012305
 56.000000 0.109406 0.628163 1.234825 0.010821
 57.000000 0.114569 0.584664 1.203985 0.013569
 58.000000 0.150149 0.588837 1.034325 0.044334
 59.000000 0.154198 0.577293 1.109266 0.019503
 60.000000 0.133946 0.588053 1.179752 0.028960
 61.000000 0.155520 0.558086 0.952181 0.022291
 62.000000 0.107934 0.561235 0.770602 0.016273
 63.000000 0.151171 0.565361 1.075688 0.017373
 64.000000 0.115838 0.565808 0.873386 0.014866
 65.000000 0.124085 0.581668 0.948338 0.011940
 66.000000 0.076589 0.593937 0.892472 0.009376
 67.000000 0.072168 0.588271 0.738063 0.016231
 68.000000 0.076793 0.579553 0.707382 0.013794
 69.000000 0.063736 0.595007 0.734238 0.003394
 70.000000 0.053228 0.628121 1.095648 0.004423
 71.000000 0.062935 0.633882 1.192524 0.003943
 72.000000 0.056029 0.653974 1.346945 0.003365
 73.000000 0.065906 0.638279 1.256330 0.005035
 74.000000 0.060095 0.628951 1.167732 0.003424
 75.000000 0.067196 0.613578 1.189306 0.004756
 76.000000 0.077201 0.596089 0.965114 0.005725
 77.000000 0.078369 0.593324 1.013099 0.005108
 78.000000 0.066810 0.604180 1.048508 0.004294
 79.000000 0.060314 0.640654 1.260143 0.004259
 80.000000 0.053833 0.643594 1.065032 0.004692
 81.000000 0.056700 0.626188 0.968569 0.004865
 82.000000 0.048163 0.692543 1.386065 0.004719
 83.000000 0.060441 0.654782 1.198953 0.006461
 84.000000 0.076241 0.650120 1.181184 0.016332
 85.000000 0.050572 0.683485 1.340509 0.003914
 86.000000 0.054111 0.666460 1.305208 0.005794
 87.000000 0.056423 0.667593 1.332045 0.006067
 88.000000 0.080377 0.637689 1.291333 0.009667
 89.000000 0.091299 0.643657 1.343432 0.012670
 90.000000 0.081373 0.660670 1.368794 0.011161
 91.000000 0.077767 0.622136 1.139910 0.010119
 92.000000 0.087570 0.636314 1.293054 0.011690
 93.000000 0.104064 0.613343 1.282526 0.014800
 94.000000 0.072587 0.617410 1.045460 0.015271
 95.000000 0.050846 0.667919 1.101915 0.004492
 96.000000 0.063293 0.711045 1.459904 0.010479
 97.000000 0.096631 0.656036 1.091130 0.010383
 98.000000 0.045676 0.717983 1.307516 0.004866
 99.000000 0.034484 0.755272 1.422816 0.004722
 100.000000 0.066441 0.631434 0.977252 0.006801
 101.000000 0.063193 0.659048 1.017789 0.007034
 102.000000 0.075108 0.682566 1.336386 0.012307
 103.000000 0.046673 0.684240 1.212649 0.006486
 104.000000 0.045835 0.698604 1.195874 0.005499
 105.000000 0.056428 0.705825 1.443722 0.006717
 106.000000 0.047106 0.742333 1.710172 0.006016
 107.000000 0.050328 0.730738 1.666829 0.005199
 108.000000 0.037595 0.780072 1.916075 0.005906
 109.000000 0.053235 0.769603 1.933125 0.006051
 110.000000 0.051685 0.768866 1.974057 0.007041
 111.000000 0.064976 0.736505 1.714740 0.011943
 112.000000 0.057062 0.758132 1.840843 0.007773
 113.000000 0.042173 0.772734 1.846456 0.005944
 114.000000 0.020420 0.823691 1.910514 0.003294
 115.000000 0.015770 0.833995 1.991048 0.001730
 116.000000 0.029942 0.803721 1.933446 0.002629
 117.000000 0.026285 0.789995 1.811890 0.003068
 118.000000 0.039347 0.776713 1.840184 0.002699
 119.000000 0.047841 0.762570 1.760960 0.003332
 120.000000 0.023896 0.803490 1.710350 0.002471
 121.000000 0.020995 0.840065 2.119499 0.001938
 122.000000 0.023589 0.781001 1.683940 0.001927
 123.000000 0.019405 0.854374 2.167234 0.001471
 124.000000 0.013256 0.919666 2.416424 0.001087
 125.000000 0.011257 0.952957 2.707283 0.000996
 126.000000 0.013183 0.925006 2.499228 0.001339
 127.000000 0.010831 0.941722 2.596737 0.001041
 128.000000 0.021395 0.831147 2.171642 0.001706
 129.000000 0.017618 0.849652 2.220371 0.001886
 130.000000 0.024023 0.841664 2.277741 0.002669
 131.000000 0.016906 0.866706 2.271686 0.004291
 132.000000 0.019068 0.853421 2.303325 0.003007
 133.000000 0.015693 0.880750 2.282031 0.004164
 134.000000 0.015565 0.884557 2.347504 0.003335
 135.000000 0.018578 0.862411 2.235476 0.004239
 136.000000 0.015197 0.893808 2.439884 0.003497
 137.000000 0.018427 0.902679 2.572609 0.002075
 138.000000 0.030209 0.889816 2.476272 0.004619
 139.000000 0.017811 0.912217 2.524222 0.002031
 140.000000 0.022707 0.876953 2.369017 0.002250
 141.000000 0.019543 0.897800 2.492337 0.001983
 142.000000 0.019875 0.884386 2.425023 0.002314
 143.000000 0.019697 0.889464 2.493523 0.002403
 144.000000 0.021402 0.900144 2.434299 0.003249
 145.000000 0.015441 0.919013 2.468654 0.003362
 146.000000 0.012115 0.930747 2.548804 0.001655
 147.000000 0.013103 0.927065 2.579458 0.001563
 148.000000 0.018110 0.886871 2.363624 0.002036
 149.000000 0.014822 0.920012 2.581446 0.001888
 150.000000 0.017863 0.907172 2.606959 0.003019
 151.000000 0.016313 0.899612 2.502424 0.002750
 152.000000 0.021744 0.839416 2.173839 0.003351
 153.000000 0.014018 0.871586 2.223829 0.001497
 154.000000 0.020105 0.845159 2.178115 0.002138
 155.000000 0.019332 0.833206 2.098295 0.001783
 156.000000 0.016839 0.827774 1.966500 0.001251
 157.000000 0.023754 0.784064 1.737705 0.001919
 158.000000 0.023247 0.765118 1.621123 0.001611
 159.000000 0.025865 0.768859 1.551746 0.001530
 160.000000 0.017906 0.824465 1.842095 0.001363
 161.000000 0.027652 0.816608 1.919848 0.001749
 162.000000 0.020809 0.848934 2.087821 0.002586
 163.000000 0.019324 0.875412 2.300775 0.003178
 164.000000 0.018584 0.834326 2.021811 0.002074
 165.000000 0.026663 0.800196 1.860764 0.005952
 166.000000 0.016075 0.854087 2.065170 0.002847
 167.000000 0.023370 0.813057 1.793703 0.003731
 168.000000 0.028092 0.775824 1.740505 0.004802
 169.000000 0.022847 0.814211 1.878647 0.003130
 170.000000 0.028958 0.799549 1.923012 0.004286
 171.000000 0.033391 0.818936 2.057426 0.006629
 172.000000 0.024172 0.878247 2.313201 0.004694
 173.000000 0.021244 0.863739 2.217378 0.002460
 174.000000 0.032948 0.853637 2.256992 0.004096
 175.000000 0.025943 0.878169 2.359496 0.004518
 176.000000 0.018184 0.882832 2.329395 0.003407
 177.000000 0.020838 0.873965 2.320851 0.006069
 178.000000 0.022167 0.894335 2.443037 0.010260
 179.000000 0.021754 0.881927 2.424763 0.003110
 180.000000 0.018531 0.901625 2.568853 0.001684
 181.000000 0.021434 0.893599 2.460323 0.003371
 182.000000 0.021155 0.881922 2.332627 0.001750
 183.000000 0.016992 0.903012 2.439895 0.001345
 184.000000 0.017853 0.892636 2.314543 0.001571
 185.000000 0.019281 0.874552 2.249307 0.001337
 186.000000 0.037102 0.807072 2.050660 0.011103
 187.000000 0.059558 0.765184 1.804910 0.005351
 188.000000 0.042494 0.727542 1.489885 0.007492
 189.000000 0.040779 0.724323 1.550555 0.003814
 190.000000 0.045369 0.765078 1.697073 0.004823
 191.000000 0.054204 0.724169 1.628585 0.006478
 192.000000 0.038119 0.784144 1.904349 0.004495
 193.000000 0.033840 0.777723 1.854507 0.003084
 194.000000 0.031896 0.816276 2.062056 0.004334
 195.000000 0.054964 0.792746 1.991407 0.010398
 196.000000 0.023641 0.858778 2.041210 0.002359
 197.000000 0.016881 0.888157 2.293760 0.002965
 198.000000 0.039854 0.841166 2.255646 0.006044
 199.000000 0.024450 0.838464 2.213908 0.003579
 200.000000 0.030554 0.821305 2.223877 0.003657
 201.000000 0.027464 0.815505 2.168121 0.005238
 202.000000 0.053215 0.738159 1.776514 0.006818
 203.000000 0.048324 0.775668 1.938087 0.006566
 204.000000 0.025545 0.842931 2.284643 0.003469
 205.000000 0.022822 0.906620 2.503324 0.002913
 206.000000 0.028315 0.872502 2.432646 0.003419
 207.000000 0.015584 0.903678 2.435455 0.002304
 208.000000 0.016186 0.910913 2.438534 0.002475
 209.000000 0.023212 0.867084 2.294864 0.003380
 210.000000 0.047468 0.832148 2.209034 0.006809
 211.000000 0.028889 0.863551 2.291840 0.004113
 212.000000 0.018423 0.879549 2.304375 0.002136
 213.000000 0.025306 0.873401 2.112074 0.003865
 214.000000 0.052620 0.780471 1.859965 0.007476
 215.000000 0.028317 0.854634 2.207556 0.004417
 216.000000 0.031318 0.825366 2.163690 0.003560
 217.000000 0.029128 0.831984 2.210023 0.002519
 218.000000 0.025178 0.878377 2.330348 0.005916
 219.000000 0.039951 0.866338 2.304596 0.006039
 220.000000 0.044692 0.855819 2.415063 0.010376
 221.000000 0.032014 0.827264 2.150328 0.005685
 222.000000 0.042663 0.809579 2.111167 0.009198
 223.000000 0.029124 0.838881 2.191011 0.005921
 224.000000 0.031108 0.799219 2.035053 0.004401
 225.000000 0.041389 0.787992 1.986682 0.005264
 226.000000 0.027987 0.805332 2.123705 0.004110
 227.000000 0.033846 0.777082 1.961065 0.005671
 228.000000 0.037677 0.782377 1.991526 0.006226
 229.000000 0.029718 0.806570 2.027090 0.003588
 230.000000 0.029495 0.779208 1.924768 0.002473
 231.000000 0.027463 0.810150 1.917087 0.003683
 232.000000 0.023887 0.819908 2.088561 0.002683
 233.000000 0.034869 0.761560 1.912916 0.003880
 234.000000 0.032365 0.791471 2.140169 0.006361
 235.000000 0.036748 0.787355 1.949633 0.008239
 236.000000 0.038018 0.773335 1.859256 0.006904
 237.000000 0.028402 0.782807 1.963388 0.003178
 238.000000 0.029054 0.790307 1.932956 0.002961
 239.000000 0.020959 0.802359 1.958744 0.002506
 240.000000 0.039248 0.797439 2.092609 0.006109
 241.000000 0.027834 0.822061 2.169978 0.003100
 242.000000 0.042304 0.792742 2.131059 0.008679
 243.000000 0.036973 0.802662 2.163216 0.005124
 244.000000 0.045427 0.734265 1.687555 0.005898
 245.000000 0.044042 0.716755 1.532189 0.004495
 246.000000 0.039012 0.730100 1.598422 0.005845
 247.000000 0.035800 0.755521 1.784714 0.004097
 248.000000 0.032179 0.773538 1.863299 0.003108
 249.000000 0.024406 0.825336 2.051763 0.004555
 250.000000 0.039027 0.847474 2.247267 0.004409
 251.000000 0.023258 0.841514 2.188341 0.002587
 252.000000 0.035081 0.794262 1.953526 0.006812
 253.000000 0.026786 0.837940 2.226170 0.004642
 254.000000 0.027955 0.799188 1.985567 0.002741
 255.000000 0.029310 0.796179 2.047227 0.002800
 256.000000 0.038092 0.769940 1.869262 0.005802
 257.000000 0.043055 0.749078 1.855575 0.005578
 258.000000 0.058605 0.685978 1.373776 0.007975
 259.000000 0.072309 0.671685 1.176772 0.009335
 260.000000 0.050982 0.717698 1.421159 0.007599
 261.000000 0.057228 0.754158 1.587808 0.009553
 262.000000 0.052279 0.735581 1.314569 0.007629
 263.000000 0.075429 0.711134 1.266620 0.010640
 264.000000 0.066685 0.729212 1.393236 0.008804
 265.000000 0.064733 0.742743 1.614509 0.007359
 266.000000 0.043596 0.796536 1.948008 0.005741
 267.000000 0.057581 0.756603 1.656562 0.006132
 268.000000 0.073035 0.720112 1.581905 0.013451
 269.000000 0.066909 0.722840 1.507032 0.011281
 270.000000 0.080799 0.727695 1.603283 0.011487
 271.000000 0.068480 0.761447 1.847975 0.011115
 272.000000 0.053505 0.781541 1.964275 0.007813
 273.000000 0.019003 0.828340 2.053289 0.002605
 274.000000 0.026802 0.807148 2.152900 0.003296
 275.000000 0.035633 0.799689 1.921709 0.004001
 276.000000 0.033497 0.799251 1.949734 0.003541
 277.000000 0.025881 0.848559 2.225059 0.005581
 278.000000 0.028863 0.830508 2.172266 0.003455
 279.000000 0.024348 0.860501 2.347662 0.003224
 280.000000 0.024422 0.878995 2.460025 0.003258
 281.000000 0.023342 0.891369 2.540166 0.003383
 282.000000 0.042246 0.796146 2.104885 0.008912
 283.000000 0.030231 0.834519 2.223307 0.004156
 284.000000 0.023452 0.877725 2.424531 0.003893
 285.000000 0.022444 0.859957 2.184718 0.004970
 286.000000 0.020863 0.880513 2.351981 0.003753
 287.000000 0.020178 0.891975 2.434602 0.002286
 288.000000 0.017941 0.885925 2.416294 0.004089
 289.000000 0.018745 0.886391 2.355851 0.003340
 290.000000 0.024866 0.856982 2.194039 0.004370
 291.000000 0.026416 0.857247 2.201116 0.005643
 292.000000 0.034201 0.772812 1.797383 0.006126
 293.000000 0.025020 0.832775 2.032821 0.005270
 294.000000 0.019900 0.889621 2.496985 0.003701
 295.000000 0.021825 0.870288 2.424511 0.003067
 296.000000 0.027097 0.853562 2.228289 0.003839
 297.000000 0.024267 0.852979 2.280052 0.003625
 298.000000 0.026634 0.831491 2.127891 0.004480
 299.000000 0.030289 0.852661 2.361789 0.004623
 300.000000 0.033694 0.808802 2.120223 0.004145
 301.000000 0.037552 0.790146 1.906934 0.004481
 302.000000 0.044549 0.742497 1.594032 0.005643
 303.000000 0.086225 0.678928 1.345283 0.009603
 304.000000 0.076743 0.692666 1.395493 0.008151
 305.000000 0.061308 0.692935 1.375174 0.007156
 306.000000 0.068406 0.674047 1.317839 0.006242
 307.000000 0.040822 0.768292 1.754972 0.005456
 308.000000 0.049750 0.759998 1.873145 0.006179
 309.000000 0.045227 0.778216 1.820327 0.008179
 310.000000 0.031126 0.787770 1.865451 0.004123
 311.000000 0.056553 0.714465 1.604411 0.008062
 312.000000 0.035434 0.692545 1.246814 0.003955
 313.000000 0.063333 0.672049 1.102451 0.009547
 314.000000 0.039492 0.714567 1.294622 0.003962
 315.000000 0.056136 0.733981 1.438448 0.013933
 316.000000 0.026199 0.815207 1.849251 0.002707
 317.000000 0.026553 0.814220 1.889258 0.003216
 318.000000 0.031846 0.753032 1.532466 0.003029
 319.000000 0.039137 0.774875 1.875847 0.006436
 320.000000 0.028414 0.792907 1.843932 0.003750
 321.000000 0.039395 0.772235 1.961286 0.006265
 322.000000 0.040266 0.752688 1.677141 0.005805
 323.000000 0.044575 0.778865 1.895731 0.007275
 324.000000 0.042413 0.781703 1.920730 0.006173
 325.000000 0.021080 0.861814 2.306808 0.003082
 326.000000 0.026179 0.849913 2.282822 0.005853
 327.000000 0.033719 0.826770 2.268895 0.005155
 328.000000 0.020371 0.878086 2.508969 0.002566
 329.000000 0.021651 0.864238 2.359381 0.003301
 330.000000 0.034781 0.816560 2.208602 0.004844
 331.000000 0.023566 0.834987 2.162748 0.003064
 332.000000 0.027368 0.808955 1.946740 0.002818
 333.000000 0.033355 0.770790 1.712888 0.005033
 334.000000 0.053015 0.753457 1.619981 0.006800
 335.000000 0.041269 0.800135 1.795373 0.005548
 336.000000 0.031544 0.812481 1.918745 0.005242
 337.000000 0.028214 0.804984 1.968891 0.006325
 338.000000 0.027472 0.816453 2.110311 0.003966
 339.000000 0.022801 0.845140 2.285641 0.002534
 340.000000 0.049817 0.753037 1.915181 0.006438
 341.000000 0.045909 0.754632 1.855255 0.006863
 342.000000 0.062645 0.733906 1.744045 0.008764
 343.000000 0.081166 0.703668 1.743207 0.036513
 344.000000 0.054062 0.725173 1.698201 0.014281
 345.000000 0.034347 0.789634 2.049857 0.003020
 346.000000 0.055121 0.734900 1.875599 0.006728
 347.000000 0.082916 0.692650 1.662770 0.007756
 348.000000 0.064189 0.714476 1.775841 0.008403
 349.000000 0.061712 0.768320 1.950412 0.009402
 350.000000 0.073549 0.729649 1.726618 0.007454
 351.000000 0.072027 0.761670 1.838343 0.025054
 352.000000 0.071770 0.737115 1.810085 0.113259
 353.000000 0.080416 0.696393 1.611427 0.029392
 354.000000 0.067778 0.750689 1.800363 0.022468
 355.000000 0.058197 0.755570 1.842303 0.016486
 356.000000 0.087387 0.717011 1.750536 0.033118
 357.000000 0.064466 0.726499 1.779115 0.019113
 358.000000 0.075822 0.688688 1.611251 0.013791
 359.000000 0.074872 0.685655 1.618584 0.016136
 360.000000 0.047205 0.723557 1.750763 0.009277
 361.000000 0.045804 0.715219 1.670413 0.005095
 362.000000 0.033083 0.775810 1.914614 0.005063
 363.000000 0.027289 0.811551 2.138668 0.004725
 364.000000 0.035590 0.783366 1.946759 0.012041
 365.000000 0.029895 0.803605 2.147904 0.004555
 366.000000 0.037342 0.787722 2.110286 0.006073
 367.000000 0.080097 0.723442 1.834248 0.006958
 368.000000 0.111493 0.688735 1.725729 0.027107
 369.000000 0.067346 0.728174 1.802830 0.006019
 370.000000 0.063948 0.695029 1.556301 0.009643
 371.000000 0.082937 0.661538 1.326086 0.012338
 372.000000 0.056247 0.754998 1.753726 0.007110
 373.000000 0.072697 0.761707 1.754407 0.005657
 374.000000 0.070463 0.750184 1.679308 0.008960
 375.000000 0.138486 0.702965 1.458870 0.050551
 376.000000 0.178841 0.696352 1.456496 0.052154
 377.000000 0.093897 0.756643 1.678022 0.015474
 378.000000 0.042372 0.759386 1.781781 0.008974
 379.000000 0.078019 0.743738 1.685410 0.010592
 380.000000 0.097020 0.668521 1.329373 0.009348
 381.000000 0.065340 0.657902 1.138724 0.009236
 382.000000 0.054744 0.702800 1.360246 0.003916
 383.000000 0.063382 0.694686 1.432541 0.006574
 384.000000 0.059686 0.648846 1.060052 0.004797
 385.000000 0.066033 0.650994 1.133736 0.004442
 386.000000 0.069897 0.634711 1.027744 0.005585
 387.000000 0.082132 0.624377 0.862803 0.005964
 388.000000 0.087439 0.622355 0.982454 0.010929
 389.000000 0.101031 0.600411 0.767779 0.009948
 390.000000 0.094363 0.610694 0.867891 0.012700
 391.000000 0.103050 0.599935 0.852032 0.006050
 392.000000 0.084139 0.599288 0.807757 0.011237
 393.000000 0.088515 0.656536 1.221519 0.017472
 394.000000 0.108543 0.644584 1.244962 0.017771
 395.000000 0.104647 0.676965 1.336825 0.020663
 396.000000 0.096351 0.695245 1.358953 0.021777
 397.000000 0.088082 0.678400 1.386918 0.011137
 398.000000 0.088688 0.722536 1.599743 0.014188
 399.000000 0.097959 0.721026 1.728818 0.014016
 400.000000 0.112197 0.732980 1.763518 0.019233
 401.000000 0.097994 0.706387 1.434833 0.015231
 402.000000 0.098379 0.720138 1.595072 0.015771
 403.000000 0.079498 0.724988 1.427644 0.012187
 404.000000 0.093482 0.700428 1.396174 0.009778
 405.000000 0.068987 0.764902 1.734962 0.011134
 406.000000 0.120702 0.718811 1.481099 0.015576
 407.000000 0.072271 0.712302 1.222059 0.015759
 408.000000 0.084827 0.685296 1.345100 0.014949
 409.000000 0.089906 0.691108 1.546359 0.013877
 410.000000 0.114297 0.689636 1.525802 0.012926
 411.000000 0.079254 0.675871 1.349527 0.007803
 412.000000 0.068466 0.733721 1.857376 0.005341
 413.000000 0.093270 0.747506 1.877042 0.012819
 414.000000 0.081314 0.755113 1.908996 0.009206
 415.000000 0.081430 0.769839 1.867456 0.013913
 416.000000 0.125130 0.678992 1.511624 0.015314
 417.000000 0.121839 0.662082 1.265225 0.021876
 418.000000 0.125864 0.673403 1.366241 0.017937
 419.000000 0.113238 0.676654 1.402742 0.012838
 420.000000 0.150009 0.685285 1.566694 0.015849
 421.000000 0.089511 0.724923 1.623299 0.013569
 422.000000 0.083158 0.758403 1.783782 0.014067
 423.000000 0.068594 0.777184 1.883153 0.006059
 424.000000 0.069296 0.781524 1.953101 0.009302
 425.000000 0.072614 0.752001 1.845763 0.010846
 426.000000 0.119725 0.695606 1.689353 0.023273
 427.000000 0.096885 0.705752 1.579053 0.015617
 428.000000 0.108042 0.660451 1.371080 0.016702
 429.000000 0.115631 0.681762 1.429870 0.017882
 430.000000 0.089658 0.693272 1.532858 0.015579
 431.000000 0.083693 0.686511 1.448814 0.012735
 432.000000 0.089424 0.711119 1.640563 0.010925
 433.000000 0.158605 0.705029 1.767228 0.018252
 434.000000 0.073345 0.744536 1.849939 0.010181
 435.000000 0.039903 0.814966 2.039727 0.004760
 436.000000 0.037575 0.816911 2.069362 0.004968
 437.000000 0.032316 0.798932 2.015935 0.003121
 438.000000 0.019845 0.833626 1.933841 0.001362
 439.000000 0.030564 0.802606 1.903651 0.001903
 440.000000 0.024906 0.834644 2.155272 0.001275
 441.000000 0.038283 0.777587 1.963492 0.002085
 442.000000 0.022851 0.852893 2.309201 0.001613
 443.000000 0.013540 0.920110 2.544771 0.001052
 444.000000 0.011285 0.962796 2.702315 0.000913
 445.000000 0.017533 0.926230 2.717028 0.001691
 446.000000 0.016426 0.922992 2.641138 0.001412
 447.000000 0.012736 0.944476 2.784737 0.001139
 448.000000 0.015776 0.938801 2.762904 0.001381
 449.000000 0.015705 0.932809 2.697467 0.001564
 450.000000 0.010309 0.968402 2.798131 0.001002
 451.000000 0.013600 0.948701 2.697566 0.001327
 452.000000 0.012277 0.943726 2.693336 0.001231
 453.000000 0.013942 0.928602 2.670659 0.001560
 454.000000 0.009159 0.967805 2.758006 0.000887
 455.000000 0.007485 1.006146 2.907312 0.000832
 456.000000 0.011682 0.948158 2.623092 0.000951
 457.000000 0.009169 0.973330 2.661775 0.000880
 458.000000 0.009515 0.953912 2.617496 0.000951
 459.000000 0.011130 0.967447 2.805272 0.001129
 460.000000 0.009456 0.985025 2.846954 0.000912
 461.000000 0.010531 0.977627 2.834629 0.000848
 462.000000 0.012149 0.944877 2.697157 0.001121
 463.000000 0.010977 0.967012 2.818838 0.001214
 464.000000 0.011017 0.941992 2.633450 0.000963
 465.000000 0.008672 0.980760 2.853464 0.001046
 466.000000 0.011069 0.968569 2.789695 0.001213
 467.000000 0.014360 0.944566 2.754551 0.001402
 468.000000 0.013854 0.926312 2.582578 0.001423
 469.000000 0.014228 0.951153 2.770821 0.001439
 470.000000 0.013215 0.956308 2.797605 0.001395
 471.000000 0.013975 0.945098 2.753103 0.001181
 472.000000 0.013151 0.941519 2.702788 0.001068
 473.000000 0.012194 0.959389 2.767952 0.001092
 474.000000 0.014492 0.943496 2.740475 0.001312
 475.000000 0.014016 0.920987 2.539897 0.001276
 476.000000 0.011778 0.960183 2.762720 0.001187
 477.000000 0.012535 0.926046 2.513485 0.000957
 478.000000 0.012496 0.938978 2.597318 0.001137
 479.000000 0.014151 0.924141 2.580423 0.001328
 480.000000 0.014623 0.914754 2.563782 0.001361
 481.000000 0.017446 0.867643 2.209007 0.001314
 482.000000 0.022210 0.857130 2.342729 0.002026
 483.000000 0.014241 0.894456 2.292443 0.001174
 484.000000 0.020480 0.841157 2.119405 0.001338
 485.000000 0.021633 0.829218 1.900038 0.001579
 486.000000 0.023056 0.836018 1.854830 0.001733
 487.000000 0.013542 0.882816 2.130027 0.001090
 488.000000 0.018063 0.858993 1.837137 0.001865
 489.000000 0.027427 0.815741 1.660612 0.001799
 490.000000 0.038254 0.779590 1.579839 0.002975
 491.000000 0.031478 0.783276 1.639587 0.002617
 492.000000 0.024380 0.817971 1.866185 0.002875
 493.000000 0.016569 0.886200 2.125726 0.001719
 494.000000 0.016542 0.839906 1.829500 0.001701
 495.000000 0.029993 0.793646 1.650908 0.002220
 496.000000 0.028197 0.786479 1.667308 0.003471
 497.000000 0.019486 0.830486 1.912020 0.001916
 498.000000 0.018153 0.879387 2.136321 0.001764
 499.000000 0.027009 0.848298 2.001564 0.003033
 500.000000 0.016559 0.890563 2.280741 0.001998
