#! FIELDS time alpha rg e2e hbond
 0.000000 0.333470 0.598599 1.061952 0.747381
 1.000000 0.404362 0.575655 1.101443 0.140896
 2.000000 0.426783 0.573236 1.080460 0.598372
 3.000000 0.433514 0.584850 1.093185 0.851965
 4.000000 0.460823 0.594340 1.164082 0.877047
 5.000000 0.352382 0.604109 1.122406 0.757090
 6.000000 0.319395 0.584273 1.154000 0.161360
 7.000000 0.235819 0.552023 1.220988 0.205411
 8.000000 0.295910 0.604127 1.332502 0.414233
 9.000000 0.279611 0.596443 1.365388 0.454823
 10.000000 0.308440 0.571855 1.145909 0.892542
 11.000000 0.258506 0.571692 0.890003 0.755822
 12.000000 0.338434 0.567073 0.810830 0.911541
 13.000000 0.483851 0.572192 1.023002 0.426576
 14.000000 0.306541 0.580444 0.953464 0.855327
 15.000000 0.458023 0.557581 0.958188 0.848466
 16.000000 0.455055 0.572284 0.999306 0.241208
 17.000000 0.174538 0.633827 1.118511 0.091676
 18.000000 0.231485 0.645692 1.301416 0.355947
 19.000000 0.306834 0.666262 1.510639 0.395254
 20.000000 0.241521 0.654709 1.604313 0.060450
 21.000000 0.254880 0.657177 1.622238 0.095282
 22.000000 0.273329 0.637758 1.651006 0.180010
 23.000000 0.284842 0.653070 1.666988 0.303673
 24.000000 0.337454 0.662993 1.644205 0.393438
 25.000000 0.260988 0.657145 1.660136 0.451194
 26.000000 0.221406 0.647436 1.551132 0.473308
 27.000000 0.223072 0.637083 1.553371 0.108359
 28.000000 0.285627 0.647946 1.652826 0.142227
 29.000000 0.269949 0.632116 1.577124 0.126566
 30.000000 0.189681 0.593497 1.136529 0.248700
 31.000000 0.251004 0.600118 1.279285 0.136759
 32.000000 0.250815 0.624802 1.429049 0.143812
 33.000000 0.189945 0.614438 1.317346 0.315842
 34.000000 0.178502 0.620402 1.240866 0.088978
 35.000000 0.209654 0.638434 1.390846 0.090929
 36.000000 0.208491 0.628328 1.501965 0.206261
 37.000000 0.221870 0.610775 1.357201 0.168483
 38.000000 0.248815 0.610688 1.322268 0.114618
 39.000000 0.203043 0.602973 1.269867 0.162653
 40.000000 0.204094 0.637183 1.314658 0.539265
 41.000000 0.152873 0.629981 1.195967 0.059307
 42.000000 0.160155 0.602126 0.905049 0.745407
 43.000000 0.145294 0.634465 1.051386 0.498751
 44.000000 0.176472 0.639830 1.060652 0.114145
 45.000000 0.196176 0.603979 0.967768 0.230124
 46.000000 0.218895 0.628744 1.165429 0.191033
 47.000000 0.240103 0.601139 1.024790 0.135669
 48.000000 0.233800 0.580904 0.868905 0.340839
 49.000000 0.182458 0.608585 1.063882 0.071545
 50.000000 0.148664 0.625134 1.211040 0.358954
 51.000000 0.189851 0.607505 1.160871 0.389577
 52.000000 0.212664 0.579786 0.970536 0.096295
 53.000000 0.235200 0.570714 0.972224 0.371445
 54.000000 0.296650 0.581522 1.127346 0.145230
 55.000000 0.202368 0.606793 1.104012 0.055259
 56.000000 0.234747 0.620989 1.257727 0.479977
 57.000000 0.245120 0.600475 1.100552 0.377822
 58.000000 0.262892 0.628312 1.320765 0.738951
 59.000000 0.203830 0.655469 1.469802 0.348443
 60.000000 0.335714 0.650495 1.535125 0.616152
 61.000000 0.274179 0.650699 1.457896 0.151292
 62.000000 0.225453 0.635342 1.342292 0.288286
 63.000000 0.248273 0.657509 1.475614 0.697699
 64.000000 0.377197 0.658334 1.651080 0.655653
 65.000000 0.378100 0.673253 1.731421 0.130163
 66.000000 0.348767 0.638417 1.522634 0.459088
 67.000000 0.189173 0.616258 1.433460 0.237381
 68.000000 0.183288 0.641942 1.431036 0.196803
 69.000000 0.203396 0.653649 1.409281 0.158315
 70.000000 0.198673 0.639148 1.360261 0.288852
 71.000000 0.199205 0.653758 1.323737 0.204695
 72.000000 0.236743 0.665570 1.669093 0.128303
 73.000000 0.242038 0.655706 1.644359 0.133473
 74.000000 0.133429 0.610566 1.324582 0.029999
 75.000000 0.192100 0.630250 1.410182 0.519790
 76.000000 0.223268 0.624083 1.395655 0.369425
 77.000000 0.131209 0.626831 1.366692 0.085083
 78.000000 0.168714 0.622987 1.471772 0.112903
 79.000000 0.161321 0.600433 1.305027 0.261272
 80.000000 0.169075 0.616588 1.313429 0.407678
 81.000000 0.182184 0.591579 1.346106 0.155933
 82.000000 0.248570 0.638556 1.491626 0.187545
 83.000000 0.169966 0.658365 1.383972 0.538715
 84.000000 0.232792 0.679514 1.609675 0.134824
 85.000000 0.295946 0.670330 1.764729 0.460046
 86.000000 0.266368 0.663530 1.650787 0.171086
 87.000000 0.258856 0.601342 1.464155 0.260092
 88.000000 0.237211 0.629039 1.604536 0.147786
 89.000000 0.147648 0.625476 1.394745 0.118078
 90.000000 0.190262 0.625369 1.516524 0.206845
 91.000000 0.192224 0.644786 1.527503 0.273998
 92.000000 0.212884 0.617857 1.432322 0.311203
 93.000000 0.261648 0.621333 1.584643 0.277208
 94.000000 0.176132 0.650420 1.595157 0.112606
 95.000000 0.161889 0.650257 1.528991 0.476897
 96.000000 0.238956 0.656947 1.595216 0.549452
 97.000000 0.251074 0.635087 1.465563 0.139803
 98.000000 0.205739 0.617388 1.419089 0.339063
 99.000000 0.225425 0.624204 1.435475 0.156263
 100.000000 0.156570 0.679689 1.563279 0.324007
 101.000000 0.175965 0.679999 1.600260 0.066988
 102.000000 0.143985 0.714755 1.507731 0.052036
 103.000000 0.154528 0.640600 1.219514 0.068247
 104.000000 0.128096 0.652871 1.306215 0.030422
 105.000000 0.131513 0.646923 1.248360 0.040354
 106.000000 0.039468 0.742825 1.455765 0.015437
 107.000000 0.049478 0.751873 1.591013 0.016491
 108.000000 0.144403 0.685232 1.238506 0.037108
 109.000000 0.090325 0.722292 1.538655 0.014097
 110.000000 0.029678 0.788800 1.736560 0.003827
 111.000000 0.053702 0.713265 1.253554 0.015257
 112.000000 0.138607 0.673458 1.282768 0.074563
 113.000000 0.108627 0.631071 1.045375 0.035377
 114.000000 0.103057 0.643326 1.114125 0.037789
 115.000000 0.153351 0.639693 1.022128 0.106475
 116.000000 0.180219 0.647205 1.115326 0.138845
 117.000000 0.124096 0.680084 1.283832 0.180993
 118.000000 0.204297 0.696274 1.273196 0.277708
 119.000000 0.269651 0.671989 1.169645 0.435297
 120.000000 0.077655 0.728787 1.284382 0.042953
 121.000000 0.061930 0.786758 1.579232 0.021228
 122.000000 0.084531 0.787727 1.585544 0.023942
 123.000000 0.084666 0.785363 1.747206 0.008269
 124.000000 0.116517 0.737061 1.653926 0.021549
 125.000000 0.079941 0.714408 1.589229 0.016357
 126.000000 0.073468 0.727641 1.578983 0.012555
 127.000000 0.104336 0.720190 1.335849 0.025481
 128.000000 0.094445 0.743586 1.463983 0.015890
 129.000000 0.182023 0.642391 0.975927 0.030763
 130.000000 0.128790 0.692051 1.214253 0.048337
 131.000000 0.101495 0.687177 1.209220 0.069168
 132.000000 0.065053 0.709393 1.255469 0.007956
 133.000000 0.076774 0.706056 1.203668 0.008902
 134.000000 0.071325 0.744676 1.700339 0.006532
 135.000000 0.116502 0.746030 1.656115 0.015174
 136.000000 0.098846 0.678348 1.143518 0.013157
 137.000000 0.103019 0.668579 0.990801 0.007995
 138.000000 0.108155 0.647816 0.933857 0.012030
 139.000000 0.099966 0.630828 0.708662 0.008146
 140.000000 0.144014 0.608230 0.613084 0.010128
 141.000000 0.100332 0.593181 0.473592 0.010264
 142.000000 0.099200 0.593351 0.492265 0.010866
 143.000000 0.109057 0.621028 0.686462 0.011012
 144.000000 0.078642 0.645975 0.859282 0.006133
 145.000000 0.090427 0.666777 0.871508 0.012659
 146.000000 0.165404 0.619074 0.811397 0.012972
 147.000000 0.132765 0.617194 0.736439 0.013671
 148.000000 0.104004 0.668342 0.971586 0.011952
 149.000000 0.099806 0.678539 0.970884 0.022887
 150.000000 0.107059 0.625043 0.866042 0.015148
 151.000000 0.079450 0.640174 0.784859 0.007387
 152.000000 0.138716 0.645342 0.970824 0.010221
 153.000000 0.101564 0.676417 1.102832 0.009348
 154.000000 0.089692 0.624910 0.754330 0.014791
 155.000000 0.110614 0.625123 0.739699 0.009348
 156.000000 0.071323 0.653212 1.186900 0.011231
 157.000000 0.072482 0.653947 1.082764 0.013740
 158.000000 0.057840 0.660368 1.192043 0.007378
 159.000000 0.074968 0.657858 1.140905 0.004992
 160.000000 0.087407 0.650021 1.073432 0.009661
 161.000000 0.067429 0.707947 1.244491 0.005838
 162.000000 0.075995 0.722257 1.419648 0.005516
 163.000000 0.084054 0.718603 1.318189 0.011096
 164.000000 0.110915 0.650495 0.957161 0.011699
 165.000000 0.130306 0.656020 1.116866 0.011517
 166.000000 0.087625 0.694863 1.274972 0.006139
 167.000000 0.125408 0.667759 1.072323 0.012145
 168.000000 0.116858 0.656760 1.023505 0.011478
 169.000000 0.107170 0.669799 1.128866 0.011295
 170.000000 0.097956 0.687155 1.282033 0.008520
 171.000000 0.067029 0.682773 1.117054 0.005654
 172.000000 0.094365 0.647697 0.910879 0.009925
 173.000000 0.089518 0.658312 1.005979 0.005674
 174.000000 0.103787 0.670962 1.129819 0.011296
 175.000000 0.116371 0.643581 0.930503 0.011618
 176.000000 0.091969 0.627066 0.789026 0.006442
 177.000000 0.104084 0.601089 0.595604 0.011724
 178.000000 0.105677 0.661540 1.144868 0.014943
 179.000000 0.151133 0.586232 0.746744 0.008961
 180.000000 0.092680 0.648490 0.807929 0.008177
 181.000000 0.100858 0.613438 0.711676 0.010580
 182.000000 0.101833 0.641572 0.859768 0.009684
 183.000000 0.087078 0.620521 0.675985 0.005929
 184.000000 0.114470 0.665050 1.047350 0.012116
 185.000000 0.102095 0.663595 0.989613 0.009446
 186.000000 0.103355 0.663664 1.075484 0.011015
 187.000000 0.088732 0.678084 1.116701 0.007986
 188.000000 0.100203 0.659229 1.102004 0.009611
 189.000000 0.100387 0.639994 0.916983 0.010518
 190.000000 0.105016 0.654703 0.942197 0.010261
 191.000000 0.110290 0.654826 1.043488 0.009647
 192.000000 0.124269 0.661473 1.074404 0.014680
 193.000000 0.149252 0.666719 1.211529 0.010125
 194.000000 0.075126 0.720731 1.368655 0.008206
 195.000000 0.074231 0.715441 1.421425 0.007841
 196.000000 0.084279 0.739192 1.649483 0.012023
 197.000000 0.107225 0.678397 1.271793 0.008101
 198.000000 0.111732 0.660860 1.086334 0.009362
 199.000000 0.132657 0.652342 1.105600 0.011662
 200.000000 0.136312 0.623092 0.736355 0.014705
 201.000000 0.089864 0.627998 0.699825 0.009580
 202.000000 0.115582 0.618854 0.725149 0.015808
 203.000000 0.113777 0.643146 0.863958 0.010698
 204.000000 0.124705 0.656010 1.144156 0.013386
 205.000000 0.094995 0.662138 0.985323 0.009437
 206.000000 0.090500 0.672941 1.195941 0.007517
 207.000000 0.077704 0.678174 1.098134 0.003676
 208.000000 0.067576 0.649398 1.029759 0.003889
 209.000000 0.118348 0.644167 1.076177 0.007327
 210.000000 0.099037 0.647097 1.309794 0.006708
 211.000000 0.117571 0.576072 0.759254 0.009132
 212.000000 0.101272 0.567395 0.559667 0.006309
 213.000000 0.115325 0.552182 0.468001 0.011756
 214.000000 0.103011 0.563446 0.477155 0.009849
 215.000000 0.108938 0.564664 0.471146 0.007045
 216.000000 0.098626 0.558347 0.482437 0.006419
 217.000000 0.116305 0.558138 0.471438 0.016260
 218.000000 0.107319 0.553468 0.464564 0.009305
 219.000000 0.094628 0.552981 0.537275 0.006923
 220.000000 0.090154 0.562594 0.526011 0.007731
 221.000000 0.089239 0.566639 0.577437 0.006009
 222.000000 0.112815 0.544698 0.531841 0.009961
 223.000000 0.104307 0.573347 0.593373 0.007118
 224.000000 0.095871 0.561362 0.534575 0.007139
 225.000000 0.097886 0.545964 0.518923 0.008045
 226.000000 0.086288 0.569099 0.495690 0.006376
 227.000000 0.098264 0.568376 0.442504 0.010268
 228.000000 0.095176 0.558443 0.471044 0.008424
 229.000000 0.068426 0.585232 0.677528 0.008833
 230.000000 0.068053 0.616632 0.997518 0.005266
 231.000000 0.091062 0.607858 1.339261 0.005919
 232.000000 0.044362 0.645539 1.293406 0.007671
 233.000000 0.048838 0.693973 1.444942 0.004001
 234.000000 0.076562 0.702709 1.697600 0.004541
 235.000000 0.073007 0.670462 1.412340 0.005918
 236.000000 0.100390 0.668106 1.475797 0.021879
 237.000000 0.033557 0.716387 1.570165 0.003418
 238.000000 0.037257 0.685731 1.288550 0.003961
 239.000000 0.035838 0.721991 1.565031 0.003943
 240.000000 0.056024 0.711864 1.635652 0.006726
 241.000000 0.039402 0.765191 1.922379 0.003046
 242.000000 0.028809 0.810260 2.112233 0.002877
 243.000000 0.021502 0.802310 1.850770 0.001545
 244.000000 0.016199 0.861620 2.311406 0.001433
 245.000000 0.018623 0.857972 2.413525 0.001408
 246.000000 0.044378 0.780797 2.023650 0.003008
 247.000000 0.041297 0.792671 2.071951 0.002929
 248.000000 0.037134 0.835232 2.360649 0.002248
 249.000000 0.034135 0.834847 2.384521 0.002646
 250.000000 0.028642 0.860110 2.463596 0.002125
 251.000000 0.015593 0.922221 2.613192 0.001134
 252.000000 0.023156 0.876875 2.484167 0.001634
 253.000000 0.057657 0.791170 2.178273 0.004886
 254.000000 0.027825 0.830773 2.210952 0.002654
 255.000000 0.018123 0.905797 2.514393 0.001920
 256.000000 0.025177 0.859528 2.416003 0.003936
 257.000000 0.012183 0.936699 2.626814 0.001290
 258.000000 0.009703 0.969826 2.785041 0.000941
 259.000000 0.009987 0.980291 2.827732 0.000911
 260.000000 0.011584 0.962426 2.791230 0.001418
 261.000000 0.007809 1.002453 2.955943 0.000746
 262.000000 0.015333 0.935640 2.737067 0.001610
 263.000000 0.013365 0.945336 2.745955 0.001179
 264.000000 0.011615 0.970333 2.802636 0.001044
 265.000000 0.018271 0.892947 2.508483 0.002156
 266.000000 0.019470 0.886966 2.453147 0.002453
 267.000000 0.015194 0.897373 2.400391 0.001573
 268.000000 0.017783 0.890996 2.364022 0.001690
 269.000000 0.016242 0.917881 2.613663 0.001432
 270.000000 0.024969 0.870325 2.431596 0.001791
 271.000000 0.017971 0.918476 2.601394 0.001709
 272.000000 0.010665 0.956581 2.709583 0.000888
 273.000000 0.011428 0.946765 2.713131 0.001157
 274.000000 0.012397 0.933624 2.652670 0.001038
 275.000000 0.011102 0.958442 2.764699 0.000995
 276.000000 0.013437 0.936126 2.616446 0.001434
 277.000000 0.011578 0.944065 2.720944 0.001141
 278.000000 0.012001 0.957068 2.730276 0.001446
 279.000000 0.011958 0.947461 2.695963 0.001351
 280.000000 0.017867 0.905345 2.614423 0.002198
 281.000000 0.017196 0.911945 2.643851 0.002436
 282.000000 0.019376 0.907458 2.600701 0.002297
 283.000000 0.018907 0.888025 2.496329 0.002040
 284.000000 0.020832 0.891620 2.498001 0.002521
 285.000000 0.009221 0.963338 2.524696 0.000775
 286.000000 0.012653 0.909979 2.480443 0.001015
 287.000000 0.015600 0.859257 2.172123 0.001191
 288.000000 0.015140 0.878452 2.262399 0.001105
 289.000000 0.014464 0.911317 2.529464 0.001363
 290.000000 0.016986 0.856089 2.276306 0.001394
 291.000000 0.018289 0.857329 2.266563 0.001374
 292.000000 0.015167 0.916760 2.622756 0.001690
 293.000000 0.014942 0.917929 2.649953 0.001279
 294.000000 0.014383 0.923358 2.655503 0.001471
 295.000000 0.014399 0.909453 2.613479 0.001241
 296.000000 0.014799 0.879607 2.409582 0.001389
 297.000000 0.018367 0.868934 2.465222 0.001636
 298.000000 0.013892 0.941202 2.656091 0.001455
 299.000000 0.016349 0.905525 2.451213 0.001311
 300.000000 0.014903 0.942698 2.721101 0.001308
 301.000000 0.015294 0.940118 2.695589 0.001517
 302.000000 0.016701 0.939705 2.734188 0.001724
 303.000000 0.011197 0.974096 2.800896 0.001320
 304.000000 0.013890 0.959315 2.777052 0.001364
 305.000000 0.014390 0.943253 2.596531 0.001336
 306.000000 0.014703 0.938503 2.717238 0.001412
 307.000000 0.015238 0.915723 2.577066 0.001531
 308.000000 0.018507 0.903449 2.534815 0.001731
 309.000000 0.014346 0.947564 2.686870 0.001356
 310.000000 0.025949 0.875646 2.466697 0.002251
 311.000000 0.014804 0.908574 2.508969 0.001402
 312.000000 0.016519 0.921810 2.647584 0.001557
 313.000000 0.020407 0.896956 2.551101 0.001837
 314.000000 0.015190 0.936509 2.695870 0.001544
 315.000000 0.014719 0.932583 2.703652 0.001430
 316.000000 0.013632 0.943006 2.642341 0.001454
 317.000000 0.014403 0.936291 2.632711 0.001217
 318.000000 0.011656 0.962315 2.776367 0.001402
 319.000000 0.017098 0.921442 2.715846 0.001772
 320.000000 0.012519 0.961968 2.833060 0.001139
 321.000000 0.020404 0.914548 2.679397 0.002034
 322.000000 0.018506 0.927066 2.760997 0.001596
 323.000000 0.014678 0.943535 2.748713 0.001531
 324.000000 0.018020 0.899117 2.570060 0.001972
 325.000000 0.014457 0.929730 2.664269 0.001164
 326.000000 0.015405 0.910643 2.487180 0.001414
 327.000000 0.013691 0.899907 2.476551 0.001198
 328.000000 0.018157 0.897028 2.469184 0.001797
 329.000000 0.021415 0.906320 2.538802 0.001804
 330.000000 0.019507 0.914409 2.579747 0.002121
 331.000000 0.016446 0.915210 2.645028 0.001501
 332.000000 0.012115 0.948037 2.719137 0.001112
 333.000000 0.008962 1.002454 2.891856 0.000943
 334.000000 0.009302 0.979587 2.835609 0.000972
 335.000000 0.011471 0.968429 2.848117 0.001163
 336.000000 0.011195 0.957659 2.777891 0.001275
 337.000000 0.009450 0.984772 2.844244 0.000989
 338.000000 0.009542 0.991674 2.846812 0.000981
 339.000000 0.015928 0.927396 2.687448 0.001730
 340.000000 0.014474 0.942875 2.788935 0.001608
 341.000000 0.014536 0.956733 2.829947 0.001793
 342.000000 0.013592 0.959625 2.751234 0.001363
 343.000000 0.016597 0.921653 2.639292 0.001653
 344.000000 0.025799 0.851988 2.432451 0.003519
 345.000000 0.023507 0.877055 2.510014 0.002268
 346.000000 0.028098 0.860572 2.470506 0.002986
 347.000000 0.022836 0.867285 2.437372 0.002484
 348.000000 0.028715 0.835928 2.243419 0.003114
 349.000000 0.032556 0.812669 2.214303 0.002923
 350.000000 0.024210 0.853926 2.409382 0.001530
 351.000000 0.016216 0.894438 2.492026 0.001482
 352.000000 0.026567 0.813072 2.240353 0.002370
 353.000000 0.021636 0.877879 2.505406 0.002693
 354.000000 0.016059 0.917299 2.622250 0.002151
 355.000000 0.023846 0.854059 2.365731 0.003036
 356.000000 0.021096 0.877828 2.437992 0.002460
 357.000000 0.021435 0.868673 2.375321 0.002477
 358.000000 0.016144 0.932635 2.668979 0.002183
 359.000000 0.013120 0.941414 2.708678 0.001758
 360.000000 0.019023 0.882693 2.450505 0.002348
 361.000000 0.011254 0.943878 2.659891 0.001113
 362.000000 0.011834 0.951649 2.650783 0.001070
 363.000000 0.013419 0.929843 2.648569 0.001568
 364.000000 0.014963 0.905402 2.420328 0.001456
 365.000000 0.012583 0.933255 2.560998 0.001532
 366.000000 0.013304 0.927688 2.594033 0.001363
 367.000000 0.010137 0.975119 2.820581 0.000828
 368.000000 0.009978 0.973390 2.759766 0.000915
 369.000000 0.012997 0.955617 2.745469 0.001142
 370.000000 0.013949 0.935882 2.677302 0.001176
 371.000000 0.012477 0.935176 2.664513 0.001218
 372.000000 0.013505 0.900739 2.356178 0.001399
 373.000000 0.015393 0.875388 2.189008 0.001207
 374.000000 0.015396 0.872073 2.201937 0.001336
 375.000000 0.012779 0.895956 2.193753 0.000994
 376.000000 0.014631 0.860565 2.018654 0.001351
 377.000000 0.015365 0.860946 2.043167 0.001293
 378.000000 0.019110 0.874527 2.211598 0.001745
 379.000000 0.016252 0.889250 2.239344 0.001231
 380.000000 0.014579 0.908351 2.491435 0.001412
 381.000000 0.007750 1.003634 2.766941 0.000697
 382.000000 0.008416 0.968034 2.696430 0.000815
 383.000000 0.007995 0.993369 2.812531 0.000866
 384.000000 0.006605 1.022776 2.934944 0.000687
 385.000000 0.008949 0.978084 2.795096 0.001127
 386.000000 0.012403 0.958929 2.831779 0.001179
 387.000000 0.014353 0.933082 2.714841 0.002489
 388.000000 0.024329 0.866338 2.443968 0.002776
 389.000000 0.022408 0.888339 2.544514 0.002851
 390.000000 0.031243 0.857033 2.441874 0.002813
 391.000000 0.024765 0.878773 2.362885 0.002304
 392.000000 0.025066 0.872170 2.416457 0.002941
 393.000000 0.029857 0.806220 2.139728 0.003318
 394.000000 0.028663 0.841710 2.218062 0.002631
 395.000000 0.031759 0.842524 2.219013 0.003182
 396.000000 0.043429 0.788625 2.041105 0.003757
 397.000000 0.056065 0.813788 2.174563 0.005985
 398.000000 0.032777 0.863603 2.474755 0.004384
 399.000000 0.034294 0.844745 2.383667 0.003818
 400.000000 0.035464 0.801801 2.078788 0.002293
 401.000000 0.028137 0.855511 2.346723 0.003288
 402.000000 0.042657 0.831785 2.308303 0.005192
 403.000000 0.033630 0.844572 2.420620 0.003070
 404.000000 0.028481 0.843903 2.345314 0.003463
 405.000000 0.032171 0.841732 2.354893 0.003384
 406.000000 0.052097 0.815351 2.244695 0.004352
 407.000000 0.040663 0.828614 2.136032 0.003256
 408.000000 0.029519 0.861478 2.444126 0.002954
 409.000000 0.036377 0.851923 2.388274 0.005117
 410.000000 0.028928 0.850082 2.359321 0.002943
 411.000000 0.027894 0.844407 2.327833 0.002448
 412.000000 0.033591 0.827158 2.247835 0.002958
 413.000000 0.026344 0.834633 2.262670 0.002490
 414.000000 0.043453 0.814026 2.218875 0.003532
 415.000000 0.028132 0.841934 2.340668 0.002110
 416.000000 0.042859 0.796478 2.207387 0.003669
 417.000000 0.053700 0.790694 2.186622 0.004766
 418.000000 0.042946 0.826855 2.233922 0.003791
 419.000000 0.047686 0.807691 2.164782 0.005252
 420.000000 0.040221 0.811465 2.155662 0.002948
 421.000000 0.027463 0.873938 2.496700 0.002106
 422.000000 0.035862 0.809551 2.203943 0.002903
 423.000000 0.031704 0.792370 2.115330 0.003316
 424.000000 0.023137 0.856746 2.308566 0.001823
 425.000000 0.032183 0.837447 2.283659 0.002311
 426.000000 0.028308 0.827520 2.260660 0.001820
 427.000000 0.019960 0.865620 2.368940 0.001633
 428.000000 0.038718 0.797323 2.089381 0.003001
 429.000000 0.025874 0.806549 2.137881 0.002005
 430.000000 0.034704 0.778006 2.067096 0.004106
 431.000000 0.039079 0.820758 2.230347 0.004725
 432.000000 0.037442 0.836476 2.331886 0.003598
 433.000000 0.036917 0.818823 2.249027 0.004435
 434.000000 0.015194 0.913803 2.520284 0.001046
 435.000000 0.021260 0.893999 2.439156 0.002325
 436.000000 0.022344 0.884874 2.514328 0.003127
 437.000000 0.016634 0.887641 2.452130 0.002595
 438.000000 0.027756 0.844639 2.362408 0.002391
 439.000000 0.032697 0.823770 2.225688 0.002717
 440.000000 0.029438 0.800606 2.075020 0.003417
 441.000000 0.042128 0.801842 2.120509 0.005321
 442.000000 0.060655 0.790528 2.126416 0.007017
 443.000000 0.042165 0.825188 2.299301 0.006130
 444.000000 0.052131 0.787348 2.170288 0.006431
 445.000000 0.037868 0.797616 2.098420 0.004417
 446.000000 0.034291 0.811563 2.187685 0.004783
 447.000000 0.043941 0.821170 2.215786 0.006671
 448.000000 0.053718 0.795835 2.075176 0.005235
 449.000000 0.030824 0.851870 2.390186 0.002933
 450.000000 0.050158 0.819369 2.266036 0.007023
 451.000000 0.032069 0.847033 2.303133 0.002595
 452.000000 0.032485 0.846277 2.329035 0.003210
 453.000000 0.047905 0.808696 2.144259 0.005332
 454.000000 0.024108 0.857578 2.366756 0.002223
 455.000000 0.021136 0.893471 2.580235 0.001817
 456.000000 0.018400 0.898462 2.376748 0.001867
 457.000000 0.016261 0.896463 2.402647 0.001470
 458.000000 0.021577 0.893229 2.400169 0.002668
 459.000000 0.022512 0.831210 2.195213 0.002209
 460.000000 0.044199 0.769251 1.982442 0.004233
 461.000000 0.037268 0.808150 2.117494 0.003321
 462.000000 0.048458 0.797395 2.027569 0.003844
 463.000000 0.032754 0.816464 1.967105 0.002658
 464.000000 0.041356 0.795202 1.831896 0.003304
 465.000000 0.035042 0.749857 1.752232 0.004010
 466.000000 0.046916 0.723664 1.543448 0.003121
 467.000000 0.043944 0.753396 1.865927 0.003176
 468.000000 0.031359 0.760777 1.713346 0.002208
 469.000000 0.029898 0.788976 1.917612 0.002533
 470.000000 0.032657 0.786369 2.010267 0.002469
 471.000000 0.028159 0.845400 2.350860 0.002468
 472.000000 0.065782 0.782971 2.210123 0.005509
 473.000000 0.037904 0.794453 2.060503 0.002922
 474.000000 0.030491 0.826007 2.111654 0.003685
 475.000000 0.052507 0.810189 2.086651 0.007824
 476.000000 0.052830 0.767525 1.715917 0.006881
 477.000000 0.055450 0.786416 1.934808 0.006183
 478.000000 0.083829 0.771600 1.989516 0.010603
 479.000000 0.055568 0.790299 1.988383 0.006274
 480.000000 0.062494 0.800702 2.019966 0.008680
 481.000000 0.056409 0.786569 1.980475 0.006742
 482.000000 0.084295 0.754115 1.733930 0.006857
 483.000000 0.088230 0.780148 1.899914 0.012191
 484.000000 0.103766 0.757479 1.959418 0.024095
 485.000000 0.089385 0.778402 2.167369 0.011427
 486.000000 0.241693 0.734872 1.989569 0.099726
 487.000000 0.287654 0.710394 1.892964 0.124061
 488.000000 0.279586 0.751400 2.010807 0.099010
 489.000000 0.270878 0.732007 1.937906 0.390147
 490.000000 0.259226 0.685128 1.750194 0.271137
 491.000000 0.240818 0.644573 1.390732 0.232432
 492.000000 0.138750 0.640627 1.352117 0.133512
 493.000000 0.363449 0.665202 1.675009 0.343731
 494.000000 0.278430 0.652690 1.438191 0.225743
 495.000000 0.334393 0.655887 1.427237 0.476551
 496.000000 0.402325 0.640183 1.404049 0.777092
 497.000000 0.307570 0.639397 1.278321 0.450850
 498.000000 0.291317 0.648584 1.239498 0.298346
 499.000000 0.292414 0.713018 1.681797 0.201097
 500.000000 0.301766 0.686447 1.650650 0.169319
