#! FIELDS time alpha rg e2e hbond
 0.000000 0.853221 0.514421 1.306388 1.688907
 1.000000 0.520490 0.529064 1.120377 0.929135
 2.000000 1.328952 0.582993 1.395768 1.239833
 3.000000 1.440494 0.596731 1.499831 1.582637
 4.000000 1.296741 0.602832 1.364909 0.620633
 5.000000 1.465611 0.584204 1.369642 1.153037
 6.000000 1.467455 0.572798 1.316019 0.632911
 7.000000 1.446014 0.579520 1.420539 1.187422
 8.000000 1.536076 0.594984 1.427715 1.615498
 9.000000 1.386844 0.595917 1.537376 1.540602
 10.000000 1.275359 0.639494 1.651082 0.785885
 11.000000 1.269588 0.654464 1.726257 1.185310
 12.000000 1.301508 0.625366 1.525644 0.848512
 13.000000 1.409458 0.622394 1.655448 1.412065
 14.000000 1.254743 0.650408 1.631968 0.689043
 15.000000 1.365970 0.639638 1.618312 0.565211
 16.000000 1.223194 0.593875 1.233292 0.258894
 17.000000 1.272490 0.598077 1.229250 1.017834
 18.000000 1.034209 0.633002 1.565767 0.201285
 19.000000 1.152392 0.644532 1.615448 0.448778
 20.000000 1.261711 0.569608 1.271217 0.729140
 21.000000 1.330247 0.559207 1.187116 1.556342
 22.000000 1.074414 0.534470 1.195263 1.543411
 23.000000 1.023337 0.529075 1.081201 1.018389
 24.000000 1.052733 0.539460 1.084991 1.059733
 25.000000 0.737233 0.582525 1.193210 0.118328
 26.000000 1.236491 0.535051 1.109844 0.907369
 27.000000 1.081394 0.629642 1.473902 0.344777
 28.000000 1.348100 0.609778 1.487859 0.339912
 29.000000 1.387424 0.552927 1.160477 0.453783
 30.000000 1.574981 0.569704 1.333304 1.292187
 31.000000 1.488394 0.562868 1.309026 1.112852
 32.000000 1.327178 0.576136 1.309792 1.247490
 33.000000 1.658949 0.538156 1.272142 1.660211
 34.000000 1.360174 0.604415 1.416529 0.477182
 35.000000 1.255091 0.615689 1.435056 0.295371
 36.000000 1.284412 0.595526 1.499326 0.954789
 37.000000 1.253294 0.617692 1.397397 1.422145
 38.000000 1.483184 0.607287 1.335153 0.787929
 39.000000 0.825954 0.605558 1.246065 0.251512
 40.000000 0.712435 0.560966 0.981302 0.397934
 41.000000 0.416244 0.544300 0.931011 0.246802
 42.000000 0.359364 0.578402 0.978022 0.132257
 43.000000 0.556207 0.577113 1.043514 0.204861
 44.000000 0.571135 0.593513 1.193655 0.310484
 45.000000 0.624080 0.614772 1.426383 0.588931
 46.000000 0.676072 0.615924 1.380201 0.714975
 47.000000 1.049885 0.617922 1.385541 0.797578
 48.000000 1.409007 0.641252 1.546791 1.534450
 49.000000 1.342817 0.643448 1.658163 1.214676
 50.000000 1.352916 0.685650 1.789249 1.138011
 51.000000 1.304049 0.670498 1.765884 1.454965
 52.000000 1.216450 0.714030 1.994538 0.234705
 53.000000 1.400112 0.691075 1.855415 0.978195
 54.000000 1.053666 0.714672 1.928731 0.295143
 55.000000 0.643203 0.724996 1.975126 0.768344
 56.000000 0.517897 0.733963 1.990978 0.220897
 57.000000 0.292060 0.768883 2.159774 0.158815
 58.000000 0.378472 0.753624 2.185947 0.205448
 59.000000 0.822380 0.729601 2.137997 0.146825
 60.000000 0.612785 0.747296 2.138806 0.245299
 61.000000 0.332628 0.728003 2.062920 0.087275
 62.000000 0.305269 0.742443 2.144451 0.245137
 63.000000 0.191596 0.712051 1.969776 0.388811
 64.000000 0.238556 0.725616 1.975512 0.103906
 65.000000 0.280411 0.781510 2.194722 0.147703
 66.000000 0.298151 0.765599 2.098128 0.165198
 67.000000 0.336693 0.721022 1.917057 0.707179
 68.000000 0.244967 0.757295 2.078381 0.597916
 69.000000 0.292679 0.732548 1.854672 0.224098
 70.000000 0.331818 0.728994 1.909781 0.254463
 71.000000 0.417704 0.749820 2.156583 0.486639
 72.000000 0.372741 0.743104 2.109321 0.363588
 73.000000 0.370094 0.746457 2.167878 0.202176
 74.000000 0.959648 0.726346 2.126752 0.264020
 75.000000 1.296416 0.721465 2.066185 0.591339
 76.000000 1.326064 0.690461 1.844534 1.055921
 77.000000 1.340882 0.723401 2.067570 1.045156
 78.000000 1.555908 0.668789 1.948730 1.199930
 79.000000 1.342746 0.652982 1.838748 1.441680
 80.000000 1.373640 0.683924 1.922422 1.497132
 81.000000 0.750944 0.689830 1.883234 0.885935
 82.000000 1.313784 0.676939 1.955360 0.723471
 83.000000 1.240087 0.721520 2.049400 0.802895
 84.000000 1.031443 0.758891 2.150314 0.151797
 85.000000 1.311404 0.700441 1.971086 0.825002
 86.000000 1.285985 0.671001 1.950231 0.700407
 87.000000 1.435463 0.673631 2.052029 0.992390
 88.000000 1.615191 0.700542 2.046296 0.861879
 89.000000 1.221288 0.744823 2.108031 0.366875
 90.000000 0.440834 0.680937 1.665545 0.109946
 91.000000 0.563099 0.720717 1.972478 0.159764
 92.000000 0.252106 0.709557 1.886385 0.060853
 93.000000 0.625512 0.665567 1.736598 0.530526
 94.000000 0.680813 0.668867 1.784829 0.452623
 95.000000 0.668129 0.673913 1.882943 0.294213
 96.000000 1.259462 0.715635 2.048791 0.207702
 97.000000 1.400905 0.683319 1.941376 0.642144
 98.000000 1.559549 0.665319 1.884303 0.537089
 99.000000 1.298653 0.698324 2.020001 0.656977
 100.000000 1.275359 0.678468 1.902028 1.421688
 101.000000 1.008610 0.705005 1.989447 0.095284
 102.000000 1.353414 0.679929 1.898947 1.047405
 103.000000 1.273269 0.677185 1.947812 1.150975
 104.000000 1.395057 0.643838 1.825201 1.274095
 105.000000 1.314571 0.694357 2.001365 0.619724
 106.000000 1.258577 0.730664 2.052562 0.341005
 107.000000 1.303286 0.698042 1.980108 1.133606
 108.000000 1.348582 0.695750 1.990725 0.622381
 109.000000 1.346908 0.716467 2.094266 0.891196
 110.000000 1.303689 0.697154 1.961190 0.532103
 111.000000 1.361771 0.698654 1.971555 0.961004
 112.000000 1.288764 0.734111 2.144124 0.430751
 113.000000 1.411500 0.685959 1.952548 1.256412
 114.000000 1.424559 0.662934 1.894294 1.436322
 115.000000 1.303959 0.676236 1.859501 0.857943
 116.000000 1.001100 0.706398 1.934369 0.815831
 117.000000 1.277771 0.684692 1.918500 1.094256
 118.000000 1.286939 0.685503 1.992366 0.792459
 119.000000 1.486073 0.636730 1.760380 1.207638
 120.000000 1.352128 0.704916 1.970943 1.335945
 121.000000 1.403299 0.718952 2.005546 1.374955
 122.000000 1.540059 0.688906 1.823227 1.702480
 123.000000 1.250265 0.712841 1.930781 0.983307
 124.000000 0.908881 0.722367 1.961868 0.306544
 125.000000 1.420113 0.695221 1.926914 0.415725
 126.000000 1.388409 0.699891 2.001458 1.224706
 127.000000 1.313722 0.695163 1.976527 1.113187
 128.000000 0.825024 0.714499 1.943305 0.286795
 129.000000 1.346233 0.674261 1.855903 1.244188
 130.000000 0.916843 0.723230 2.053645 0.578761
 131.000000 1.272050 0.706599 2.002220 0.717147
 132.000000 1.443146 0.646147 1.827016 1.292147
 133.000000 0.917412 0.628033 1.726767 0.691370
 134.000000 1.309938 0.652639 1.873428 0.687996
 135.000000 1.558654 0.642485 1.809546 1.352030
 136.000000 1.527556 0.670771 1.940873 1.408887
 137.000000 1.542983 0.658297 1.876434 1.616543
 138.000000 0.678172 0.711719 1.972169 0.156431
 139.000000 1.326449 0.692262 1.967205 0.436450
 140.000000 1.448262 0.665154 1.857474 1.510365
 141.000000 0.757090 0.685924 1.934670 0.109446
 142.000000 0.627679 0.686134 1.918834 0.137098
 143.000000 0.409676 0.726246 2.023689 0.060044
 144.000000 0.418211 0.743946 2.107040 0.080010
 145.000000 0.223278 0.723597 2.006820 0.027260
 146.000000 0.447771 0.704806 1.982752 0.055206
 147.000000 0.652389 0.744449 2.124196 0.126513
 148.000000 0.534814 0.706258 2.020989 0.108358
 149.000000 0.517909 0.690058 1.863363 0.062448
 150.000000 0.141158 0.734869 1.945823 0.016139
 151.000000 0.142296 0.762369 2.108193 0.015526
 152.000000 0.159007 0.727946 1.973033 0.012743
 153.000000 0.077090 0.770786 2.074204 0.015026
 154.000000 0.244396 0.685134 1.872181 0.058174
 155.000000 0.356403 0.667119 1.805829 0.170496
 156.000000 0.392907 0.683202 1.883711 0.236213
 157.000000 0.315194 0.636219 1.639898 0.905160
 158.000000 0.409142 0.649714 1.777118 0.505238
 159.000000 0.469585 0.688778 1.974875 0.161433
 160.000000 0.428767 0.719076 2.047848 0.350408
 161.000000 0.212848 0.766716 2.214892 0.118429
 162.000000 0.388353 0.719604 2.024805 0.131636
 163.000000 0.502314 0.688828 1.907633 0.634371
 164.000000 0.469613 0.658013 1.832112 0.151219
 165.000000 0.357005 0.692158 1.887474 0.093044
 166.000000 0.382677 0.684593 1.864043 0.400016
 167.000000 0.444829 0.677240 1.749400 0.704205
 168.000000 0.337336 0.659319 1.761690 0.867608
 169.000000 0.262164 0.623169 1.406026 0.661665
 170.000000 0.359607 0.640754 1.483903 0.202214
 171.000000 0.417669 0.648087 1.549904 0.235901
 172.000000 0.363254 0.630903 1.637243 0.900978
 173.000000 0.400823 0.649901 1.721624 0.545927
 174.000000 0.329147 0.646018 1.551957 0.529082
 175.000000 0.176987 0.643876 1.568443 0.425247
 176.000000 0.281999 0.613528 1.347593 0.091802
 177.000000 0.154360 0.675153 1.444707 0.047466
 178.000000 0.158879 0.703704 1.597560 0.030918
 179.000000 0.161434 0.633029 1.349488 0.107754
 180.000000 0.196772 0.620111 1.239029 0.073948
 181.000000 0.194479 0.623013 1.233292 0.083299
 182.000000 0.126035 0.630539 1.190801 0.032473
 183.000000 0.215736 0.609442 1.095060 0.185478
 184.000000 0.202202 0.619359 1.156616 0.114522
 185.000000 0.191992 0.631062 1.087771 0.073002
 186.000000 0.209009 0.612716 1.122151 0.167962
 187.000000 0.360704 0.592377 1.290357 0.163934
 188.000000 0.264026 0.567658 1.064245 0.096215
 189.000000 0.214138 0.582299 1.057032 0.115800
 190.000000 0.333288 0.547117 0.932449 0.102739
 191.000000 0.241608 0.566572 0.945425 0.074713
 192.000000 0.244724 0.592397 1.227800 0.034644
 193.000000 0.247272 0.565028 1.145065 0.041727
 194.000000 0.299975 0.577650 1.155958 0.094048
 195.000000 0.312512 0.589279 1.229196 0.091622
 196.000000 0.262573 0.627818 1.309289 0.084853
 197.000000 0.201176 0.639652 1.357205 0.078199
 198.000000 0.196874 0.625560 1.259801 0.033195
 199.000000 0.209456 0.641220 1.287575 0.064976
 200.000000 0.156947 0.660316 1.409547 0.046647
 201.000000 0.121368 0.653339 1.234595 0.070031
 202.000000 0.212732 0.654643 1.403540 0.068626
 203.000000 0.170752 0.656524 1.488025 0.033198
 204.000000 0.219888 0.652649 1.522957 0.055898
 205.000000 0.171986 0.654592 1.484974 0.052344
 206.000000 0.169973 0.641581 1.390275 0.039385
 207.000000 0.219308 0.623082 1.281945 0.049446
 208.000000 0.199206 0.638738 1.444186 0.045103
 209.000000 0.198127 0.637688 1.256049 0.055880
 210.000000 0.188197 0.609118 1.161026 0.056817
 211.000000 0.226281 0.626039 1.299142 0.052303
 212.000000 0.277032 0.630661 1.484586 0.391676
 213.000000 0.242831 0.641445 1.470206 0.069035
 214.000000 0.156901 0.639835 1.320370 0.028701
 215.000000 0.206809 0.633848 1.358163 0.045778
 216.000000 0.161799 0.663956 1.483487 0.041386
 217.000000 0.161236 0.680006 1.559589 0.065251
 218.000000 0.191912 0.678706 1.525382 0.084694
 219.000000 0.088280 0.724041 1.579342 0.019210
 220.000000 0.074186 0.731883 1.724168 0.010145
 221.000000 0.102022 0.756433 2.022730 0.011115
 222.000000 0.166076 0.716917 1.868272 0.013553
 223.000000 0.104886 0.706399 1.858364 0.006886
 224.000000 0.100334 0.669899 1.465304 0.011711
 225.000000 0.135508 0.672297 1.709319 0.047577
 226.000000 0.113863 0.700794 1.743821 0.033202
 227.000000 0.067024 0.772045 1.975165 0.006387
 228.000000 0.074158 0.765243 2.009002 0.005929
 229.000000 0.161084 0.718161 1.869258 0.031939
 230.000000 0.128427 0.677152 1.652913 0.023657
 231.000000 0.091842 0.696169 1.688593 0.006219
 232.000000 0.119075 0.673696 1.523644 0.015921
 233.000000 0.072991 0.744688 1.923224 0.005055
 234.000000 0.039593 0.790507 2.005998 0.003356
 235.000000 0.062350 0.724795 1.540695 0.005480
 236.000000 0.080571 0.717170 1.741408 0.005552
 237.000000 0.090647 0.690051 1.414004 0.005343
 238.000000 0.095022 0.656840 1.250600 0.014281
 239.000000 0.074280 0.687788 1.294960 0.004759
 240.000000 0.106474 0.677007 1.457332 0.008336
 241.000000 0.094856 0.667430 1.552470 0.009071
 242.000000 0.103517 0.632288 1.283637 0.014888
 243.000000 0.119069 0.648941 1.298657 0.008999
 244.000000 0.078876 0.643932 1.172287 0.012803
 245.000000 0.083795 0.631591 1.233980 0.019016
 246.000000 0.099058 0.617456 1.126625 0.009050
 247.000000 0.101627 0.609090 1.082402 0.021052
 248.000000 0.115157 0.609568 1.051261 0.024565
 249.000000 0.096493 0.606900 0.959873 0.007917
 250.000000 0.078847 0.608825 0.961915 0.007267
 251.000000 0.081098 0.608628 0.987213 0.008398
 252.000000 0.079557 0.624044 1.048851 0.005079
 253.000000 0.073917 0.616635 1.113477 0.014274
 254.000000 0.091795 0.616267 1.083609 0.017604
 255.000000 0.092335 0.633052 1.099340 0.052655
 256.000000 0.103987 0.584135 0.935710 0.059781
 257.000000 0.098340 0.627896 0.897974 0.024465
 258.000000 0.108227 0.627749 1.052914 0.018228
 259.000000 0.113464 0.609431 0.894852 0.023687
 260.000000 0.093552 0.667227 1.244027 0.028411
 261.000000 0.065694 0.674204 1.058513 0.013547
 262.000000 0.070285 0.713005 1.543955 0.013555
 263.000000 0.066482 0.699412 1.588112 0.011095
 264.000000 0.085196 0.698231 1.680808 0.007767
 265.000000 0.079082 0.739807 1.895935 0.009412
 266.000000 0.077259 0.699363 1.555372 0.010174
 267.000000 0.051054 0.769702 1.884683 0.004667
 268.000000 0.097505 0.662247 1.567134 0.097138
 269.000000 0.168853 0.686885 1.686984 0.483147
 270.000000 0.103042 0.739785 1.856380 0.525638
 271.000000 0.132491 0.715265 1.665778 0.165409
 272.000000 0.146680 0.739506 1.795627 0.234287
 273.000000 0.089587 0.727679 1.851358 0.068657
 274.000000 0.087726 0.758492 1.886120 0.065148
 275.000000 0.075580 0.761723 1.950810 0.060305
 276.000000 0.090249 0.830921 2.287551 0.040005
 277.000000 0.049348 0.814258 2.167243 0.009679
 278.000000 0.039720 0.801151 2.112199 0.005545
 279.000000 0.079832 0.785614 2.134813 0.017721
 280.000000 0.102361 0.785741 2.078251 0.031438
 281.000000 0.082065 0.812503 2.167026 0.018493
 282.000000 0.096113 0.787604 2.125255 0.019409
 283.000000 0.117291 0.755778 1.967675 0.030342
 284.000000 0.089294 0.781031 2.008036 0.025496
 285.000000 0.069429 0.782736 2.028583 0.013289
 286.000000 0.084930 0.752963 1.892060 0.013873
 287.000000 0.153883 0.741743 1.790731 0.066573
 288.000000 0.117083 0.718792 1.797662 0.027880
 289.000000 0.129271 0.704948 1.615774 0.042977
 290.000000 0.096721 0.670841 1.490110 0.013433
 291.000000 0.118741 0.657351 1.396967 0.031863
 292.000000 0.085026 0.761455 1.975194 0.029598
 293.000000 0.090079 0.737185 1.837066 0.027690
 294.000000 0.091411 0.748220 1.984101 0.015236
 295.000000 0.061087 0.781281 2.121322 0.004789
 296.000000 0.063711 0.793462 2.259597 0.011999
 297.000000 0.059850 0.803007 2.280369 0.010789
 298.000000 0.060779 0.843700 2.416091 0.010777
 299.000000 0.069539 0.808498 2.355069 0.031560
 300.000000 0.035364 0.875085 2.461107 0.005334
 301.000000 0.023564 0.885308 2.492460 0.003801
 302.000000 0.018071 0.907277 2.626545 0.002035
 303.000000 0.022987 0.876049 2.490096 0.003376
 304.000000 0.019475 0.900853 2.614838 0.002300
 305.000000 0.016435 0.901930 2.561400 0.001402
 306.000000 0.016126 0.954396 2.810622 0.002070
 307.000000 0.017575 0.927498 2.700342 0.001628
 308.000000 0.014474 0.917314 2.539701 0.001578
 309.000000 0.015171 0.929165 2.631279 0.001880
 310.000000 0.018020 0.917183 2.710789 0.002017
 311.000000 0.015536 0.951708 2.826821 0.001643
 312.000000 0.014765 0.959706 2.788866 0.001663
 313.000000 0.023284 0.893029 2.583567 0.002718
 314.000000 0.019297 0.907143 2.626269 0.002231
 315.000000 0.010223 0.974128 2.807835 0.001054
 316.000000 0.012503 0.953236 2.766128 0.001324
 317.000000 0.012448 0.948093 2.745900 0.001191
 318.000000 0.012310 0.939624 2.635302 0.001214
 319.000000 0.011781 0.951256 2.688305 0.001149
 320.000000 0.020180 0.899650 2.636595 0.001928
 321.000000 0.016537 0.926837 2.678885 0.001632
 322.000000 0.018479 0.906858 2.590995 0.001952
 323.000000 0.011641 0.949799 2.733181 0.001058
 324.000000 0.012965 0.933524 2.657726 0.001378
 325.000000 0.010384 0.967484 2.802071 0.001068
 326.000000 0.010138 0.978691 2.877088 0.000855
 327.000000 0.011361 0.958933 2.777375 0.001259
 328.000000 0.012205 0.923253 2.578567 0.000949
 329.000000 0.016157 0.871219 2.379033 0.001320
 330.000000 0.018671 0.826265 2.099922 0.001569
 331.000000 0.015941 0.902755 2.497915 0.001439
 332.000000 0.013425 0.890759 2.373213 0.001168
 333.000000 0.022533 0.824439 2.154346 0.001488
 334.000000 0.012839 0.901203 2.289192 0.001128
 335.000000 0.017215 0.879217 2.398175 0.001435
 336.000000 0.015628 0.900514 2.510826 0.001186
 337.000000 0.010315 0.948497 2.675358 0.000928
 338.000000 0.009305 0.982009 2.772444 0.001033
 339.000000 0.009842 0.975601 2.868097 0.001041
 340.000000 0.014536 0.941122 2.790880 0.001548
 341.000000 0.016462 0.921814 2.677968 0.001808
 342.000000 0.025271 0.890820 2.614690 0.002607
 343.000000 0.022443 0.881167 2.520290 0.002620
 344.000000 0.020147 0.903929 2.576660 0.002657
 345.000000 0.034042 0.825635 2.241679 0.002942
 346.000000 0.023168 0.881835 2.468082 0.002611
 347.000000 0.026124 0.861501 2.407700 0.002569
 348.000000 0.023902 0.883501 2.482566 0.003042
 349.000000 0.046754 0.815316 2.191690 0.009152
 350.000000 0.029985 0.838776 2.273228 0.003031
 351.000000 0.025703 0.869219 2.386547 0.004124
 352.000000 0.035048 0.819886 2.188038 0.003664
 353.000000 0.027014 0.851443 2.273635 0.003018
 354.000000 0.027433 0.824088 2.108840 0.002720
 355.000000 0.017036 0.890175 2.383821 0.001597
 356.000000 0.030703 0.853623 2.395351 0.003324
 357.000000 0.032318 0.853056 2.435379 0.003738
 358.000000 0.033864 0.839379 2.410066 0.002242
 359.000000 0.023107 0.877133 2.434612 0.002533
 360.000000 0.017801 0.911848 2.567605 0.001777
 361.000000 0.019869 0.884247 2.475671 0.001960
 362.000000 0.027701 0.874067 2.524014 0.002642
 363.000000 0.015930 0.918447 2.661659 0.001631
 364.000000 0.013640 0.957833 2.814152 0.001503
 365.000000 0.011619 0.976460 2.799540 0.001456
 366.000000 0.013270 0.947983 2.690239 0.002084
 367.000000 0.023859 0.882292 2.554041 0.004904
 368.000000 0.026870 0.877292 2.534981 0.003216
 369.000000 0.020342 0.882693 2.521545 0.002417
 370.000000 0.021950 0.886391 2.540032 0.002009
 371.000000 0.029828 0.854801 2.331044 0.002619
 372.000000 0.020989 0.866640 2.407058 0.001961
 373.000000 0.020766 0.898175 2.553913 0.002110
 374.000000 0.023937 0.871120 2.472698 0.001969
 375.000000 0.015613 0.921473 2.640676 0.001397
 376.000000 0.018535 0.885134 2.420500 0.002048
 377.000000 0.012914 0.918409 2.499943 0.001265
 378.000000 0.023336 0.872283 2.482502 0.001709
 379.000000 0.040927 0.818989 2.246402 0.002906
 380.000000 0.024937 0.864865 2.387506 0.002854
 381.000000 0.022755 0.875354 2.508980 0.002273
 382.000000 0.010323 0.982749 2.894733 0.001116
 383.000000 0.016945 0.919352 2.584819 0.001902
 384.000000 0.015686 0.913277 2.587606 0.001751
 385.000000 0.015554 0.911698 2.550953 0.001696
 386.000000 0.021304 0.867924 2.380931 0.001855
 387.000000 0.025254 0.865222 2.384664 0.002254
 388.000000 0.021974 0.874583 2.388585 0.002350
 389.000000 0.037456 0.790870 2.104672 0.002659
 390.000000 0.026410 0.856228 2.404876 0.002982
 391.000000 0.019346 0.870506 2.371295 0.001980
 392.000000 0.026492 0.863230 2.427500 0.002920
 393.000000 0.029394 0.867246 2.427288 0.004065
 394.000000 0.025702 0.857338 2.414938 0.002786
 395.000000 0.028954 0.854870 2.349911 0.003252
 396.000000 0.022449 0.873179 2.410840 0.001981
 397.000000 0.029540 0.823471 2.208496 0.002104
 398.000000 0.023600 0.858235 2.265284 0.002516
 399.000000 0.037985 0.783944 2.066666 0.003530
 400.000000 0.048467 0.746575 1.704655 0.004065
 401.000000 0.036096 0.779269 1.716015 0.004459
 402.000000 0.030048 0.799991 1.842599 0.003717
 403.000000 0.031454 0.825513 2.177700 0.005304
 404.000000 0.063574 0.769462 1.968862 0.008032
 405.000000 0.050680 0.794302 2.140227 0.012473
 406.000000 0.023736 0.856667 2.264050 0.002668
 407.000000 0.030186 0.834782 2.252767 0.002200
 408.000000 0.048589 0.800283 2.140478 0.004385
 409.000000 0.029614 0.813251 2.132903 0.003044
 410.000000 0.028329 0.844239 2.289529 0.002482
 411.000000 0.033433 0.835463 2.307073 0.002417
 412.000000 0.026880 0.869724 2.514721 0.002150
 413.000000 0.033302 0.824454 2.225809 0.002204
 414.000000 0.025002 0.849346 2.301524 0.001621
 415.000000 0.014689 0.923128 2.504918 0.001349
 416.000000 0.023916 0.881384 2.570234 0.001835
 417.000000 0.027925 0.874832 2.508921 0.002116
 418.000000 0.018763 0.910226 2.625916 0.001359
 419.000000 0.018840 0.916546 2.661916 0.001565
 420.000000 0.028225 0.865717 2.444253 0.002419
 421.000000 0.013626 0.945576 2.722860 0.001616
 422.000000 0.029466 0.862850 2.380459 0.002938
 423.000000 0.018502 0.915273 2.608380 0.001722
 424.000000 0.018820 0.910748 2.615066 0.002056
 425.000000 0.015192 0.930565 2.667366 0.002134
 426.000000 0.027748 0.883226 2.547242 0.003578
 427.000000 0.024113 0.862696 2.389233 0.002012
 428.000000 0.010222 0.965490 2.752417 0.001020
 429.000000 0.012251 0.952652 2.698000 0.001404
 430.000000 0.014097 0.952840 2.742070 0.001852
 431.000000 0.008974 0.982041 2.797601 0.001211
 432.000000 0.010276 0.963737 2.696424 0.001339
 433.000000 0.011820 0.952536 2.738187 0.001128
 434.000000 0.015045 0.955654 2.777422 0.001533
 435.000000 0.016256 0.921265 2.676081 0.001812
 436.000000 0.011653 0.960710 2.693850 0.001651
 437.000000 0.009832 0.974689 2.728876 0.001074
 438.000000 0.014377 0.937220 2.548556 0.001467
 439.000000 0.012507 0.954683 2.745131 0.001228
 440.000000 0.015940 0.919826 2.665314 0.001382
 441.000000 0.014479 0.940824 2.761839 0.001634
 442.000000 0.010420 0.965897 2.736813 0.001671
 443.000000 0.020974 0.879202 2.516473 0.002992
 444.000000 0.015266 0.909736 2.592148 0.001544
 445.000000 0.014105 0.932328 2.757723 0.001505
 446.000000 0.011440 0.957074 2.768953 0.001434
 447.000000 0.008526 0.981959 2.769404 0.001004
 448.000000 0.013512 0.948427 2.736682 0.001398
 449.000000 0.015439 0.939494 2.729068 0.002004
 450.000000 0.023132 0.897237 2.583187 0.002500
 451.000000 0.032514 0.848151 2.370180 0.003285
 452.000000 0.023531 0.896406 2.539498 0.002131
 453.000000 0.026768 0.871729 2.443757 0.002924
 454.000000 0.042181 0.802079 2.124782 0.003992
 455.000000 0.032704 0.833859 2.230991 0.002960
 456.000000 0.020684 0.870312 2.331016 0.002156
 457.000000 0.028694 0.834822 2.336847 0.002324
 458.000000 0.049780 0.796168 2.232607 0.005365
 459.000000 0.024857 0.838900 2.299885 0.002119
 460.000000 0.031267 0.814799 2.181020 0.002355
 461.000000 0.032623 0.810849 2.089883 0.002531
 462.000000 0.022714 0.823955 2.278564 0.002206
 463.000000 0.035093 0.825247 2.299802 0.003138
 464.000000 0.034799 0.808989 2.043124 0.003717
 465.000000 0.030527 0.819540 2.099959 0.003232
 466.000000 0.027159 0.860435 2.417034 0.003731
 467.000000 0.018739 0.926811 2.722978 0.001874
 468.000000 0.010880 0.968052 2.789147 0.001321
 469.000000 0.009116 0.960463 2.706597 0.000991
 470.000000 0.010582 0.945467 2.734722 0.001007
 471.000000 0.012068 0.962103 2.769992 0.001297
 472.000000 0.007735 1.013961 2.880130 0.000776
 473.000000 0.011653 0.953557 2.714422 0.001401
 474.000000 0.013027 0.930821 2.520952 0.001140
 475.000000 0.011245 0.967656 2.713765 0.001173
 476.000000 0.011049 0.981699 2.816807 0.001237
 477.000000 0.009649 1.000662 2.887383 0.000970
 478.000000 0.012140 0.950491 2.638517 0.001173
 479.000000 0.012963 0.935848 2.607453 0.001177
 480.000000 0.015367 0.932492 2.705101 0.001476
 481.000000 0.012764 0.950918 2.762465 0.001083
 482.000000 0.017011 0.931182 2.763908 0.001673
 483.000000 0.015474 0.938851 2.813616 0.001293
 484.000000 0.012012 0.949011 2.699265 0.001356
 485.000000 0.012553 0.926848 2.603016 0.001234
 486.000000 0.014034 0.908500 2.508436 0.001258
 487.000000 0.014935 0.907994 2.445550 0.001335
 488.000000 0.014580 0.864107 2.104693 0.001269
 489.000000 0.017838 0.879132 2.264308 0.001422
 490.000000 0.015450 0.939429 2.686032 0.001525
 491.000000 0.014195 0.937338 2.664149 0.001425
 492.000000 0.014180 0.940300 2.661037 0.001266
 493.000000 0.012042 0.968979 2.764318 0.001059
 494.000000 0.016012 0.927608 2.695889 0.001482
 495.000000 0.012677 0.943192 2.596905 0.001138
 496.000000 0.013779 0.911276 2.458940 0.001111
 497.000000 0.009289 0.977796 2.681740 0.000888
 498.000000 0.010129 0.983249 2.792585 0.000861
 499.000000 0.010611 0.983539 2.828509 0.000976
 500.000000 0.014470 0.949475 2.640334 0.001124
