#! FIELDS time alpha rg e2e hbond
 0.000000 0.089803 0.644205 1.296096 0.008273
 1.000000 0.056023 0.711376 1.544777 0.004205
 2.000000 0.050794 0.780965 1.983489 0.004010
 3.000000 0.149259 0.707513 1.623778 0.021621
 4.000000 0.083108 0.699012 1.613288 0.012680
 5.000000 0.077989 0.665052 1.276983 0.013227
 6.000000 0.102993 0.638957 1.212075 0.019036
 7.000000 0.113485 0.619691 1.079356 0.024853
 8.000000 0.146892 0.613746 1.090682 0.016186
 9.000000 0.099210 0.672848 1.461939 0.013099
 10.000000 0.094937 0.671080 1.363522 0.016992
 11.000000 0.080060 0.653782 1.134162 0.009500
 12.000000 0.089283 0.690308 1.469843 0.012716
 13.000000 0.097927 0.673715 1.384095 0.012882
 14.000000 0.150484 0.620623 1.193416 0.024661
 15.000000 0.108295 0.679350 1.421194 0.011706
 16.000000 0.113633 0.667343 1.421448 0.012458
 17.000000 0.096257 0.663308 1.368855 0.011514
 18.000000 0.073347 0.671553 1.325421 0.009723
 19.000000 0.079184 0.687277 1.423206 0.012458
 20.000000 0.102725 0.627296 1.128823 0.019265
 21.000000 0.086872 0.675594 1.365082 0.016734
 22.000000 0.069612 0.730089 1.604282 0.012529
 23.000000 0.061449 0.760161 1.695461 0.010973
 24.000000 0.083186 0.692883 1.467524 0.012177
 25.000000 0.089380 0.702804 1.338706 0.017428
 26.000000 0.059358 0.734159 1.575769 0.007840
 27.000000 0.069589 0.704245 1.582037 0.005918
 28.000000 0.062034 0.701326 1.592121 0.004903
 29.000000 0.108648 0.616664 1.239980 0.008718
 30.000000 0.061688 0.681880 1.309996 0.005040
 31.000000 0.072435 0.678578 1.278547 0.004843
 32.000000 0.071671 0.654438 1.287039 0.006307
 33.000000 0.090250 0.678229 1.467041 0.013871
 34.000000 0.066525 0.718602 1.615702 0.006780
 35.000000 0.074193 0.749909 1.734150 0.013321
 36.000000 0.080464 0.771342 1.879761 0.013228
 37.000000 0.087448 0.756855 1.667953 0.017606
 38.000000 0.265933 0.746888 1.901766 0.466009
 39.000000 0.318087 0.735860 1.784844 0.275672
 40.000000 0.155553 0.775349 1.873440 0.036895
 41.000000 0.309039 0.714831 1.630371 0.220727
 42.000000 0.346992 0.704577 1.832338 0.713757
 43.000000 0.288153 0.736229 1.903097 0.139447
 44.000000 0.405237 0.721705 1.892977 0.643642
 45.000000 0.381042 0.680729 1.637528 0.187316
 46.000000 0.388074 0.713095 1.777561 0.281813
 47.000000 0.387966 0.713804 1.464352 0.155778
 48.000000 0.494866 0.640266 1.252536 0.792180
 49.000000 0.232927 0.667317 1.128013 0.285331
 50.000000 0.246106 0.707198 1.355815 0.255805
 51.000000 0.214554 0.694246 1.375852 0.702275
 52.000000 0.330412 0.688799 1.425848 0.445432
 53.000000 0.344400 0.708650 1.797815 0.270376
 54.000000 0.226882 0.723931 1.957170 0.069076
 55.000000 0.335721 0.778642 2.129469 0.086788
 56.000000 0.247218 0.755289 1.833052 0.090830
 57.000000 0.244145 0.735248 1.798536 0.274776
 58.000000 0.186887 0.716038 1.676612 0.041076
 59.000000 0.384634 0.715055 1.774099 0.268559
 60.000000 0.057904 0.811282 1.996602 0.011904
 61.000000 0.081791 0.775501 1.805765 0.012476
 62.000000 0.076100 0.766464 1.808315 0.011707
 63.000000 0.072017 0.764845 1.856458 0.012258
 64.000000 0.049146 0.791346 1.827762 0.008098
 65.000000 0.090848 0.804153 1.966055 0.014918
 66.000000 0.065057 0.821624 2.191975 0.008434
 67.000000 0.055791 0.807176 2.067846 0.007782
 68.000000 0.066264 0.789933 1.902621 0.008341
 69.000000 0.040559 0.837173 2.164918 0.004250
 70.000000 0.068970 0.791291 1.935101 0.009057
 71.000000 0.177204 0.739532 1.815596 0.110395
 72.000000 0.380926 0.731706 1.881604 0.159776
 73.000000 0.170672 0.803646 2.211257 0.037561
 74.000000 0.281776 0.759992 1.941777 0.128600
 75.000000 0.419491 0.735309 1.941932 0.512555
 76.000000 0.298681 0.769836 2.106966 0.082196
 77.000000 0.330111 0.712506 1.737222 0.734889
 78.000000 0.323743 0.707758 1.716646 0.228403
 79.000000 0.268233 0.714080 1.528041 0.204340
 80.000000 0.272330 0.741739 1.573693 0.164105
 81.000000 0.237905 0.712233 1.575190 0.173871
 82.000000 0.272442 0.701566 1.578251 0.893892
 83.000000 0.238032 0.718047 1.646680 0.037554
 84.000000 0.355624 0.752960 1.997009 0.178671
 85.000000 0.224973 0.765594 2.007175 0.141775
 86.000000 0.185579 0.766335 2.154264 0.030957
 87.000000 0.057178 0.816647 2.331256 0.005684
 88.000000 0.053356 0.804896 2.164671 0.004145
 89.000000 0.065979 0.806762 2.123722 0.013182
 90.000000 0.063627 0.818196 2.210086 0.009598
 91.000000 0.027159 0.898481 2.559837 0.003129
 92.000000 0.061705 0.811054 2.187039 0.007884
 93.000000 0.038965 0.852601 2.246426 0.004060
 94.000000 0.024569 0.870036 2.392429 0.001785
 95.000000 0.037029 0.843857 2.352702 0.004580
 96.000000 0.033091 0.856464 2.311077 0.002082
 97.000000 0.033214 0.831664 2.295935 0.002501
 98.000000 0.036328 0.843209 2.353333 0.002521
 99.000000 0.038969 0.825042 2.237371 0.002561
 100.000000 0.041588 0.825724 2.267486 0.002872
 101.000000 0.050857 0.783095 1.899628 0.002915
 102.000000 0.031533 0.788839 1.752359 0.001964
 103.000000 0.032718 0.788391 1.893284 0.002492
 104.000000 0.042903 0.768683 1.799346 0.002889
 105.000000 0.065612 0.699168 1.345697 0.003645
 106.000000 0.069482 0.673398 1.111213 0.004159
 107.000000 0.049875 0.692638 1.207224 0.002671
 108.000000 0.071657 0.646304 1.097712 0.006037
 109.000000 0.068886 0.654286 1.104406 0.004112
 110.000000 0.054390 0.691076 1.168953 0.002955
 111.000000 0.060190 0.634094 0.888074 0.004682
 112.000000 0.085494 0.618584 1.188475 0.010821
 113.000000 0.077591 0.609354 1.161049 0.004983
 114.000000 0.070912 0.609028 0.842836 0.005829
 115.000000 0.073890 0.613115 0.777909 0.007045
 116.000000 0.078683 0.615498 0.964783 0.006772
 117.000000 0.077576 0.620318 0.951105 0.005979
 118.000000 0.083761 0.633804 1.039401 0.006065
 119.000000 0.078766 0.627404 1.110563 0.006415
 120.000000 0.086102 0.631720 1.205847 0.006591
 121.000000 0.075443 0.623910 1.080061 0.006772
 122.000000 0.062371 0.671548 1.350982 0.003968
 123.000000 0.055560 0.702913 1.666859 0.005420
 124.000000 0.052652 0.715615 1.742773 0.004975
 125.000000 0.043077 0.681959 1.533562 0.003276
 126.000000 0.066491 0.665367 1.505306 0.006355
 127.000000 0.054693 0.669344 1.574094 0.005610
 128.000000 0.062177 0.667016 1.519214 0.004200
 129.000000 0.054129 0.716694 1.691584 0.003976
 130.000000 0.042159 0.740753 1.786903 0.002278
 131.000000 0.070933 0.683367 1.381417 0.004773
 132.000000 0.064595 0.690704 1.402544 0.005019
 133.000000 0.091840 0.643947 1.235714 0.005605
 134.000000 0.061718 0.691260 1.390355 0.003842
 135.000000 0.033918 0.799656 2.068040 0.002493
 136.000000 0.027435 0.812882 2.073100 0.001749
 137.000000 0.016771 0.876420 2.309500 0.001322
 138.000000 0.016564 0.881170 2.281154 0.001366
 139.000000 0.018490 0.849402 2.246356 0.001433
 140.000000 0.017928 0.845093 2.025264 0.001332
 141.000000 0.025183 0.839771 2.286727 0.002209
 142.000000 0.025759 0.803412 1.917061 0.001764
 143.000000 0.023913 0.846883 2.143275 0.001707
 144.000000 0.012207 0.926817 2.444564 0.000925
 145.000000 0.034425 0.826247 2.082319 0.003928
 146.000000 0.025682 0.847123 2.045317 0.001777
 147.000000 0.022159 0.874302 2.188903 0.002037
 148.000000 0.020836 0.845149 2.168651 0.001984
 149.000000 0.034463 0.835518 2.132731 0.004917
 150.000000 0.035608 0.788064 1.901551 0.002786
 151.000000 0.045652 0.761181 1.817990 0.004737
 152.000000 0.045291 0.814231 2.151321 0.006645
 153.000000 0.055622 0.778209 2.031285 0.008177
 154.000000 0.019637 0.819733 2.033464 0.001877
 155.000000 0.018168 0.836373 2.117424 0.001634
 156.000000 0.031536 0.844557 2.244444 0.003873
 157.000000 0.064880 0.795161 2.095161 0.010703
 158.000000 0.062110 0.770204 1.980252 0.013873
 159.000000 0.060104 0.807479 2.103841 0.010173
 160.000000 0.060147 0.762405 1.711655 0.011309
 161.000000 0.064026 0.759687 1.821879 0.010530
 162.000000 0.052295 0.771967 1.749947 0.006911
 163.000000 0.112878 0.762224 1.811500 0.013440
 164.000000 0.110424 0.685323 1.359968 0.012967
 165.000000 0.161639 0.713370 1.525310 0.028841
 166.000000 0.077018 0.764016 1.875191 0.020978
 167.000000 0.115675 0.732262 1.784697 0.014693
 168.000000 0.078147 0.789657 1.965009 0.013187
 169.000000 0.067271 0.780740 1.857205 0.015701
 170.000000 0.046472 0.753882 1.575878 0.005627
 171.000000 0.066280 0.764456 1.773068 0.015391
 172.000000 0.077299 0.782120 1.988803 0.009967
 173.000000 0.083522 0.734182 1.706223 0.015404
 174.000000 0.076456 0.720907 1.572439 0.018893
 175.000000 0.098317 0.668552 1.396185 0.009869
 176.000000 0.067224 0.686528 1.368641 0.007681
 177.000000 0.056996 0.688239 1.417382 0.006995
 178.000000 0.104306 0.656370 1.376438 0.010795
 179.000000 0.097129 0.643296 1.272334 0.016502
 180.000000 0.077547 0.658450 1.318395 0.007466
 181.000000 0.076688 0.690702 1.383563 0.014332
 182.000000 0.062000 0.683448 1.327934 0.007894
 183.000000 0.095470 0.718463 1.385482 0.011736
 184.000000 0.133535 0.713979 1.596541 0.017669
 185.000000 0.056123 0.723164 1.684907 0.005938
 186.000000 0.084845 0.648215 1.384343 0.006566
 187.000000 0.098198 0.658169 1.415276 0.012819
 188.000000 0.096831 0.623729 1.076207 0.012084
 189.000000 0.079973 0.648708 1.278757 0.012074
 190.000000 0.092337 0.676703 1.420421 0.013343
 191.000000 0.159658 0.585434 1.166384 0.011804
 192.000000 0.168093 0.579235 1.086779 0.013645
 193.000000 0.176800 0.602717 1.135269 0.010650
 194.000000 0.130662 0.576603 0.914055 0.010939
 195.000000 0.163847 0.562164 0.920350 0.013819
 196.000000 0.164442 0.546195 0.974673 0.016126
 197.000000 0.132712 0.570549 1.033190 0.016896
 198.000000 0.125934 0.597256 1.242045 0.011688
 199.000000 0.065303 0.625663 1.321960 0.005114
 200.000000 0.139598 0.637343 1.424958 0.017015
 201.000000 0.195077 0.621050 1.446968 0.055949
 202.000000 0.089972 0.677579 1.674987 0.009269
 203.000000 0.099946 0.667803 1.669286 0.009455
 204.000000 0.056322 0.684551 1.645296 0.005608
 205.000000 0.137925 0.638654 1.605223 0.010439
 206.000000 0.074308 0.658366 1.565933 0.008739
 207.000000 0.071363 0.615679 1.255849 0.010902
 208.000000 0.108540 0.577464 0.905721 0.008096
 209.000000 0.219194 0.613076 1.338465 0.077694
 210.000000 0.326839 0.551963 0.994143 0.042205
 211.000000 0.215632 0.590398 1.192957 0.050727
 212.000000 0.175777 0.618141 1.431709 0.070413
 213.000000 0.127615 0.590998 1.250864 0.023594
 214.000000 0.126582 0.582639 1.336463 0.012853
 215.000000 0.087504 0.609431 1.212925 0.007706
 216.000000 0.071011 0.619517 1.153601 0.006171
 217.000000 0.086257 0.593197 1.085867 0.005929
 218.000000 0.129314 0.562546 1.023032 0.010971
 219.000000 0.139407 0.570397 1.070339 0.009615
 220.000000 0.119858 0.564708 0.906621 0.009344
 221.000000 0.108002 0.560922 1.015314 0.007103
 222.000000 0.130441 0.561685 1.055016 0.010334
 223.000000 0.083855 0.564135 0.928600 0.008368
 224.000000 0.113173 0.558249 0.825563 0.013400
 225.000000 0.140131 0.570679 0.755896 0.012266
 226.000000 0.145389 0.553743 0.570680 0.019236
 227.000000 0.131222 0.583625 0.590648 0.010270
 228.000000 0.128137 0.580272 0.795333 0.013935
 229.000000 0.116729 0.583953 0.725770 0.011711
 230.000000 0.128997 0.588678 0.942310 0.009099
 231.000000 0.111627 0.605530 0.990044 0.008278
 232.000000 0.117905 0.630158 1.202315 0.009755
 233.000000 0.112196 0.655926 1.370938 0.008472
 234.000000 0.115557 0.630241 1.379254 0.007966
 235.000000 0.157958 0.608856 1.301719 0.016516
 236.000000 0.116621 0.642935 1.324776 0.008479
 237.000000 0.153572 0.624554 1.140665 0.010332
 238.000000 0.128719 0.616571 1.073540 0.011319
 239.000000 0.120823 0.607367 0.901028 0.007857
 240.000000 0.106931 0.619092 0.933937 0.008705
 241.000000 0.077671 0.653494 1.054114 0.005444
 242.000000 0.127685 0.643241 1.180560 0.011606
 243.000000 0.084187 0.673903 1.239018 0.008087
 244.000000 0.115453 0.673543 1.460822 0.013196
 245.000000 0.078805 0.664802 1.328286 0.009291
 246.000000 0.117493 0.641823 1.272718 0.011399
 247.000000 0.095618 0.685073 1.465978 0.011028
 248.000000 0.053294 0.706124 1.468448 0.005609
 249.000000 0.104310 0.694233 1.484078 0.011821
 250.000000 0.072685 0.674153 1.499886 0.005360
 251.000000 0.132440 0.661560 1.396417 0.012279
 252.000000 0.086236 0.649620 1.233190 0.009559
 253.000000 0.091547 0.640078 1.171098 0.010714
 254.000000 0.105714 0.635656 1.053049 0.009784
 255.000000 0.072203 0.698658 1.517975 0.008885
 256.000000 0.076265 0.701578 1.530981 0.007433
 257.000000 0.082160 0.698386 1.559597 0.006605
 258.000000 0.126240 0.716315 1.792916 0.010934
 259.000000 0.040100 0.742778 1.754728 0.003687
 260.000000 0.063717 0.723091 1.771251 0.006586
 261.000000 0.048758 0.772606 1.952331 0.004731
 262.000000 0.034410 0.778911 1.887189 0.002700
 263.000000 0.046068 0.756324 1.877849 0.004126
 264.000000 0.050665 0.777210 2.162669 0.004757
 265.000000 0.021625 0.863118 2.448936 0.003105
 266.000000 0.025665 0.843534 2.360225 0.001979
 267.000000 0.029909 0.833312 2.346087 0.002197
 268.000000 0.035284 0.787833 2.170260 0.003071
 269.000000 0.025742 0.855183 2.352376 0.001896
 270.000000 0.033034 0.814307 2.295486 0.002146
 271.000000 0.060918 0.766503 2.084487 0.004586
 272.000000 0.052001 0.756721 2.001760 0.005527
 273.000000 0.066102 0.786562 2.168312 0.008038
 274.000000 0.054264 0.802361 2.252690 0.007749
 275.000000 0.030120 0.852914 2.380851 0.002596
 276.000000 0.034514 0.823267 2.285146 0.002798
 277.000000 0.044352 0.801306 2.235802 0.004106
 278.000000 0.044953 0.770221 1.998181 0.004501
 279.000000 0.051079 0.795881 2.079960 0.006069
 280.000000 0.026124 0.865010 2.442862 0.001921
 281.000000 0.069601 0.759078 2.159084 0.006135
 282.000000 0.075421 0.740750 2.078200 0.006950
 283.000000 0.054039 0.800632 2.287792 0.007854
 284.000000 0.049636 0.790894 2.108033 0.004073
 285.000000 0.059691 0.731836 1.841443 0.003874
 286.000000 0.052634 0.742753 1.817715 0.003498
 287.000000 0.074576 0.713654 1.821500 0.003990
 288.000000 0.078400 0.730151 1.974201 0.007365
 289.000000 0.101805 0.677672 1.834847 0.005682
 290.000000 0.062966 0.719290 1.781063 0.003342
 291.000000 0.042896 0.746113 1.800183 0.001578
 292.000000 0.072354 0.689037 1.702875 0.006415
 293.000000 0.070437 0.719042 1.858750 0.004936
 294.000000 0.086572 0.670970 1.679636 0.005350
 295.000000 0.074799 0.676428 1.674176 0.003396
 296.000000 0.121731 0.663624 1.814482 0.006405
 297.000000 0.082623 0.692868 1.822342 0.006154
 298.000000 0.040639 0.796656 2.242871 0.002120
 299.000000 0.075842 0.746708 2.087793 0.005154
 300.000000 0.054289 0.755095 2.089328 0.003378
 301.000000 0.042657 0.820972 2.338205 0.004342
 302.000000 0.046363 0.750955 1.847204 0.002791
 303.000000 0.039591 0.729821 1.711605 0.002373
 304.000000 0.049834 0.703710 1.694776 0.002398
 305.000000 0.021801 0.838807 2.194454 0.001827
 306.000000 0.033188 0.787118 1.979198 0.003214
 307.000000 0.036637 0.796099 1.933612 0.004766
 308.000000 0.030103 0.801771 1.958114 0.002873
 309.000000 0.033197 0.804167 2.025317 0.001689
 310.000000 0.070355 0.708676 1.700794 0.005436
 311.000000 0.075555 0.730343 1.962391 0.004411
 312.000000 0.041684 0.742659 1.841469 0.001970
 313.000000 0.037979 0.776361 1.924736 0.001974
 314.000000 0.038646 0.769352 1.836352 0.002663
 315.000000 0.060755 0.720845 1.753319 0.004317
 316.000000 0.055347 0.704812 1.569867 0.005338
 317.000000 0.030313 0.764520 1.703486 0.002538
 318.000000 0.035992 0.751675 1.804079 0.002230
 319.000000 0.035267 0.762252 1.791906 0.001571
 320.000000 0.041172 0.737173 1.843031 0.002724
 321.000000 0.058809 0.721186 1.841106 0.004499
 322.000000 0.065604 0.681372 1.585332 0.003395
 323.000000 0.054962 0.760804 1.893166 0.005175
 324.000000 0.054076 0.736476 1.805490 0.003378
 325.000000 0.069931 0.706671 1.758965 0.004666
 326.000000 0.081369 0.700708 1.830349 0.003781
 327.000000 0.080837 0.745839 1.845821 0.013332
 328.000000 0.041648 0.752607 1.778797 0.004597
 329.000000 0.037304 0.799027 1.915988 0.004780
 330.000000 0.027026 0.798119 2.025241 0.002108
 331.000000 0.037403 0.714927 1.462562 0.003943
 332.000000 0.054038 0.687735 1.520455 0.003244
 333.000000 0.029578 0.756394 1.818204 0.001929
 334.000000 0.037200 0.771131 1.927753 0.002073
 335.000000 0.031872 0.792535 1.961339 0.002390
 336.000000 0.036172 0.784266 1.804282 0.002685
 337.000000 0.018140 0.831585 2.151466 0.001756
 338.000000 0.015254 0.895079 2.452489 0.000935
 339.000000 0.019908 0.853895 2.296902 0.001473
 340.000000 0.015836 0.911738 2.523297 0.001434
 341.000000 0.015863 0.921409 2.583003 0.001264
 342.000000 0.015193 0.907335 2.484261 0.001481
 343.000000 0.020808 0.866472 2.290492 0.001618
 344.000000 0.017364 0.907961 2.533556 0.001985
 345.000000 0.014518 0.930601 2.535568 0.001651
 346.000000 0.029932 0.864656 2.404318 0.002786
 347.000000 0.033871 0.831736 2.215463 0.003925
 348.000000 0.035443 0.847886 2.323001 0.004900
 349.000000 0.019214 0.900572 2.464746 0.001916
 350.000000 0.017637 0.883032 2.384142 0.001136
 351.000000 0.019942 0.871195 2.350294 0.001733
 352.000000 0.024091 0.849706 2.277359 0.002331
 353.000000 0.025996 0.825931 2.106817 0.002027
 354.000000 0.027738 0.788543 1.905941 0.002882
 355.000000 0.030907 0.830397 2.091604 0.004900
 356.000000 0.033390 0.764107 1.645858 0.003647
 357.000000 0.047722 0.774789 1.838622 0.003872
 358.000000 0.034437 0.829563 2.149560 0.003194
 359.000000 0.030430 0.804053 1.804436 0.002137
 360.000000 0.048256 0.766864 1.706706 0.004635
 361.000000 0.028748 0.825126 2.101279 0.002895
 362.000000 0.027369 0.849220 2.267895 0.003653
 363.000000 0.028445 0.842005 2.340140 0.002788
 364.000000 0.019794 0.864304 2.305992 0.001175
 365.000000 0.016920 0.905576 2.546355 0.001431
 366.000000 0.012877 0.937203 2.619975 0.001363
 367.000000 0.031531 0.817363 2.087241 0.003815
 368.000000 0.021388 0.853262 2.292380 0.001623
 369.000000 0.036082 0.821757 2.129839 0.005513
 370.000000 0.034942 0.842311 2.305908 0.004971
 371.000000 0.040358 0.816682 2.267940 0.005917
 372.000000 0.039740 0.830775 2.235312 0.004007
 373.000000 0.034985 0.833209 2.291048 0.003074
 374.000000 0.028867 0.837149 2.260987 0.003011
 375.000000 0.029868 0.830863 2.178577 0.002490
 376.000000 0.048253 0.822964 2.201841 0.005510
 377.000000 0.030321 0.843812 2.285254 0.003316
 378.000000 0.025071 0.849346 2.253599 0.002375
 379.000000 0.018728 0.834570 2.084657 0.001663
 380.000000 0.031721 0.822269 2.116474 0.003713
 381.000000 0.033341 0.847191 2.311741 0.005526
 382.000000 0.025788 0.848420 2.276532 0.002244
 383.000000 0.023849 0.874431 2.440070 0.001813
 384.000000 0.029547 0.818565 2.152725 0.002318
 385.000000 0.038796 0.802841 2.210419 0.004044
 386.000000 0.033674 0.833231 2.248184 0.002575
 387.000000 0.027933 0.848175 2.240068 0.003201
 388.000000 0.029546 0.836928 2.128513 0.002808
 389.000000 0.034072 0.851458 2.312673 0.003069
 390.000000 0.032714 0.855954 2.351597 0.004449
 391.000000 0.027946 0.851225 2.312623 0.003643
 392.000000 0.020920 0.891126 2.548012 0.001877
 393.000000 0.021932 0.859994 2.295892 0.001894
 394.000000 0.026443 0.808419 1.992261 0.002614
 395.000000 0.026106 0.805028 2.039720 0.002823
 396.000000 0.035990 0.804356 1.826230 0.003757
 397.000000 0.023747 0.824534 1.965351 0.001722
 398.000000 0.022225 0.848049 2.039240 0.001675
 399.000000 0.026898 0.832773 2.082703 0.002632
 400.000000 0.026528 0.847555 2.365004 0.002683
 401.000000 0.023245 0.875682 2.483084 0.001670
 402.000000 0.022816 0.875655 2.457218 0.001753
 403.000000 0.017084 0.909078 2.579102 0.001397
 404.000000 0.023439 0.865465 2.402283 0.001892
 405.000000 0.022705 0.860225 2.294322 0.001805
 406.000000 0.023730 0.857108 2.307682 0.002071
 407.000000 0.021268 0.865173 2.295453 0.001795
 408.000000 0.017185 0.891193 2.446822 0.001729
 409.000000 0.022198 0.869930 2.403547 0.001985
 410.000000 0.021270 0.885062 2.427152 0.002906
 411.000000 0.019166 0.878551 2.325366 0.001672
 412.000000 0.016263 0.900536 2.485126 0.001373
 413.000000 0.025765 0.843832 2.220599 0.002351
 414.000000 0.035507 0.796668 1.886728 0.004756
 415.000000 0.025485 0.826877 2.078477 0.002238
 416.000000 0.024183 0.828099 2.089922 0.002209
 417.000000 0.042846 0.772879 1.837185 0.004237
 418.000000 0.039074 0.786667 1.930275 0.003241
 419.000000 0.041393 0.816744 2.100271 0.002383
 420.000000 0.038182 0.756768 1.709900 0.002979
 421.000000 0.037797 0.728257 1.598687 0.002152
 422.000000 0.037224 0.718395 1.471255 0.002703
 423.000000 0.041833 0.791906 2.016619 0.004392
 424.000000 0.041303 0.814323 2.142731 0.007947
 425.000000 0.027425 0.829363 2.153891 0.002861
 426.000000 0.039686 0.811017 2.158579 0.003948
 427.000000 0.052138 0.813119 2.161542 0.006566
 428.000000 0.054396 0.801326 2.139391 0.010514
 429.000000 0.027111 0.857056 2.448963 0.001878
 430.000000 0.034961 0.859339 2.409848 0.003907
 431.000000 0.022302 0.870853 2.439419 0.001757
 432.000000 0.032953 0.841378 2.303170 0.003476
 433.000000 0.016450 0.902412 2.479833 0.001486
 434.000000 0.036781 0.819885 2.106844 0.003028
 435.000000 0.036301 0.823947 2.063882 0.003913
 436.000000 0.027979 0.842260 2.235543 0.003520
 437.000000 0.061725 0.795936 1.979725 0.015936
 438.000000 0.067801 0.776537 1.979255 0.010628
 439.000000 0.122171 0.736985 1.808242 0.015353
 440.000000 0.080981 0.727839 1.548691 0.015826
 441.000000 0.069828 0.719848 1.573891 0.015553
 442.000000 0.068992 0.706651 1.543883 0.016266
 443.000000 0.099165 0.730230 1.624155 0.012402
 444.000000 0.098310 0.739065 1.800510 0.017418
 445.000000 0.133729 0.767868 2.016429 0.015833
 446.000000 0.081883 0.767783 1.957860 0.015622
 447.000000 0.063495 0.799656 2.036433 0.011222
 448.000000 0.065042 0.762796 1.774818 0.013299
 449.000000 0.085987 0.760806 1.893648 0.014797
 450.000000 0.079191 0.782661 1.895425 0.012797
 451.000000 0.074300 0.750217 1.835007 0.010993
 452.000000 0.085677 0.746045 1.700454 0.021471
 453.000000 0.070292 0.759811 1.816312 0.011926
 454.000000 0.077288 0.742380 1.837459 0.014136
 455.000000 0.071595 0.779720 1.967944 0.012142
 456.000000 0.070440 0.775757 1.876186 0.009278
 457.000000 0.103935 0.717993 1.623970 0.014282
 458.000000 0.092060 0.739274 1.876214 0.010291
 459.000000 0.108517 0.738724 1.818120 0.016312
 460.000000 0.070418 0.793354 2.098986 0.008522
 461.000000 0.107852 0.748049 1.840384 0.016266
 462.000000 0.120299 0.737786 1.842184 0.017261
 463.000000 0.061588 0.727852 1.527182 0.008245
 464.000000 0.083814 0.732076 1.638473 0.017246
 465.000000 0.109130 0.717789 1.578781 0.018322
 466.000000 0.107171 0.705388 1.572683 0.017390
 467.000000 0.099315 0.700656 1.353634 0.021835
 468.000000 0.088034 0.682697 1.301466 0.006851
 469.000000 0.127603 0.674697 1.402359 0.007935
 470.000000 0.094069 0.667318 1.280657 0.008847
 471.000000 0.109530 0.690138 1.442108 0.010566
 472.000000 0.092953 0.704420 1.560676 0.017805
 473.000000 0.088784 0.707720 1.419861 0.014305
 474.000000 0.172053 0.673675 1.541131 0.020431
 475.000000 0.143784 0.698743 1.715714 0.027577
 476.000000 0.115028 0.683275 1.462060 0.017060
 477.000000 0.108010 0.648883 1.311389 0.026093
 478.000000 0.123762 0.671596 1.539139 0.013354
 479.000000 0.074264 0.702427 1.575947 0.007506
 480.000000 0.123107 0.707156 1.439417 0.011779
 481.000000 0.063864 0.728019 1.680013 0.006437
 482.000000 0.061533 0.711962 1.713916 0.005407
 483.000000 0.080321 0.738597 1.969278 0.010468
 484.000000 0.086365 0.733051 1.831219 0.011294
 485.000000 0.056422 0.771778 1.910772 0.010613
 486.000000 0.047505 0.785666 1.993490 0.006350
 487.000000 0.046307 0.795557 2.072653 0.005191
 488.000000 0.034892 0.812909 2.121863 0.003827
 489.000000 0.033890 0.805055 2.203981 0.002943
 490.000000 0.038480 0.797256 2.183051 0.003364
 491.000000 0.061618 0.765865 2.002106 0.010135
 492.000000 0.034079 0.790729 2.053942 0.002946
 493.000000 0.022214 0.809049 2.125215 0.001998
 494.000000 0.038994 0.771244 1.885538 0.003487
 495.000000 0.059389 0.772472 1.996061 0.015020
 496.000000 0.026411 0.844435 2.238797 0.002534
 497.000000 0.033348 0.763185 1.819549 0.002290
 498.000000 0.042975 0.786777 2.011146 0.004630
 499.000000 0.039651 0.754796 1.883687 0.002804
 500.000000 0.042650 0.760029 1.941840 0.005902
