#! FIELDS time alpha rg e2e hbond
 0.000000 0.061055 0.763280 1.482054 0.006006
 1.000000 0.039693 0.803180 1.650472 0.002098
 2.000000 0.025408 0.797718 1.732559 0.002229
 3.000000 0.031036 0.811775 1.778268 0.001653
 4.000000 0.042666 0.841119 1.948855 0.005657
 5.000000 0.037052 0.836257 1.794857 0.002630
 6.000000 0.030887 0.845827 1.860150 0.002477
 7.000000 0.031353 0.812677 1.717051 0.002030
 8.000000 0.042171 0.791884 1.743342 0.002204
 9.000000 0.034049 0.796995 1.617801 0.002064
 10.000000 0.046235 0.805070 1.773455 0.010345
 11.000000 0.032991 0.827382 1.912043 0.002127
 12.000000 0.028833 0.835722 2.052868 0.002883
 13.000000 0.021995 0.869073 2.402224 0.002377
 14.000000 0.040772 0.812625 2.116275 0.004490
 15.000000 0.040340 0.805831 1.928350 0.003456
 16.000000 0.030359 0.831919 2.117518 0.002132
 17.000000 0.041165 0.820158 1.994806 0.002896
 18.000000 0.036753 0.810841 1.948028 0.005581
 19.000000 0.032902 0.814104 1.866530 0.002835
 20.000000 0.034858 0.772347 1.670354 0.003917
 21.000000 0.020968 0.830045 1.939652 0.001786
 22.000000 0.021223 0.861379 2.198123 0.001820
 23.000000 0.021742 0.872279 2.295525 0.002035
 24.000000 0.016579 0.870502 2.184711 0.001603
 25.000000 0.025911 0.809096 2.040810 0.001963
 26.000000 0.034093 0.811539 2.193023 0.002507
 27.000000 0.027046 0.809792 2.118123 0.002554
 28.000000 0.025438 0.816129 2.058807 0.002707
 29.000000 0.036357 0.780781 1.980279 0.003518
 30.000000 0.030604 0.799410 2.007528 0.002997
 31.000000 0.030548 0.799122 1.885272 0.004473
 32.000000 0.047664 0.758631 1.940803 0.005167
 33.000000 0.057786 0.734410 1.838282 0.006139
 34.000000 0.035145 0.760942 1.821506 0.002515
 35.000000 0.027588 0.753184 1.660365 0.003338
 36.000000 0.035571 0.761435 1.743540 0.004326
 37.000000 0.033526 0.760182 1.663336 0.003174
 38.000000 0.043727 0.798348 1.934252 0.005362
 39.000000 0.033450 0.801152 2.005319 0.004175
 40.000000 0.038447 0.783349 1.959654 0.002764
 41.000000 0.023019 0.811144 2.025738 0.002141
 42.000000 0.024519 0.842360 2.197305 0.002160
 43.000000 0.036731 0.807626 2.135400 0.004938
 44.000000 0.024367 0.822817 2.164768 0.002703
 45.000000 0.023702 0.864871 2.403279 0.003031
 46.000000 0.021959 0.882951 2.460215 0.002513
 47.000000 0.017342 0.897087 2.535994 0.002680
 48.000000 0.028802 0.806261 2.116048 0.003224
 49.000000 0.027856 0.817678 2.139895 0.003018
 50.000000 0.034010 0.833281 2.347443 0.004018
 51.000000 0.027163 0.855902 2.436750 0.002926
 52.000000 0.043606 0.826085 2.327241 0.005293
 53.000000 0.019561 0.852257 2.217697 0.002157
 54.000000 0.029302 0.803131 2.035465 0.002778
 55.000000 0.038534 0.788578 2.067643 0.003630
 56.000000 0.031235 0.810289 2.188867 0.003133
 57.000000 0.026729 0.831912 2.193177 0.002314
 58.000000 0.031108 0.842724 2.245607 0.002974
 59.000000 0.021136 0.879491 2.405683 0.002054
 60.000000 0.038798 0.816624 2.214204 0.003003
 61.000000 0.022546 0.866040 2.447697 0.002046
 62.000000 0.028962 0.829514 2.331241 0.001938
 63.000000 0.027367 0.834354 2.295321 0.002745
 64.000000 0.023497 0.830146 2.249337 0.001935
 65.000000 0.018466 0.869091 2.343279 0.003157
 66.000000 0.017596 0.879492 2.477402 0.001920
 67.000000 0.040687 0.825611 2.211437 0.005641
 68.000000 0.036937 0.818552 2.148685 0.003900
 69.000000 0.028974 0.839524 2.284693 0.001982
 70.000000 0.020165 0.864727 2.226004 0.002224
 71.000000 0.019492 0.837116 2.117248 0.002031
 72.000000 0.033200 0.812920 2.063495 0.005362
 73.000000 0.018605 0.900062 2.571060 0.002151
 74.000000 0.014958 0.909823 2.583769 0.001929
 75.000000 0.024624 0.869869 2.459613 0.002603
 76.000000 0.028470 0.850930 2.252505 0.003015
 77.000000 0.029279 0.824063 2.071528 0.003175
 78.000000 0.025176 0.862437 2.350910 0.002176
 79.000000 0.028073 0.862092 2.393810 0.002984
 80.000000 0.030637 0.851453 2.391675 0.003436
 81.000000 0.036050 0.800235 2.188146 0.002819
 82.000000 0.043905 0.810281 2.174059 0.003212
 83.000000 0.024836 0.844002 2.299285 0.002040
 84.000000 0.037004 0.846263 2.360406 0.003716
 85.000000 0.029423 0.816925 2.203540 0.003060
 86.000000 0.021764 0.846712 2.244105 0.001717
 87.000000 0.017023 0.897554 2.527552 0.001808
 88.000000 0.020386 0.888617 2.562985 0.002350
 89.000000 0.024367 0.872673 2.576120 0.002233
 90.000000 0.033897 0.845351 2.528121 0.002258
 91.000000 0.033975 0.829231 2.319508 0.002438
 92.000000 0.027039 0.862017 2.453298 0.002260
 93.000000 0.023500 0.857259 2.404189 0.002197
 94.000000 0.019983 0.880062 2.487006 0.002323
 95.000000 0.030662 0.847402 2.254492 0.002756
 96.000000 0.038304 0.831503 2.345399 0.004248
 97.000000 0.045311 0.821599 2.292838 0.004603
 98.000000 0.039491 0.814487 2.223499 0.005318
 99.000000 0.048851 0.782220 2.034468 0.007358
 100.000000 0.036057 0.734906 1.657859 0.004057
 101.000000 0.046207 0.758143 1.748222 0.004217
 102.000000 0.022563 0.819048 1.997291 0.002001
 103.000000 0.034293 0.789422 1.840256 0.002212
 104.000000 0.032341 0.811610 2.117779 0.003180
 105.000000 0.023256 0.838143 2.184758 0.002419
 106.000000 0.023914 0.840169 2.194253 0.002621
 107.000000 0.026476 0.839983 2.331414 0.002664
 108.000000 0.036721 0.838801 2.469427 0.002951
 109.000000 0.017658 0.885507 2.428032 0.002353
 110.000000 0.047255 0.771552 1.901596 0.004741
 111.000000 0.041621 0.766184 1.985790 0.003378
 112.000000 0.032512 0.826096 2.150996 0.003822
 113.000000 0.027429 0.835436 2.246449 0.002033
 114.000000 0.020439 0.827161 2.183229 0.001973
 115.000000 0.032089 0.821893 2.200866 0.003695
 116.000000 0.036411 0.789195 1.978387 0.003464
 117.000000 0.033299 0.809928 2.079692 0.002450
 118.000000 0.050300 0.769883 2.006747 0.005979
 119.000000 0.047387 0.772243 1.951767 0.006091
 120.000000 0.030856 0.834342 2.402312 0.003701
 121.000000 0.031039 0.833760 2.331591 0.003581
 122.000000 0.035141 0.796944 2.217365 0.004163
 123.000000 0.019057 0.842592 2.040646 0.002038
 124.000000 0.040229 0.764328 1.782682 0.004367
 125.000000 0.029169 0.823220 2.036238 0.003870
 126.000000 0.034196 0.757749 1.618978 0.003075
 127.000000 0.048635 0.742392 1.562381 0.004027
 128.000000 0.029167 0.751808 1.503530 0.003132
 129.000000 0.068728 0.708357 1.364850 0.019127
 130.000000 0.036882 0.744173 1.467690 0.006529
 131.000000 0.043184 0.744104 1.451920 0.003718
 132.000000 0.070176 0.722181 1.483172 0.008060
 133.000000 0.047192 0.752697 1.690668 0.003917
 134.000000 0.076494 0.705757 1.538488 0.006062
 135.000000 0.082000 0.685654 1.514528 0.004874
 136.000000 0.062795 0.711168 1.636946 0.010480
 137.000000 0.055155 0.716001 1.488557 0.007631
 138.000000 0.065428 0.753323 1.830896 0.003167
 139.000000 0.111729 0.700573 1.519722 0.005739
 140.000000 0.108585 0.706231 1.567318 0.007956
 141.000000 0.060294 0.739318 1.575518 0.003737
 142.000000 0.098122 0.714663 1.384678 0.009478
 143.000000 0.087961 0.719398 1.458755 0.009095
 144.000000 0.068629 0.709014 1.286068 0.005979
 145.000000 0.069984 0.710905 1.323599 0.006043
 146.000000 0.130796 0.649004 1.090624 0.011046
 147.000000 0.134100 0.641619 0.990268 0.011400
 148.000000 0.077555 0.672066 1.065987 0.005861
 149.000000 0.085624 0.703414 1.474449 0.006653
 150.000000 0.115973 0.670424 1.047426 0.011612
 151.000000 0.098705 0.677221 1.152046 0.007999
 152.000000 0.068734 0.729182 1.516526 0.005136
 153.000000 0.085098 0.701122 1.330424 0.005621
 154.000000 0.044034 0.789826 1.888049 0.002843
 155.000000 0.041089 0.812863 1.868367 0.003976
 156.000000 0.046106 0.816787 1.959634 0.005417
 157.000000 0.050162 0.834661 2.143631 0.007537
 158.000000 0.033754 0.847097 2.110544 0.002548
 159.000000 0.026530 0.831835 2.125053 0.002272
 160.000000 0.020933 0.872485 2.382567 0.001765
 161.000000 0.022186 0.877639 2.418352 0.002026
 162.000000 0.030715 0.847589 2.167009 0.002351
 163.000000 0.027520 0.838312 2.223487 0.002667
 164.000000 0.028157 0.850337 2.363595 0.003007
 165.000000 0.023269 0.870760 2.300612 0.002190
 166.000000 0.023359 0.846650 2.134921 0.002519
 167.000000 0.036460 0.831127 2.128370 0.005866
 168.000000 0.023435 0.857378 2.314078 0.002334
 169.000000 0.029028 0.828908 2.180869 0.002804
 170.000000 0.037336 0.837632 2.199951 0.004605
 171.000000 0.039927 0.812658 2.226538 0.004091
 172.000000 0.026699 0.847088 2.292083 0.003401
 173.000000 0.029186 0.878704 2.377559 0.002723
 174.000000 0.024569 0.897466 2.433363 0.003129
 175.000000 0.023984 0.871058 2.418262 0.001953
 176.000000 0.022580 0.897697 2.618311 0.002551
 177.000000 0.015122 0.932638 2.722515 0.001879
 178.000000 0.016187 0.936412 2.796574 0.002139
 179.000000 0.031884 0.883741 2.603399 0.004204
 180.000000 0.019239 0.928619 2.717777 0.001783
 181.000000 0.023778 0.898127 2.600242 0.002723
 182.000000 0.030373 0.866726 2.588561 0.003294
 183.000000 0.014812 0.940542 2.769533 0.001544
 184.000000 0.014368 0.937479 2.744953 0.002019
 185.000000 0.017522 0.913245 2.683566 0.001782
 186.000000 0.029575 0.860675 2.361241 0.004173
 187.000000 0.036534 0.847065 2.222115 0.003116
 188.000000 0.036712 0.807549 2.072429 0.003654
 189.000000 0.033742 0.821183 2.032830 0.003524
 190.000000 0.024423 0.864993 2.181790 0.002733
 191.000000 0.031079 0.823058 1.980442 0.003318
 192.000000 0.032564 0.827868 2.025049 0.002271
 193.000000 0.019102 0.872256 2.300599 0.002370
 194.000000 0.027787 0.856995 2.260032 0.003193
 195.000000 0.029938 0.834065 2.042753 0.002604
 196.000000 0.031188 0.819087 1.948636 0.004169
 197.000000 0.025489 0.855401 1.984173 0.003739
 198.000000 0.019099 0.841198 2.096188 0.002272
 199.000000 0.026138 0.845619 2.349510 0.002882
 200.000000 0.013536 0.934189 2.599650 0.001352
 201.000000 0.018425 0.898677 2.474348 0.001624
 202.000000 0.018088 0.926582 2.573751 0.001401
 203.000000 0.019784 0.880130 2.412086 0.002070
 204.000000 0.023541 0.860694 2.376674 0.002607
 205.000000 0.025543 0.873602 2.340154 0.003502
 206.000000 0.045560 0.804874 2.193316 0.004432
 207.000000 0.044483 0.818239 2.267054 0.003786
 208.000000 0.034871 0.837025 2.346617 0.004343
 209.000000 0.064293 0.758052 2.137145 0.005816
 210.000000 0.053191 0.797720 2.286637 0.006134
 211.000000 0.044523 0.823080 2.340064 0.005104
 212.000000 0.037624 0.842201 2.435279 0.005541
 213.000000 0.031187 0.842780 2.410728 0.003061
 214.000000 0.045608 0.801591 2.284891 0.005094
 215.000000 0.072473 0.759208 2.153599 0.006871
 216.000000 0.061779 0.776511 2.188981 0.006924
 217.000000 0.038216 0.832376 2.391015 0.004354
 218.000000 0.024963 0.869197 2.507084 0.003385
 219.000000 0.033366 0.830589 2.365417 0.003017
 220.000000 0.036757 0.843689 2.399220 0.003893
 221.000000 0.040264 0.831288 2.353905 0.005745
 222.000000 0.050431 0.784352 2.189797 0.004224
 223.000000 0.057793 0.761241 2.148534 0.006628
 224.000000 0.047795 0.803454 2.306278 0.004989
 225.000000 0.061587 0.764252 2.112052 0.008660
 226.000000 0.051440 0.781115 2.220844 0.004494
 227.000000 0.036969 0.839929 2.381021 0.005017
 228.000000 0.039861 0.818743 2.305258 0.004797
 229.000000 0.025708 0.854176 2.299727 0.003255
 230.000000 0.036676 0.824059 2.253705 0.003636
 231.000000 0.028006 0.864738 2.461209 0.002548
 232.000000 0.029917 0.856072 2.357282 0.002779
 233.000000 0.036137 0.843738 2.355035 0.003857
 234.000000 0.050400 0.796026 2.212852 0.005892
 235.000000 0.033385 0.838501 2.206882 0.006241
 236.000000 0.069308 0.785320 2.153018 0.011684
 237.000000 0.111407 0.746236 1.815337 0.015581
 238.000000 0.065439 0.754498 1.933295 0.008349
 239.000000 0.070243 0.766149 2.040564 0.010499
 240.000000 0.066594 0.766124 2.089856 0.010035
 241.000000 0.098467 0.751838 1.977882 0.014242
 242.000000 0.062347 0.760301 1.982186 0.006481
 243.000000 0.060465 0.788790 2.208622 0.009050
 244.000000 0.063091 0.763385 2.072600 0.009536
 245.000000 0.096255 0.716793 1.781541 0.017239
 246.000000 0.055933 0.724958 1.806010 0.005387
 247.000000 0.043385 0.805844 1.957209 0.004054
 248.000000 0.015695 0.906491 2.590279 0.001889
 249.000000 0.022672 0.893554 2.451926 0.002971
 250.000000 0.030005 0.833096 2.314824 0.003260
 251.000000 0.031340 0.803741 2.004095 0.003074
 252.000000 0.028485 0.791572 1.897969 0.002558
 253.000000 0.023644 0.810462 1.898540 0.002496
 254.000000 0.028586 0.804458 1.939630 0.002933
 255.000000 0.052377 0.799465 2.122676 0.007647
 256.000000 0.035378 0.826373 2.072779 0.005456
 257.000000 0.039224 0.824081 2.023061 0.005909
 258.000000 0.042308 0.846691 2.174461 0.007645
 259.000000 0.033614 0.815176 1.910540 0.004496
 260.000000 0.032300 0.790865 1.663399 0.004737
 261.000000 0.032323 0.813210 1.944845 0.003174
 262.000000 0.027362 0.801096 1.639409 0.002584
 263.000000 0.059101 0.685031 1.162929 0.006307
 264.000000 0.038336 0.729536 1.288973 0.004652
 265.000000 0.036247 0.753003 1.453913 0.004078
 266.000000 0.055960 0.750328 1.529701 0.006071
 267.000000 0.068640 0.751894 1.837218 0.009681
 268.000000 0.057906 0.810457 2.015189 0.016137
 269.000000 0.055909 0.836148 2.108036 0.006744
 270.000000 0.033390 0.834683 2.208769 0.004461
 271.000000 0.037565 0.857238 2.391831 0.005927
 272.000000 0.064091 0.789341 2.206977 0.010807
 273.000000 0.075994 0.761282 2.036674 0.008861
 274.000000 0.118640 0.750415 2.120943 0.029986
 275.000000 0.044031 0.840806 2.248213 0.006981
 276.000000 0.032187 0.866662 2.408946 0.003736
 277.000000 0.040001 0.824884 2.328071 0.003375
 278.000000 0.052940 0.770002 2.093381 0.004729
 279.000000 0.074135 0.793033 2.192883 0.011187
 280.000000 0.122415 0.750180 2.169712 0.022132
 281.000000 0.070357 0.761357 2.064176 0.012872
 282.000000 0.062170 0.784833 2.034520 0.008764
 283.000000 0.140063 0.749231 1.972799 0.014840
 284.000000 0.100566 0.725513 1.731255 0.014392
 285.000000 0.282289 0.679831 1.733083 0.032592
 286.000000 0.150389 0.688862 1.654290 0.022012
 287.000000 0.214796 0.700399 1.818048 0.027508
 288.000000 0.103799 0.745446 1.905781 0.018015
 289.000000 0.074677 0.757282 1.986466 0.009466
 290.000000 0.109019 0.699908 1.733542 0.014699
 291.000000 0.201888 0.629239 1.388773 0.019936
 292.000000 0.180909 0.686217 1.651845 0.026313
 293.000000 0.211968 0.695671 1.845350 0.038971
 294.000000 0.449581 0.633789 1.477126 0.099341
 295.000000 0.360545 0.656870 1.638501 0.089255
 296.000000 0.207135 0.683180 1.708977 0.031000
 297.000000 0.202241 0.671703 1.608059 0.035062
 298.000000 0.177643 0.671376 1.617914 0.019695
 299.000000 0.152791 0.697564 1.715639 0.015055
 300.000000 0.128932 0.705324 1.586056 0.015285
 301.000000 0.248088 0.665236 1.752611 0.033082
 302.000000 0.206346 0.686892 1.778356 0.023943
 303.000000 0.315764 0.671824 1.709140 0.202971
 304.000000 0.160614 0.700261 1.745256 0.034938
 305.000000 0.382687 0.663679 1.718509 0.245971
 306.000000 0.246086 0.696595 1.853693 0.178636
 307.000000 0.182104 0.675015 1.815895 0.316200
 308.000000 0.289583 0.678051 1.860764 0.162043
 309.000000 0.209281 0.698251 1.904984 0.289845
 310.000000 0.540217 0.673278 1.844777 0.730798
 311.000000 0.257655 0.673026 1.701440 0.111960
 312.000000 0.168559 0.747312 1.966299 0.099235
 313.000000 0.273082 0.658945 1.766788 0.259671
 314.000000 0.142878 0.734549 1.872619 0.121260
 315.000000 0.135064 0.702056 1.747142 0.080980
 316.000000 0.191915 0.694265 1.810231 0.097561
 317.000000 0.145428 0.736813 1.815080 0.064788
 318.000000 0.145048 0.724760 1.810894 0.222499
 319.000000 0.155652 0.720305 1.855307 0.124914
 320.000000 0.187694 0.745745 1.972580 0.087330
 321.000000 0.153583 0.735367 1.909734 0.030574
 322.000000 0.092153 0.736910 1.950045 0.010956
 323.000000 0.061688 0.805927 2.146273 0.008127
 324.000000 0.109991 0.781721 2.051052 0.019523
 325.000000 0.124172 0.785242 2.183115 0.022022
 326.000000 0.049442 0.832863 2.363687 0.007069
 327.000000 0.096083 0.795858 2.222680 0.012889
 328.000000 0.059969 0.810026 2.123290 0.005369
 329.000000 0.196261 0.739039 2.009895 0.067847
 330.000000 0.114009 0.750705 2.047365 0.021722
 331.000000 0.097424 0.768297 2.110116 0.011671
 332.000000 0.076789 0.798265 2.187384 0.011907
 333.000000 0.145650 0.737117 2.056708 0.017965
 334.000000 0.122828 0.732548 1.979172 0.012090
 335.000000 0.466790 0.652547 1.607344 0.346086
 336.000000 0.455510 0.682312 1.685590 0.174584
 337.000000 0.396576 0.666532 1.653825 0.172973
 338.000000 0.355389 0.654504 1.639460 0.181542
 339.000000 0.234859 0.688773 1.640200 0.326288
 340.000000 0.344725 0.667280 1.677383 0.499559
 341.000000 0.420804 0.644633 1.527468 0.401269
 342.000000 0.350328 0.715939 2.012038 0.292886
 343.000000 0.538377 0.706191 1.808071 0.391293
 344.000000 0.279843 0.734188 2.070203 0.079390
 345.000000 0.258717 0.760385 2.182397 0.099736
 346.000000 0.422798 0.679715 1.802536 0.179206
 347.000000 0.696018 0.666231 1.825413 0.667111
 348.000000 0.597955 0.683545 1.985913 0.335519
 349.000000 0.346747 0.684394 1.838166 0.189920
 350.000000 0.476096 0.685686 1.919115 0.169936
 351.000000 0.292881 0.692448 1.908710 0.342685
 352.000000 0.459370 0.682067 1.775467 0.179016
 353.000000 0.198506 0.703374 1.733631 0.058603
 354.000000 0.477572 0.670660 1.743848 0.307752
 355.000000 0.420271 0.660296 1.734307 0.930633
 356.000000 0.366321 0.649089 1.702294 0.838298
 357.000000 0.319934 0.679514 1.787434 0.700543
 358.000000 0.355136 0.681008 1.565304 0.115228
 359.000000 0.272082 0.729236 1.792696 0.065024
 360.000000 0.077130 0.790076 1.981175 0.010497
 361.000000 0.140386 0.749669 1.889162 0.039665
 362.000000 0.613597 0.651616 1.614980 0.377698
 363.000000 0.971241 0.643200 1.814674 0.854924
 364.000000 0.675686 0.647784 1.696206 0.886903
 365.000000 0.287901 0.685327 1.727861 0.061265
 366.000000 0.282063 0.699881 1.778199 0.061055
 367.000000 0.410754 0.706656 2.001585 0.163263
 368.000000 0.249168 0.736288 2.116271 0.039129
 369.000000 0.284501 0.723009 2.053174 0.087994
 370.000000 0.418275 0.676504 1.747973 0.179601
 371.000000 0.292668 0.686348 1.712630 0.037476
 372.000000 0.342799 0.692917 1.783123 0.065869
 373.000000 0.207270 0.727489 1.888514 0.052812
 374.000000 0.209167 0.760164 2.055282 0.039157
 375.000000 0.153200 0.759595 1.919509 0.024052
 376.000000 0.470616 0.680025 1.641923 0.516241
 377.000000 0.138899 0.706851 1.610957 0.029098
 378.000000 0.155555 0.694116 1.566031 0.038354
 379.000000 0.155848 0.743900 1.965393 0.025787
 380.000000 0.216425 0.725827 1.933393 0.039662
 381.000000 0.097092 0.739696 1.910496 0.015313
 382.000000 0.191516 0.719759 1.906754 0.047829
 383.000000 0.163141 0.674079 1.595645 0.060968
 384.000000 0.149127 0.672116 1.581631 0.024679
 385.000000 0.232043 0.657366 1.608397 0.054777
 386.000000 0.485284 0.649764 1.738982 0.191451
 387.000000 0.404328 0.692644 1.975850 0.207565
 388.000000 0.338849 0.701145 1.884564 0.064907
 389.000000 0.367402 0.686685 1.869573 0.110525
 390.000000 0.352855 0.656804 1.739626 0.084334
 391.000000 0.564428 0.626189 1.587597 0.492341
 392.000000 0.528099 0.610834 1.318622 0.219627
 393.000000 0.476783 0.603506 1.246633 0.121913
 394.000000 0.476129 0.630113 1.450323 0.227747
 395.000000 0.487124 0.667309 1.737892 0.250736
 396.000000 0.418444 0.600497 1.518426 0.658386
 397.000000 1.026753 0.595267 1.561857 0.746629
 398.000000 0.424481 0.637387 1.553772 0.095167
 399.000000 0.302126 0.666378 1.613651 0.146645
 400.000000 1.130509 0.608442 1.612082 0.589769
 401.000000 1.256694 0.605898 1.513519 0.644437
 402.000000 1.018164 0.541587 1.347703 1.012753
 403.000000 1.370214 0.578699 1.479099 0.948915
 404.000000 0.944812 0.575829 1.432802 0.304881
 405.000000 0.275102 0.597727 1.477215 0.881651
 406.000000 0.375539 0.566519 1.446995 0.815723
 407.000000 0.458881 0.574138 1.483144 0.742780
 408.000000 0.948757 0.589891 1.613742 0.357005
 409.000000 0.583985 0.592001 1.652472 0.565712
 410.000000 0.504975 0.616062 1.583041 0.343252
 411.000000 0.408866 0.583637 1.377198 0.802798
 412.000000 0.248616 0.609542 1.492055 0.884144
 413.000000 0.226996 0.626154 1.497456 0.716565
 414.000000 0.376988 0.630578 1.559358 0.638640
 415.000000 0.340884 0.612686 1.571207 0.801582
 416.000000 0.324218 0.572847 1.402397 0.817249
 417.000000 0.263114 0.581324 1.441339 0.759994
 418.000000 0.347573 0.597326 1.442824 0.679143
 419.000000 1.288351 0.604554 1.656117 0.384891
 420.000000 1.380624 0.643644 1.833781 0.487164
 421.000000 0.788449 0.684479 1.966770 0.872094
 422.000000 1.184054 0.648938 1.783561 0.935508
 423.000000 1.028686 0.674890 1.892546 0.509671
 424.000000 1.104672 0.702146 2.110951 0.673063
 425.000000 1.161689 0.680939 1.937254 0.635574
 426.000000 1.266462 0.685934 1.962322 0.761665
 427.000000 1.240926 0.690905 2.018966 0.745033
 428.000000 1.153505 0.695224 2.073452 1.001243
 429.000000 1.322333 0.684007 2.005529 0.588951
 430.000000 1.129793 0.690348 2.001496 0.688714
 431.000000 1.147404 0.690747 1.991580 0.327988
 432.000000 0.974342 0.691263 1.861521 0.282615
 433.000000 1.010965 0.655229 1.728693 0.533440
 434.000000 0.577684 0.663766 1.617629 0.158746
 435.000000 0.672087 0.631464 1.662241 0.603216
 436.000000 0.955525 0.616219 1.597336 0.516794
 437.000000 0.899829 0.625558 1.682180 0.252770
 438.000000 1.031509 0.596637 1.524133 0.664094
 439.000000 0.537285 0.604840 1.507889 0.087861
 440.000000 0.853965 0.630294 1.633550 0.697672
 441.000000 0.505644 0.579473 1.270869 0.803032
 442.000000 0.342452 0.591288 1.370227 0.700084
 443.000000 0.789800 0.602627 1.433063 0.295389
 444.000000 0.830559 0.587084 1.322409 0.675251
 445.000000 0.679613 0.602038 1.342879 0.330844
 446.000000 0.670641 0.604705 1.331087 0.320486
 447.000000 0.653339 0.575213 1.405946 0.490115
 448.000000 0.797691 0.595933 1.465247 0.408755
 449.000000 0.742541 0.619080 1.589008 0.234240
 450.000000 0.861000 0.576868 1.458268 0.908227
 451.000000 0.806311 0.613573 1.596365 0.777254
 452.000000 0.677527 0.598002 1.445333 0.946126
 453.000000 0.965712 0.615045 1.560384 1.005053
 454.000000 0.435975 0.580627 1.500180 0.787472
 455.000000 0.503022 0.637140 1.600040 0.342392
 456.000000 0.840527 0.640664 1.488555 0.512831
 457.000000 0.862248 0.602746 1.454975 0.743835
 458.000000 0.932633 0.597873 1.521349 0.638512
 459.000000 0.660977 0.616615 1.540110 0.709278
 460.000000 0.653700 0.600267 1.303054 0.706310
 461.000000 0.344946 0.625098 1.366966 0.280575
 462.000000 0.215941 0.637181 1.257935 0.024121
 463.000000 0.327286 0.646047 1.365059 0.039680
 464.000000 0.322466 0.663723 1.467110 0.058946
 465.000000 0.478949 0.647831 1.697176 0.248188
 466.000000 0.396036 0.685491 1.749021 0.178412
 467.000000 0.509627 0.652948 1.641104 0.552575
 468.000000 0.458315 0.677054 1.701510 0.407382
 469.000000 0.404412 0.683345 1.709928 0.438477
 470.000000 0.610616 0.663826 1.796500 0.249900
 471.000000 0.168270 0.669879 1.640581 0.036878
 472.000000 0.194503 0.714707 1.905497 0.030720
 473.000000 0.246611 0.705543 1.887212 0.042800
 474.000000 0.158601 0.723153 1.787726 0.023292
 475.000000 0.176844 0.733889 1.993967 0.034753
 476.000000 0.061029 0.791798 2.146756 0.010961
 477.000000 0.328003 0.672375 1.794381 0.075307
 478.000000 0.225143 0.714882 1.837752 0.038210
 479.000000 0.095477 0.782579 2.183515 0.014229
 480.000000 0.072716 0.773410 2.051811 0.011518
 481.000000 0.207454 0.716073 1.848080 0.027816
 482.000000 0.129098 0.716111 1.732466 0.018391
 483.000000 0.254930 0.681495 1.570196 0.034001
 484.000000 0.152389 0.742536 1.972247 0.024137
 485.000000 0.073340 0.754771 1.872530 0.008650
 486.000000 0.076135 0.777855 2.012067 0.015027
 487.000000 0.091318 0.770173 1.960667 0.011890
 488.000000 0.044256 0.800338 2.173590 0.005301
 489.000000 0.038934 0.844756 2.342794 0.004778
 490.000000 0.085250 0.760169 2.044818 0.008652
 491.000000 0.063134 0.807218 2.257293 0.007055
 492.000000 0.098973 0.735906 1.997723 0.007899
 493.000000 0.065235 0.774757 2.147824 0.004409
 494.000000 0.056636 0.816984 2.399785 0.003538
 495.000000 0.071194 0.783284 2.238451 0.004390
 496.000000 0.049237 0.805853 2.198473 0.003249
 497.000000 0.090206 0.735580 1.894472 0.004312
 498.000000 0.057649 0.762231 1.963155 0.002766
 499.000000 0.074724 0.746761 1.852447 0.004240
 500.000000 0.134085 0.701554 1.770285 0.009968
