#! FIELDS time alpha rg e2e hbond
 0.000000 0.085590 0.714054 1.849358 0.005527
 1.000000 0.102822 0.709163 1.817271 0.016477
 2.000000 0.105597 0.750605 2.094653 0.023950
 3.000000 0.104815 0.729515 1.909035 0.039763
 4.000000 0.123071 0.747716 2.019040 0.048245
 5.000000 0.091872 0.772004 2.136748 0.021983
 6.000000 0.177916 0.771480 2.148586 0.123855
 7.000000 0.084444 0.725185 1.673910 0.007783
 8.000000 0.080810 0.711520 1.654954 0.008214
 9.000000 0.297774 0.660512 1.641109 0.103424
 10.000000 0.103428 0.678946 1.670943 0.009703
 11.000000 0.082100 0.686271 1.632926 0.006718
 12.000000 0.047196 0.762939 1.993593 0.004440
 13.000000 0.050767 0.723509 1.819154 0.002897
 14.000000 0.049648 0.673920 1.464112 0.003255
 15.000000 0.044336 0.699074 1.540665 0.002593
 16.000000 0.043461 0.704197 1.270343 0.002134
 17.000000 0.032300 0.761142 1.768791 0.001936
 18.000000 0.066619 0.687740 1.254475 0.005289
 19.000000 0.039414 0.738807 1.515290 0.003488
 20.000000 0.036570 0.734844 1.445142 0.002011
 21.000000 0.031473 0.770551 1.737272 0.001858
 22.000000 0.037691 0.765182 1.813887 0.003415
 23.000000 0.043823 0.752507 1.855440 0.004931
 24.000000 0.030906 0.806569 2.045115 0.002207
 25.000000 0.038234 0.801832 2.197929 0.002892
 26.000000 0.090892 0.715456 1.688120 0.006908
 27.000000 0.055844 0.707883 1.610578 0.003803
 28.000000 0.065719 0.735074 1.796205 0.007296
 29.000000 0.147473 0.666436 1.334477 0.019104
 30.000000 0.157950 0.672252 1.367681 0.017478
 31.000000 0.160095 0.664642 1.436169 0.013121
 32.000000 0.068852 0.684220 1.399642 0.005816
 33.000000 0.094829 0.672200 1.438737 0.010079
 34.000000 0.238223 0.661442 1.557286 0.051066
 35.000000 0.161853 0.622353 1.135372 0.042995
 36.000000 0.226835 0.638639 1.361891 0.046451
 37.000000 0.145974 0.624184 1.275325 0.022520
 38.000000 0.147418 0.641510 1.288746 0.018134
 39.000000 0.143886 0.612895 1.149899 0.014468
 40.000000 0.249329 0.600161 1.211411 0.059864
 41.000000 0.174347 0.612690 1.124487 0.031314
 42.000000 0.067401 0.691930 1.501600 0.004734
 43.000000 0.101794 0.655586 1.520051 0.012576
 44.000000 0.090946 0.694855 1.609001 0.007479
 45.000000 0.093102 0.677682 1.555395 0.009643
 46.000000 0.055629 0.770881 1.918959 0.006230
 47.000000 0.050887 0.781865 2.005460 0.006897
 48.000000 0.055853 0.786568 2.027617 0.003589
 49.000000 0.041671 0.779610 1.988146 0.004708
 50.000000 0.073574 0.715269 1.591566 0.009322
 51.000000 0.041922 0.720504 1.523432 0.003082
 52.000000 0.036189 0.725100 1.483310 0.002895
 53.000000 0.049126 0.639905 0.983046 0.003973
 54.000000 0.058959 0.632316 0.898018 0.007293
 55.000000 0.063830 0.607829 0.845789 0.023768
 56.000000 0.070261 0.601788 0.829042 0.011365
 57.000000 0.076314 0.598874 0.874257 0.020920
 58.000000 0.079331 0.624665 1.044943 0.008802
 59.000000 0.075096 0.624778 1.082428 0.011678
 60.000000 0.086781 0.639360 1.177984 0.008871
 61.000000 0.072654 0.614477 0.801530 0.004894
 62.000000 0.079870 0.624668 1.018494 0.005054
 63.000000 0.091618 0.602166 0.895185 0.010954
 64.000000 0.077565 0.604190 0.737261 0.019405
 65.000000 0.076417 0.608824 0.773633 0.013419
 66.000000 0.092375 0.577806 0.625057 0.020904
 67.000000 0.063040 0.587833 0.658482 0.010267
 68.000000 0.067465 0.577516 0.618448 0.014021
 69.000000 0.068430 0.582943 0.721938 0.012610
 70.000000 0.072905 0.603589 0.745988 0.014231
 71.000000 0.061615 0.608002 0.726130 0.009227
 72.000000 0.064137 0.577187 0.627422 0.006489
 73.000000 0.065942 0.611093 0.554816 0.007230
 74.000000 0.098937 0.609251 0.809802 0.007069
 75.000000 0.062146 0.619484 0.850598 0.004296
 76.000000 0.050852 0.649333 1.216282 0.002984
 77.000000 0.069603 0.622921 0.983778 0.008379
 78.000000 0.058766 0.633328 0.887651 0.003721
 79.000000 0.086582 0.634012 1.051206 0.006582
 80.000000 0.039840 0.677246 1.166634 0.004070
 81.000000 0.069586 0.633046 1.065054 0.007905
 82.000000 0.078276 0.617278 0.947408 0.006736
 83.000000 0.084454 0.613887 0.737364 0.016622
 84.000000 0.114045 0.606667 0.820679 0.013374
 85.000000 0.103008 0.618630 0.782836 0.014643
 86.000000 0.085823 0.596900 0.635457 0.024842
 87.000000 0.078115 0.589196 0.419231 0.016059
 88.000000 0.086893 0.592361 0.442655 0.027900
 89.000000 0.098464 0.584143 0.483318 0.017052
 90.000000 0.079323 0.594625 0.460855 0.013169
 91.000000 0.114858 0.584614 0.459157 0.023770
 92.000000 0.155391 0.584367 0.482291 0.016154
 93.000000 0.111086 0.583636 0.397356 0.024034
 94.000000 0.115798 0.586042 0.488134 0.019235
 95.000000 0.145457 0.594837 0.573948 0.017839
 96.000000 0.141142 0.601547 0.719970 0.023706
 97.000000 0.135017 0.600633 0.687371 0.022644
 98.000000 0.103099 0.614603 0.939822 0.034266
 99.000000 0.083172 0.631240 0.881208 0.015299
 100.000000 0.077995 0.639518 1.059051 0.017170
 101.000000 0.090224 0.694752 1.571054 0.013763
 102.000000 0.074257 0.765037 1.971564 0.009995
 103.000000 0.085598 0.737285 1.717833 0.009320
 104.000000 0.048209 0.771767 1.779041 0.003175
 105.000000 0.047995 0.782028 1.877490 0.004238
 106.000000 0.026571 0.844878 2.097848 0.002061
 107.000000 0.017879 0.833895 2.106257 0.001886
 108.000000 0.027607 0.821270 2.112434 0.001743
 109.000000 0.049381 0.734229 1.772311 0.004004
 110.000000 0.055425 0.719940 1.919833 0.003699
 111.000000 0.041924 0.776116 2.052943 0.003649
 112.000000 0.057925 0.747990 2.106848 0.003511
 113.000000 0.044225 0.782950 2.198597 0.002310
 114.000000 0.046552 0.790705 2.273717 0.003023
 115.000000 0.041639 0.765357 2.088554 0.002432
 116.000000 0.020733 0.795231 2.121086 0.001842
 117.000000 0.018992 0.798173 1.981729 0.001846
 118.000000 0.021793 0.812166 2.069319 0.006082
 119.000000 0.030597 0.791900 2.087197 0.002592
 120.000000 0.052209 0.777791 1.943889 0.019022
 121.000000 0.034794 0.762191 1.892003 0.009552
 122.000000 0.049353 0.741064 1.768443 0.036495
 123.000000 0.068189 0.692518 1.478269 0.029233
 124.000000 0.039491 0.784055 1.990927 0.032285
 125.000000 0.105412 0.764719 1.834336 0.090391
 126.000000 0.126701 0.780024 2.067164 0.030529
 127.000000 0.049845 0.812610 2.077427 0.014265
 128.000000 0.018661 0.848023 2.200229 0.002727
 129.000000 0.018306 0.882412 2.398652 0.004091
 130.000000 0.016952 0.912003 2.577941 0.003317
 131.000000 0.017467 0.919301 2.584542 0.002905
 132.000000 0.020168 0.855939 2.423529 0.002205
 133.000000 0.022052 0.872555 2.448187 0.003496
 134.000000 0.015807 0.909096 2.556803 0.001658
 135.000000 0.013939 0.928776 2.601994 0.002259
 136.000000 0.011365 0.933491 2.517291 0.001411
 137.000000 0.012021 0.913505 2.490502 0.001539
 138.000000 0.018937 0.914228 2.550329 0.003071
 139.000000 0.009185 0.983434 2.842450 0.001023
 140.000000 0.022897 0.878776 2.529024 0.002336
 141.000000 0.021042 0.860232 2.364058 0.002398
 142.000000 0.033144 0.792665 2.028601 0.003023
 143.000000 0.030774 0.779273 1.899907 0.005779
 144.000000 0.060985 0.737213 1.725641 0.006365
 145.000000 0.055620 0.734914 1.766573 0.005891
 146.000000 0.059965 0.728314 1.670376 0.006645
 147.000000 0.065069 0.687328 1.374330 0.008163
 148.000000 0.069270 0.710166 1.481999 0.006336
 149.000000 0.056199 0.706069 1.530067 0.010484
 150.000000 0.054294 0.719396 1.534962 0.004041
 151.000000 0.057962 0.674416 1.219527 0.003454
 152.000000 0.059317 0.679788 1.246568 0.006261
 153.000000 0.058840 0.711612 1.429501 0.005506
 154.000000 0.035617 0.720613 1.429159 0.003771
 155.000000 0.051460 0.679102 1.248714 0.008197
 156.000000 0.045886 0.716732 1.533093 0.004911
 157.000000 0.027605 0.763589 1.548126 0.002236
 158.000000 0.044712 0.694696 1.282648 0.003706
 159.000000 0.048075 0.682679 1.281068 0.003812
 160.000000 0.031349 0.762579 1.619647 0.003865
 161.000000 0.035780 0.772680 1.726456 0.003821
 162.000000 0.029739 0.764115 1.687563 0.002704
 163.000000 0.053196 0.742452 1.713369 0.007345
 164.000000 0.042251 0.764822 1.864497 0.002886
 165.000000 0.038188 0.790961 2.007447 0.003306
 166.000000 0.048420 0.757130 1.794319 0.005247
 167.000000 0.027160 0.773806 1.791850 0.002429
 168.000000 0.049502 0.715798 1.447022 0.005934
 169.000000 0.030100 0.706824 1.271537 0.002549
 170.000000 0.044906 0.699682 1.268310 0.003883
 171.000000 0.050486 0.769858 1.852010 0.006437
 172.000000 0.031848 0.798391 1.908331 0.004279
 173.000000 0.030020 0.804504 1.932430 0.002380
 174.000000 0.031086 0.850768 2.275636 0.004055
 175.000000 0.017274 0.867686 2.210713 0.001783
 176.000000 0.030161 0.818565 2.031178 0.003827
 177.000000 0.022102 0.847569 2.191313 0.003624
 178.000000 0.031646 0.833989 2.105097 0.002600
 179.000000 0.040832 0.812753 2.001138 0.002592
 180.000000 0.038513 0.807115 2.056891 0.002648
 181.000000 0.033872 0.778659 1.748613 0.004368
 182.000000 0.017749 0.871505 2.330553 0.002048
 183.000000 0.036552 0.771876 1.941466 0.004890
 184.000000 0.054454 0.729864 1.815378 0.004541
 185.000000 0.040240 0.732786 1.708111 0.003679
 186.000000 0.024241 0.811357 2.033352 0.002922
 187.000000 0.030773 0.786119 1.958404 0.003877
 188.000000 0.026503 0.812712 2.080898 0.004451
 189.000000 0.037067 0.769635 2.016014 0.002854
 190.000000 0.033956 0.804684 2.049400 0.004031
 191.000000 0.035691 0.765394 1.913975 0.003854
 192.000000 0.032926 0.754165 1.678740 0.002432
 193.000000 0.042009 0.741635 1.787981 0.005160
 194.000000 0.025280 0.762608 1.765322 0.003703
 195.000000 0.019597 0.810357 1.908487 0.002255
 196.000000 0.026680 0.804639 2.048118 0.002752
 197.000000 0.026616 0.850679 2.283484 0.003438
 198.000000 0.016855 0.895035 2.352906 0.002151
 199.000000 0.017388 0.874238 2.275370 0.002228
 200.000000 0.023695 0.887679 2.414431 0.002096
 201.000000 0.018194 0.887194 2.356921 0.003024
 202.000000 0.028038 0.871134 2.376581 0.003423
 203.000000 0.027870 0.867099 2.468425 0.004074
 204.000000 0.017621 0.901688 2.593423 0.002688
 205.000000 0.033829 0.839859 2.213993 0.010880
 206.000000 0.043054 0.830712 2.006137 0.013402
 207.000000 0.034501 0.842158 2.044734 0.019856
 208.000000 0.033310 0.838542 1.913297 0.016179
 209.000000 0.034588 0.832094 1.988637 0.005029
 210.000000 0.031627 0.823555 1.917744 0.003757
 211.000000 0.027605 0.854360 2.221303 0.002935
 212.000000 0.020085 0.906213 2.478730 0.002253
 213.000000 0.022789 0.894567 2.444861 0.001936
 214.000000 0.025498 0.914862 2.525800 0.001853
 215.000000 0.017198 0.926955 2.617964 0.001747
 216.000000 0.016381 0.932253 2.557992 0.001591
 217.000000 0.014848 0.945570 2.657707 0.001641
 218.000000 0.015718 0.956627 2.796887 0.001430
 219.000000 0.014920 0.949074 2.804671 0.001465
 220.000000 0.011356 0.969691 2.836902 0.001033
 221.000000 0.011631 0.954689 2.778954 0.000992
 222.000000 0.011515 0.948160 2.735321 0.000928
 223.000000 0.011571 0.951559 2.742552 0.000999
 224.000000 0.012824 0.916461 2.509880 0.001065
 225.000000 0.011312 0.954919 2.778649 0.000995
 226.000000 0.011601 0.969501 2.786998 0.001280
 227.000000 0.010141 0.981866 2.859257 0.000953
 228.000000 0.013229 0.950881 2.722918 0.001126
 229.000000 0.012084 0.977333 2.855892 0.001259
 230.000000 0.013285 0.928641 2.627724 0.001328
 231.000000 0.013200 0.940852 2.691945 0.001262
 232.000000 0.010026 0.965907 2.813100 0.000993
 233.000000 0.009110 0.979447 2.827535 0.000888
 234.000000 0.011827 0.946254 2.761525 0.001322
 235.000000 0.011356 0.957834 2.748260 0.001133
 236.000000 0.008860 0.982118 2.845854 0.000785
 237.000000 0.009711 0.947649 2.644482 0.000807
 238.000000 0.009781 0.964757 2.748231 0.001119
 239.000000 0.014456 0.926361 2.669843 0.001576
 240.000000 0.014450 0.901464 2.476850 0.001442
 241.000000 0.013643 0.938686 2.694091 0.001204
 242.000000 0.009841 0.966026 2.764289 0.000883
 243.000000 0.014711 0.944145 2.721519 0.001517
 244.000000 0.010825 0.946471 2.696890 0.000739
 245.000000 0.011645 0.961320 2.775412 0.001231
 246.000000 0.016425 0.935361 2.728673 0.001804
 247.000000 0.016373 0.933321 2.735819 0.001736
 248.000000 0.017067 0.942040 2.760886 0.001817
 249.000000 0.015406 0.929746 2.696988 0.001557
 250.000000 0.015026 0.939228 2.735477 0.001617
 251.000000 0.018555 0.899852 2.535617 0.001586
 252.000000 0.013344 0.961547 2.790258 0.001505
 253.000000 0.011568 0.976493 2.862096 0.001072
 254.000000 0.013312 0.956815 2.773232 0.001308
 255.000000 0.011969 0.957734 2.781612 0.001377
 256.000000 0.016528 0.888321 2.457380 0.001740
 257.000000 0.012088 0.905850 2.497821 0.000984
 258.000000 0.015618 0.877148 2.273292 0.001266
 259.000000 0.011541 0.917791 2.504293 0.000988
 260.000000 0.017996 0.883153 2.465230 0.001576
 261.000000 0.015939 0.886324 2.549151 0.001198
 262.000000 0.014639 0.927846 2.513419 0.001421
 263.000000 0.011945 0.946548 2.729452 0.001080
 264.000000 0.016053 0.852447 2.299112 0.001496
 265.000000 0.017689 0.855831 2.220676 0.001789
 266.000000 0.021121 0.858115 2.290627 0.002197
 267.000000 0.031968 0.820453 2.226162 0.002570
 268.000000 0.048007 0.778827 2.061764 0.003942
 269.000000 0.021221 0.871653 2.430852 0.001954
 270.000000 0.028588 0.839934 2.273197 0.003510
 271.000000 0.026055 0.845580 2.317569 0.003145
 272.000000 0.021615 0.848306 2.284585 0.002320
 273.000000 0.010608 0.919742 2.429036 0.001353
 274.000000 0.013645 0.895724 2.325838 0.001715
 275.000000 0.018305 0.845503 2.173951 0.001432
 276.000000 0.043650 0.790670 2.074182 0.006011
 277.000000 0.075950 0.753659 1.918611 0.009623
 278.000000 0.083547 0.736868 1.825506 0.010736
 279.000000 0.099415 0.720626 1.807991 0.020619
 280.000000 0.100618 0.710370 1.823622 0.019611
 281.000000 0.133044 0.698410 1.711570 0.016414
 282.000000 0.097716 0.707477 1.693411 0.009154
 283.000000 0.034501 0.810029 2.087480 0.003644
 284.000000 0.035184 0.800321 2.058068 0.003823
 285.000000 0.037376 0.794953 2.102957 0.004249
 286.000000 0.043286 0.786404 2.044771 0.004572
 287.000000 0.036733 0.806413 2.129337 0.004429
 288.000000 0.040820 0.810303 2.262571 0.007458
 289.000000 0.059790 0.751592 1.980706 0.010718
 290.000000 0.042217 0.765471 1.794282 0.004512
 291.000000 0.037512 0.783782 1.815348 0.007068
 292.000000 0.033251 0.745102 1.656525 0.003049
 293.000000 0.031545 0.723506 1.563127 0.002859
 294.000000 0.035393 0.715792 1.325773 0.002832
 295.000000 0.024026 0.767806 1.614753 0.002597
 296.000000 0.033075 0.779525 1.787387 0.004173
 297.000000 0.034242 0.807526 1.975194 0.004291
 298.000000 0.036785 0.792579 1.940789 0.007278
 299.000000 0.030791 0.778822 1.783035 0.003104
 300.000000 0.029248 0.765401 1.547078 0.004750
 301.000000 0.037358 0.721982 1.375111 0.005121
 302.000000 0.032640 0.755593 1.599408 0.003292
 303.000000 0.032981 0.779787 1.771367 0.005680
 304.000000 0.030642 0.747818 1.620316 0.004017
 305.000000 0.025693 0.780469 1.639079 0.003446
 306.000000 0.030831 0.786303 1.848595 0.002732
 307.000000 0.043374 0.736087 1.550484 0.007694
 308.000000 0.025891 0.777452 1.730144 0.004530
 309.000000 0.042705 0.701812 1.336930 0.005722
 310.000000 0.038274 0.774846 1.878308 0.003878
 311.000000 0.027497 0.806423 2.003694 0.002275
 312.000000 0.040738 0.773799 1.893517 0.003548
 313.000000 0.031225 0.769880 1.820471 0.003293
 314.000000 0.028389 0.763415 1.598496 0.002364
 315.000000 0.045597 0.714012 1.537933 0.006242
 316.000000 0.043439 0.758602 1.781099 0.004135
 317.000000 0.042128 0.746034 1.848367 0.004857
 318.000000 0.024068 0.804427 2.016109 0.003344
 319.000000 0.025415 0.813494 1.988817 0.003488
 320.000000 0.036276 0.781683 1.934573 0.003798
 321.000000 0.029856 0.739495 1.542531 0.003398
 322.000000 0.040344 0.713566 1.369225 0.005872
 323.000000 0.044251 0.666754 1.112769 0.004276
 324.000000 0.044750 0.682776 1.244568 0.004408
 325.000000 0.043690 0.715031 1.430097 0.006469
 326.000000 0.030921 0.720409 1.442799 0.002195
 327.000000 0.035110 0.722455 1.542916 0.003459
 328.000000 0.059733 0.657190 1.247351 0.013068
 329.000000 0.069391 0.685032 1.556683 0.013130
 330.000000 0.064071 0.705261 1.716364 0.007829
 331.000000 0.043224 0.734576 1.663194 0.005397
 332.000000 0.035531 0.769132 1.690120 0.003457
 333.000000 0.042572 0.715688 1.411136 0.004710
 334.000000 0.039871 0.745560 1.650542 0.002816
 335.000000 0.049586 0.706518 1.264280 0.006235
 336.000000 0.038318 0.787985 1.804978 0.004278
 337.000000 0.031999 0.818480 2.052789 0.003086
 338.000000 0.033856 0.799284 1.881748 0.002985
 339.000000 0.026033 0.821100 2.059298 0.002830
 340.000000 0.024670 0.798125 1.889572 0.003207
 341.000000 0.022545 0.816051 1.906756 0.002338
 342.000000 0.038745 0.748905 1.701520 0.003351
 343.000000 0.036015 0.722886 1.473811 0.003391
 344.000000 0.051711 0.698506 1.371299 0.003897
 345.000000 0.041703 0.714098 1.458004 0.002981
 346.000000 0.044316 0.721938 1.540454 0.003156
 347.000000 0.054224 0.757494 1.977970 0.004804
 348.000000 0.032976 0.815334 2.211702 0.003473
 349.000000 0.035647 0.769577 1.945780 0.002859
 350.000000 0.025568 0.804373 2.064719 0.002035
 351.000000 0.026868 0.835337 2.337355 0.002223
 352.000000 0.020359 0.878003 2.353226 0.001825
 353.000000 0.032058 0.810109 2.103052 0.004732
 354.000000 0.035655 0.731151 1.616853 0.003335
 355.000000 0.036616 0.781455 1.980622 0.004434
 356.000000 0.043772 0.772076 1.864597 0.004136
 357.000000 0.025794 0.837968 2.137243 0.002659
 358.000000 0.018545 0.840395 2.111206 0.002075
 359.000000 0.016537 0.893296 2.398289 0.001556
 360.000000 0.019302 0.831044 2.072362 0.002016
 361.000000 0.024495 0.858262 2.259428 0.002827
 362.000000 0.026798 0.842418 2.175047 0.002309
 363.000000 0.024600 0.857874 2.299233 0.001868
 364.000000 0.020138 0.864959 2.220932 0.001998
 365.000000 0.031970 0.781498 1.871261 0.003090
 366.000000 0.034936 0.766862 1.856867 0.003078
 367.000000 0.030003 0.777465 1.844313 0.002396
 368.000000 0.027561 0.772138 1.688335 0.002119
 369.000000 0.034911 0.731780 1.498488 0.003524
 370.000000 0.025171 0.810429 1.987982 0.002038
 371.000000 0.032571 0.766528 1.698061 0.002298
 372.000000 0.041336 0.766526 1.907469 0.003418
 373.000000 0.041449 0.755279 1.916197 0.004238
 374.000000 0.047250 0.746160 1.904114 0.005045
 375.000000 0.031290 0.827856 2.187751 0.002598
 376.000000 0.025235 0.845130 2.356262 0.002591
 377.000000 0.015304 0.881686 2.438900 0.001463
 378.000000 0.018523 0.863262 2.317598 0.002089
 379.000000 0.009994 0.954588 2.670063 0.000805
 380.000000 0.011920 0.961628 2.761111 0.001232
 381.000000 0.015278 0.903086 2.508597 0.001339
 382.000000 0.013853 0.930388 2.612072 0.001476
 383.000000 0.011877 0.949847 2.781368 0.001367
 384.000000 0.009965 0.972801 2.810149 0.000979
 385.000000 0.009525 0.977199 2.861005 0.000892
 386.000000 0.012833 0.956672 2.817781 0.001258
 387.000000 0.013188 0.949657 2.775633 0.001359
 388.000000 0.013609 0.935744 2.612178 0.001355
 389.000000 0.015713 0.949906 2.802737 0.001522
 390.000000 0.017417 0.917418 2.661705 0.001730
 391.000000 0.014668 0.907578 2.551570 0.001490
 392.000000 0.016099 0.886187 2.396459 0.001295
 393.000000 0.012759 0.928648 2.564657 0.001131
 394.000000 0.012777 0.925429 2.591485 0.001157
 395.000000 0.017544 0.861832 2.291791 0.001395
 396.000000 0.015446 0.870584 2.238157 0.001379
 397.000000 0.019226 0.821023 2.006227 0.001490
 398.000000 0.016989 0.868422 2.192518 0.001433
 399.000000 0.015128 0.855698 2.233975 0.001182
 400.000000 0.018232 0.897106 2.466746 0.002344
 401.000000 0.013684 0.898236 2.442784 0.001316
 402.000000 0.019898 0.846584 2.252994 0.001747
 403.000000 0.015786 0.914667 2.623314 0.001509
 404.000000 0.014660 0.954564 2.750983 0.001363
 405.000000 0.012562 0.953672 2.704381 0.001098
 406.000000 0.016713 0.906506 2.495858 0.001360
 407.000000 0.019874 0.897180 2.576296 0.001584
 408.000000 0.027031 0.840717 2.269443 0.002320
 409.000000 0.036047 0.767008 1.927952 0.002455
 410.000000 0.015096 0.850067 2.166164 0.001242
 411.000000 0.017717 0.852724 2.237527 0.001714
 412.000000 0.021685 0.834044 2.108435 0.002471
 413.000000 0.017217 0.875668 2.354083 0.002193
 414.000000 0.016102 0.877694 2.326498 0.001916
 415.000000 0.029631 0.827806 2.206476 0.002802
 416.000000 0.024368 0.791055 1.841324 0.002227
 417.000000 0.046958 0.760507 1.829028 0.004663
 418.000000 0.033771 0.767640 1.751767 0.003513
 419.000000 0.052103 0.703621 1.515954 0.002685
 420.000000 0.066389 0.707865 1.645795 0.004175
 421.000000 0.053696 0.731974 1.699538 0.004238
 422.000000 0.040801 0.752444 1.645042 0.003715
 423.000000 0.043223 0.695709 1.362953 0.003963
 424.000000 0.064267 0.625685 0.991647 0.003763
 425.000000 0.063796 0.640699 1.113886 0.004535
 426.000000 0.088908 0.629537 0.990166 0.005683
 427.000000 0.053136 0.652560 1.047707 0.004110
 428.000000 0.041407 0.674641 1.124679 0.004576
 429.000000 0.057735 0.694450 1.371865 0.004308
 430.000000 0.066887 0.709880 1.601700 0.004410
 431.000000 0.037432 0.731254 1.502601 0.003416
 432.000000 0.037239 0.732980 1.428509 0.004150
 433.000000 0.074176 0.657547 0.858577 0.007874
 434.000000 0.055232 0.673387 0.906023 0.004916
 435.000000 0.050402 0.695719 1.119236 0.007267
 436.000000 0.063259 0.695791 1.310682 0.006658
 437.000000 0.063327 0.678722 1.251480 0.005109
 438.000000 0.061160 0.687411 1.327981 0.004858
 439.000000 0.080142 0.670973 1.187782 0.005835
 440.000000 0.097634 0.652729 1.131982 0.006838
 441.000000 0.051558 0.680775 1.100588 0.005324
 442.000000 0.022873 0.752114 1.456054 0.002244
 443.000000 0.038982 0.728741 1.320346 0.003193
 444.000000 0.026296 0.750036 1.297115 0.003102
 445.000000 0.045453 0.705496 1.074987 0.004818
 446.000000 0.031705 0.762118 1.491701 0.002964
 447.000000 0.020144 0.810954 1.769310 0.002212
 448.000000 0.020792 0.860845 2.191456 0.001687
 449.000000 0.021538 0.870134 2.353174 0.002439
 450.000000 0.032554 0.867165 2.367761 0.003022
 451.000000 0.016225 0.869749 2.220509 0.001590
 452.000000 0.031552 0.777178 1.787253 0.002891
 453.000000 0.015448 0.848482 1.957927 0.001581
 454.000000 0.016046 0.870723 2.260263 0.001679
 455.000000 0.011531 0.893489 2.062045 0.001227
 456.000000 0.015807 0.909873 2.442293 0.001603
 457.000000 0.008746 0.963764 2.681523 0.000742
 458.000000 0.011049 0.972102 2.721889 0.001077
 459.000000 0.016358 0.905693 2.561935 0.001536
 460.000000 0.015193 0.900349 2.487610 0.001722
 461.000000 0.014896 0.879595 2.362464 0.001321
 462.000000 0.009453 0.954956 2.692473 0.000863
 463.000000 0.011435 0.927674 2.590900 0.001134
 464.000000 0.011294 0.933960 2.583165 0.001240
 465.000000 0.009682 0.945351 2.555009 0.001164
 466.000000 0.012367 0.939441 2.660061 0.001338
 467.000000 0.008876 0.976709 2.692006 0.000738
 468.000000 0.010952 0.953743 2.623511 0.001142
 469.000000 0.013029 0.944864 2.539818 0.001263
 470.000000 0.013200 0.932092 2.378932 0.001501
 471.000000 0.014859 0.945926 2.606557 0.001407
 472.000000 0.013215 0.959829 2.694263 0.001157
 473.000000 0.012253 0.974006 2.827605 0.000980
 474.000000 0.012457 0.962322 2.791962 0.001200
 475.000000 0.018916 0.922480 2.659667 0.001693
 476.000000 0.017094 0.927934 2.677308 0.001667
 477.000000 0.014139 0.960663 2.783754 0.001861
 478.000000 0.016732 0.938133 2.766203 0.001694
 479.000000 0.017455 0.921354 2.665545 0.001665
 480.000000 0.021111 0.896604 2.601272 0.002586
 481.000000 0.016424 0.913603 2.598047 0.001486
 482.000000 0.012284 0.961660 2.771612 0.001268
 483.000000 0.013286 0.939127 2.593043 0.001500
 484.000000 0.018241 0.935977 2.707639 0.001943
 485.000000 0.013907 0.946725 2.793163 0.001290
 486.000000 0.013083 0.962786 2.755196 0.001377
 487.000000 0.013890 0.959203 2.772190 0.001214
 488.000000 0.017233 0.927891 2.660690 0.001498
 489.000000 0.012860 0.946984 2.754238 0.001357
 490.000000 0.011948 0.962851 2.723560 0.001183
 491.000000 0.011109 0.981193 2.869338 0.001004
 492.000000 0.009505 1.006999 2.941014 0.001048
 493.000000 0.011386 0.968441 2.815973 0.000943
 494.000000 0.019501 0.903442 2.622591 0.001780
 495.000000 0.013171 0.935551 2.676506 0.001060
 496.000000 0.012245 0.948057 2.718056 0.001070
 497.000000 0.011837 0.948472 2.668162 0.001053
 498.000000 0.011560 0.947435 2.729449 0.000934
 499.000000 0.014786 0.930271 2.640267 0.001187
 500.000000 0.016438 0.910095 2.592096 0.001473
