#! FIELDS time alpha rg e2e hbond
 0.000000 0.021641 0.828814 2.166129 0.001970
 1.000000 0.018332 0.879909 2.388236 0.001620
 2.000000 0.025042 0.865999 2.349744 0.002347
 3.000000 0.015893 0.867903 2.374987 0.001408
 4.000000 0.016525 0.871091 2.328151 0.001588
 5.000000 0.014413 0.887395 2.374393 0.001138
 6.000000 0.016785 0.871942 2.366268 0.001484
 7.000000 0.017798 0.882619 2.333195 0.001712
 8.000000 0.019693 0.848370 1.960472 0.001316
 9.000000 0.018625 0.878218 1.994798 0.001094
 10.000000 0.019413 0.872949 1.980651 0.001414
 11.000000 0.016383 0.878473 2.098409 0.001625
 12.000000 0.015210 0.869130 2.076628 0.002010
 13.000000 0.020451 0.843434 1.865311 0.001915
 14.000000 0.022879 0.843479 2.020061 0.002416
 15.000000 0.021844 0.870131 2.175282 0.001848
 16.000000 0.019873 0.876623 2.272940 0.001754
 17.000000 0.019130 0.873137 2.260857 0.002186
 18.000000 0.018260 0.892139 2.299121 0.001652
 19.000000 0.017200 0.890257 2.473157 0.001932
 20.000000 0.016425 0.912944 2.420685 0.001762
 21.000000 0.020723 0.893008 2.341392 0.002097
 22.000000 0.020699 0.863755 2.134032 0.002020
 23.000000 0.018202 0.889296 2.238615 0.001833
 24.000000 0.016717 0.908690 2.403226 0.001304
 25.000000 0.012402 0.958028 2.736454 0.001283
 26.000000 0.019329 0.906780 2.508056 0.002049
 27.000000 0.016244 0.934557 2.674603 0.001759
 28.000000 0.019033 0.914332 2.502139 0.001585
 29.000000 0.019186 0.910686 2.620059 0.001678
 30.000000 0.020914 0.898628 2.514608 0.002215
 31.000000 0.022824 0.877494 2.449776 0.001930
 32.000000 0.021745 0.893005 2.632044 0.001976
 33.000000 0.017555 0.898782 2.371436 0.001627
 34.000000 0.023127 0.879487 2.281361 0.002217
 35.000000 0.017264 0.879506 2.172285 0.001860
 36.000000 0.018063 0.895909 2.341087 0.002112
 37.000000 0.021616 0.893695 2.387430 0.001705
 38.000000 0.019271 0.913704 2.540295 0.001781
 39.000000 0.021215 0.898082 2.333536 0.001715
 40.000000 0.017317 0.894972 2.387575 0.001447
 41.000000 0.020074 0.876354 2.381584 0.001661
 42.000000 0.018763 0.890511 2.303518 0.001503
 43.000000 0.020942 0.886440 2.414844 0.002276
 44.000000 0.018514 0.900991 2.467305 0.001884
 45.000000 0.020090 0.890222 2.161353 0.001564
 46.000000 0.020519 0.894999 2.252628 0.001415
 47.000000 0.017269 0.898450 2.384802 0.001844
 48.000000 0.019068 0.891774 2.388484 0.001655
 49.000000 0.017158 0.938718 2.576889 0.001408
 50.000000 0.018085 0.883163 2.258908 0.001949
 51.000000 0.023501 0.852695 2.038042 0.001894
 52.000000 0.019492 0.874153 2.267224 0.001711
 53.000000 0.015855 0.928127 2.654772 0.001946
 54.000000 0.010329 0.940747 2.393561 0.000895
 55.000000 0.015195 0.877341 2.302799 0.001300
 56.000000 0.015261 0.899098 2.431243 0.001355
 57.000000 0.013129 0.931381 2.631132 0.001278
 58.000000 0.009231 0.985112 2.826306 0.000935
 59.000000 0.009847 0.970958 2.729549 0.000892
 60.000000 0.010432 0.984237 2.856386 0.001017
 61.000000 0.008322 0.993093 2.839385 0.000857
 62.000000 0.030761 0.873918 2.501565 0.004928
 63.000000 0.033011 0.828133 2.254693 0.003487
 64.000000 0.013590 0.939275 2.727168 0.001147
 65.000000 0.017895 0.919905 2.641679 0.001477
 66.000000 0.013487 0.963763 2.840074 0.001525
 67.000000 0.017778 0.912764 2.560772 0.001974
 68.000000 0.014506 0.944093 2.705517 0.001921
 69.000000 0.012309 0.940038 2.675067 0.001117
 70.000000 0.015847 0.933722 2.660278 0.001720
 71.000000 0.011209 0.944320 2.709692 0.001660
 72.000000 0.014428 0.910067 2.675547 0.001204
 73.000000 0.016018 0.901408 2.553268 0.001372
 74.000000 0.014396 0.917501 2.615963 0.001690
 75.000000 0.013436 0.931453 2.609019 0.001079
 76.000000 0.014607 0.912155 2.558076 0.001663
 77.000000 0.015596 0.911099 2.596086 0.001450
 78.000000 0.019944 0.888845 2.451207 0.004416
 79.000000 0.019786 0.873648 2.498427 0.003109
 80.000000 0.017094 0.890239 2.489622 0.002817
 81.000000 0.018887 0.883242 2.499351 0.001619
 82.000000 0.012094 0.928444 2.656964 0.001092
 83.000000 0.015449 0.888582 2.462332 0.002376
 84.000000 0.018430 0.889083 2.565642 0.002810
 85.000000 0.016337 0.910683 2.563502 0.004243
 86.000000 0.013036 0.917534 2.561138 0.001726
 87.000000 0.014954 0.922646 2.537929 0.001952
 88.000000 0.013636 0.903117 2.424320 0.001446
 89.000000 0.013618 0.917696 2.538561 0.001915
 90.000000 0.014392 0.907704 2.590959 0.001480
 91.000000 0.019039 0.905350 2.542944 0.004651
 92.000000 0.014539 0.924686 2.627450 0.002482
 93.000000 0.010627 0.962953 2.714362 0.001210
 94.000000 0.010372 0.959315 2.757444 0.001079
 95.000000 0.012142 0.926980 2.624433 0.001533
 96.000000 0.010203 0.929004 2.644758 0.001194
 97.000000 0.013925 0.918015 2.590109 0.001313
 98.000000 0.010747 0.947697 2.676256 0.001088
 99.000000 0.015537 0.932274 2.673904 0.001710
 100.000000 0.016925 0.929658 2.699861 0.001668
 101.000000 0.014457 0.936383 2.736806 0.001337
 102.000000 0.013615 0.952383 2.730719 0.001276
 103.000000 0.017754 0.900100 2.466926 0.001568
 104.000000 0.017543 0.842596 1.956427 0.001300
 105.000000 0.017815 0.848413 2.053875 0.001526
 106.000000 0.018113 0.858811 2.055017 0.001440
 107.000000 0.012923 0.905646 2.401242 0.001179
 108.000000 0.015808 0.885244 2.426959 0.001353
 109.000000 0.016595 0.887864 2.389856 0.001230
 110.000000 0.017501 0.873186 2.387927 0.001493
 111.000000 0.012511 0.937485 2.647533 0.001267
 112.000000 0.011473 0.946925 2.696273 0.001249
 113.000000 0.013990 0.924004 2.640743 0.001243
 114.000000 0.018279 0.914668 2.673207 0.001552
 115.000000 0.011925 0.947174 2.693625 0.001036
 116.000000 0.016225 0.932071 2.673095 0.001596
 117.000000 0.016829 0.940308 2.692955 0.001857
 118.000000 0.013435 0.952303 2.725642 0.001469
 119.000000 0.016300 0.916681 2.627306 0.001270
 120.000000 0.010941 0.949920 2.741350 0.001101
 121.000000 0.018242 0.907562 2.650536 0.001674
 122.000000 0.009846 0.982364 2.875541 0.001204
 123.000000 0.010818 0.961945 2.794472 0.001053
 124.000000 0.011579 0.953325 2.731530 0.000947
 125.000000 0.010397 0.973687 2.821771 0.000920
 126.000000 0.010394 0.980744 2.862186 0.000990
 127.000000 0.009557 0.992269 2.888407 0.000914
 128.000000 0.010320 0.975009 2.872387 0.000911
 129.000000 0.014020 0.920486 2.644557 0.001127
 130.000000 0.012958 0.948877 2.776623 0.001232
 131.000000 0.013820 0.863716 2.208761 0.001343
 132.000000 0.019587 0.803762 1.821432 0.001239
 133.000000 0.020288 0.792785 1.756517 0.001477
 134.000000 0.021066 0.802158 1.866688 0.001463
 135.000000 0.016562 0.835548 2.108428 0.001417
 136.000000 0.018772 0.803706 1.802583 0.001617
 137.000000 0.018353 0.842249 2.117737 0.001625
 138.000000 0.012917 0.911549 2.391641 0.001121
 139.000000 0.014011 0.874074 2.203727 0.001067
 140.000000 0.012154 0.897114 2.336631 0.001207
 141.000000 0.010369 0.934524 2.336559 0.001557
 142.000000 0.011691 0.944578 2.449518 0.001602
 143.000000 0.013278 0.918901 2.447318 0.001433
 144.000000 0.012595 0.914797 2.406754 0.001542
 145.000000 0.015980 0.875294 2.239277 0.001763
 146.000000 0.014722 0.887126 2.293854 0.001427
 147.000000 0.015581 0.873102 2.265838 0.001312
 148.000000 0.015861 0.884623 2.243814 0.001619
 149.000000 0.014767 0.925654 2.503134 0.001905
 150.000000 0.018124 0.898201 2.394609 0.002961
 151.000000 0.015547 0.925584 2.435068 0.001759
 152.000000 0.014374 0.912276 2.445812 0.001947
 153.000000 0.014096 0.916085 2.466141 0.001449
 154.000000 0.020204 0.893952 2.414894 0.002536
 155.000000 0.013888 0.932752 2.452405 0.001515
 156.000000 0.011310 0.963768 2.671196 0.001258
 157.000000 0.015364 0.919191 2.515939 0.001284
 158.000000 0.012450 0.940466 2.479695 0.000952
 159.000000 0.019928 0.889657 2.396702 0.002063
 160.000000 0.016097 0.925162 2.521189 0.001829
 161.000000 0.012288 0.944558 2.566206 0.001664
 162.000000 0.014487 0.930695 2.542633 0.001873
 163.000000 0.016266 0.899073 2.500314 0.001677
 164.000000 0.014035 0.866217 2.156625 0.001768
 165.000000 0.015578 0.857626 2.225746 0.002363
 166.000000 0.018795 0.829976 2.083031 0.002037
 167.000000 0.015857 0.883220 2.409974 0.001533
 168.000000 0.017899 0.851407 2.168659 0.001485
 169.000000 0.014660 0.866541 2.272030 0.001167
 170.000000 0.012101 0.899577 2.213952 0.000877
 171.000000 0.010213 0.911414 2.299383 0.000795
 172.000000 0.013199 0.912013 2.390864 0.001087
 173.000000 0.013142 0.907518 2.374102 0.001182
 174.000000 0.012437 0.879961 2.189828 0.001079
 175.000000 0.013386 0.889875 2.329976 0.001658
 176.000000 0.011016 0.927172 2.553151 0.001114
 177.000000 0.007738 0.997533 2.811205 0.000813
 178.000000 0.010144 0.976412 2.820818 0.001252
 179.000000 0.009105 0.990732 2.778255 0.001140
 180.000000 0.009066 0.987261 2.753275 0.000873
 181.000000 0.009795 0.980195 2.811308 0.000993
 182.000000 0.013686 0.908031 2.524136 0.001331
 183.000000 0.024809 0.862810 2.432267 0.001980
 184.000000 0.024973 0.864724 2.360510 0.003594
 185.000000 0.025348 0.865929 2.413274 0.002497
 186.000000 0.023767 0.871028 2.502494 0.001751
 187.000000 0.015120 0.927603 2.653264 0.001138
 188.000000 0.019723 0.903700 2.642966 0.001531
 189.000000 0.033974 0.821734 2.224381 0.002659
 190.000000 0.037811 0.817132 2.171945 0.004408
 191.000000 0.030748 0.791697 1.891529 0.002279
 192.000000 0.027836 0.816176 2.084103 0.002338
 193.000000 0.028497 0.837293 2.223315 0.002594
 194.000000 0.021082 0.871149 2.463583 0.001705
 195.000000 0.027281 0.850113 2.343272 0.001776
 196.000000 0.029515 0.868600 2.471815 0.002391
 197.000000 0.023885 0.884102 2.484765 0.002644
 198.000000 0.021230 0.849801 2.244721 0.001613
 199.000000 0.033961 0.778884 1.954518 0.002841
 200.000000 0.035323 0.797429 2.153165 0.003268
 201.000000 0.029736 0.817443 2.122300 0.002644
 202.000000 0.016335 0.872323 2.430621 0.001426
 203.000000 0.021086 0.844764 2.245681 0.002013
 204.000000 0.026590 0.845093 2.393625 0.002057
 205.000000 0.024178 0.880471 2.543788 0.001874
 206.000000 0.015949 0.889924 2.517752 0.001105
 207.000000 0.009630 0.990243 2.852027 0.001014
 208.000000 0.012338 0.954136 2.762948 0.001513
 209.000000 0.014929 0.931515 2.689291 0.001474
 210.000000 0.015593 0.919934 2.674739 0.001415
 211.000000 0.019036 0.938658 2.771402 0.002197
 212.000000 0.031874 0.878742 2.584648 0.003856
 213.000000 0.023998 0.837664 2.336468 0.002228
 214.000000 0.060085 0.795043 2.222985 0.008908
 215.000000 0.025712 0.850769 2.310841 0.003311
 216.000000 0.027393 0.819494 1.955083 0.002807
 217.000000 0.047145 0.769804 1.806462 0.005454
 218.000000 0.072974 0.718072 1.629595 0.008114
 219.000000 0.075215 0.730474 1.708930 0.006832
 220.000000 0.117414 0.696874 1.662339 0.014343
 221.000000 0.075030 0.732980 1.875035 0.008596
 222.000000 0.044872 0.786890 1.972050 0.003885
 223.000000 0.027676 0.881424 2.537689 0.003625
 224.000000 0.034300 0.852617 2.428098 0.005105
 225.000000 0.026853 0.887594 2.599341 0.004087
 226.000000 0.021507 0.887808 2.569972 0.002517
 227.000000 0.025736 0.877976 2.525873 0.003647
 228.000000 0.017421 0.879153 2.452957 0.001756
 229.000000 0.016126 0.869084 2.318100 0.001453
 230.000000 0.015190 0.884253 2.355433 0.001318
 231.000000 0.034860 0.812180 2.156541 0.003913
 232.000000 0.032828 0.813957 2.043300 0.005071
 233.000000 0.024617 0.827705 2.203684 0.003675
 234.000000 0.029730 0.847429 2.246763 0.004686
 235.000000 0.047156 0.781279 2.108008 0.003529
 236.000000 0.039260 0.817829 2.298342 0.003713
 237.000000 0.035245 0.836628 2.361385 0.003714
 238.000000 0.055433 0.784985 2.261294 0.005179
 239.000000 0.061195 0.749049 2.103805 0.007031
 240.000000 0.062287 0.766047 2.195285 0.007455
 241.000000 0.047868 0.807937 2.248799 0.007094
 242.000000 0.040451 0.838496 2.456340 0.003882
 243.000000 0.036768 0.815403 2.286904 0.003589
 244.000000 0.027989 0.850358 2.426958 0.002895
 245.000000 0.032813 0.833139 2.400603 0.002803
 246.000000 0.049879 0.746140 1.893811 0.003304
 247.000000 0.048241 0.744848 1.929577 0.003523
 248.000000 0.029899 0.835486 2.382262 0.002431
 249.000000 0.029839 0.839436 2.374799 0.002199
 250.000000 0.022679 0.874053 2.512753 0.001386
 251.000000 0.018579 0.898118 2.577116 0.001793
 252.000000 0.017724 0.897779 2.492343 0.001643
 253.000000 0.016416 0.935310 2.700422 0.001367
 254.000000 0.014640 0.932286 2.665816 0.001312
 255.000000 0.016369 0.903661 2.571832 0.001640
 256.000000 0.018777 0.878813 2.461458 0.001434
 257.000000 0.022492 0.847508 2.293365 0.002365
 258.000000 0.016654 0.878727 2.421486 0.001521
 259.000000 0.014884 0.925883 2.546695 0.002270
 260.000000 0.012001 0.927082 2.490318 0.001301
 261.000000 0.014859 0.917250 2.531320 0.001198
 262.000000 0.041704 0.799261 2.222452 0.003281
 263.000000 0.043376 0.756217 1.994978 0.002010
 264.000000 0.076724 0.745530 2.070396 0.010429
 265.000000 0.113466 0.752511 1.960602 0.011794
 266.000000 0.052356 0.790416 2.130378 0.010004
 267.000000 0.114960 0.698182 1.770833 0.013117
 268.000000 0.114695 0.711407 1.895909 0.027566
 269.000000 0.104804 0.721005 1.918474 0.012440
 270.000000 0.123374 0.712848 1.807741 0.019476
 271.000000 0.073915 0.714329 1.671704 0.011676
 272.000000 0.128618 0.726034 1.847443 0.032633
 273.000000 0.087270 0.738483 1.843832 0.019175
 274.000000 0.076218 0.735913 1.952400 0.004987
 275.000000 0.065948 0.773217 2.099585 0.008826
 276.000000 0.046172 0.788553 2.118318 0.006294
 277.000000 0.062362 0.755032 1.792408 0.009832
 278.000000 0.027712 0.834840 2.202728 0.003018
 279.000000 0.065117 0.784436 1.997634 0.008471
 280.000000 0.098701 0.737677 1.885746 0.015083
 281.000000 0.062768 0.737515 1.884590 0.009137
 282.000000 0.051577 0.794462 2.112277 0.008375
 283.000000 0.025980 0.827383 2.152228 0.005294
 284.000000 0.025389 0.815110 2.091432 0.004907
 285.000000 0.045153 0.750073 1.667679 0.005033
 286.000000 0.058938 0.680287 1.250212 0.005715
 287.000000 0.048603 0.646883 1.044389 0.005324
 288.000000 0.075256 0.617610 0.793418 0.011564
 289.000000 0.046875 0.654008 0.950704 0.003968
 290.000000 0.042302 0.666917 0.789912 0.004842
 291.000000 0.047007 0.666835 0.953638 0.005269
 292.000000 0.046269 0.693674 1.115298 0.007262
 293.000000 0.062922 0.641453 0.909168 0.006347
 294.000000 0.055388 0.652004 0.830517 0.006477
 295.000000 0.043010 0.643598 0.796906 0.003681
 296.000000 0.050625 0.636632 0.742600 0.006130
 297.000000 0.060073 0.667958 1.035746 0.007576
 298.000000 0.061558 0.685675 1.085384 0.008742
 299.000000 0.061464 0.676045 1.024394 0.010867
 300.000000 0.062711 0.643168 0.916815 0.014091
 301.000000 0.059614 0.695976 1.042354 0.020185
 302.000000 0.072100 0.654292 0.951557 0.009957
 303.000000 0.077737 0.655820 0.983374 0.010246
 304.000000 0.044150 0.709419 1.158866 0.006251
 305.000000 0.061013 0.701036 1.290302 0.008923
 306.000000 0.051794 0.750977 1.377954 0.007241
 307.000000 0.040178 0.763116 1.348309 0.006646
 308.000000 0.031837 0.768107 1.447984 0.004325
 309.000000 0.032902 0.755601 1.413372 0.004789
 310.000000 0.029386 0.791471 1.573959 0.005288
 311.000000 0.034180 0.827899 1.790047 0.004296
 312.000000 0.052083 0.774910 1.501726 0.008026
 313.000000 0.038997 0.801545 1.557557 0.005537
 314.000000 0.029479 0.838043 1.735256 0.003812
 315.000000 0.035678 0.827224 1.802239 0.003838
 316.000000 0.030191 0.881282 2.100913 0.004085
 317.000000 0.029092 0.871110 2.237107 0.003938
 318.000000 0.072614 0.838545 2.080338 0.011737
 319.000000 0.073956 0.825324 1.920344 0.012281
 320.000000 0.058597 0.811512 1.850511 0.005980
 321.000000 0.051554 0.835170 2.239160 0.005950
 322.000000 0.051632 0.813915 2.158206 0.006542
 323.000000 0.049841 0.806549 1.876693 0.010287
 324.000000 0.054121 0.747375 1.745333 0.007266
 325.000000 0.078327 0.690636 1.580568 0.007089
 326.000000 0.074918 0.781893 1.956585 0.011897
 327.000000 0.024988 0.885061 2.595407 0.002448
 328.000000 0.018870 0.916146 2.701982 0.001990
 329.000000 0.038742 0.869491 2.497573 0.005208
 330.000000 0.048912 0.833479 2.345245 0.007481
 331.000000 0.044309 0.831320 2.234275 0.009352
 332.000000 0.052986 0.831463 2.304332 0.006814
 333.000000 0.044947 0.836058 2.383748 0.007335
 334.000000 0.033839 0.863254 2.469313 0.004043
 335.000000 0.079268 0.814720 2.259908 0.011253
 336.000000 0.052097 0.829155 2.327301 0.008871
 337.000000 0.017099 0.898440 2.461807 0.002421
 338.000000 0.020803 0.894429 2.466920 0.002960
 339.000000 0.070912 0.813613 1.977374 0.008183
 340.000000 0.057599 0.834947 2.143054 0.007700
 341.000000 0.067463 0.804448 1.983146 0.016042
 342.000000 0.101933 0.766386 1.721242 0.014277
 343.000000 0.123294 0.753924 1.738016 0.015413
 344.000000 0.160699 0.746825 1.704291 0.011419
 345.000000 0.149960 0.749817 1.736077 0.019146
 346.000000 0.157153 0.742556 1.599288 0.019535
 347.000000 0.099465 0.726358 1.605253 0.013854
 348.000000 0.110204 0.708703 1.506635 0.022781
 349.000000 0.117743 0.762189 1.609623 0.032262
 350.000000 0.113054 0.757816 1.697095 0.019831
 351.000000 0.100490 0.760337 1.647015 0.019701
 352.000000 0.167861 0.768251 1.995628 0.023587
 353.000000 0.111428 0.787379 2.037123 0.025194
 354.000000 0.057689 0.817614 2.000310 0.007258
 355.000000 0.089197 0.785804 2.003881 0.019087
 356.000000 0.069125 0.801843 2.120001 0.013889
 357.000000 0.035381 0.837437 2.404453 0.005355
 358.000000 0.026747 0.895574 2.603217 0.004785
 359.000000 0.029150 0.872136 2.478844 0.005071
 360.000000 0.036571 0.863135 2.415989 0.006175
 361.000000 0.047207 0.821609 2.184709 0.012858
 362.000000 0.043464 0.824193 2.023771 0.009044
 363.000000 0.043850 0.811390 1.858659 0.007941
 364.000000 0.059207 0.797430 1.953889 0.014732
 365.000000 0.053690 0.786615 1.836803 0.009400
 366.000000 0.057599 0.753646 1.628679 0.005635
 367.000000 0.058491 0.797011 1.894789 0.013468
 368.000000 0.057831 0.806548 1.906208 0.006523
 369.000000 0.062248 0.788194 1.795344 0.011238
 370.000000 0.054832 0.788530 1.831408 0.007010
 371.000000 0.056634 0.816729 2.072981 0.008071
 372.000000 0.035319 0.861973 2.317829 0.007271
 373.000000 0.028647 0.865108 2.393569 0.007145
 374.000000 0.037681 0.854614 2.354355 0.007469
 375.000000 0.037366 0.861261 2.262764 0.008555
 376.000000 0.049609 0.812047 2.067348 0.012264
 377.000000 0.066257 0.775257 1.989316 0.010012
 378.000000 0.042305 0.853073 2.367829 0.008939
 379.000000 0.035041 0.891864 2.450402 0.006916
 380.000000 0.042041 0.841907 2.361523 0.010617
 381.000000 0.042550 0.844193 2.295813 0.010221
 382.000000 0.060784 0.808902 2.265976 0.013257
 383.000000 0.040739 0.838885 2.411130 0.006184
 384.000000 0.058092 0.820482 2.189056 0.010335
 385.000000 0.037209 0.808429 2.077192 0.006692
 386.000000 0.019265 0.866834 2.098063 0.002434
 387.000000 0.017708 0.849495 2.037375 0.002554
 388.000000 0.025417 0.829606 1.960054 0.002784
 389.000000 0.031878 0.825681 1.978910 0.008080
 390.000000 0.047362 0.801120 1.816983 0.006728
 391.000000 0.052681 0.800665 1.933898 0.004103
 392.000000 0.038248 0.837783 2.094218 0.005765
 393.000000 0.036487 0.834272 2.280339 0.003973
 394.000000 0.121121 0.781764 2.203777 0.009654
 395.000000 0.110763 0.770528 2.094572 0.012751
 396.000000 0.056333 0.808334 2.128730 0.007578
 397.000000 0.108288 0.780711 2.179565 0.017563
 398.000000 0.152892 0.741024 2.020366 0.022884
 399.000000 0.136680 0.773282 2.142611 0.017457
 400.000000 0.095603 0.780220 2.216489 0.010567
 401.000000 0.081018 0.794743 2.253163 0.011241
 402.000000 0.093158 0.743108 2.044700 0.014237
 403.000000 0.131349 0.723832 1.987326 0.013854
 404.000000 0.138861 0.728120 2.016507 0.014503
 405.000000 0.079566 0.754014 2.089299 0.008604
 406.000000 0.064300 0.780473 2.201345 0.009502
 407.000000 0.078449 0.759639 2.132247 0.009629
 408.000000 0.111686 0.711977 1.947620 0.011866
 409.000000 0.102837 0.756700 2.110842 0.006926
 410.000000 0.203948 0.670273 1.748047 0.018285
 411.000000 0.063133 0.764555 1.995352 0.007979
 412.000000 0.082641 0.729620 1.959592 0.010986
 413.000000 0.106287 0.649928 1.356838 0.010206
 414.000000 0.123871 0.658220 1.515814 0.011485
 415.000000 0.180065 0.667105 1.667425 0.013114
 416.000000 0.266317 0.687989 1.890101 0.019944
 417.000000 0.152703 0.691418 1.842882 0.015731
 418.000000 0.118012 0.715878 1.966928 0.013447
 419.000000 0.130247 0.714079 2.005524 0.019879
 420.000000 0.176344 0.649559 1.573257 0.013399
 421.000000 0.131854 0.653072 1.510620 0.019597
 422.000000 0.106497 0.681508 1.689595 0.012016
 423.000000 0.091506 0.665140 1.561464 0.008468
 424.000000 0.073461 0.643474 1.356247 0.004354
 425.000000 0.083589 0.659615 1.486639 0.005127
 426.000000 0.081099 0.683131 1.505713 0.005767
 427.000000 0.097745 0.678856 1.622325 0.013704
 428.000000 0.098527 0.630739 1.412567 0.012611
 429.000000 0.085812 0.670873 1.427090 0.006706
 430.000000 0.090335 0.654921 1.357862 0.010508
 431.000000 0.059403 0.678024 1.343120 0.003957
 432.000000 0.079445 0.660334 1.282179 0.007089
 433.000000 0.114429 0.614590 0.992031 0.016171
 434.000000 0.086416 0.617568 0.957429 0.006696
 435.000000 0.127148 0.589130 0.847865 0.014208
 436.000000 0.106581 0.603693 0.940073 0.010522
 437.000000 0.116483 0.630339 1.368116 0.006951
 438.000000 0.125922 0.643895 1.453267 0.009168
 439.000000 0.145673 0.619610 1.268174 0.011345
 440.000000 0.118954 0.599101 1.054595 0.006373
 441.000000 0.088049 0.629004 1.284048 0.005938
 442.000000 0.123579 0.599968 1.136708 0.008547
 443.000000 0.119106 0.638999 1.480052 0.008439
 444.000000 0.155037 0.570056 1.093017 0.019443
 445.000000 0.182166 0.597738 1.276454 0.022852
 446.000000 0.101131 0.590407 0.841517 0.008869
 447.000000 0.121903 0.586757 1.023254 0.008191
 448.000000 0.095889 0.578926 0.700487 0.006461
 449.000000 0.125915 0.562839 0.519851 0.011604
 450.000000 0.157574 0.549505 0.528568 0.106625
 451.000000 0.104543 0.577125 0.564900 0.014640
 452.000000 0.112331 0.576651 0.750284 0.018625
 453.000000 0.181355 0.553577 0.683241 0.155690
 454.000000 0.142647 0.569118 0.803606 0.093238
 455.000000 0.097176 0.607974 0.926511 0.018680
 456.000000 0.078777 0.613149 0.881769 0.022691
 457.000000 0.155329 0.576624 0.800631 0.026099
 458.000000 0.132511 0.593766 0.919487 0.033756
 459.000000 0.159660 0.601522 0.954658 0.054366
 460.000000 0.103601 0.672214 1.460107 0.023938
 461.000000 0.148020 0.639570 1.373463 0.031831
 462.000000 0.183116 0.613567 1.250936 0.031315
 463.000000 0.101423 0.649179 1.257845 0.018896
 464.000000 0.208607 0.607473 1.052087 0.085674
 465.000000 0.427313 0.568584 1.021429 0.795148
 466.000000 0.231809 0.579710 1.094006 0.079212
 467.000000 0.133172 0.593590 1.171447 0.052003
 468.000000 0.167341 0.573126 0.788034 0.203825
 469.000000 0.200963 0.602680 1.258631 0.042942
 470.000000 0.139663 0.611941 1.178698 0.024024
 471.000000 0.122263 0.608188 1.140618 0.020962
 472.000000 0.188723 0.599057 1.232877 0.033834
 473.000000 0.133797 0.611295 1.184422 0.019364
 474.000000 0.173303 0.579869 1.108691 0.037178
 475.000000 0.178054 0.595477 1.282262 0.044938
 476.000000 0.216807 0.582403 1.194301 0.049655
 477.000000 0.172513 0.585620 1.201131 0.032756
 478.000000 0.235176 0.598394 1.313647 0.058598
 479.000000 0.220996 0.586272 1.232473 0.087381
 480.000000 0.394525 0.554283 1.191081 0.167710
 481.000000 0.181473 0.595851 1.357283 0.034185
 482.000000 0.165591 0.588827 1.278732 0.026573
 483.000000 0.205646 0.575142 1.215734 0.039135
 484.000000 0.219526 0.561210 1.041020 0.096450
 485.000000 0.287719 0.553919 1.106130 0.108238
 486.000000 0.152628 0.608735 1.231107 0.023787
 487.000000 0.187659 0.599110 1.161374 0.056975
 488.000000 0.193257 0.601427 1.103827 0.077121
 489.000000 0.183811 0.606851 1.125376 0.051814
 490.000000 0.179876 0.577847 1.077372 0.025916
 491.000000 0.105489 0.614219 1.186402 0.045390
 492.000000 0.088784 0.591160 0.882254 0.013284
 493.000000 0.093294 0.616850 1.000738 0.043725
 494.000000 0.166124 0.614129 1.218309 0.088960
 495.000000 0.120198 0.664166 1.584315 0.038256
 496.000000 0.171654 0.656785 1.555562 0.032852
 497.000000 0.103105 0.680761 1.668200 0.021796
 498.000000 0.065477 0.705838 1.763911 0.010613
 499.000000 0.084247 0.672479 1.429696 0.012141
 500.000000 0.120686 0.665354 1.643274 0.016960
