#! FIELDS time alpha rg e2e hbond
 0.000000 0.039858 0.770793 1.827387 0.003202
 1.000000 0.035817 0.749527 1.421086 0.003258
 2.000000 0.042851 0.740044 1.554829 0.003446
 3.000000 0.044907 0.743679 1.521421 0.006554
 4.000000 0.052094 0.780600 1.978495 0.003639
 5.000000 0.036833 0.804469 2.121319 0.003426
 6.000000 0.039555 0.763457 1.749698 0.003636
 7.000000 0.039854 0.732384 1.512179 0.004269
 8.000000 0.039927 0.717514 1.449800 0.005213
 9.000000 0.035962 0.761023 1.794700 0.003610
 10.000000 0.030723 0.808836 2.083142 0.004269
 11.000000 0.048256 0.748673 1.899790 0.004718
 12.000000 0.025172 0.805985 1.802032 0.002684
 13.000000 0.042713 0.791800 1.673848 0.005381
 14.000000 0.017884 0.870292 1.987981 0.002100
 15.000000 0.012449 0.916794 2.254229 0.001427
 16.000000 0.023351 0.829658 2.050165 0.003484
 17.000000 0.025079 0.829664 2.082739 0.001954
 18.000000 0.022628 0.869267 2.173190 0.002755
 19.000000 0.021080 0.865739 2.180233 0.002047
 20.000000 0.017685 0.914794 2.431334 0.002304
 21.000000 0.028170 0.865668 2.357522 0.002597
 22.000000 0.026515 0.854647 2.276553 0.002624
 23.000000 0.018516 0.911093 2.610303 0.002256
 24.000000 0.019330 0.911376 2.581514 0.001728
 25.000000 0.018133 0.910212 2.674839 0.002065
 26.000000 0.014325 0.934462 2.676104 0.001672
 27.000000 0.017697 0.893083 2.416369 0.002249
 28.000000 0.027904 0.861580 2.218197 0.002676
 29.000000 0.021958 0.889477 2.450827 0.002145
 30.000000 0.023714 0.872755 2.383031 0.003004
 31.000000 0.027570 0.875529 2.356878 0.003189
 32.000000 0.023572 0.880712 2.478759 0.002838
 33.000000 0.038809 0.816591 1.982099 0.004657
 34.000000 0.044054 0.801682 1.840983 0.005294
 35.000000 0.034202 0.810110 1.980028 0.004679
 36.000000 0.032029 0.836192 2.262364 0.003571
 37.000000 0.022037 0.857533 2.288678 0.001877
 38.000000 0.060764 0.803247 2.061492 0.009567
 39.000000 0.023338 0.883422 2.310378 0.001830
 40.000000 0.044207 0.851294 2.255286 0.003550
 41.000000 0.034449 0.819264 2.154422 0.003204
 42.000000 0.027648 0.802633 2.064533 0.003993
 43.000000 0.032639 0.834859 2.117697 0.004828
 44.000000 0.026589 0.875837 2.262813 0.002909
 45.000000 0.024632 0.862833 2.306572 0.003198
 46.000000 0.017534 0.882612 2.353142 0.001873
 47.000000 0.019829 0.894063 2.470812 0.002742
 48.000000 0.017984 0.880639 2.346165 0.001946
 49.000000 0.025863 0.874706 2.439535 0.003103
 50.000000 0.029154 0.835728 2.199094 0.004507
 51.000000 0.038174 0.835219 2.255353 0.004037
 52.000000 0.030621 0.820871 1.977800 0.002933
 53.000000 0.023982 0.826809 1.991076 0.002509
 54.000000 0.021280 0.844261 2.080681 0.002468
 55.000000 0.019024 0.834988 2.005827 0.001525
 56.000000 0.011681 0.920535 2.511386 0.002118
 57.000000 0.019907 0.884707 2.355579 0.002570
 58.000000 0.019371 0.832937 2.085445 0.002484
 59.000000 0.038951 0.784365 1.823267 0.003552
 60.000000 0.027251 0.783820 1.642648 0.002957
 61.000000 0.016700 0.856465 1.975494 0.002386
 62.000000 0.015376 0.874543 2.144403 0.001773
 63.000000 0.017020 0.813761 1.827528 0.001550
 64.000000 0.026467 0.794846 1.889126 0.003737
 65.000000 0.019214 0.810825 2.015108 0.001990
 66.000000 0.023409 0.801043 2.008947 0.002497
 67.000000 0.020693 0.836182 2.301172 0.002234
 68.000000 0.019807 0.876521 2.402740 0.002358
 69.000000 0.032508 0.830985 2.327524 0.002528
 70.000000 0.031729 0.829459 2.291344 0.002337
 71.000000 0.030071 0.836542 2.300959 0.003954
 72.000000 0.028696 0.829943 2.301623 0.002009
 73.000000 0.030721 0.815282 2.249425 0.003124
 74.000000 0.025337 0.833440 2.114305 0.002869
 75.000000 0.031227 0.804196 2.123691 0.003290
 76.000000 0.027833 0.818013 2.046305 0.003117
 77.000000 0.034945 0.826441 2.253000 0.003126
 78.000000 0.019251 0.889126 2.381037 0.001650
 79.000000 0.017990 0.897872 2.449974 0.002097
 80.000000 0.016561 0.880473 2.282243 0.002074
 81.000000 0.027865 0.835117 2.186223 0.003359
 82.000000 0.026470 0.823294 2.106579 0.003463
 83.000000 0.016123 0.911554 2.517265 0.001982
 84.000000 0.021493 0.861211 2.259906 0.002148
 85.000000 0.044292 0.788528 1.928048 0.005729
 86.000000 0.041397 0.794972 2.020872 0.004313
 87.000000 0.022134 0.846398 2.176152 0.002343
 88.000000 0.034793 0.808725 2.014586 0.005577
 89.000000 0.043489 0.783553 1.829913 0.004903
 90.000000 0.049389 0.808477 2.056083 0.009322
 91.000000 0.043719 0.820214 1.999274 0.004661
 92.000000 0.028960 0.842110 2.085128 0.002994
 93.000000 0.039181 0.812761 2.054741 0.004454
 94.000000 0.032301 0.817737 2.155494 0.002950
 95.000000 0.028079 0.835420 2.389556 0.002543
 96.000000 0.021360 0.861741 2.370740 0.002198
 97.000000 0.020631 0.864469 2.368256 0.002394
 98.000000 0.013832 0.919272 2.560821 0.001272
 99.000000 0.013890 0.949127 2.720132 0.001523
 100.000000 0.013613 0.935279 2.681987 0.001220
 101.000000 0.021170 0.892737 2.538667 0.002147
 102.000000 0.017448 0.878555 2.333447 0.001937
 103.000000 0.034168 0.834510 2.312183 0.003804
 104.000000 0.030135 0.853921 2.286354 0.004221
 105.000000 0.025632 0.852481 2.275058 0.002714
 106.000000 0.029274 0.849876 2.377289 0.003277
 107.000000 0.017872 0.877934 2.323119 0.001596
 108.000000 0.024740 0.819559 2.037058 0.001584
 109.000000 0.022558 0.839029 2.126717 0.001711
 110.000000 0.022957 0.843566 2.186916 0.003548
 111.000000 0.019594 0.836678 2.149109 0.001666
 112.000000 0.013594 0.906529 2.502512 0.001236
 113.000000 0.016407 0.884258 2.319171 0.001975
 114.000000 0.028255 0.824665 2.148222 0.002056
 115.000000 0.018344 0.822348 1.986012 0.001132
 116.000000 0.030504 0.741655 1.527589 0.001645
 117.000000 0.047545 0.750565 1.753106 0.004774
 118.000000 0.032044 0.810531 1.935086 0.002908
 119.000000 0.020803 0.845916 2.266062 0.001525
 120.000000 0.024294 0.844645 2.232324 0.002690
 121.000000 0.023271 0.865693 2.320049 0.002435
 122.000000 0.027534 0.845752 2.180577 0.002914
 123.000000 0.019601 0.898003 2.569943 0.001704
 124.000000 0.050267 0.834577 2.284811 0.005789
 125.000000 0.030209 0.855494 2.260986 0.003191
 126.000000 0.027344 0.818757 2.059800 0.001978
 127.000000 0.032177 0.805116 2.141958 0.004092
 128.000000 0.049390 0.783584 2.186842 0.005620
 129.000000 0.070703 0.750262 2.058062 0.009993
 130.000000 0.052643 0.743545 1.933188 0.005661
 131.000000 0.046848 0.729294 1.846694 0.003683
 132.000000 0.051413 0.738848 1.803304 0.007300
 133.000000 0.034654 0.789726 2.088335 0.006136
 134.000000 0.031721 0.780538 1.956010 0.002160
 135.000000 0.041604 0.762463 2.042166 0.004148
 136.000000 0.060845 0.716337 1.893921 0.006036
 137.000000 0.040370 0.790211 2.227962 0.002758
 138.000000 0.031978 0.833372 2.363043 0.002103
 139.000000 0.026194 0.852651 2.391794 0.001844
 140.000000 0.027556 0.858315 2.407689 0.002759
 141.000000 0.018123 0.880133 2.402029 0.001411
 142.000000 0.030007 0.848828 2.362681 0.002899
 143.000000 0.032385 0.842523 2.450029 0.002458
 144.000000 0.030159 0.855267 2.471804 0.003224
 145.000000 0.041401 0.783633 2.217005 0.002923
 146.000000 0.040356 0.810013 2.312759 0.004353
 147.000000 0.028001 0.843892 2.417668 0.002694
 148.000000 0.020605 0.886800 2.536029 0.001888
 149.000000 0.024552 0.859930 2.452027 0.001713
 150.000000 0.051659 0.778191 2.221255 0.004847
 151.000000 0.057753 0.762460 2.167765 0.005250
 152.000000 0.053973 0.780553 2.237306 0.005132
 153.000000 0.047444 0.776829 2.223020 0.003697
 154.000000 0.031381 0.827454 2.347616 0.002697
 155.000000 0.040622 0.805731 2.302693 0.003647
 156.000000 0.080461 0.725232 2.025582 0.012070
 157.000000 0.044243 0.763476 2.077172 0.003907
 158.000000 0.070640 0.724688 1.919438 0.006643
 159.000000 0.039831 0.785928 2.107717 0.002913
 160.000000 0.054053 0.767849 2.161177 0.004738
 161.000000 0.063291 0.755905 2.086810 0.006231
 162.000000 0.049537 0.746158 2.031808 0.007219
 163.000000 0.047937 0.741613 1.959125 0.004040
 164.000000 0.058304 0.755459 1.985713 0.009980
 165.000000 0.032836 0.815085 2.113881 0.003034
 166.000000 0.023033 0.851070 2.310134 0.002704
 167.000000 0.025154 0.850345 2.339897 0.003951
 168.000000 0.061652 0.780814 2.192694 0.008286
 169.000000 0.045364 0.807698 2.307303 0.004277
 170.000000 0.033267 0.834832 2.358928 0.003652
 171.000000 0.041953 0.846770 2.446939 0.005620
 172.000000 0.046220 0.802739 2.174371 0.003507
 173.000000 0.028325 0.845899 2.415319 0.002607
 174.000000 0.043644 0.803080 2.261960 0.005240
 175.000000 0.040316 0.775114 2.099679 0.003737
 176.000000 0.035093 0.812875 2.256039 0.004422
 177.000000 0.042344 0.807634 2.257120 0.004587
 178.000000 0.026765 0.838263 2.292070 0.001931
 179.000000 0.033401 0.826170 2.172286 0.003534
 180.000000 0.051648 0.741915 1.640876 0.003154
 181.000000 0.039810 0.776042 1.729445 0.002703
 182.000000 0.060700 0.737103 1.649446 0.005037
 183.000000 0.045171 0.761105 1.765936 0.001616
 184.000000 0.059018 0.751110 1.993652 0.003185
 185.000000 0.054423 0.759193 1.888196 0.002160
 186.000000 0.073954 0.739410 1.950240 0.004427
 187.000000 0.055355 0.736738 1.802255 0.003372
 188.000000 0.045899 0.774185 1.995109 0.002855
 189.000000 0.056674 0.766158 1.870684 0.002634
 190.000000 0.078958 0.729036 1.837541 0.005273
 191.000000 0.064765 0.759914 2.004634 0.006069
 192.000000 0.056979 0.764352 1.894426 0.003018
 193.000000 0.050491 0.758055 1.825244 0.004197
 194.000000 0.042424 0.774606 1.994916 0.002853
 195.000000 0.050133 0.759778 1.855628 0.006698
 196.000000 0.041248 0.722176 1.686075 0.003899
 197.000000 0.053248 0.723652 1.815075 0.004793
 198.000000 0.052199 0.700266 1.503873 0.004209
 199.000000 0.043689 0.726180 1.555451 0.004132
 200.000000 0.039316 0.760349 1.808600 0.004390
 201.000000 0.051047 0.755029 1.844658 0.005815
 202.000000 0.045768 0.762333 1.822102 0.005304
 203.000000 0.038028 0.781921 1.918136 0.003615
 204.000000 0.032382 0.793710 1.975205 0.002558
 205.000000 0.021478 0.866913 2.229029 0.001823
 206.000000 0.059998 0.765202 1.979696 0.006469
 207.000000 0.031354 0.836596 2.360345 0.003238
 208.000000 0.032562 0.833772 2.319928 0.003849
 209.000000 0.040491 0.825285 2.225897 0.003462
 210.000000 0.031764 0.837082 2.236908 0.003090
 211.000000 0.014442 0.932067 2.660619 0.001585
 212.000000 0.015037 0.929669 2.711190 0.002035
 213.000000 0.019096 0.905821 2.422183 0.002113
 214.000000 0.027938 0.843520 1.986951 0.002304
 215.000000 0.029833 0.782411 1.686763 0.002037
 216.000000 0.030202 0.779587 1.562394 0.002806
 217.000000 0.043109 0.766400 1.699043 0.003464
 218.000000 0.042429 0.755672 1.667094 0.003569
 219.000000 0.034618 0.753181 1.516370 0.002482
 220.000000 0.038072 0.793243 1.957940 0.004084
 221.000000 0.050110 0.773927 1.932440 0.005000
 222.000000 0.031994 0.822067 1.992667 0.003448
 223.000000 0.021062 0.865292 2.249280 0.001891
 224.000000 0.021111 0.866217 2.122672 0.002330
 225.000000 0.023257 0.841532 1.985755 0.001874
 226.000000 0.036950 0.790180 1.919646 0.003678
 227.000000 0.035193 0.821525 2.093337 0.002706
 228.000000 0.038778 0.814531 2.110901 0.002814
 229.000000 0.076426 0.753619 2.067847 0.005752
 230.000000 0.077396 0.733666 1.756041 0.005431
 231.000000 0.066769 0.750076 2.043707 0.005052
 232.000000 0.074432 0.717157 1.805926 0.007244
 233.000000 0.094714 0.705807 1.841634 0.006120
 234.000000 0.052179 0.772871 2.063807 0.003686
 235.000000 0.053312 0.715753 1.783942 0.005698
 236.000000 0.075770 0.695678 1.735575 0.008416
 237.000000 0.065008 0.702538 1.848417 0.009182
 238.000000 0.095260 0.714510 1.919695 0.012749
 239.000000 0.036898 0.812820 2.254424 0.004715
 240.000000 0.042983 0.818858 2.275403 0.005742
 241.000000 0.059747 0.805762 2.245442 0.013272
 242.000000 0.042744 0.794570 2.148926 0.003760
 243.000000 0.024867 0.870185 2.472300 0.002827
 244.000000 0.020496 0.879759 2.539330 0.001666
 245.000000 0.029383 0.850380 2.450506 0.002362
 246.000000 0.043132 0.820381 2.308468 0.004979
 247.000000 0.041991 0.824457 2.270015 0.004168
 248.000000 0.036051 0.865367 2.444745 0.003967
 249.000000 0.015780 0.918612 2.594415 0.001951
 250.000000 0.009608 0.971577 2.767245 0.000956
 251.000000 0.016460 0.936404 2.619845 0.001542
 252.000000 0.017092 0.900751 2.474473 0.001730
 253.000000 0.027693 0.849160 2.280930 0.003240
 254.000000 0.021839 0.878599 2.467756 0.002000
 255.000000 0.017605 0.886320 2.456889 0.001672
 256.000000 0.022266 0.865710 2.375324 0.002642
 257.000000 0.031530 0.837521 2.241625 0.002885
 258.000000 0.016091 0.899845 2.509514 0.001403
 259.000000 0.022788 0.881869 2.468094 0.001982
 260.000000 0.019662 0.883888 2.416426 0.001715
 261.000000 0.029388 0.850020 2.387754 0.001817
 262.000000 0.022465 0.869544 2.286385 0.001669
 263.000000 0.016609 0.867875 2.257741 0.001039
 264.000000 0.028988 0.830095 2.096341 0.002148
 265.000000 0.019337 0.855354 2.194587 0.001480
 266.000000 0.017943 0.891733 2.469665 0.001258
 267.000000 0.011195 0.952378 2.672096 0.000975
 268.000000 0.016162 0.901353 2.416515 0.001287
 269.000000 0.022714 0.874727 2.361954 0.002094
 270.000000 0.031023 0.840052 2.370831 0.002080
 271.000000 0.018713 0.862024 2.375168 0.001349
 272.000000 0.022896 0.865275 2.392113 0.001778
 273.000000 0.030595 0.853501 2.371971 0.002984
 274.000000 0.031354 0.829633 2.313496 0.002289
 275.000000 0.030467 0.844272 2.381748 0.001964
 276.000000 0.036231 0.808620 2.195645 0.003272
 277.000000 0.023626 0.876910 2.525721 0.001817
 278.000000 0.024673 0.845736 2.334314 0.001567
 279.000000 0.021420 0.869973 2.304777 0.001281
 280.000000 0.024078 0.867865 2.368433 0.002545
 281.000000 0.020570 0.881896 2.471090 0.002139
 282.000000 0.018612 0.893318 2.497159 0.001953
 283.000000 0.027258 0.871790 2.400998 0.003862
 284.000000 0.041786 0.821554 2.073957 0.004602
 285.000000 0.037754 0.857139 2.425499 0.005308
 286.000000 0.038958 0.824967 2.254690 0.004697
 287.000000 0.018190 0.897172 2.532943 0.001702
 288.000000 0.015129 0.922493 2.701963 0.001320
 289.000000 0.018966 0.887671 2.553969 0.001472
 290.000000 0.014184 0.933338 2.661928 0.001690
 291.000000 0.030123 0.871212 2.459651 0.002662
 292.000000 0.036588 0.830731 2.352430 0.002640
 293.000000 0.026894 0.858990 2.400747 0.002147
 294.000000 0.031196 0.860362 2.350430 0.003030
 295.000000 0.027590 0.831694 2.181443 0.002485
 296.000000 0.031747 0.812145 2.063053 0.002229
 297.000000 0.032170 0.822330 2.172096 0.002349
 298.000000 0.031054 0.833606 2.135644 0.002346
 299.000000 0.036893 0.813784 2.194418 0.003176
 300.000000 0.037275 0.778049 1.957666 0.001988
 301.000000 0.038385 0.778582 1.942514 0.002668
 302.000000 0.041008 0.774990 2.000475 0.002923
 303.000000 0.046151 0.767803 2.072197 0.003219
 304.000000 0.030669 0.799473 2.107363 0.002479
 305.000000 0.034596 0.791220 2.157168 0.002821
 306.000000 0.026682 0.827508 2.221813 0.002102
 307.000000 0.016733 0.892262 2.491686 0.001457
 308.000000 0.015842 0.914003 2.559677 0.001463
 309.000000 0.014741 0.924599 2.604802 0.001216
 310.000000 0.013594 0.900837 2.407767 0.001151
 311.000000 0.011232 0.922292 2.445628 0.000916
 312.000000 0.012986 0.911305 2.577098 0.001145
 313.000000 0.012412 0.926991 2.578323 0.001053
 314.000000 0.013424 0.923003 2.590082 0.001382
 315.000000 0.010612 0.971432 2.842549 0.001076
 316.000000 0.014802 0.946026 2.715536 0.001377
 317.000000 0.016192 0.915748 2.597692 0.001681
 318.000000 0.019240 0.901878 2.595303 0.001572
 319.000000 0.021546 0.883042 2.462086 0.002228
 320.000000 0.017894 0.918411 2.627169 0.002015
 321.000000 0.024725 0.871941 2.302828 0.001989
 322.000000 0.022836 0.889611 2.460215 0.002632
 323.000000 0.017850 0.914745 2.528732 0.001795
 324.000000 0.024383 0.859951 2.266761 0.002704
 325.000000 0.015014 0.899016 2.380049 0.001280
 326.000000 0.013040 0.918399 2.499213 0.001199
 327.000000 0.016334 0.883684 2.303079 0.001372
 328.000000 0.027006 0.799185 1.947742 0.002420
 329.000000 0.032942 0.787952 1.950231 0.004432
 330.000000 0.020006 0.813220 2.015495 0.001400
 331.000000 0.031550 0.781610 2.021470 0.002190
 332.000000 0.021425 0.809648 1.995584 0.001915
 333.000000 0.048854 0.696340 1.378445 0.010261
 334.000000 0.043662 0.728636 1.584438 0.005155
 335.000000 0.044906 0.740804 1.736366 0.003647
 336.000000 0.027729 0.783466 1.778994 0.003195
 337.000000 0.048871 0.741076 1.711435 0.004861
 338.000000 0.041666 0.745080 1.695829 0.003563
 339.000000 0.067610 0.722123 1.852756 0.006245
 340.000000 0.052018 0.744714 1.910118 0.003935
 341.000000 0.064022 0.756980 2.055165 0.004548
 342.000000 0.028844 0.834806 2.273185 0.003443
 343.000000 0.023527 0.859693 2.271910 0.003253
 344.000000 0.026186 0.813340 2.014059 0.004685
 345.000000 0.033109 0.780318 1.768780 0.006383
 346.000000 0.024450 0.824269 2.025460 0.003240
 347.000000 0.052334 0.736722 1.685135 0.003854
 348.000000 0.034913 0.733218 1.519798 0.004548
 349.000000 0.025385 0.791259 1.972217 0.001976
 350.000000 0.027182 0.810297 1.954333 0.002902
 351.000000 0.035984 0.749330 1.788719 0.002359
 352.000000 0.056547 0.685628 1.418360 0.003147
 353.000000 0.056133 0.681816 1.217873 0.006387
 354.000000 0.063077 0.640646 1.054676 0.003748
 355.000000 0.061848 0.646199 1.161494 0.008699
 356.000000 0.038999 0.715436 1.378969 0.003687
 357.000000 0.055759 0.671004 1.347942 0.003876
 358.000000 0.045501 0.714673 1.503219 0.005074
 359.000000 0.033304 0.755891 1.850563 0.003822
 360.000000 0.028762 0.794736 2.129370 0.002484
 361.000000 0.024254 0.867517 2.434659 0.002689
 362.000000 0.026912 0.790607 1.960069 0.001667
 363.000000 0.038595 0.753193 1.808209 0.004424
 364.000000 0.044115 0.735773 1.554214 0.004554
 365.000000 0.037121 0.754724 1.831486 0.002939
 366.000000 0.036362 0.767751 1.929053 0.003235
 367.000000 0.028804 0.837840 2.302480 0.002501
 368.000000 0.036881 0.787046 2.138868 0.002582
 369.000000 0.021156 0.838517 2.175636 0.002144
 370.000000 0.025992 0.795519 2.022932 0.002822
 371.000000 0.031052 0.789307 2.059453 0.004556
 372.000000 0.035867 0.809226 2.146095 0.003999
 373.000000 0.035579 0.805376 2.095776 0.006932
 374.000000 0.025899 0.831795 2.313659 0.002739
 375.000000 0.024196 0.818479 2.151161 0.003306
 376.000000 0.022298 0.824342 2.206325 0.002873
 377.000000 0.038919 0.761439 1.974161 0.004156
 378.000000 0.033742 0.809451 2.241217 0.002249
 379.000000 0.037947 0.789068 2.141921 0.003410
 380.000000 0.030880 0.832514 2.364062 0.002660
 381.000000 0.055784 0.782129 2.148264 0.007295
 382.000000 0.038624 0.773520 2.037536 0.003007
 383.000000 0.041234 0.793270 2.052983 0.006141
 384.000000 0.045578 0.757493 1.886724 0.004887
 385.000000 0.056233 0.744718 1.986387 0.005760
 386.000000 0.059541 0.737657 1.896466 0.005042
 387.000000 0.058630 0.757105 1.981583 0.006048
 388.000000 0.064830 0.754049 2.046145 0.007026
 389.000000 0.040427 0.805164 2.141230 0.005347
 390.000000 0.032165 0.836144 2.388453 0.003662
 391.000000 0.029601 0.844375 2.353997 0.004047
 392.000000 0.026783 0.871399 2.418210 0.003831
 393.000000 0.028657 0.845181 2.350905 0.003416
 394.000000 0.021245 0.883104 2.452174 0.002912
 395.000000 0.048893 0.802952 2.169769 0.006552
 396.000000 0.025274 0.877501 2.453701 0.004013
 397.000000 0.029122 0.877419 2.381863 0.008907
 398.000000 0.022410 0.874921 2.451709 0.003639
 399.000000 0.025124 0.872047 2.431699 0.003615
 400.000000 0.027590 0.861583 2.449044 0.003759
 401.000000 0.035776 0.816106 2.253052 0.004789
 402.000000 0.032264 0.828874 2.242928 0.004830
 403.000000 0.032550 0.830605 2.254533 0.005625
 404.000000 0.034676 0.808905 2.246407 0.003566
 405.000000 0.032717 0.830389 2.292943 0.003921
 406.000000 0.034402 0.796229 2.019520 0.003129
 407.000000 0.041781 0.805044 2.242040 0.004248
 408.000000 0.026887 0.833305 2.227039 0.002494
 409.000000 0.031085 0.827864 2.215391 0.003980
 410.000000 0.029599 0.859007 2.323610 0.003928
 411.000000 0.027822 0.861617 2.416122 0.005903
 412.000000 0.032309 0.832993 2.354554 0.002880
 413.000000 0.052343 0.772268 1.970134 0.005127
 414.000000 0.059163 0.738565 1.818274 0.005728
 415.000000 0.041587 0.822191 2.287916 0.004661
 416.000000 0.030826 0.850815 2.322138 0.003432
 417.000000 0.024927 0.847692 2.231371 0.001764
 418.000000 0.028866 0.827967 2.153339 0.001597
 419.000000 0.028049 0.844913 2.188075 0.002834
 420.000000 0.032369 0.852968 2.277516 0.002757
 421.000000 0.025443 0.870332 2.290978 0.002528
 422.000000 0.018638 0.888181 2.398048 0.001677
 423.000000 0.020563 0.883566 2.411270 0.001896
 424.000000 0.019853 0.868826 2.335042 0.001472
 425.000000 0.031649 0.842653 2.323330 0.002536
 426.000000 0.029787 0.840486 2.284177 0.002776
 427.000000 0.020408 0.883994 2.515005 0.002468
 428.000000 0.023582 0.880294 2.534269 0.002469
 429.000000 0.020655 0.888735 2.469936 0.003226
 430.000000 0.021187 0.861498 2.297170 0.002622
 431.000000 0.022558 0.833659 2.075664 0.002538
 432.000000 0.041605 0.816415 2.162984 0.004713
 433.000000 0.021612 0.876579 2.366610 0.002842
 434.000000 0.034135 0.847393 2.412111 0.004394
 435.000000 0.023405 0.896248 2.533748 0.002744
 436.000000 0.017377 0.899305 2.571825 0.002259
 437.000000 0.024489 0.856968 2.204266 0.002831
 438.000000 0.049861 0.781081 1.903014 0.005142
 439.000000 0.027974 0.868386 2.316857 0.002430
 440.000000 0.025035 0.866252 2.312723 0.002636
 441.000000 0.037715 0.838758 2.333421 0.002417
 442.000000 0.026795 0.866459 2.447947 0.003876
 443.000000 0.023075 0.872179 2.399461 0.003291
 444.000000 0.040686 0.837949 2.263714 0.005937
 445.000000 0.040454 0.831655 2.268026 0.006231
 446.000000 0.028658 0.877585 2.428067 0.003933
 447.000000 0.032519 0.851583 2.334681 0.004160
 448.000000 0.030626 0.836651 2.178730 0.002450
 449.000000 0.030034 0.849442 2.254833 0.004733
 450.000000 0.015725 0.885980 2.279077 0.001649
 451.000000 0.021415 0.872691 2.288930 0.003094
 452.000000 0.016924 0.894268 2.424064 0.001404
 453.000000 0.018958 0.869194 2.383256 0.002436
 454.000000 0.021319 0.849239 2.240456 0.002036
 455.000000 0.033721 0.800346 2.150687 0.003475
 456.000000 0.045480 0.790118 2.108266 0.003633
 457.000000 0.062933 0.721602 1.655951 0.007289
 458.000000 0.061378 0.749838 1.829726 0.005532
 459.000000 0.120835 0.678822 1.515484 0.012159
 460.000000 0.209989 0.655290 1.479481 0.038219
 461.000000 0.208994 0.664655 1.503266 0.056840
 462.000000 0.075675 0.661458 1.379129 0.007650
 463.000000 0.193233 0.608921 1.092309 0.031208
 464.000000 0.155777 0.634221 1.193007 0.016093
 465.000000 0.183058 0.637611 1.231781 0.034638
 466.000000 0.242288 0.664523 1.505416 0.053959
 467.000000 0.210193 0.627697 1.257291 0.045868
 468.000000 0.221774 0.645050 1.467287 0.050708
 469.000000 0.246030 0.633121 1.468722 0.035104
 470.000000 0.323654 0.602586 1.253561 0.069712
 471.000000 0.336637 0.596292 1.319497 0.099842
 472.000000 0.300530 0.609214 1.405677 0.076721
 473.000000 0.295828 0.631987 1.478504 0.053186
 474.000000 0.416952 0.624860 1.570041 0.101292
 475.000000 0.111759 0.654921 1.507155 0.020420
 476.000000 0.193688 0.659966 1.547476 0.014864
 477.000000 0.114435 0.734857 1.914202 0.030411
 478.000000 0.103593 0.724128 1.759349 0.021486
 479.000000 0.091326 0.722092 1.783530 0.017695
 480.000000 0.052576 0.790202 2.104764 0.006600
 481.000000 0.023198 0.868375 2.430184 0.002650
 482.000000 0.024114 0.866736 2.391150 0.002060
 483.000000 0.040073 0.784598 2.130662 0.003052
 484.000000 0.030287 0.819431 2.224332 0.002416
 485.000000 0.100428 0.746761 2.019693 0.004469
 486.000000 0.058349 0.768981 2.124500 0.003999
 487.000000 0.073034 0.717182 1.850199 0.003068
 488.000000 0.046078 0.749188 1.756467 0.002015
 489.000000 0.072452 0.727833 1.867482 0.002335
 490.000000 0.055888 0.756838 1.878863 0.002884
 491.000000 0.049665 0.794636 1.999385 0.001987
 492.000000 0.055837 0.760923 1.906341 0.002960
 493.000000 0.046021 0.819056 2.247009 0.002955
 494.000000 0.035518 0.833165 2.280630 0.002142
 495.000000 0.033144 0.841602 2.342406 0.002416
 496.000000 0.066053 0.738257 1.946659 0.003508
 497.000000 0.064744 0.750396 2.017436 0.004762
 498.000000 0.045898 0.767290 1.893335 0.003644
 499.000000 0.038764 0.784300 2.059973 0.003342
 500.000000 0.040866 0.790234 2.110024 0.002333
