#! FIELDS time alpha rg e2e hbond
 0.000000 0.111942 0.632854 1.466777 0.004580
 1.000000 0.064707 0.673223 1.308423 0.003583
 2.000000 0.064170 0.645365 1.069832 0.003612
 3.000000 0.075498 0.639143 1.013142 0.003013
 4.000000 0.077075 0.655934 1.132845 0.004994
 5.000000 0.070104 0.679459 1.277396 0.003381
 6.000000 0.048300 0.680292 1.192963 0.003025
 7.000000 0.085186 0.652540 1.327259 0.003377
 8.000000 0.093613 0.645312 1.335463 0.004674
 9.000000 0.127815 0.598603 1.075169 0.005530
 10.000000 0.086118 0.648991 1.350861 0.007617
 11.000000 0.138503 0.624387 1.399617 0.010588
 12.000000 0.103708 0.630798 1.313054 0.004380
 13.000000 0.102491 0.656575 1.358265 0.004939
 14.000000 0.108817 0.681255 1.572507 0.006388
 15.000000 0.077372 0.695553 1.560913 0.004696
 16.000000 0.050622 0.726959 1.421943 0.002249
 17.000000 0.070700 0.680193 1.310662 0.004587
 18.000000 0.089462 0.622986 1.103629 0.004512
 19.000000 0.097198 0.634234 1.214924 0.005729
 20.000000 0.099396 0.608971 1.218556 0.005352
 21.000000 0.130987 0.624953 1.462809 0.009632
 22.000000 0.125748 0.640151 1.571406 0.006170
 23.000000 0.119391 0.628986 1.507818 0.004852
 24.000000 0.096836 0.665030 1.578502 0.003675
 25.000000 0.070337 0.649937 1.358697 0.003163
 26.000000 0.068231 0.681859 1.363975 0.002972
 27.000000 0.078418 0.684223 1.385647 0.003202
 28.000000 0.102189 0.691567 1.607416 0.004053
 29.000000 0.122659 0.667898 1.528897 0.007001
 30.000000 0.086665 0.679438 1.456902 0.003838
 31.000000 0.087952 0.696618 1.558483 0.003975
 32.000000 0.066323 0.693189 1.403029 0.002745
 33.000000 0.037871 0.757657 1.690526 0.001799
 34.000000 0.034742 0.788236 1.852532 0.001822
 35.000000 0.047690 0.794665 1.864847 0.002595
 36.000000 0.030204 0.842264 2.093843 0.001973
 37.000000 0.069080 0.807473 2.058393 0.004881
 38.000000 0.162174 0.762466 1.922548 0.019758
 39.000000 0.062362 0.711888 1.718006 0.006435
 40.000000 0.072191 0.733542 1.630683 0.012419
 41.000000 0.114355 0.725480 1.629686 0.016145
 42.000000 0.136709 0.733801 1.702671 0.032289
 43.000000 0.096083 0.719491 1.611012 0.014420
 44.000000 0.069539 0.745625 1.837230 0.015223
 45.000000 0.065584 0.787622 2.025727 0.006378
 46.000000 0.116818 0.739075 2.033570 0.019413
 47.000000 0.070206 0.750905 1.967652 0.009081
 48.000000 0.133111 0.752887 2.025259 0.034717
 49.000000 0.138378 0.736224 1.831465 0.012399
 50.000000 0.073708 0.727807 1.528249 0.013854
 51.000000 0.098730 0.700042 1.441126 0.041910
 52.000000 0.096810 0.706711 1.399579 0.025933
 53.000000 0.095042 0.687524 1.367631 0.105686
 54.000000 0.077435 0.707928 1.407745 0.022967
 55.000000 0.069483 0.747247 1.677807 0.012321
 56.000000 0.066750 0.731179 1.638678 0.008132
 57.000000 0.042305 0.783694 1.924090 0.004213
 58.000000 0.049179 0.761584 1.863239 0.006180
 59.000000 0.044330 0.796678 1.888880 0.004146
 60.000000 0.044088 0.786037 1.999843 0.003737
 61.000000 0.040584 0.794573 2.040496 0.002875
 62.000000 0.036874 0.783782 1.931003 0.003338
 63.000000 0.031524 0.789091 1.869708 0.002619
 64.000000 0.023562 0.815277 1.851262 0.001838
 65.000000 0.020204 0.818257 1.980693 0.001639
 66.000000 0.030420 0.798538 1.989231 0.003136
 67.000000 0.039244 0.814574 2.029657 0.004640
 68.000000 0.044134 0.805848 1.926675 0.003166
 69.000000 0.034328 0.807322 1.933948 0.002574
 70.000000 0.036232 0.832643 2.163399 0.005012
 71.000000 0.036645 0.818495 2.028132 0.006095
 72.000000 0.038622 0.805007 2.018666 0.003121
 73.000000 0.040625 0.775291 1.939310 0.003338
 74.000000 0.047431 0.771158 1.824379 0.006879
 75.000000 0.050391 0.757201 1.791425 0.005733
 76.000000 0.046104 0.785245 1.991861 0.004195
 77.000000 0.042555 0.815357 2.142793 0.003999
 78.000000 0.045908 0.821343 2.219225 0.004509
 79.000000 0.045833 0.789230 1.925373 0.008963
 80.000000 0.041853 0.805778 2.021422 0.004614
 81.000000 0.037386 0.836037 2.189797 0.002632
 82.000000 0.026933 0.792194 1.843869 0.002603
 83.000000 0.027519 0.847876 2.324188 0.003241
 84.000000 0.030395 0.840729 2.222912 0.002795
 85.000000 0.033322 0.782864 2.034540 0.002907
 86.000000 0.022555 0.843804 2.301478 0.001770
 87.000000 0.030504 0.821744 2.181565 0.002735
 88.000000 0.049725 0.792379 2.038171 0.005463
 89.000000 0.031653 0.843337 2.233140 0.004067
 90.000000 0.024826 0.861771 2.260032 0.002910
 91.000000 0.032510 0.837778 2.302171 0.003764
 92.000000 0.024719 0.893126 2.492177 0.003870
 93.000000 0.012219 0.963653 2.833122 0.001252
 94.000000 0.010196 0.971031 2.764941 0.001208
 95.000000 0.017882 0.910021 2.668792 0.001775
 96.000000 0.019187 0.905488 2.585966 0.002226
 97.000000 0.023614 0.873769 2.460554 0.002914
 98.000000 0.020427 0.885529 2.569561 0.002440
 99.000000 0.018199 0.904808 2.604731 0.002447
 100.000000 0.013823 0.912255 2.619992 0.001328
 101.000000 0.016730 0.906406 2.524342 0.001832
 102.000000 0.023078 0.859897 2.399237 0.002978
 103.000000 0.030118 0.829478 2.351187 0.002654
 104.000000 0.023956 0.829463 2.222106 0.003229
 105.000000 0.028882 0.840624 2.330892 0.003152
 106.000000 0.029365 0.853641 2.524889 0.002513
 107.000000 0.029543 0.842890 2.321213 0.003812
 108.000000 0.055850 0.781137 2.158817 0.007794
 109.000000 0.051910 0.764878 1.958619 0.004642
 110.000000 0.042148 0.781165 1.882987 0.005663
 111.000000 0.030154 0.817357 2.162278 0.003459
 112.000000 0.042053 0.798619 2.034561 0.008359
 113.000000 0.029164 0.849673 2.335093 0.002444
 114.000000 0.035400 0.824357 2.276494 0.002545
 115.000000 0.030200 0.815624 2.077695 0.002961
 116.000000 0.030658 0.767932 1.933622 0.003093
 117.000000 0.020286 0.864469 2.424636 0.001986
 118.000000 0.044274 0.813796 2.198737 0.007190
 119.000000 0.030366 0.810899 2.178701 0.003113
 120.000000 0.016939 0.919487 2.631867 0.001970
 121.000000 0.018857 0.925078 2.670726 0.001969
 122.000000 0.021190 0.891837 2.523330 0.001726
 123.000000 0.015448 0.880640 2.317836 0.001339
 124.000000 0.024696 0.840993 2.249266 0.001930
 125.000000 0.032563 0.816669 2.138031 0.001932
 126.000000 0.027426 0.819734 2.062497 0.002128
 127.000000 0.039108 0.804415 2.143825 0.002843
 128.000000 0.051442 0.789059 2.043630 0.004127
 129.000000 0.038451 0.773411 1.911618 0.002813
 130.000000 0.031434 0.770757 1.928324 0.001939
 131.000000 0.025487 0.815812 2.141198 0.001725
 132.000000 0.034266 0.811010 1.998759 0.002524
 133.000000 0.081535 0.740420 1.825543 0.009169
 134.000000 0.103381 0.685195 1.590303 0.013845
 135.000000 0.104678 0.697818 1.656907 0.015508
 136.000000 0.109585 0.718397 1.834550 0.014657
 137.000000 0.125922 0.700617 1.670362 0.013948
 138.000000 0.105509 0.703837 1.664989 0.015462
 139.000000 0.077752 0.734398 1.687820 0.012553
 140.000000 0.041039 0.744535 1.776472 0.004064
 141.000000 0.050735 0.729754 1.743600 0.004680
 142.000000 0.060478 0.724946 1.849201 0.003678
 143.000000 0.052087 0.765369 2.064403 0.003644
 144.000000 0.020298 0.902973 2.465929 0.002441
 145.000000 0.042268 0.869780 2.450210 0.005105
 146.000000 0.018588 0.879743 2.297150 0.001474
 147.000000 0.016550 0.880933 2.327070 0.001403
 148.000000 0.018672 0.883964 2.319186 0.001745
 149.000000 0.030600 0.823511 2.019670 0.003183
 150.000000 0.044853 0.762101 1.558437 0.003171
 151.000000 0.039986 0.796312 1.772085 0.002786
 152.000000 0.050048 0.773481 1.590796 0.003483
 153.000000 0.030550 0.824768 1.829900 0.002140
 154.000000 0.029335 0.833416 1.913763 0.001774
 155.000000 0.023108 0.848364 2.098883 0.002064
 156.000000 0.021566 0.857038 2.214976 0.002178
 157.000000 0.024711 0.822916 1.935905 0.002145
 158.000000 0.039116 0.724278 1.411299 0.004183
 159.000000 0.036240 0.742893 1.276869 0.002108
 160.000000 0.027757 0.757664 1.314183 0.001628
 161.000000 0.034584 0.775294 1.437688 0.002106
 162.000000 0.037587 0.777416 1.454838 0.002061
 163.000000 0.048358 0.748423 1.499636 0.002440
 164.000000 0.043833 0.774203 1.734673 0.002040
 165.000000 0.071966 0.779571 1.788495 0.003038
 166.000000 0.032163 0.803285 1.671061 0.001725
 167.000000 0.036535 0.800731 1.863641 0.003144
 168.000000 0.033390 0.829456 2.065795 0.002457
 169.000000 0.027860 0.817102 1.941499 0.002821
 170.000000 0.020611 0.852168 2.103054 0.002016
 171.000000 0.033236 0.791795 1.601800 0.002744
 172.000000 0.046005 0.766604 1.699220 0.003623
 173.000000 0.052251 0.807172 1.847948 0.003039
 174.000000 0.037313 0.809163 1.819108 0.002439
 175.000000 0.020329 0.815384 1.880018 0.002327
 176.000000 0.018005 0.884753 2.262190 0.001942
 177.000000 0.025203 0.861798 2.262119 0.002381
 178.000000 0.027102 0.847407 2.295964 0.003001
 179.000000 0.035636 0.838762 2.275779 0.003811
 180.000000 0.028055 0.821151 2.095138 0.003124
 181.000000 0.019228 0.872157 2.257478 0.002061
 182.000000 0.017533 0.890679 2.364108 0.001765
 183.000000 0.027312 0.822247 1.989889 0.003150
 184.000000 0.027956 0.825990 1.862748 0.002125
 185.000000 0.026305 0.842931 1.974967 0.002164
 186.000000 0.043203 0.803193 1.692457 0.003655
 187.000000 0.040767 0.805435 1.638411 0.002096
 188.000000 0.036278 0.824980 1.953868 0.002494
 189.000000 0.030320 0.828796 2.027792 0.003025
 190.000000 0.023500 0.825246 2.024145 0.001741
 191.000000 0.027924 0.838220 1.970601 0.002284
 192.000000 0.031454 0.835649 2.133697 0.002449
 193.000000 0.027209 0.844242 2.140724 0.002361
 194.000000 0.044158 0.821259 2.233968 0.002750
 195.000000 0.051317 0.819684 2.106814 0.004465
 196.000000 0.019980 0.893538 2.406802 0.002196
 197.000000 0.027101 0.873744 2.376330 0.003012
 198.000000 0.017410 0.910619 2.532487 0.002122
 199.000000 0.016264 0.910599 2.422309 0.002017
 200.000000 0.020337 0.912082 2.727794 0.002440
 201.000000 0.028694 0.880521 2.603854 0.003834
 202.000000 0.060879 0.835807 2.458959 0.008547
 203.000000 0.032174 0.852412 2.407903 0.004540
 204.000000 0.038320 0.808512 2.200873 0.004588
 205.000000 0.063535 0.806756 2.186185 0.009546
 206.000000 0.082554 0.781589 2.186271 0.011244
 207.000000 0.056953 0.786298 1.892316 0.008370
 208.000000 0.095816 0.764413 1.885580 0.010774
 209.000000 0.069630 0.756806 1.775022 0.012529
 210.000000 0.063339 0.736524 1.558694 0.005311
 211.000000 0.057509 0.719730 1.394478 0.003905
 212.000000 0.077379 0.706270 1.395580 0.005602
 213.000000 0.077899 0.739044 1.803780 0.006910
 214.000000 0.034416 0.822132 2.149039 0.004205
 215.000000 0.053775 0.800143 2.132917 0.007075
 216.000000 0.032765 0.842727 2.168129 0.003541
 217.000000 0.072304 0.743472 1.812742 0.008726
 218.000000 0.067917 0.734844 1.718869 0.009628
 219.000000 0.090491 0.714314 1.454538 0.008060
 220.000000 0.076704 0.720125 1.545940 0.010774
 221.000000 0.048543 0.794369 1.945020 0.006294
 222.000000 0.078038 0.749538 1.777963 0.010866
 223.000000 0.049711 0.826243 2.221724 0.008044
 224.000000 0.097534 0.783642 1.966144 0.015747
 225.000000 0.058590 0.795250 2.094596 0.009072
 226.000000 0.065756 0.729074 1.701631 0.013981
 227.000000 0.090035 0.779572 2.077797 0.014154
 228.000000 0.064928 0.758691 1.868829 0.006963
 229.000000 0.035585 0.790348 1.948003 0.004065
 230.000000 0.051045 0.766557 1.733927 0.007241
 231.000000 0.067692 0.692405 1.410688 0.014864
 232.000000 0.074088 0.708731 1.576052 0.008250
 233.000000 0.119196 0.710095 1.823963 0.015011
 234.000000 0.077340 0.736746 1.811951 0.008625
 235.000000 0.064845 0.783475 2.073822 0.008244
 236.000000 0.061696 0.769616 1.917708 0.007865
 237.000000 0.035817 0.779486 1.934229 0.003901
 238.000000 0.029947 0.812426 2.053072 0.003797
 239.000000 0.016337 0.905218 2.406819 0.002317
 240.000000 0.010818 0.934363 2.458541 0.001390
 241.000000 0.025287 0.870419 2.402979 0.002580
 242.000000 0.023918 0.867541 2.430585 0.002478
 243.000000 0.043515 0.803816 2.236287 0.004858
 244.000000 0.046632 0.800393 2.181670 0.004841
 245.000000 0.036896 0.816621 2.225175 0.006294
 246.000000 0.043045 0.819916 2.330114 0.004949
 247.000000 0.051786 0.773448 2.237435 0.009655
 248.000000 0.028135 0.822429 2.236208 0.002834
 249.000000 0.027138 0.814605 2.143735 0.002357
 250.000000 0.036118 0.792859 1.938672 0.004780
 251.000000 0.036179 0.777389 1.842243 0.006532
 252.000000 0.040615 0.759252 1.929157 0.004897
 253.000000 0.032605 0.804164 2.086762 0.004107
 254.000000 0.030992 0.820557 2.207548 0.003907
 255.000000 0.044242 0.829493 2.189473 0.004748
 256.000000 0.030812 0.809871 2.100980 0.002793
 257.000000 0.029186 0.789553 1.935026 0.002904
 258.000000 0.033321 0.760559 1.665989 0.003515
 259.000000 0.029099 0.746668 1.485351 0.003286
 260.000000 0.031249 0.773346 1.740029 0.003043
 261.000000 0.030337 0.755543 1.632128 0.003242
 262.000000 0.025120 0.767100 1.641505 0.002437
 263.000000 0.036645 0.770522 1.826589 0.003363
 264.000000 0.046342 0.750828 1.777420 0.005586
 265.000000 0.027129 0.799209 1.714513 0.003762
 266.000000 0.033925 0.741766 1.648678 0.003287
 267.000000 0.033350 0.733579 1.486824 0.003590
 268.000000 0.035196 0.726989 1.537747 0.006038
 269.000000 0.040667 0.723857 1.530885 0.004659
 270.000000 0.035125 0.699097 1.372420 0.002755
 271.000000 0.044979 0.695999 1.302739 0.004266
 272.000000 0.029064 0.732634 1.492871 0.002748
 273.000000 0.031252 0.754376 1.785442 0.003615
 274.000000 0.038996 0.771130 2.108549 0.003940
 275.000000 0.051420 0.716925 1.828689 0.004626
 276.000000 0.039804 0.774656 2.077818 0.003811
 277.000000 0.083016 0.726487 1.970703 0.010929
 278.000000 0.096060 0.712796 1.890679 0.013747
 279.000000 0.091346 0.678613 1.706565 0.015493
 280.000000 0.101571 0.696091 1.765611 0.017929
 281.000000 0.111662 0.689646 1.716132 0.018582
 282.000000 0.101221 0.719938 1.998045 0.011820
 283.000000 0.111195 0.759759 2.019150 0.018144
 284.000000 0.170282 0.654917 1.633650 0.022524
 285.000000 0.096825 0.750729 1.986024 0.012574
 286.000000 0.102116 0.750811 1.908346 0.019036
 287.000000 0.064200 0.790646 2.065077 0.019492
 288.000000 0.076534 0.718572 1.896486 0.014878
 289.000000 0.065475 0.716497 1.839705 0.014294
 290.000000 0.106160 0.690469 1.810808 0.018652
 291.000000 0.109760 0.675746 1.731390 0.023777
 292.000000 0.061690 0.739517 1.986454 0.009609
 293.000000 0.086504 0.720271 1.883629 0.010256
 294.000000 0.072848 0.696003 1.676892 0.006445
 295.000000 0.063118 0.719157 1.905903 0.006139
 296.000000 0.060279 0.704079 1.806284 0.006025
 297.000000 0.070549 0.687969 1.813833 0.006759
 298.000000 0.084414 0.663370 1.625712 0.013823
 299.000000 0.104073 0.651042 1.543416 0.014594
 300.000000 0.087544 0.634752 1.500711 0.014180
 301.000000 0.080031 0.678268 1.680596 0.006494
 302.000000 0.058693 0.707796 1.721374 0.004271
 303.000000 0.068861 0.689696 1.597535 0.004994
 304.000000 0.088038 0.625233 1.514251 0.012771
 305.000000 0.063110 0.708424 1.870009 0.005114
 306.000000 0.083472 0.715558 1.878582 0.007759
 307.000000 0.093295 0.745244 1.993925 0.012323
 308.000000 0.059227 0.765829 1.993122 0.006812
 309.000000 0.072870 0.753061 2.034729 0.011347
 310.000000 0.059802 0.788786 2.144259 0.008542
 311.000000 0.112239 0.689638 1.708301 0.014828
 312.000000 0.089506 0.687154 1.688483 0.007819
 313.000000 0.157657 0.710361 1.882335 0.013606
 314.000000 0.109236 0.714686 1.873609 0.014857
 315.000000 0.056158 0.758713 1.965435 0.008130
 316.000000 0.057390 0.757846 2.015014 0.005752
 317.000000 0.065878 0.742274 1.995744 0.009269
 318.000000 0.061290 0.743908 1.955734 0.010543
 319.000000 0.150220 0.683191 1.731332 0.029353
 320.000000 0.065259 0.753259 2.034795 0.011191
 321.000000 0.104948 0.671495 1.661227 0.019200
 322.000000 0.096449 0.698822 1.828470 0.010422
 323.000000 0.135794 0.698619 1.735062 0.022266
 324.000000 0.123762 0.717376 1.893988 0.016464
 325.000000 0.127742 0.680089 1.665953 0.018358
 326.000000 0.123446 0.732859 1.909143 0.012990
 327.000000 0.112638 0.702824 1.755354 0.013961
 328.000000 0.084357 0.712682 1.794023 0.013121
 329.000000 0.094653 0.743338 1.957832 0.012527
 330.000000 0.085488 0.701041 1.848777 0.020779
 331.000000 0.091526 0.698041 1.875755 0.012428
 332.000000 0.087230 0.729255 1.977695 0.014498
 333.000000 0.075323 0.728254 1.888628 0.009787
 334.000000 0.040352 0.801067 2.245555 0.003774
 335.000000 0.036383 0.805057 2.193611 0.001887
 336.000000 0.036427 0.785469 2.191207 0.002734
 337.000000 0.034634 0.799691 2.184371 0.002357
 338.000000 0.048340 0.774554 2.184448 0.003334
 339.000000 0.037715 0.809598 2.142494 0.002569
 340.000000 0.027645 0.805377 2.052783 0.001731
 341.000000 0.029355 0.836533 2.324142 0.002619
 342.000000 0.020378 0.860141 2.468438 0.001483
 343.000000 0.034650 0.808425 2.215460 0.003442
 344.000000 0.025577 0.809981 2.177982 0.002146
 345.000000 0.025681 0.810307 2.198458 0.002058
 346.000000 0.023365 0.828371 2.242011 0.002228
 347.000000 0.039285 0.783409 2.234280 0.003192
 348.000000 0.046426 0.757878 1.995119 0.004881
 349.000000 0.062448 0.707562 1.796537 0.005742
 350.000000 0.088557 0.701417 1.796430 0.009125
 351.000000 0.116390 0.745506 1.966227 0.016941
 352.000000 0.063160 0.757863 1.999483 0.008768
 353.000000 0.065387 0.763925 2.067881 0.008066
 354.000000 0.047193 0.745435 1.964004 0.003958
 355.000000 0.038974 0.817340 2.363657 0.002873
 356.000000 0.027463 0.849077 2.399964 0.002886
 357.000000 0.051797 0.798269 2.271666 0.005339
 358.000000 0.037610 0.812082 2.268032 0.003032
 359.000000 0.043253 0.791968 2.220729 0.003945
 360.000000 0.072694 0.753470 2.092797 0.010278
 361.000000 0.046923 0.781557 2.147227 0.004022
 362.000000 0.098665 0.728206 2.057649 0.014883
 363.000000 0.065787 0.773457 2.153151 0.007872
 364.000000 0.033928 0.830110 2.318084 0.004053
 365.000000 0.044075 0.804740 2.260045 0.005160
 366.000000 0.056599 0.772922 2.139919 0.004946
 367.000000 0.041440 0.815265 2.341179 0.003788
 368.000000 0.043303 0.806095 2.339887 0.003898
 369.000000 0.050936 0.769042 2.122578 0.003726
 370.000000 0.046702 0.777589 2.148998 0.003122
 371.000000 0.042224 0.811079 2.293255 0.002964
 372.000000 0.050158 0.794243 2.298724 0.007627
 373.000000 0.054325 0.786092 2.214502 0.004496
 374.000000 0.067276 0.758491 2.174971 0.005511
 375.000000 0.066602 0.753572 2.136950 0.005328
 376.000000 0.039215 0.808914 2.239164 0.002576
 377.000000 0.059876 0.758297 2.044152 0.002986
 378.000000 0.069691 0.696718 1.664141 0.003850
 379.000000 0.083260 0.743417 1.951175 0.011040
 380.000000 0.088576 0.718116 1.737010 0.010866
 381.000000 0.083762 0.688904 1.684899 0.009800
 382.000000 0.174195 0.644578 1.597904 0.020105
 383.000000 0.094477 0.691644 1.847109 0.008305
 384.000000 0.091925 0.695455 1.861923 0.009056
 385.000000 0.051316 0.789666 2.232187 0.005069
 386.000000 0.031092 0.861401 2.482200 0.002850
 387.000000 0.033262 0.865326 2.484031 0.003118
 388.000000 0.053364 0.804647 2.290573 0.005335
 389.000000 0.051034 0.787393 2.179351 0.006755
 390.000000 0.046485 0.808082 2.286029 0.004436
 391.000000 0.037702 0.817310 2.331469 0.004240
 392.000000 0.032357 0.830127 2.355484 0.002853
 393.000000 0.033667 0.818957 2.308356 0.003057
 394.000000 0.028668 0.852040 2.409947 0.002851
 395.000000 0.022564 0.864514 2.392312 0.001760
 396.000000 0.053840 0.760547 2.093757 0.004955
 397.000000 0.081594 0.712075 1.946278 0.006847
 398.000000 0.053411 0.755795 2.070551 0.003422
 399.000000 0.051494 0.765768 2.130654 0.004969
 400.000000 0.083108 0.713703 1.909546 0.006477
 401.000000 0.056262 0.708850 1.801531 0.003593
 402.000000 0.027502 0.804616 2.146902 0.002389
 403.000000 0.037314 0.749582 1.985145 0.005625
 404.000000 0.049432 0.746078 2.017594 0.005136
 405.000000 0.034445 0.819963 2.329592 0.003133
 406.000000 0.050476 0.764576 2.131272 0.004200
 407.000000 0.038306 0.803877 2.251153 0.003543
 408.000000 0.043490 0.790112 2.166732 0.003637
 409.000000 0.040561 0.793626 2.174057 0.004120
 410.000000 0.027168 0.867761 2.492115 0.002590
 411.000000 0.033600 0.851181 2.430192 0.003589
 412.000000 0.023533 0.898918 2.590821 0.002714
 413.000000 0.027326 0.895072 2.607090 0.003004
 414.000000 0.019251 0.916148 2.655101 0.001465
 415.000000 0.039496 0.810161 2.223919 0.003057
 416.000000 0.017823 0.907100 2.452653 0.001926
 417.000000 0.022591 0.900116 2.511803 0.002981
 418.000000 0.053187 0.802196 2.275646 0.007441
 419.000000 0.026218 0.872979 2.513255 0.003010
 420.000000 0.038692 0.794821 2.118696 0.004284
 421.000000 0.031805 0.795818 2.104420 0.002719
 422.000000 0.051306 0.746040 1.933561 0.004024
 423.000000 0.024102 0.760000 1.806936 0.001605
 424.000000 0.032236 0.756415 1.775421 0.002365
 425.000000 0.019676 0.813803 1.988739 0.001941
 426.000000 0.028949 0.832898 2.192884 0.005116
 427.000000 0.029157 0.857246 2.275549 0.005378
 428.000000 0.020023 0.896214 2.570155 0.001683
 429.000000 0.029179 0.860419 2.363004 0.002994
 430.000000 0.039756 0.831026 2.193401 0.006586
 431.000000 0.035345 0.823217 2.161219 0.004863
 432.000000 0.023246 0.843645 2.175197 0.001727
 433.000000 0.030494 0.828659 2.180942 0.002832
 434.000000 0.026096 0.851233 2.340012 0.002223
 435.000000 0.020270 0.860297 2.266368 0.001774
 436.000000 0.055961 0.767137 1.973313 0.004862
 437.000000 0.023549 0.836996 2.156113 0.002359
 438.000000 0.028392 0.835015 2.212051 0.002015
 439.000000 0.034331 0.834169 2.276173 0.003469
 440.000000 0.044764 0.800252 2.118173 0.004892
 441.000000 0.033201 0.819992 2.178664 0.002148
 442.000000 0.041827 0.782224 2.065910 0.003052
 443.000000 0.026699 0.827927 2.209205 0.001614
 444.000000 0.023731 0.821830 2.221307 0.001950
 445.000000 0.024604 0.828438 2.227268 0.002005
 446.000000 0.016510 0.874002 2.445601 0.001106
 447.000000 0.015866 0.917802 2.568409 0.001374
 448.000000 0.014280 0.918698 2.517639 0.001243
 449.000000 0.015214 0.916934 2.531259 0.001297
 450.000000 0.012846 0.932992 2.583592 0.001163
 451.000000 0.019835 0.912971 2.677453 0.001711
 452.000000 0.015394 0.931570 2.704374 0.001476
 453.000000 0.011856 0.954568 2.782442 0.001180
 454.000000 0.011057 0.970890 2.813750 0.000878
 455.000000 0.014919 0.937880 2.682637 0.001322
 456.000000 0.015413 0.943431 2.705022 0.001467
 457.000000 0.013672 0.951841 2.727857 0.001214
 458.000000 0.021148 0.904170 2.603102 0.002228
 459.000000 0.015243 0.931069 2.582695 0.001524
 460.000000 0.012213 0.969110 2.788910 0.001216
 461.000000 0.017954 0.880931 2.336992 0.001685
 462.000000 0.017170 0.880626 2.222634 0.001755
 463.000000 0.017293 0.869158 2.224631 0.001274
 464.000000 0.015361 0.883205 2.284431 0.001296
 465.000000 0.020648 0.894911 2.535834 0.001857
 466.000000 0.012398 0.942015 2.670939 0.001089
 467.000000 0.011573 0.967440 2.770841 0.001154
 468.000000 0.010713 0.963526 2.748610 0.000941
 469.000000 0.013408 0.944838 2.728162 0.001564
 470.000000 0.014211 0.943106 2.758100 0.001353
 471.000000 0.022094 0.897583 2.515945 0.002405
 472.000000 0.018838 0.872088 2.416049 0.002444
 473.000000 0.023337 0.886765 2.438181 0.002852
 474.000000 0.018067 0.912161 2.443603 0.002046
 475.000000 0.021778 0.893521 2.433866 0.002636
 476.000000 0.024715 0.857414 2.299810 0.003113
 477.000000 0.025896 0.880785 2.392783 0.003241
 478.000000 0.015631 0.913615 2.482342 0.001726
 479.000000 0.012393 0.937528 2.636117 0.001577
 480.000000 0.028095 0.863682 2.397345 0.003091
 481.000000 0.021300 0.885347 2.400282 0.003553
 482.000000 0.017501 0.891430 2.447961 0.002036
 483.000000 0.039793 0.854250 2.153278 0.004453
 484.000000 0.021712 0.891135 2.522636 0.002392
 485.000000 0.012969 0.948558 2.718627 0.001334
 486.000000 0.014429 0.928729 2.612783 0.001446
 487.000000 0.014255 0.933661 2.697971 0.001423
 488.000000 0.018799 0.898730 2.362985 0.002209
 489.000000 0.021306 0.908431 2.620387 0.002725
 490.000000 0.010685 0.945369 2.559330 0.001425
 491.000000 0.023963 0.867640 2.473292 0.002624
 492.000000 0.028229 0.851727 2.339001 0.003588
 493.000000 0.018823 0.900213 2.579565 0.003967
 494.000000 0.023800 0.888690 2.604080 0.003863
 495.000000 0.012416 0.952465 2.807815 0.001670
 496.000000 0.019361 0.887620 2.563145 0.002653
 497.000000 0.036348 0.849153 2.388035 0.005290
 498.000000 0.027921 0.865782 2.405892 0.003515
 499.000000 0.047290 0.820347 2.289068 0.004960
 500.000000 0.026094 0.880994 2.412491 0.002890
