#! FIELDS time alpha rg e2e hbond
 0.000000 0.079851 0.626375 0.810138 0.009043
 1.000000 0.073681 0.641361 0.916689 0.008733
 2.000000 0.047919 0.670253 1.049782 0.004162
 3.000000 0.059311 0.647758 1.008651 0.004903
 4.000000 0.068511 0.655353 1.310967 0.004785
 5.000000 0.041967 0.750423 1.651107 0.002816
 6.000000 0.028500 0.789515 1.693981 0.002040
 7.000000 0.048699 0.749128 1.731619 0.008873
 8.000000 0.054395 0.773210 1.974528 0.007117
 9.000000 0.021471 0.860984 2.312038 0.002060
 10.000000 0.025238 0.849979 2.354915 0.002468
 11.000000 0.026015 0.859588 2.454531 0.002113
 12.000000 0.016108 0.888373 2.364924 0.001291
 13.000000 0.022524 0.849291 2.113923 0.002230
 14.000000 0.021996 0.829031 1.999147 0.001941
 15.000000 0.026524 0.781464 1.951311 0.002313
 16.000000 0.024863 0.842708 2.355258 0.003345
 17.000000 0.029982 0.857285 2.321117 0.002885
 18.000000 0.053377 0.814322 2.271679 0.003211
 19.000000 0.061627 0.788992 2.214256 0.003592
 20.000000 0.044334 0.759795 1.933401 0.004060
 21.000000 0.027751 0.840632 2.290043 0.002589
 22.000000 0.026794 0.845814 2.393716 0.001729
 23.000000 0.040280 0.822794 2.313099 0.002735
 24.000000 0.081137 0.812970 2.409523 0.008840
 25.000000 0.024199 0.861016 2.488299 0.001891
 26.000000 0.021311 0.833045 2.308917 0.001906
 27.000000 0.019865 0.883700 2.482381 0.001666
 28.000000 0.022202 0.875113 2.469861 0.002568
 29.000000 0.026812 0.808685 2.102806 0.001726
 30.000000 0.028408 0.800703 2.096323 0.001911
 31.000000 0.025377 0.820309 2.140803 0.001814
 32.000000 0.028220 0.809433 2.092808 0.002073
 33.000000 0.030071 0.830917 2.249179 0.002935
 34.000000 0.030856 0.810008 2.098790 0.003625
 35.000000 0.026853 0.848401 2.210722 0.002132
 36.000000 0.029768 0.854685 2.285272 0.002021
 37.000000 0.031575 0.857535 2.393820 0.003365
 38.000000 0.026869 0.858882 2.169662 0.002643
 39.000000 0.043172 0.819597 2.141523 0.004073
 40.000000 0.036993 0.826154 2.103654 0.004646
 41.000000 0.025268 0.861587 2.407992 0.003100
 42.000000 0.030155 0.831371 2.239158 0.004374
 43.000000 0.040299 0.785756 2.080002 0.002836
 44.000000 0.046416 0.812387 2.282175 0.006220
 45.000000 0.056911 0.813443 2.307137 0.004467
 46.000000 0.053142 0.797524 2.257130 0.006260
 47.000000 0.037532 0.770808 2.089555 0.002393
 48.000000 0.015088 0.914162 2.426163 0.001288
 49.000000 0.018252 0.894732 2.439611 0.001631
 50.000000 0.025089 0.851092 2.337553 0.001827
 51.000000 0.015770 0.906916 2.395370 0.001193
 52.000000 0.022794 0.890266 2.457895 0.002127
 53.000000 0.018392 0.913578 2.509185 0.001895
 54.000000 0.020403 0.883620 2.309727 0.002025
 55.000000 0.018764 0.903630 2.441629 0.001702
 56.000000 0.019258 0.894131 2.447293 0.001843
 57.000000 0.018954 0.903515 2.352612 0.001834
 58.000000 0.020440 0.911879 2.458872 0.001605
 59.000000 0.015219 0.915918 2.372480 0.001405
 60.000000 0.017340 0.925772 2.565317 0.001529
 61.000000 0.016865 0.902707 2.395214 0.001468
 62.000000 0.017022 0.911297 2.339168 0.001414
 63.000000 0.018247 0.907081 2.381067 0.001452
 64.000000 0.020615 0.888502 2.306891 0.002079
 65.000000 0.019210 0.913140 2.571032 0.002878
 66.000000 0.019034 0.897867 2.575268 0.002254
 67.000000 0.017602 0.916311 2.688553 0.002426
 68.000000 0.021904 0.910876 2.675179 0.002664
 69.000000 0.016269 0.937849 2.714553 0.001741
 70.000000 0.013713 0.924697 2.551727 0.001163
 71.000000 0.016748 0.907057 2.483268 0.001495
 72.000000 0.016218 0.926567 2.614526 0.001542
 73.000000 0.013134 0.935605 2.613739 0.001142
 74.000000 0.012781 0.946836 2.710735 0.001206
 75.000000 0.010158 0.980576 2.810690 0.000895
 76.000000 0.012150 0.968992 2.752192 0.001327
 77.000000 0.009131 1.004373 2.855740 0.000819
 78.000000 0.013016 0.966876 2.712350 0.001253
 79.000000 0.015465 0.949731 2.744822 0.001522
 80.000000 0.017417 0.941022 2.712968 0.001838
 81.000000 0.013107 0.943897 2.679989 0.001217
 82.000000 0.013369 0.957906 2.791250 0.001395
 83.000000 0.015053 0.958474 2.713691 0.001478
 84.000000 0.011671 0.974259 2.727821 0.001006
 85.000000 0.016693 0.917735 2.586427 0.001452
 86.000000 0.012638 0.939728 2.652626 0.001095
 87.000000 0.017430 0.887048 2.369714 0.001545
 88.000000 0.013480 0.915096 2.544127 0.001135
 89.000000 0.012481 0.958252 2.745595 0.001156
 90.000000 0.013263 0.938781 2.684768 0.001088
 91.000000 0.013643 0.954881 2.788603 0.001347
 92.000000 0.015334 0.940292 2.714794 0.001497
 93.000000 0.011688 0.959474 2.727340 0.001040
 94.000000 0.011476 0.985960 2.903198 0.001164
 95.000000 0.009994 0.973977 2.811556 0.001093
 96.000000 0.011425 0.978091 2.889967 0.001050
 97.000000 0.011535 0.970026 2.816292 0.001146
 98.000000 0.015736 0.928758 2.689111 0.001624
 99.000000 0.015196 0.925550 2.660910 0.001700
 100.000000 0.015357 0.917726 2.629980 0.001467
 101.000000 0.016973 0.915620 2.668760 0.001925
 102.000000 0.024433 0.882026 2.438359 0.003897
 103.000000 0.024875 0.851851 2.297631 0.002664
 104.000000 0.037424 0.796207 2.017606 0.001983
 105.000000 0.038580 0.796045 2.009277 0.003795
 106.000000 0.039433 0.776711 1.959758 0.004347
 107.000000 0.033147 0.823704 2.181010 0.002461
 108.000000 0.019905 0.859707 2.225716 0.001671
 109.000000 0.038664 0.828750 2.111302 0.003460
 110.000000 0.025085 0.840992 2.189004 0.002537
 111.000000 0.027528 0.851822 2.265298 0.003155
 112.000000 0.020028 0.880549 2.501696 0.003204
 113.000000 0.025946 0.834189 2.203383 0.002755
 114.000000 0.032955 0.861207 2.373878 0.004570
 115.000000 0.044192 0.812222 2.061985 0.007795
 116.000000 0.044948 0.783350 1.918512 0.004868
 117.000000 0.033978 0.781585 1.891384 0.007357
 118.000000 0.034506 0.791722 1.876027 0.003458
 119.000000 0.030557 0.782555 1.887303 0.002379
 120.000000 0.037317 0.822953 2.073893 0.005263
 121.000000 0.026882 0.808824 1.993660 0.001898
 122.000000 0.027765 0.818610 2.044927 0.002277
 123.000000 0.023630 0.835294 2.139365 0.004218
 124.000000 0.027934 0.824255 2.074753 0.001849
 125.000000 0.029654 0.825957 2.045126 0.002447
 126.000000 0.023169 0.855133 2.229293 0.001679
 127.000000 0.020862 0.891800 2.368514 0.002445
 128.000000 0.026943 0.848321 2.284650 0.003604
 129.000000 0.010984 0.942697 2.527773 0.000995
 130.000000 0.014069 0.907535 2.492854 0.001152
 131.000000 0.024458 0.871515 2.455252 0.002901
 132.000000 0.025989 0.852208 2.246696 0.002580
 133.000000 0.030410 0.855087 2.355030 0.003832
 134.000000 0.023192 0.895962 2.510491 0.002421
 135.000000 0.022333 0.887214 2.466100 0.002209
 136.000000 0.035159 0.829010 2.316387 0.003939
 137.000000 0.028827 0.852493 2.389001 0.002519
 138.000000 0.017951 0.897015 2.591381 0.001615
 139.000000 0.035659 0.837394 2.389619 0.002770
 140.000000 0.016414 0.914172 2.625133 0.001632
 141.000000 0.034093 0.847813 2.345876 0.003711
 142.000000 0.039694 0.833341 2.189007 0.003799
 143.000000 0.046395 0.810567 2.130324 0.006885
 144.000000 0.015328 0.880947 2.307136 0.001531
 145.000000 0.019809 0.847729 2.216064 0.001880
 146.000000 0.024053 0.872350 2.487110 0.002242
 147.000000 0.021972 0.882877 2.498317 0.002042
 148.000000 0.023521 0.874219 2.484286 0.002289
 149.000000 0.016186 0.897089 2.437793 0.002285
 150.000000 0.015236 0.907099 2.558648 0.001567
 151.000000 0.018599 0.833469 2.210046 0.001493
 152.000000 0.025278 0.834970 2.086980 0.002530
 153.000000 0.016704 0.843227 2.066627 0.001420
 154.000000 0.016322 0.864134 2.211527 0.001385
 155.000000 0.031026 0.810077 2.151257 0.003221
 156.000000 0.021074 0.881000 2.439427 0.003184
 157.000000 0.026445 0.870400 2.380593 0.003203
 158.000000 0.048330 0.800631 2.076033 0.007038
 159.000000 0.069932 0.804894 2.100689 0.010662
 160.000000 0.059745 0.833405 2.364996 0.009040
 161.000000 0.048161 0.815482 2.249225 0.005586
 162.000000 0.058166 0.816659 2.356463 0.007997
 163.000000 0.054127 0.801284 1.991567 0.012257
 164.000000 0.079000 0.746205 1.797976 0.011395
 165.000000 0.077099 0.740330 1.674275 0.015892
 166.000000 0.070444 0.719148 1.467743 0.008124
 167.000000 0.082554 0.747854 1.673731 0.012908
 168.000000 0.110607 0.762217 1.853153 0.013817
 169.000000 0.043379 0.836985 2.075587 0.007699
 170.000000 0.055207 0.808836 2.165260 0.011765
 171.000000 0.060021 0.823733 2.203484 0.011057
 172.000000 0.054494 0.832116 2.190602 0.008628
 173.000000 0.066792 0.804988 2.172405 0.013689
 174.000000 0.054093 0.825480 2.191644 0.011611
 175.000000 0.061865 0.808111 2.180844 0.017376
 176.000000 0.072561 0.822415 2.222214 0.012474
 177.000000 0.061221 0.799608 2.008883 0.013625
 178.000000 0.049837 0.770639 1.816802 0.005745
 179.000000 0.032138 0.832546 2.250839 0.003116
 180.000000 0.035313 0.830820 2.157212 0.004489
 181.000000 0.022917 0.856106 2.326875 0.002091
 182.000000 0.017495 0.907318 2.478169 0.002188
 183.000000 0.034348 0.834672 2.332357 0.002322
 184.000000 0.040763 0.844247 2.288957 0.004758
 185.000000 0.017570 0.885258 2.427688 0.001449
 186.000000 0.013689 0.930066 2.552826 0.001288
 187.000000 0.022649 0.870403 2.433898 0.001622
 188.000000 0.019751 0.891360 2.553118 0.001831
 189.000000 0.022637 0.899753 2.559454 0.001516
 190.000000 0.023134 0.883995 2.495869 0.002155
 191.000000 0.026964 0.845793 2.401454 0.002051
 192.000000 0.025434 0.875228 2.369121 0.002553
 193.000000 0.017147 0.923454 2.543039 0.002545
 194.000000 0.012530 0.928283 2.542463 0.001033
 195.000000 0.016494 0.900551 2.485012 0.001518
 196.000000 0.014798 0.912251 2.544355 0.001532
 197.000000 0.021980 0.897284 2.553023 0.002794
 198.000000 0.033783 0.846263 2.389805 0.003002
 199.000000 0.025585 0.862989 2.386029 0.001984
 200.000000 0.016705 0.897889 2.559685 0.001280
 201.000000 0.021552 0.895317 2.553729 0.001969
 202.000000 0.028216 0.875025 2.491481 0.002093
 203.000000 0.017859 0.903756 2.580640 0.001706
 204.000000 0.018100 0.903724 2.471782 0.001922
 205.000000 0.024086 0.857608 2.222200 0.002546
 206.000000 0.014318 0.915241 2.472750 0.001440
 207.000000 0.025595 0.838256 1.969045 0.002183
 208.000000 0.021463 0.812961 1.820700 0.001615
 209.000000 0.031405 0.793980 1.900281 0.002456
 210.000000 0.022182 0.800219 1.819356 0.001683
 211.000000 0.033964 0.745790 1.615683 0.003916
 212.000000 0.020311 0.816786 1.909405 0.002689
 213.000000 0.013768 0.880921 2.183566 0.002077
 214.000000 0.010712 0.941678 2.444571 0.000960
 215.000000 0.024834 0.873096 2.359150 0.001959
 216.000000 0.025107 0.872529 2.460521 0.002845
 217.000000 0.020350 0.894256 2.477784 0.002159
 218.000000 0.024412 0.873489 2.440375 0.002292
 219.000000 0.025964 0.856147 2.393805 0.002129
 220.000000 0.029971 0.850838 2.327403 0.002505
 221.000000 0.019553 0.886888 2.437242 0.002064
 222.000000 0.029457 0.852613 2.297816 0.002774
 223.000000 0.017921 0.887228 2.460352 0.001832
 224.000000 0.018414 0.886989 2.337543 0.001860
 225.000000 0.024595 0.866116 2.249480 0.002730
 226.000000 0.016284 0.895253 2.336641 0.001595
 227.000000 0.024106 0.867275 2.417271 0.001982
 228.000000 0.028769 0.863815 2.401738 0.002559
 229.000000 0.040360 0.810875 2.116874 0.004069
 230.000000 0.025011 0.811457 1.981119 0.001840
 231.000000 0.028100 0.841388 2.254669 0.002412
 232.000000 0.033649 0.807138 2.006473 0.003927
 233.000000 0.021835 0.865876 2.256403 0.002916
 234.000000 0.027291 0.873582 2.379727 0.002553
 235.000000 0.031403 0.843107 2.226904 0.002690
 236.000000 0.024402 0.829296 2.125108 0.001532
 237.000000 0.039556 0.824730 2.062541 0.004986
 238.000000 0.023224 0.831826 2.138443 0.002175
 239.000000 0.017548 0.868967 2.431226 0.001132
 240.000000 0.017056 0.896834 2.491136 0.001910
 241.000000 0.021435 0.872174 2.266882 0.002262
 242.000000 0.029727 0.806500 1.985988 0.003191
 243.000000 0.025193 0.821462 1.999192 0.002132
 244.000000 0.023810 0.809632 1.910847 0.001841
 245.000000 0.032072 0.769788 1.814482 0.002394
 246.000000 0.034243 0.817630 2.206311 0.002628
 247.000000 0.035580 0.828801 2.172161 0.002494
 248.000000 0.028678 0.843488 2.304614 0.002068
 249.000000 0.024194 0.880278 2.455763 0.003551
 250.000000 0.015896 0.910280 2.568324 0.001412
 251.000000 0.021339 0.908116 2.575953 0.003332
 252.000000 0.018236 0.877240 2.395257 0.001575
 253.000000 0.012557 0.938982 2.696496 0.001470
 254.000000 0.026469 0.868377 2.467895 0.002736
 255.000000 0.011990 0.928441 2.593744 0.000935
 256.000000 0.029693 0.873798 2.429152 0.002864
 257.000000 0.025068 0.882326 2.456562 0.001983
 258.000000 0.018272 0.896845 2.486291 0.001328
 259.000000 0.038454 0.810508 2.212852 0.003831
 260.000000 0.042870 0.777574 2.087996 0.004299
 261.000000 0.039540 0.793400 2.122455 0.003392
 262.000000 0.036232 0.790203 2.146592 0.004128
 263.000000 0.028890 0.826968 2.177152 0.004128
 264.000000 0.035704 0.830687 2.274354 0.003741
 265.000000 0.025770 0.827804 2.069374 0.002571
 266.000000 0.032881 0.750339 1.590274 0.003925
 267.000000 0.031436 0.770476 1.711354 0.003319
 268.000000 0.034252 0.778800 1.895678 0.004047
 269.000000 0.034430 0.774488 1.936973 0.004474
 270.000000 0.032544 0.772479 1.901091 0.003253
 271.000000 0.040107 0.733124 1.553426 0.005544
 272.000000 0.030524 0.794975 1.809854 0.003507
 273.000000 0.022953 0.845618 2.179756 0.002219
 274.000000 0.033025 0.795152 1.834213 0.002166
 275.000000 0.020325 0.856168 2.263474 0.002053
 276.000000 0.025565 0.834519 2.142409 0.002368
 277.000000 0.039948 0.791312 2.099454 0.002845
 278.000000 0.040959 0.817287 2.066016 0.003744
 279.000000 0.035222 0.814527 2.054320 0.003683
 280.000000 0.035547 0.814126 1.981311 0.003886
 281.000000 0.032163 0.791707 1.861927 0.004824
 282.000000 0.026621 0.812312 1.915006 0.004204
 283.000000 0.035861 0.786510 1.883414 0.003207
 284.000000 0.032645 0.798462 1.783322 0.002763
 285.000000 0.034972 0.762876 1.639369 0.005170
 286.000000 0.031913 0.812579 1.966028 0.002607
 287.000000 0.026709 0.805921 1.940858 0.002973
 288.000000 0.030194 0.797188 1.990188 0.003648
 289.000000 0.053211 0.730917 1.607905 0.005494
 290.000000 0.052825 0.695625 1.438201 0.006952
 291.000000 0.059526 0.690890 1.556533 0.007229
 292.000000 0.060910 0.663126 1.506271 0.006992
 293.000000 0.039833 0.715691 1.360587 0.003871
 294.000000 0.028515 0.779729 1.747594 0.003082
 295.000000 0.034281 0.771832 1.861275 0.002961
 296.000000 0.046103 0.716710 1.565595 0.005741
 297.000000 0.034619 0.760402 1.710486 0.004366
 298.000000 0.025021 0.823740 2.173277 0.005334
 299.000000 0.028563 0.817254 2.185138 0.003725
 300.000000 0.038025 0.813897 2.268258 0.002539
 301.000000 0.038739 0.799846 2.199959 0.003394
 302.000000 0.037213 0.780898 1.966082 0.002387
 303.000000 0.044050 0.785327 2.033499 0.003900
 304.000000 0.055985 0.770129 2.088546 0.007824
 305.000000 0.088337 0.716252 1.856706 0.010710
 306.000000 0.101360 0.687081 1.832539 0.018221
 307.000000 0.092295 0.669530 1.484736 0.013787
 308.000000 0.092060 0.691925 1.717227 0.014133
 309.000000 0.071766 0.764862 2.057140 0.013259
 310.000000 0.053021 0.778966 2.098316 0.008311
 311.000000 0.092820 0.689607 1.761052 0.012812
 312.000000 0.093020 0.702712 1.803743 0.018090
 313.000000 0.072838 0.719470 1.759348 0.012383
 314.000000 0.096007 0.687076 1.537632 0.017916
 315.000000 0.066948 0.752656 1.731993 0.009231
 316.000000 0.087289 0.704506 1.624600 0.012614
 317.000000 0.079568 0.678536 1.471260 0.010308
 318.000000 0.065302 0.705479 1.556524 0.011572
 319.000000 0.071642 0.700869 1.535572 0.009495
 320.000000 0.111698 0.680097 1.555102 0.016536
 321.000000 0.082624 0.749659 1.960952 0.009860
 322.000000 0.108732 0.711594 1.855141 0.015768
 323.000000 0.054759 0.786982 2.151472 0.008058
 324.000000 0.064213 0.779833 2.025811 0.007288
 325.000000 0.065630 0.764159 1.999799 0.011773
 326.000000 0.082731 0.774422 1.865483 0.011683
 327.000000 0.075818 0.745748 1.803873 0.009141
 328.000000 0.091012 0.718872 1.835494 0.014301
 329.000000 0.106385 0.697014 1.724325 0.018133
 330.000000 0.104809 0.700427 1.786293 0.015241
 331.000000 0.091604 0.692868 1.686664 0.012183
 332.000000 0.105663 0.704990 1.607015 0.020017
 333.000000 0.084914 0.704648 1.439936 0.012236
 334.000000 0.061056 0.746413 1.431415 0.007910
 335.000000 0.072156 0.735410 1.371831 0.010595
 336.000000 0.058822 0.729442 1.370136 0.008415
 337.000000 0.080162 0.739903 1.580341 0.010931
 338.000000 0.067356 0.730802 1.496419 0.011190
 339.000000 0.065577 0.765850 1.969072 0.010514
 340.000000 0.075072 0.745263 1.862059 0.011827
 341.000000 0.118169 0.753120 1.940399 0.019242
 342.000000 0.176035 0.712758 1.521831 0.082765
 343.000000 0.033586 0.823707 2.098465 0.004646
 344.000000 0.072576 0.762445 1.901444 0.011722
 345.000000 0.038823 0.744349 1.694761 0.004155
 346.000000 0.027511 0.777390 2.001712 0.003678
 347.000000 0.027196 0.825115 2.180484 0.002584
 348.000000 0.017216 0.857989 2.239415 0.001814
 349.000000 0.021216 0.857424 2.329468 0.001693
 350.000000 0.016275 0.857492 2.033262 0.001320
 351.000000 0.031397 0.809081 1.930331 0.002884
 352.000000 0.032535 0.806417 2.006091 0.002885
 353.000000 0.026413 0.831104 1.962270 0.002792
 354.000000 0.022328 0.837045 1.977898 0.002079
 355.000000 0.025439 0.794277 1.665075 0.003046
 356.000000 0.035305 0.786009 1.821412 0.004503
 357.000000 0.029446 0.792481 1.783278 0.003483
 358.000000 0.045616 0.783367 1.806651 0.008058
 359.000000 0.018855 0.835030 1.912035 0.001965
 360.000000 0.022481 0.841127 1.986447 0.005376
 361.000000 0.026670 0.810353 1.924795 0.004640
 362.000000 0.036569 0.796779 1.862225 0.004475
 363.000000 0.043199 0.772742 1.790124 0.003431
 364.000000 0.027110 0.810388 1.975249 0.003056
 365.000000 0.025779 0.812900 1.873848 0.002133
 366.000000 0.025992 0.828495 2.015034 0.002127
 367.000000 0.026026 0.801279 1.783615 0.003106
 368.000000 0.021750 0.853664 2.113430 0.002315
 369.000000 0.020347 0.857159 2.183271 0.002581
 370.000000 0.014649 0.842097 1.851099 0.001273
 371.000000 0.012534 0.877671 1.962328 0.001087
 372.000000 0.024213 0.804799 1.869416 0.001980
 373.000000 0.032496 0.755515 1.567603 0.003143
 374.000000 0.021738 0.823812 1.861272 0.002054
 375.000000 0.012995 0.844677 1.977023 0.001576
 376.000000 0.018038 0.844620 2.119240 0.002436
 377.000000 0.025742 0.810310 1.943247 0.003242
 378.000000 0.029304 0.802193 1.826729 0.005857
 379.000000 0.019340 0.801860 1.795446 0.001955
 380.000000 0.018276 0.835497 2.029326 0.002271
 381.000000 0.021939 0.835373 2.152245 0.002067
 382.000000 0.021273 0.790668 1.793275 0.002470
 383.000000 0.038820 0.730377 1.415314 0.003697
 384.000000 0.024859 0.790207 1.653212 0.002151
 385.000000 0.045570 0.780351 1.824397 0.004320
 386.000000 0.027872 0.812533 1.898991 0.002674
 387.000000 0.019997 0.850854 1.990938 0.001737
 388.000000 0.013995 0.869472 2.230647 0.001387
 389.000000 0.015590 0.857740 2.257634 0.001740
 390.000000 0.024919 0.799745 1.911323 0.002563
 391.000000 0.017276 0.830651 2.024055 0.001896
 392.000000 0.015696 0.855627 2.170597 0.001093
 393.000000 0.017346 0.859347 2.145826 0.001289
 394.000000 0.011970 0.891591 2.296100 0.000876
 395.000000 0.010558 0.901616 2.309876 0.000918
 396.000000 0.013531 0.865500 2.263455 0.001354
 397.000000 0.017371 0.838548 2.175177 0.001310
 398.000000 0.015136 0.835806 2.120453 0.000987
 399.000000 0.011235 0.903976 2.386647 0.000933
 400.000000 0.014559 0.909858 2.551421 0.001264
 401.000000 0.015069 0.935973 2.620106 0.001466
 402.000000 0.013180 0.954798 2.743112 0.001244
 403.000000 0.009297 0.985001 2.851017 0.000999
 404.000000 0.012997 0.947532 2.759562 0.001576
 405.000000 0.011928 0.951384 2.756150 0.001097
 406.000000 0.011612 0.969095 2.800118 0.001085
 407.000000 0.013246 0.959453 2.831103 0.001106
 408.000000 0.018072 0.918512 2.656654 0.001963
 409.000000 0.015722 0.923294 2.535541 0.001624
 410.000000 0.018838 0.911383 2.617120 0.002119
 411.000000 0.019256 0.911491 2.681677 0.002006
 412.000000 0.017942 0.918072 2.661553 0.001568
 413.000000 0.025827 0.891201 2.611777 0.003418
 414.000000 0.017518 0.916954 2.688441 0.001688
 415.000000 0.020979 0.902806 2.602372 0.002358
 416.000000 0.017433 0.904366 2.549162 0.001722
 417.000000 0.015430 0.912425 2.537007 0.001418
 418.000000 0.013917 0.921872 2.491928 0.001477
 419.000000 0.016159 0.885948 2.403499 0.001353
 420.000000 0.018089 0.885936 2.425493 0.001546
 421.000000 0.011756 0.942585 2.665684 0.001175
 422.000000 0.010594 0.951992 2.663356 0.000885
 423.000000 0.015850 0.930699 2.651880 0.001398
 424.000000 0.016134 0.925597 2.648426 0.001548
 425.000000 0.013086 0.954225 2.789030 0.001242
 426.000000 0.012859 0.973405 2.858856 0.001214
 427.000000 0.012429 0.972991 2.807321 0.001278
 428.000000 0.013101 0.945785 2.735922 0.001223
 429.000000 0.012830 0.969763 2.829287 0.001362
 430.000000 0.010946 0.974406 2.804653 0.001082
 431.000000 0.014477 0.947617 2.748984 0.001626
 432.000000 0.021949 0.911569 2.643982 0.002586
 433.000000 0.015706 0.945706 2.814811 0.001301
 434.000000 0.012660 0.954462 2.709856 0.001093
 435.000000 0.012533 0.935769 2.609277 0.001199
 436.000000 0.012281 0.955814 2.720176 0.001110
 437.000000 0.016241 0.923451 2.693112 0.001531
 438.000000 0.016010 0.920605 2.634195 0.001603
 439.000000 0.011979 0.953346 2.688992 0.001337
 440.000000 0.012647 0.961695 2.764818 0.001215
 441.000000 0.020296 0.901829 2.467796 0.001730
 442.000000 0.014737 0.934216 2.603789 0.001346
 443.000000 0.017058 0.913484 2.531610 0.001516
 444.000000 0.014311 0.940261 2.708097 0.001493
 445.000000 0.017713 0.928035 2.636061 0.001487
 446.000000 0.015464 0.913801 2.515878 0.001545
 447.000000 0.013974 0.947485 2.751798 0.001514
 448.000000 0.017719 0.917502 2.612253 0.001698
 449.000000 0.014560 0.945073 2.697152 0.001295
 450.000000 0.015316 0.952419 2.700747 0.001457
 451.000000 0.012353 0.954714 2.742141 0.001066
 452.000000 0.014113 0.946594 2.744740 0.001311
 453.000000 0.011906 0.965762 2.798386 0.001230
 454.000000 0.014718 0.924548 2.661749 0.001352
 455.000000 0.009870 0.979293 2.776549 0.000924
 456.000000 0.011353 0.941483 2.617853 0.001023
 457.000000 0.009229 0.982530 2.813219 0.000951
 458.000000 0.011420 0.952753 2.716188 0.001138
 459.000000 0.012771 0.952220 2.720153 0.001033
 460.000000 0.011414 0.977230 2.830043 0.001048
 461.000000 0.014568 0.940096 2.676266 0.001591
 462.000000 0.019532 0.910346 2.675718 0.001644
 463.000000 0.015941 0.926851 2.621455 0.001623
 464.000000 0.017943 0.911705 2.586911 0.001728
 465.000000 0.017677 0.924645 2.657686 0.001730
 466.000000 0.017353 0.935391 2.725280 0.001639
 467.000000 0.014201 0.939671 2.777348 0.001289
 468.000000 0.012833 0.946032 2.705858 0.001197
 469.000000 0.016428 0.928342 2.651892 0.001747
 470.000000 0.022247 0.894022 2.506211 0.002199
 471.000000 0.015597 0.927414 2.566296 0.001467
 472.000000 0.020841 0.892365 2.384651 0.001783
 473.000000 0.015446 0.935464 2.676373 0.001362
 474.000000 0.015040 0.945646 2.641234 0.001318
 475.000000 0.012478 0.957451 2.749896 0.001058
 476.000000 0.014284 0.921969 2.475238 0.001362
 477.000000 0.015759 0.897169 2.354904 0.001352
 478.000000 0.012306 0.947146 2.659109 0.001007
 479.000000 0.017270 0.924575 2.710031 0.001821
 480.000000 0.020561 0.911298 2.577663 0.002389
 481.000000 0.016631 0.926862 2.664452 0.001734
 482.000000 0.016826 0.910880 2.668081 0.001706
 483.000000 0.015824 0.926040 2.567512 0.001700
 484.000000 0.014217 0.935845 2.696494 0.001659
 485.000000 0.012632 0.944039 2.732738 0.001150
 486.000000 0.015305 0.926781 2.639872 0.001485
 487.000000 0.013768 0.939295 2.615609 0.001298
 488.000000 0.013104 0.963546 2.789946 0.001305
 489.000000 0.015275 0.946011 2.748891 0.001534
 490.000000 0.015682 0.919299 2.604976 0.001376
 491.000000 0.010128 0.980620 2.794570 0.000849
 492.000000 0.011795 0.970429 2.772374 0.001215
 493.000000 0.011840 0.966167 2.784017 0.001100
 494.000000 0.015079 0.939837 2.738983 0.001499
 495.000000 0.010197 0.980059 2.881811 0.000903
 496.000000 0.013761 0.953626 2.776987 0.001553
 497.000000 0.015002 0.923910 2.555977 0.001368
 498.000000 0.015656 0.937456 2.638076 0.001968
 499.000000 0.014315 0.910425 2.494824 0.001424
 500.000000 0.010992 0.955140 2.684513 0.001021
