#! FIELDS time alpha rg e2e hbond
 0.000000 0.068093 0.788131 1.809065 0.010254
 1.000000 0.054660 0.782245 1.819676 0.007312
 2.000000 0.257873 0.668916 1.485880 0.023922
 3.000000 0.317397 0.660168 1.298032 0.207632
 4.000000 0.381604 0.656307 1.233483 0.858280
 5.000000 0.301854 0.735170 1.711133 0.177826
 6.000000 0.455990 0.697788 1.620389 0.684075
 7.000000 0.338417 0.777581 2.074560 0.220715
 8.000000 0.298999 0.803470 2.140651 0.083785
 9.000000 0.632783 0.762534 2.050224 0.412612
 10.000000 1.226308 0.728544 1.939045 0.368201
 11.000000 1.452183 0.708542 2.035550 1.384212
 12.000000 1.493771 0.693531 1.947033 1.372804
 13.000000 1.246199 0.698602 1.936445 0.406434
 14.000000 0.585919 0.704564 1.925159 0.128389
 15.000000 0.553694 0.686482 1.844126 0.109334
 16.000000 0.432703 0.757290 2.162014 0.095110
 17.000000 0.562102 0.738277 2.085454 0.079079
 18.000000 1.231421 0.733088 2.106395 0.286719
 19.000000 1.059042 0.773616 2.246411 0.248980
 20.000000 1.384654 0.728154 2.074181 1.287643
 21.000000 1.455425 0.703427 2.017187 1.500924
 22.000000 1.426175 0.701965 1.963683 1.224120
 23.000000 1.420913 0.757410 2.197186 0.815499
 24.000000 1.461956 0.735183 2.145931 1.325216
 25.000000 1.534740 0.726754 2.085197 1.269700
 26.000000 1.373482 0.736032 2.090193 1.660556
 27.000000 1.238192 0.759302 2.145795 0.207969
 28.000000 1.264168 0.739093 2.006825 0.461915
 29.000000 0.698173 0.796835 2.209627 0.292648
 30.000000 0.814527 0.762242 2.135038 0.228202
 31.000000 1.050057 0.764427 2.204989 0.309962
 32.000000 0.574926 0.707428 1.917174 0.160041
 33.000000 0.949391 0.691271 1.868242 0.345586
 34.000000 1.406626 0.712115 2.031170 0.620682
 35.000000 1.320508 0.713626 2.023596 0.484421
 36.000000 1.429326 0.707740 2.022453 1.575173
 37.000000 1.423489 0.692479 1.960382 1.386317
 38.000000 1.248452 0.737670 2.049005 0.454714
 39.000000 1.303455 0.746765 2.162890 0.671363
 40.000000 1.242274 0.730666 2.044860 0.658609
 41.000000 1.279839 0.710995 1.910707 0.942359
 42.000000 1.312687 0.733276 2.060290 0.778476
 43.000000 1.351471 0.694355 1.759455 0.807182
 44.000000 0.727538 0.697801 1.738499 0.901144
 45.000000 0.471810 0.697059 1.800091 0.913944
 46.000000 0.293009 0.694729 1.562095 0.637874
 47.000000 0.296345 0.670626 1.551544 0.831821
 48.000000 0.424128 0.680259 1.578744 0.620533
 49.000000 0.399731 0.631848 1.573248 0.374239
 50.000000 0.358218 0.604653 1.434135 0.878542
 51.000000 0.426747 0.631727 1.592895 0.195704
 52.000000 0.260957 0.572716 1.299524 0.692183
 53.000000 0.235508 0.583253 1.334222 0.691312
 54.000000 0.196826 0.583460 1.316511 0.642716
 55.000000 0.228241 0.594364 1.253148 0.548479
 56.000000 0.266788 0.620358 1.166633 0.714699
 57.000000 0.373193 0.642927 1.517454 0.869159
 58.000000 0.461692 0.632894 1.473531 0.514364
 59.000000 0.333852 0.637458 1.497586 0.595295
 60.000000 0.458645 0.628413 1.353165 0.321228
 61.000000 0.142096 0.732981 1.840758 0.079788
 62.000000 0.317888 0.696703 1.850101 0.192990
 63.000000 0.103244 0.738882 1.965597 0.018343
 64.000000 0.110962 0.778821 2.233267 0.016596
 65.000000 0.141994 0.768752 2.165064 0.014393
 66.000000 0.305627 0.724249 2.065399 0.174069
 67.000000 0.096524 0.786030 2.258977 0.016770
 68.000000 0.075640 0.800760 2.342968 0.006549
 69.000000 0.043030 0.839465 2.405089 0.003283
 70.000000 0.036441 0.842013 2.444669 0.002311
 71.000000 0.044211 0.815380 2.314088 0.003181
 72.000000 0.035943 0.810622 2.223001 0.002735
 73.000000 0.058834 0.783623 2.165734 0.003720
 74.000000 0.060687 0.756699 1.934043 0.004414
 75.000000 0.033411 0.818965 2.229492 0.002161
 76.000000 0.021725 0.856182 2.317014 0.002148
 77.000000 0.027641 0.853370 2.319525 0.002852
 78.000000 0.037161 0.777223 2.049852 0.002745
 79.000000 0.030927 0.835244 2.272721 0.003553
 80.000000 0.048379 0.766953 1.989863 0.003111
 81.000000 0.042258 0.763789 1.977296 0.003478
 82.000000 0.047234 0.752126 1.923149 0.003932
 83.000000 0.047057 0.760080 1.973742 0.002288
 84.000000 0.096858 0.690462 1.828351 0.007200
 85.000000 0.073277 0.683413 1.686981 0.003240
 86.000000 0.078545 0.677696 1.664925 0.004186
 87.000000 0.090463 0.656671 1.544881 0.005043
 88.000000 0.060647 0.719207 1.848071 0.004053
 89.000000 0.050485 0.763485 2.030566 0.003545
 90.000000 0.021330 0.849007 2.276436 0.002578
 91.000000 0.022424 0.825001 2.007402 0.001755
 92.000000 0.017623 0.841374 2.049237 0.001346
 93.000000 0.011985 0.916104 2.467554 0.001098
 94.000000 0.010603 0.962754 2.749302 0.001116
 95.000000 0.012388 0.937829 2.549381 0.001281
 96.000000 0.014091 0.901771 2.496551 0.001163
 97.000000 0.015953 0.912131 2.578699 0.001901
 98.000000 0.013512 0.921699 2.637611 0.001237
 99.000000 0.011006 0.939872 2.660858 0.001254
 100.000000 0.017295 0.886428 2.312058 0.002071
 101.000000 0.014577 0.916318 2.472897 0.001502
 102.000000 0.014859 0.926978 2.521658 0.001768
 103.000000 0.013304 0.949147 2.596446 0.001390
 104.000000 0.013427 0.927340 2.521692 0.001431
 105.000000 0.013650 0.917911 2.505296 0.001476
 106.000000 0.013309 0.946580 2.665567 0.002276
 107.000000 0.010675 0.962798 2.620339 0.001088
 108.000000 0.015299 0.923878 2.675726 0.002570
 109.000000 0.012040 0.958404 2.861712 0.001080
 110.000000 0.007242 1.028126 3.000510 0.000736
 111.000000 0.010737 0.973337 2.823610 0.001030
 112.000000 0.008759 0.986707 2.791250 0.000779
 113.000000 0.013127 0.940950 2.726743 0.001444
 114.000000 0.011799 0.945263 2.673092 0.001186
 115.000000 0.009932 0.962690 2.702234 0.000930
 116.000000 0.011152 0.955945 2.693824 0.001082
 117.000000 0.012839 0.942332 2.721738 0.001283
 118.000000 0.011134 0.948058 2.688172 0.000922
 119.000000 0.010205 0.968384 2.795769 0.000989
 120.000000 0.009323 0.992228 2.881412 0.000948
 121.000000 0.009441 0.979038 2.844481 0.000981
 122.000000 0.010327 0.957550 2.782618 0.001119
 123.000000 0.011256 0.945962 2.681231 0.001292
 124.000000 0.014908 0.942743 2.720912 0.001775
 125.000000 0.024452 0.895430 2.569120 0.002537
 126.000000 0.018975 0.900447 2.495656 0.002312
 127.000000 0.024367 0.839129 2.212442 0.002653
 128.000000 0.017375 0.887146 2.254131 0.001796
 129.000000 0.015378 0.875799 2.080410 0.001256
 130.000000 0.013765 0.856990 1.997719 0.000892
 131.000000 0.013348 0.857458 1.901328 0.001069
 132.000000 0.021061 0.813369 1.882056 0.002067
 133.000000 0.018511 0.837863 2.044655 0.001384
 134.000000 0.017081 0.872045 2.252143 0.001545
 135.000000 0.019539 0.851552 2.108304 0.001889
 136.000000 0.016348 0.907196 2.392377 0.001335
 137.000000 0.015457 0.913067 2.531414 0.001539
 138.000000 0.017786 0.882840 2.273036 0.001349
 139.000000 0.020287 0.857819 2.147487 0.001852
 140.000000 0.019889 0.861182 2.151397 0.001856
 141.000000 0.014176 0.912405 2.471651 0.001264
 142.000000 0.016393 0.925314 2.510468 0.001451
 143.000000 0.015923 0.922463 2.629892 0.001440
 144.000000 0.009122 0.987375 2.837273 0.000813
 145.000000 0.012236 0.960842 2.658687 0.001263
 146.000000 0.014574 0.936853 2.770137 0.001418
 147.000000 0.014199 0.948706 2.782476 0.001226
 148.000000 0.014825 0.940054 2.752157 0.001213
 149.000000 0.017022 0.923001 2.533480 0.001766
 150.000000 0.014420 0.922848 2.527598 0.001212
 151.000000 0.014242 0.915356 2.582411 0.001409
 152.000000 0.017062 0.925711 2.553406 0.001481
 153.000000 0.030245 0.867372 2.489607 0.003061
 154.000000 0.017610 0.925670 2.499282 0.001384
 155.000000 0.026024 0.866055 2.251586 0.002461
 156.000000 0.024967 0.882736 2.468391 0.002987
 157.000000 0.024463 0.882935 2.316124 0.002220
 158.000000 0.022677 0.875480 2.267768 0.002124
 159.000000 0.026043 0.886577 2.448709 0.002033
 160.000000 0.033566 0.844289 2.162467 0.005027
 161.000000 0.026039 0.861394 2.181411 0.001641
 162.000000 0.022462 0.899335 2.510599 0.001978
 163.000000 0.017000 0.899465 2.364171 0.001405
 164.000000 0.021710 0.889285 2.410284 0.001955
 165.000000 0.018026 0.913140 2.492477 0.001973
 166.000000 0.017884 0.903610 2.472552 0.001880
 167.000000 0.016052 0.925204 2.621498 0.001623
 168.000000 0.011416 0.947442 2.630166 0.001057
 169.000000 0.014120 0.918525 2.553517 0.001267
 170.000000 0.017340 0.914252 2.531523 0.001446
 171.000000 0.014974 0.931020 2.533243 0.001473
 172.000000 0.018975 0.897002 2.477856 0.001200
 173.000000 0.014051 0.939436 2.646879 0.001381
 174.000000 0.013635 0.959284 2.747869 0.001856
 175.000000 0.019461 0.899422 2.398439 0.001584
 176.000000 0.017802 0.901545 2.407286 0.001660
 177.000000 0.016085 0.922580 2.495595 0.001417
 178.000000 0.017516 0.892236 2.209835 0.001475
 179.000000 0.017020 0.904683 2.558776 0.001818
 180.000000 0.015311 0.908896 2.351152 0.001798
 181.000000 0.018500 0.897586 2.469981 0.002196
 182.000000 0.027199 0.851566 2.400738 0.002475
 183.000000 0.018790 0.873034 2.384369 0.001470
 184.000000 0.027168 0.843630 2.340724 0.001935
 185.000000 0.033106 0.800911 1.886547 0.008261
 186.000000 0.032665 0.791453 1.841540 0.005571
 187.000000 0.045495 0.762601 1.818204 0.006575
 188.000000 0.047130 0.753333 1.744580 0.007661
 189.000000 0.041676 0.784459 1.810499 0.010640
 190.000000 0.036110 0.800949 1.826675 0.006339
 191.000000 0.042098 0.783916 1.779566 0.010923
 192.000000 0.045386 0.789246 1.847895 0.010332
 193.000000 0.055234 0.752165 1.794029 0.006854
 194.000000 0.049170 0.744380 1.826928 0.004766
 195.000000 0.027332 0.816095 2.133360 0.002630
 196.000000 0.032236 0.798873 2.003205 0.003476
 197.000000 0.039373 0.751491 1.938785 0.005727
 198.000000 0.031559 0.793390 2.052588 0.004050
 199.000000 0.021416 0.869974 2.359823 0.001945
 200.000000 0.026439 0.854482 2.254450 0.002157
 201.000000 0.021679 0.872488 2.477555 0.001894
 202.000000 0.021374 0.882504 2.568131 0.002095
 203.000000 0.024137 0.869206 2.437589 0.002634
 204.000000 0.014561 0.921201 2.553692 0.001653
 205.000000 0.009423 0.966606 2.652148 0.000993
 206.000000 0.013802 0.940016 2.549960 0.001372
 207.000000 0.018802 0.900559 2.413253 0.001761
 208.000000 0.013541 0.925237 2.536619 0.001528
 209.000000 0.012457 0.915033 2.555661 0.002137
 210.000000 0.015475 0.902005 2.536564 0.001603
 211.000000 0.011379 0.948637 2.721505 0.001400
 212.000000 0.014729 0.929997 2.713664 0.001781
 213.000000 0.016426 0.915656 2.578161 0.002145
 214.000000 0.023877 0.889573 2.524579 0.002732
 215.000000 0.014935 0.927759 2.725432 0.001471
 216.000000 0.017325 0.899827 2.569546 0.001816
 217.000000 0.016262 0.931511 2.630487 0.001505
 218.000000 0.019384 0.916458 2.561032 0.001982
 219.000000 0.015448 0.897440 2.511228 0.001614
 220.000000 0.016426 0.923873 2.663132 0.001742
 221.000000 0.018653 0.904951 2.588749 0.001661
 222.000000 0.015236 0.920687 2.516067 0.001521
 223.000000 0.012659 0.960395 2.716382 0.000980
 224.000000 0.014040 0.949162 2.694947 0.001335
 225.000000 0.010689 0.967404 2.808885 0.000939
 226.000000 0.013362 0.959195 2.804169 0.001331
 227.000000 0.017994 0.920919 2.682342 0.002205
 228.000000 0.011701 0.972295 2.856299 0.001137
 229.000000 0.012391 0.945666 2.689206 0.001100
 230.000000 0.014910 0.912112 2.521213 0.001228
 231.000000 0.016169 0.931870 2.706564 0.001524
 232.000000 0.018121 0.939760 2.769864 0.001874
 233.000000 0.013551 0.955935 2.817113 0.001263
 234.000000 0.014430 0.945258 2.765360 0.001356
 235.000000 0.013739 0.946160 2.720122 0.001555
 236.000000 0.014173 0.939565 2.673162 0.001359
 237.000000 0.015919 0.920011 2.616256 0.001427
 238.000000 0.016737 0.901806 2.524306 0.001384
 239.000000 0.014714 0.912885 2.526438 0.001246
 240.000000 0.014757 0.924349 2.644121 0.001502
 241.000000 0.015078 0.941703 2.739383 0.001262
 242.000000 0.016284 0.903906 2.524257 0.001638
 243.000000 0.015641 0.904906 2.548146 0.001434
 244.000000 0.013644 0.940479 2.717864 0.001502
 245.000000 0.018294 0.930897 2.695181 0.001718
 246.000000 0.014382 0.954579 2.839474 0.001456
 247.000000 0.017860 0.928534 2.762154 0.001649
 248.000000 0.017969 0.918483 2.715454 0.001780
 249.000000 0.017811 0.928886 2.687430 0.002008
 250.000000 0.015554 0.948275 2.742950 0.001521
 251.000000 0.012562 0.971447 2.849484 0.001292
 252.000000 0.013319 0.956093 2.794626 0.001241
 253.000000 0.011637 0.971283 2.768871 0.001030
 254.000000 0.015635 0.931546 2.688861 0.001629
 255.000000 0.013799 0.945340 2.744211 0.001418
 256.000000 0.012800 0.955781 2.693400 0.001092
 257.000000 0.012100 0.945873 2.655247 0.001025
 258.000000 0.013580 0.899342 2.445259 0.001152
 259.000000 0.013934 0.900121 2.390204 0.001181
 260.000000 0.011420 0.926231 2.451171 0.000935
 261.000000 0.018811 0.897029 2.360590 0.001609
 262.000000 0.015556 0.915747 2.515829 0.001380
 263.000000 0.011070 0.963159 2.710552 0.001187
 264.000000 0.010680 0.934984 2.383495 0.001232
 265.000000 0.014138 0.908570 2.349543 0.001591
 266.000000 0.019097 0.872740 2.273915 0.001602
 267.000000 0.021272 0.823548 1.919941 0.003325
 268.000000 0.014501 0.861180 2.170948 0.002349
 269.000000 0.013087 0.914607 2.464564 0.001153
 270.000000 0.016920 0.912477 2.538531 0.001619
 271.000000 0.013929 0.918728 2.632060 0.001252
 272.000000 0.020018 0.884857 2.464458 0.007948
 273.000000 0.020369 0.872265 2.477312 0.004381
 274.000000 0.017686 0.888019 2.465139 0.001712
 275.000000 0.018146 0.876284 2.406050 0.001482
 276.000000 0.022627 0.826131 2.185670 0.008051
 277.000000 0.021246 0.887354 2.347438 0.003894
 278.000000 0.020763 0.858935 2.320156 0.002783
 279.000000 0.015729 0.927783 2.549062 0.003583
 280.000000 0.014365 0.927150 2.531820 0.002411
 281.000000 0.024246 0.861961 2.383015 0.003004
 282.000000 0.023549 0.857782 2.303318 0.006135
 283.000000 0.023626 0.840016 2.268940 0.004894
 284.000000 0.027047 0.815622 2.104484 0.005153
 285.000000 0.029280 0.837732 2.322526 0.003630
 286.000000 0.028911 0.811465 2.133565 0.006553
 287.000000 0.017738 0.847287 2.149775 0.003241
 288.000000 0.036254 0.772675 1.880066 0.004305
 289.000000 0.027703 0.762792 1.807591 0.003317
 290.000000 0.032502 0.753841 1.793840 0.004527
 291.000000 0.051052 0.733052 1.771199 0.005614
 292.000000 0.045846 0.737269 1.719128 0.007819
 293.000000 0.059631 0.720478 1.681140 0.005781
 294.000000 0.037778 0.730098 1.591794 0.002884
 295.000000 0.025820 0.739522 1.611034 0.003503
 296.000000 0.032269 0.720105 1.718005 0.002128
 297.000000 0.038595 0.717523 1.582205 0.004363
 298.000000 0.034637 0.706455 1.392244 0.006565
 299.000000 0.049239 0.704222 1.467371 0.007611
 300.000000 0.053605 0.691794 1.434292 0.009352
 301.000000 0.052109 0.727656 1.714414 0.007155
 302.000000 0.045780 0.752768 1.880352 0.006853
 303.000000 0.043793 0.759169 1.969916 0.002644
 304.000000 0.046876 0.790606 2.058975 0.003444
 305.000000 0.030936 0.825902 2.081171 0.004005
 306.000000 0.023962 0.854769 2.262446 0.002707
 307.000000 0.016438 0.926274 2.626539 0.001605
 308.000000 0.018095 0.897097 2.509936 0.002196
 309.000000 0.029796 0.850513 2.312488 0.004818
 310.000000 0.024181 0.842042 2.140604 0.006087
 311.000000 0.027784 0.815694 1.936655 0.004670
 312.000000 0.033595 0.800682 1.968583 0.006031
 313.000000 0.045620 0.768149 1.874402 0.011915
 314.000000 0.040958 0.761238 1.875701 0.007168
 315.000000 0.045170 0.762630 1.818074 0.006867
 316.000000 0.041649 0.762530 1.795018 0.007169
 317.000000 0.037630 0.756077 1.812923 0.004205
 318.000000 0.035948 0.784008 1.973971 0.005548
 319.000000 0.021585 0.861071 2.315153 0.004450
 320.000000 0.023221 0.825942 2.168842 0.002607
 321.000000 0.026637 0.823815 2.108818 0.002638
 322.000000 0.043439 0.774500 1.886841 0.007114
 323.000000 0.041468 0.781082 1.988959 0.007038
 324.000000 0.038982 0.776820 1.941109 0.006865
 325.000000 0.036651 0.813413 2.092648 0.004875
 326.000000 0.029832 0.820735 2.152961 0.004213
 327.000000 0.041659 0.801499 2.157035 0.005104
 328.000000 0.042322 0.782191 1.993783 0.004414
 329.000000 0.050364 0.769554 1.934795 0.007146
 330.000000 0.032040 0.807501 2.032418 0.007344
 331.000000 0.019411 0.876620 2.308872 0.003353
 332.000000 0.030401 0.824322 2.008808 0.004968
 333.000000 0.059482 0.737062 1.680526 0.007782
 334.000000 0.020830 0.810201 1.825057 0.004543
 335.000000 0.024802 0.763035 1.674478 0.003094
 336.000000 0.025740 0.799661 1.838722 0.003479
 337.000000 0.024850 0.756775 1.532361 0.002182
 338.000000 0.026692 0.791478 1.747906 0.003478
 339.000000 0.023646 0.778953 1.661611 0.003962
 340.000000 0.038696 0.748853 1.569460 0.004263
 341.000000 0.027616 0.768793 1.575144 0.002019
 342.000000 0.054885 0.724283 1.494280 0.005059
 343.000000 0.037551 0.792140 1.805061 0.002529
 344.000000 0.064747 0.761319 1.784550 0.004066
 345.000000 0.030462 0.811977 1.914311 0.002084
 346.000000 0.036461 0.824158 2.136402 0.003426
 347.000000 0.048793 0.805203 2.013111 0.004625
 348.000000 0.041254 0.856507 2.287878 0.005484
 349.000000 0.030641 0.849248 2.284819 0.003424
 350.000000 0.034280 0.834010 2.227274 0.008275
 351.000000 0.017326 0.912004 2.540025 0.001434
 352.000000 0.012949 0.949446 2.726072 0.001626
 353.000000 0.024676 0.876097 2.484377 0.003400
 354.000000 0.027887 0.841761 2.353063 0.003456
 355.000000 0.021906 0.869976 2.413730 0.002006
 356.000000 0.025403 0.844775 2.350479 0.002824
 357.000000 0.036482 0.832039 2.313140 0.004167
 358.000000 0.049858 0.789506 2.164585 0.003259
 359.000000 0.041027 0.812676 2.273450 0.004103
 360.000000 0.025025 0.866896 2.441979 0.002032
 361.000000 0.016743 0.885565 2.522442 0.001632
 362.000000 0.013239 0.921750 2.666838 0.001262
 363.000000 0.026794 0.854547 2.365617 0.003400
 364.000000 0.026411 0.824759 2.240280 0.002594
 365.000000 0.029050 0.808273 2.183874 0.002142
 366.000000 0.035339 0.797643 2.212135 0.003280
 367.000000 0.061729 0.746964 1.992342 0.006062
 368.000000 0.023819 0.846184 2.294954 0.001492
 369.000000 0.024899 0.830272 2.301059 0.002341
 370.000000 0.030806 0.828890 2.359787 0.002125
 371.000000 0.048658 0.787537 2.174864 0.004130
 372.000000 0.047922 0.784903 2.149948 0.004648
 373.000000 0.043788 0.818539 2.306966 0.002646
 374.000000 0.044535 0.835926 2.413376 0.002288
 375.000000 0.023499 0.891292 2.596609 0.002437
 376.000000 0.015334 0.922782 2.692921 0.001625
 377.000000 0.015074 0.927436 2.706526 0.001301
 378.000000 0.025255 0.869261 2.442931 0.003364
 379.000000 0.019320 0.917093 2.673409 0.001539
 380.000000 0.024769 0.892153 2.495080 0.003041
 381.000000 0.025997 0.851789 2.390116 0.001989
 382.000000 0.029404 0.855656 2.306739 0.002372
 383.000000 0.048766 0.818937 2.041162 0.003219
 384.000000 0.043476 0.818404 2.104322 0.002439
 385.000000 0.064695 0.813821 2.186806 0.003290
 386.000000 0.037162 0.807840 2.176751 0.002107
 387.000000 0.034441 0.787345 2.094438 0.003108
 388.000000 0.115097 0.699014 1.580671 0.007099
 389.000000 0.080315 0.670271 1.414413 0.005176
 390.000000 0.092747 0.692256 1.482400 0.008385
 391.000000 0.094113 0.664885 1.418871 0.005994
 392.000000 0.105421 0.685641 1.647457 0.009981
 393.000000 0.108089 0.659336 1.391731 0.011603
 394.000000 0.073952 0.672266 1.426044 0.009846
 395.000000 0.075318 0.690669 1.404746 0.007543
 396.000000 0.083764 0.669920 1.306750 0.006565
 397.000000 0.118351 0.665355 1.304745 0.010967
 398.000000 0.145051 0.656853 1.357925 0.009272
 399.000000 0.101050 0.620429 0.934232 0.006405
 400.000000 0.062630 0.719510 1.499727 0.005038
 401.000000 0.108385 0.668007 1.283574 0.007371
 402.000000 0.078304 0.667529 1.383607 0.007402
 403.000000 0.086090 0.682104 1.430838 0.009129
 404.000000 0.088684 0.709878 1.710067 0.006648
 405.000000 0.095318 0.681180 1.513624 0.014648
 406.000000 0.071757 0.675347 1.440757 0.007185
 407.000000 0.100555 0.694199 1.630305 0.009806
 408.000000 0.068122 0.710215 1.781606 0.004711
 409.000000 0.057448 0.745729 1.890398 0.005229
 410.000000 0.038407 0.766885 1.890339 0.002636
 411.000000 0.032782 0.792190 2.072202 0.002591
 412.000000 0.037922 0.788216 2.072918 0.002923
 413.000000 0.045742 0.795738 2.149277 0.005098
 414.000000 0.155364 0.723819 1.873536 0.015011
 415.000000 0.075378 0.720712 1.819301 0.005934
 416.000000 0.071001 0.726088 1.891129 0.005689
 417.000000 0.133066 0.722405 1.761685 0.012580
 418.000000 0.309068 0.641842 1.505245 0.077124
 419.000000 0.317853 0.651165 1.542046 0.223437
 420.000000 0.424731 0.634189 1.668392 0.562793
 421.000000 0.189514 0.675031 1.710994 0.057522
 422.000000 0.411023 0.663568 1.762957 0.342985
 423.000000 0.402111 0.659340 1.563271 0.325904
 424.000000 0.345440 0.681869 1.571465 0.187804
 425.000000 0.266218 0.685015 1.624990 0.035516
 426.000000 0.312499 0.660239 1.512272 0.067039
 427.000000 0.286724 0.644238 1.307600 0.153528
 428.000000 0.374868 0.630552 1.338664 0.308833
 429.000000 0.348247 0.638238 1.449465 0.288723
 430.000000 0.229865 0.595812 1.160152 0.086703
 431.000000 0.187800 0.609696 1.223111 0.022490
 432.000000 0.131625 0.600187 0.852058 0.036119
 433.000000 0.100955 0.621749 1.120835 0.034533
 434.000000 0.130577 0.674741 1.641434 0.036626
 435.000000 0.151103 0.651668 1.579826 0.121417
 436.000000 0.149956 0.687039 1.666351 0.067330
 437.000000 0.345387 0.649203 1.604955 0.125967
 438.000000 0.408999 0.636251 1.670239 0.249644
 439.000000 0.321020 0.653874 1.707999 0.163344
 440.000000 0.644822 0.661964 1.873484 0.784188
 441.000000 0.413637 0.657936 1.751732 0.282366
 442.000000 0.334637 0.698032 1.857768 0.123925
 443.000000 0.331916 0.665568 1.611975 0.250640
 444.000000 0.289318 0.674530 1.636665 0.159540
 445.000000 0.307384 0.635904 1.556705 0.119801
 446.000000 0.215699 0.676398 1.705424 0.065694
 447.000000 0.417381 0.667602 1.719831 0.243786
 448.000000 0.301210 0.637576 1.470328 0.244434
 449.000000 0.514266 0.632036 1.421838 0.478782
 450.000000 0.373157 0.648917 1.454337 0.233705
 451.000000 0.426712 0.654242 1.524514 0.336435
 452.000000 0.421567 0.674909 1.639921 0.185190
 453.000000 0.380165 0.666806 1.755580 0.625246
 454.000000 0.282612 0.640338 1.452621 0.123482
 455.000000 0.572505 0.630992 1.691539 0.322541
 456.000000 0.515707 0.600394 1.600834 0.801445
 457.000000 0.478458 0.608024 1.471775 0.327440
 458.000000 0.338532 0.630598 1.597945 0.463909
 459.000000 0.307796 0.671313 1.755926 0.134645
 460.000000 0.387146 0.674940 1.659151 0.393525
 461.000000 0.322286 0.674942 1.729432 0.064325
 462.000000 0.304672 0.684892 1.771985 0.176272
 463.000000 0.379717 0.673422 1.789551 0.094750
 464.000000 0.267504 0.705440 1.859315 0.089628
 465.000000 0.072492 0.766467 1.983829 0.005186
 466.000000 0.077998 0.735810 1.916326 0.008296
 467.000000 0.109176 0.678924 1.539910 0.011729
 468.000000 0.083644 0.709243 1.627193 0.007565
 469.000000 0.094986 0.715937 1.636205 0.007860
 470.000000 0.080042 0.729951 1.806190 0.006768
 471.000000 0.110300 0.757884 2.076434 0.009142
 472.000000 0.102518 0.791445 2.153124 0.011118
 473.000000 0.085480 0.744712 2.013340 0.009008
 474.000000 0.121810 0.724065 1.821592 0.014189
 475.000000 0.104403 0.689807 1.667715 0.013462
 476.000000 0.092030 0.679365 1.514525 0.012279
 477.000000 0.099060 0.686498 1.584499 0.009992
 478.000000 0.078810 0.735585 1.889881 0.006483
 479.000000 0.105247 0.730907 1.862610 0.008613
 480.000000 0.052271 0.801702 2.179315 0.006168
 481.000000 0.071187 0.774336 2.070625 0.006674
 482.000000 0.023286 0.851106 2.238924 0.001694
 483.000000 0.021564 0.862423 2.217515 0.001807
 484.000000 0.021243 0.844800 2.238120 0.001511
 485.000000 0.017767 0.855744 2.214408 0.002076
 486.000000 0.021890 0.857130 2.242527 0.003029
 487.000000 0.011235 0.914910 2.364074 0.001478
 488.000000 0.013439 0.907637 2.426789 0.001406
 489.000000 0.011909 0.910887 2.452215 0.001410
 490.000000 0.011325 0.916055 2.382970 0.000983
 491.000000 0.011501 0.916785 2.446427 0.001219
 492.000000 0.017696 0.863786 2.226122 0.002188
 493.000000 0.017039 0.862421 2.047425 0.004255
 494.000000 0.012448 0.901131 2.195398 0.004629
 495.000000 0.023823 0.820713 2.032571 0.002816
 496.000000 0.019708 0.849115 2.184404 0.002467
 497.000000 0.024090 0.838813 2.257236 0.003041
 498.000000 0.018370 0.864292 2.265764 0.001815
 499.000000 0.034426 0.831218 2.099125 0.006561
 500.000000 0.024907 0.867918 2.418676 0.004024
