#! FIELDS time alpha rg e2e hbond
 0.000000 0.004911 1.077877 3.190237 0.000460
 1.000000 0.004762 1.069353 3.114814 0.000506
 2.000000 0.010006 0.980499 2.874139 0.001178
 3.000000 0.014504 0.932909 2.671926 0.002269
 4.000000 0.009858 0.959674 2.775521 0.001197
 5.000000 0.013040 0.951787 2.642626 0.001359
 6.000000 0.020742 0.871412 2.232056 0.002410
 7.000000 0.012972 0.938289 2.580654 0.001225
 8.000000 0.023148 0.901054 2.395758 0.002504
 9.000000 0.019111 0.911099 2.514560 0.001832
 10.000000 0.045517 0.850829 2.274020 0.003064
 11.000000 0.021229 0.910633 2.562160 0.002547
 12.000000 0.039064 0.845994 2.163432 0.003352
 13.000000 0.035185 0.844080 2.122812 0.003397
 14.000000 0.025387 0.872575 2.279980 0.002958
 15.000000 0.028396 0.888478 2.173983 0.002413
 16.000000 0.030183 0.894091 2.323664 0.002422
 17.000000 0.027853 0.885264 2.402321 0.002896
 18.000000 0.024091 0.859776 2.303816 0.002284
 19.000000 0.023069 0.876951 2.210963 0.002529
 20.000000 0.028203 0.854272 2.264269 0.003054
 21.000000 0.026741 0.886713 2.308439 0.003627
 22.000000 0.035141 0.860273 2.178853 0.004368
 23.000000 0.042205 0.845214 2.054985 0.003298
 24.000000 0.034507 0.816911 1.795016 0.003409
 25.000000 0.070514 0.795178 1.805779 0.006565
 26.000000 0.027407 0.864086 2.110907 0.003250
 27.000000 0.031631 0.821989 2.042820 0.003584
 28.000000 0.030886 0.860637 2.161653 0.002820
 29.000000 0.042834 0.818959 1.882216 0.004213
 30.000000 0.020141 0.859070 2.274108 0.002064
 31.000000 0.015289 0.895640 2.281167 0.002352
 32.000000 0.025158 0.827375 1.910820 0.003302
 33.000000 0.027029 0.822684 2.088207 0.003469
 34.000000 0.015776 0.890271 2.176435 0.001630
 35.000000 0.032073 0.851402 2.034700 0.002925
 36.000000 0.021186 0.853405 2.014575 0.002188
 37.000000 0.025362 0.843386 1.949751 0.002304
 38.000000 0.044090 0.816524 1.837922 0.004553
 39.000000 0.036950 0.845825 2.228936 0.003589
 40.000000 0.036123 0.835783 2.069932 0.003657
 41.000000 0.037768 0.853915 2.101971 0.003423
 42.000000 0.031249 0.819055 1.783980 0.002243
 43.000000 0.067808 0.808408 2.064838 0.006683
 44.000000 0.033274 0.855389 2.440581 0.003986
 45.000000 0.027707 0.853877 2.303843 0.004327
 46.000000 0.022760 0.864319 2.325119 0.003989
 47.000000 0.017848 0.880524 2.364504 0.002972
 48.000000 0.012434 0.914265 2.324023 0.001968
 49.000000 0.019060 0.872577 2.228867 0.005323
 50.000000 0.017671 0.867821 2.140185 0.002489
 51.000000 0.018518 0.886301 2.264792 0.003715
 52.000000 0.023630 0.876756 2.312585 0.002045
 53.000000 0.025572 0.857063 1.971109 0.001872
 54.000000 0.018871 0.867418 2.067960 0.001562
 55.000000 0.019799 0.886576 2.289393 0.002208
 56.000000 0.016337 0.869981 2.025825 0.001462
 57.000000 0.020202 0.904495 2.378455 0.001723
 58.000000 0.014961 0.930465 2.477128 0.001314
 59.000000 0.028731 0.863065 2.195929 0.003049
 60.000000 0.015218 0.947084 2.711739 0.001583
 61.000000 0.010739 0.986507 2.848773 0.001269
 62.000000 0.019821 0.894414 2.458947 0.002151
 63.000000 0.025428 0.867129 2.275251 0.001917
 64.000000 0.019795 0.896216 2.458836 0.001686
 65.000000 0.017379 0.904078 2.451356 0.001392
 66.000000 0.014651 0.929553 2.666878 0.001485
 67.000000 0.012529 0.943280 2.702866 0.001190
 68.000000 0.014149 0.934383 2.747689 0.001192
 69.000000 0.013340 0.954624 2.595198 0.001303
 70.000000 0.011035 0.984094 2.694245 0.000868
 71.000000 0.012764 0.940189 2.673064 0.001084
 72.000000 0.016103 0.920991 2.625772 0.001560
 73.000000 0.017103 0.939950 2.653920 0.001598
 74.000000 0.012732 0.950876 2.704808 0.001282
 75.000000 0.013368 0.954234 2.716647 0.001283
 76.000000 0.013092 0.942880 2.575651 0.001296
 77.000000 0.012969 0.947356 2.568821 0.001428
 78.000000 0.012436 0.951530 2.723067 0.001106
 79.000000 0.011016 0.966823 2.821713 0.000950
 80.000000 0.013165 0.954397 2.735431 0.001337
 81.000000 0.012134 0.952572 2.703203 0.001125
 82.000000 0.012808 0.928082 2.579306 0.001088
 83.000000 0.019056 0.852334 2.225401 0.001342
 84.000000 0.014279 0.913501 2.515904 0.001149
 85.000000 0.015613 0.878659 2.425984 0.001194
 86.000000 0.028313 0.820667 2.163727 0.002201
 87.000000 0.017259 0.851202 2.164037 0.001149
 88.000000 0.012923 0.869710 2.104482 0.000893
 89.000000 0.013314 0.863568 2.172358 0.001084
 90.000000 0.012974 0.883588 2.192750 0.001155
 91.000000 0.011611 0.899587 2.265606 0.000889
 92.000000 0.012660 0.892189 2.299797 0.001134
 93.000000 0.011437 0.900089 2.341836 0.000978
 94.000000 0.017796 0.862013 2.249572 0.001479
 95.000000 0.017660 0.855349 2.115641 0.001656
 96.000000 0.018674 0.820038 2.025353 0.001732
 97.000000 0.022674 0.794017 1.913757 0.001811
 98.000000 0.023182 0.799744 1.849775 0.001724
 99.000000 0.023613 0.798196 2.021323 0.001794
 100.000000 0.021650 0.810786 2.070902 0.001475
 101.000000 0.018133 0.852288 2.243567 0.001247
 102.000000 0.020657 0.837940 2.228092 0.001930
 103.000000 0.017217 0.853336 2.052635 0.001647
 104.000000 0.014729 0.896209 2.397921 0.001110
 105.000000 0.021286 0.835111 2.100400 0.002003
 106.000000 0.017480 0.863961 2.213662 0.001446
 107.000000 0.015242 0.891516 2.471297 0.001250
 108.000000 0.015683 0.886123 2.454679 0.001314
 109.000000 0.016431 0.925662 2.662962 0.001416
 110.000000 0.013917 0.924114 2.620120 0.001217
 111.000000 0.015499 0.890115 2.448921 0.001158
 112.000000 0.017179 0.896153 2.498562 0.001434
 113.000000 0.014820 0.900639 2.488310 0.001131
 114.000000 0.010965 0.964599 2.717774 0.000991
 115.000000 0.016418 0.946330 2.781091 0.001720
 116.000000 0.014253 0.955674 2.760087 0.001389
 117.000000 0.016079 0.924766 2.702056 0.001763
 118.000000 0.011368 0.933992 2.687012 0.001013
 119.000000 0.009958 0.982382 2.877425 0.000968
 120.000000 0.012787 0.965001 2.763076 0.001098
 121.000000 0.016248 0.942367 2.773721 0.001413
 122.000000 0.012669 0.940263 2.685439 0.001195
 123.000000 0.014316 0.927933 2.566031 0.001272
 124.000000 0.016796 0.923368 2.657300 0.001429
 125.000000 0.020773 0.884935 2.348774 0.001718
 126.000000 0.018752 0.918589 2.625841 0.001839
 127.000000 0.026593 0.888610 2.603413 0.002307
 128.000000 0.013986 0.946332 2.809625 0.001222
 129.000000 0.012702 0.958915 2.775596 0.001489
 130.000000 0.015207 0.928368 2.664192 0.001871
 131.000000 0.022974 0.903149 2.472569 0.002187
 132.000000 0.026003 0.865514 2.399464 0.002778
 133.000000 0.053140 0.781620 2.048441 0.004941
 134.000000 0.038502 0.813460 2.116847 0.004591
 135.000000 0.047933 0.832309 2.176117 0.007781
 136.000000 0.070766 0.814769 1.884325 0.012247
 137.000000 0.072756 0.794922 1.961275 0.012583
 138.000000 0.049917 0.807891 1.969143 0.005332
 139.000000 0.057538 0.777360 1.850212 0.008752
 140.000000 0.036400 0.844651 2.112482 0.005888
 141.000000 0.025836 0.824087 2.065495 0.002610
 142.000000 0.014886 0.898636 2.432652 0.001357
 143.000000 0.025077 0.811519 2.072939 0.002481
 144.000000 0.026074 0.812007 1.977450 0.002536
 145.000000 0.024279 0.797367 1.914364 0.002506
 146.000000 0.035749 0.813818 2.013640 0.002905
 147.000000 0.024665 0.842716 2.134743 0.002360
 148.000000 0.026239 0.846907 2.263710 0.002642
 149.000000 0.026774 0.854899 2.293863 0.002701
 150.000000 0.021135 0.871951 2.351139 0.001818
 151.000000 0.060692 0.813712 1.944456 0.006363
 152.000000 0.028506 0.836355 1.933889 0.002609
 153.000000 0.033773 0.847057 1.925295 0.003266
 154.000000 0.034123 0.819947 1.996096 0.002908
 155.000000 0.035041 0.817556 2.126015 0.003580
 156.000000 0.035973 0.869710 2.425439 0.004832
 157.000000 0.057228 0.863053 2.376435 0.010689
 158.000000 0.048478 0.833287 2.232799 0.007326
 159.000000 0.026637 0.869166 2.353578 0.002815
 160.000000 0.023428 0.877586 2.390085 0.003131
 161.000000 0.114374 0.817081 2.302697 0.027675
 162.000000 0.050445 0.822838 2.364532 0.008617
 163.000000 0.123507 0.793718 2.242484 0.030292
 164.000000 0.114578 0.809277 2.210170 0.010880
 165.000000 0.199078 0.766341 2.047413 0.035109
 166.000000 0.069533 0.824192 2.253655 0.014006
 167.000000 0.074896 0.829375 2.387421 0.016886
 168.000000 0.280639 0.765231 2.200181 0.156492
 169.000000 0.285628 0.769962 2.144384 0.118783
 170.000000 0.307798 0.748524 1.987889 0.049160
 171.000000 0.419112 0.703331 1.845645 0.854708
 172.000000 0.320754 0.721078 1.821501 0.511371
 173.000000 0.247009 0.687158 1.670086 0.718049
 174.000000 0.281566 0.734535 1.961970 0.151871
 175.000000 0.263629 0.730670 1.879054 0.272747
 176.000000 0.280128 0.760034 2.127766 0.101205
 177.000000 0.404081 0.731063 2.040251 0.500084
 178.000000 0.503471 0.734887 2.101557 0.586970
 179.000000 0.143908 0.805215 2.328891 0.034370
 180.000000 0.313266 0.749403 2.049597 0.133337
 181.000000 0.279170 0.764279 2.181309 0.103025
 182.000000 0.268721 0.754775 2.133776 0.126214
 183.000000 0.350477 0.742950 2.118235 0.198807
 184.000000 0.389508 0.721361 1.996599 0.217707
 185.000000 0.248460 0.728809 2.030965 0.263996
 186.000000 0.263468 0.757568 2.119630 0.165886
 187.000000 0.208966 0.772879 2.199640 0.090677
 188.000000 0.329408 0.749147 2.127131 0.176473
 189.000000 0.301577 0.772687 2.163872 0.149271
 190.000000 0.321677 0.713376 1.829307 0.820163
 191.000000 0.159163 0.744019 1.857128 0.029273
 192.000000 0.142143 0.779535 1.957445 0.048533
 193.000000 0.161160 0.769788 2.082380 0.022426
 194.000000 0.193886 0.743513 1.977325 0.031845
 195.000000 0.313662 0.771667 2.210831 0.035866
 196.000000 0.101329 0.802046 2.294912 0.012961
 197.000000 0.114261 0.801976 2.270441 0.016390
 198.000000 0.234975 0.778477 2.164805 0.064484
 199.000000 0.193723 0.772602 2.032779 0.072660
 200.000000 0.116732 0.816936 2.191057 0.020775
 201.000000 0.401493 0.739318 2.092898 0.626710
 202.000000 0.470652 0.760343 2.164083 0.409652
 203.000000 0.328873 0.754131 2.102925 0.377304
 204.000000 0.505123 0.749894 2.080574 0.522878
 205.000000 0.459733 0.758089 2.098901 0.257590
 206.000000 0.923564 0.711894 1.955577 0.571112
 207.000000 0.305388 0.776697 2.206035 0.216174
 208.000000 0.507371 0.740492 2.159589 0.489954
 209.000000 0.473074 0.718943 1.894374 0.354728
 210.000000 0.349352 0.737728 1.964455 0.216353
 211.000000 0.310041 0.768213 2.157249 0.075597
 212.000000 0.371725 0.759758 2.106582 0.086889
 213.000000 0.355829 0.753355 2.138717 0.427974
 214.000000 0.535403 0.744318 2.168886 0.165565
 215.000000 0.501646 0.759234 2.200151 0.509212
 216.000000 0.476118 0.751034 2.209860 0.170415
 217.000000 1.064151 0.728789 2.173420 0.255889
 218.000000 1.073216 0.715911 2.020899 0.238605
 219.000000 1.076794 0.713370 1.998478 0.860359
 220.000000 1.130427 0.646150 1.654631 0.545051
 221.000000 0.106087 0.741067 1.894099 0.014139
 222.000000 0.142922 0.755340 2.081451 0.017987
 223.000000 0.084895 0.783682 2.127047 0.009071
 224.000000 0.134178 0.776949 2.022265 0.015559
 225.000000 0.126075 0.751364 2.063950 0.012852
 226.000000 0.102296 0.732667 1.851891 0.007941
 227.000000 0.097084 0.759669 1.831779 0.006879
 228.000000 0.060571 0.798223 2.031640 0.003100
 229.000000 0.066747 0.775502 1.957863 0.003717
 230.000000 0.068053 0.758113 1.983454 0.003144
 231.000000 0.074897 0.774479 2.077470 0.003523
 232.000000 0.091407 0.739931 1.820503 0.004298
 233.000000 0.063470 0.696620 1.361487 0.002778
 234.000000 0.098834 0.699939 1.654080 0.005938
 235.000000 0.064037 0.743848 1.813624 0.002649
 236.000000 0.078487 0.726307 1.823704 0.004759
 237.000000 0.084213 0.671157 1.413391 0.006602
 238.000000 0.098640 0.651380 1.312711 0.003781
 239.000000 0.095111 0.657429 1.293418 0.006590
 240.000000 0.067867 0.654563 1.088260 0.005142
 241.000000 0.088218 0.623115 0.912733 0.004734
 242.000000 0.093064 0.607840 0.744400 0.007691
 243.000000 0.100252 0.622353 0.899161 0.007536
 244.000000 0.092707 0.644770 1.078562 0.007507
 245.000000 0.107274 0.630048 1.135999 0.007142
 246.000000 0.089585 0.647172 1.118851 0.006165
 247.000000 0.094109 0.637294 1.037864 0.007864
 248.000000 0.079130 0.628087 0.886172 0.004891
 249.000000 0.062567 0.623139 0.731866 0.007719
 250.000000 0.085035 0.598921 0.541226 0.007722
 251.000000 0.075152 0.600542 0.687135 0.004837
 252.000000 0.070861 0.592600 0.635342 0.003056
 253.000000 0.074311 0.604996 0.633121 0.005337
 254.000000 0.058894 0.610925 0.671480 0.005649
 255.000000 0.068506 0.633034 0.823453 0.005644
 256.000000 0.086322 0.616649 0.856727 0.004388
 257.000000 0.073401 0.637894 1.007402 0.005019
 258.000000 0.050572 0.681449 1.169086 0.006848
 259.000000 0.048239 0.671287 1.163626 0.004686
 260.000000 0.081714 0.653303 1.046247 0.007369
 261.000000 0.042474 0.747406 1.617842 0.004457
 262.000000 0.048989 0.754030 1.713963 0.004400
 263.000000 0.028617 0.787889 1.815282 0.003285
 264.000000 0.040786 0.789640 1.998069 0.003715
 265.000000 0.032526 0.828787 2.181869 0.003418
 266.000000 0.038395 0.757167 1.747013 0.003493
 267.000000 0.055788 0.712564 1.587635 0.004782
 268.000000 0.044141 0.766201 1.943055 0.002392
 269.000000 0.038301 0.786658 2.114103 0.002852
 270.000000 0.031322 0.797333 2.064733 0.002875
 271.000000 0.049235 0.730410 1.644749 0.005062
 272.000000 0.032774 0.790758 2.030939 0.002803
 273.000000 0.043343 0.795715 2.157653 0.003603
 274.000000 0.059291 0.807061 2.268110 0.004379
 275.000000 0.034099 0.842265 2.414877 0.002997
 276.000000 0.056959 0.779264 2.155250 0.003721
 277.000000 0.066301 0.769906 2.145743 0.008279
 278.000000 0.032979 0.799699 2.242698 0.002838
 279.000000 0.039006 0.766324 2.112691 0.003259
 280.000000 0.073625 0.759226 2.141938 0.008607
 281.000000 0.051650 0.779617 2.248855 0.002979
 282.000000 0.037166 0.816978 2.308495 0.002956
 283.000000 0.029986 0.855815 2.506655 0.001944
 284.000000 0.040768 0.843895 2.442700 0.002933
 285.000000 0.034727 0.854201 2.452276 0.002677
 286.000000 0.089442 0.785905 2.263956 0.008021
 287.000000 0.087170 0.789332 2.279335 0.027848
 288.000000 0.149323 0.758727 2.139163 0.033698
 289.000000 0.058688 0.814530 2.392001 0.005714
 290.000000 0.036019 0.867248 2.561485 0.003222
 291.000000 0.025446 0.890278 2.614664 0.002398
 292.000000 0.029067 0.855591 2.407171 0.002221
 293.000000 0.047831 0.810035 2.315489 0.003525
 294.000000 0.035901 0.795626 2.075881 0.003929
 295.000000 0.045754 0.760670 1.783144 0.004113
 296.000000 0.031942 0.775797 1.837136 0.003704
 297.000000 0.029367 0.765114 1.791921 0.003276
 298.000000 0.032038 0.738570 1.532359 0.002581
 299.000000 0.032137 0.705354 1.295324 0.002539
 300.000000 0.032648 0.697703 1.336921 0.002253
 301.000000 0.030553 0.695992 1.175767 0.002704
 302.000000 0.046028 0.677921 1.156173 0.003880
 303.000000 0.045271 0.677730 1.189922 0.002951
 304.000000 0.047519 0.685123 1.312485 0.003492
 305.000000 0.054340 0.658500 1.115797 0.005012
 306.000000 0.050955 0.661134 1.164713 0.003660
 307.000000 0.030817 0.731486 1.464250 0.003081
 308.000000 0.045693 0.675660 1.256047 0.003648
 309.000000 0.084106 0.685871 1.572612 0.012671
 310.000000 0.036318 0.757223 1.866192 0.006045
 311.000000 0.029920 0.745786 1.781427 0.002847
 312.000000 0.030385 0.775552 1.865203 0.002818
 313.000000 0.028741 0.777766 1.963467 0.002466
 314.000000 0.022518 0.804588 2.051674 0.001893
 315.000000 0.032352 0.794754 2.137449 0.002821
 316.000000 0.026789 0.830408 2.357362 0.002732
 317.000000 0.032309 0.792898 2.141295 0.002514
 318.000000 0.038316 0.794599 2.210736 0.002641
 319.000000 0.034339 0.807489 2.168688 0.003376
 320.000000 0.026780 0.814077 2.207477 0.002026
 321.000000 0.039888 0.795787 2.216355 0.002820
 322.000000 0.051111 0.779023 2.154303 0.005188
 323.000000 0.055236 0.787073 2.060893 0.012963
 324.000000 0.032867 0.798483 2.091360 0.002566
 325.000000 0.031175 0.823413 2.285216 0.002713
 326.000000 0.042561 0.788996 2.110072 0.003281
 327.000000 0.038050 0.790447 2.164174 0.002368
 328.000000 0.032737 0.817661 2.217403 0.003024
 329.000000 0.043072 0.808154 2.209514 0.003831
 330.000000 0.032923 0.837917 2.331578 0.003345
 331.000000 0.036968 0.854582 2.339798 0.003268
 332.000000 0.033607 0.822092 2.131017 0.003153
 333.000000 0.026245 0.841055 2.058624 0.002477
 334.000000 0.023768 0.861642 2.251799 0.001903
 335.000000 0.040511 0.814541 2.149058 0.005235
 336.000000 0.048308 0.815358 2.216783 0.006512
 337.000000 0.062004 0.795327 2.191457 0.006038
 338.000000 0.023074 0.849326 2.390122 0.002253
 339.000000 0.028209 0.809622 2.110307 0.002132
 340.000000 0.031415 0.833470 2.278064 0.003004
 341.000000 0.023634 0.831749 2.195874 0.001699
 342.000000 0.022407 0.846909 2.231961 0.001852
 343.000000 0.028855 0.819180 2.217082 0.002682
 344.000000 0.021432 0.825996 2.164985 0.001456
 345.000000 0.038115 0.776743 1.984745 0.002493
 346.000000 0.020382 0.853679 2.275077 0.001771
 347.000000 0.038337 0.825545 2.258051 0.004358
 348.000000 0.026050 0.841911 2.288404 0.003096
 349.000000 0.039134 0.803892 2.026899 0.003482
 350.000000 0.034965 0.810810 2.149715 0.003097
 351.000000 0.031856 0.786146 1.914986 0.004893
 352.000000 0.026110 0.825138 2.186734 0.003286
 353.000000 0.035796 0.758277 1.724405 0.004841
 354.000000 0.037805 0.762169 1.700032 0.004370
 355.000000 0.029886 0.808377 1.948479 0.001889
 356.000000 0.041765 0.781409 1.895289 0.004483
 357.000000 0.034764 0.796216 2.082089 0.003626
 358.000000 0.015661 0.870200 2.370900 0.002011
 359.000000 0.017867 0.896452 2.533765 0.001718
 360.000000 0.016845 0.881426 2.480347 0.001738
 361.000000 0.017512 0.864591 2.311830 0.002125
 362.000000 0.023459 0.820091 2.183800 0.002724
 363.000000 0.027672 0.781811 1.946186 0.002141
 364.000000 0.028778 0.781820 2.023241 0.002272
 365.000000 0.021763 0.797550 1.974431 0.002034
 366.000000 0.026844 0.774995 1.823777 0.002658
 367.000000 0.042683 0.719958 1.704753 0.003191
 368.000000 0.047401 0.720105 1.512193 0.008095
 369.000000 0.065566 0.691726 1.499256 0.006237
 370.000000 0.033038 0.763613 1.796324 0.003201
 371.000000 0.033816 0.764842 1.818015 0.003231
 372.000000 0.036526 0.741043 1.825351 0.003290
 373.000000 0.028544 0.794873 2.134603 0.002382
 374.000000 0.025787 0.806991 2.105399 0.002398
 375.000000 0.027939 0.792889 1.969978 0.002848
 376.000000 0.028699 0.782573 2.006736 0.001805
 377.000000 0.027343 0.836860 2.234793 0.002076
 378.000000 0.033118 0.797812 2.190230 0.002180
 379.000000 0.033703 0.797506 2.088659 0.003513
 380.000000 0.022619 0.815285 2.149385 0.001667
 381.000000 0.014915 0.862060 2.146638 0.001294
 382.000000 0.032656 0.739782 1.556539 0.002053
 383.000000 0.045356 0.722522 1.443408 0.003518
 384.000000 0.032636 0.779135 1.747939 0.002139
 385.000000 0.048573 0.731716 1.513518 0.002969
 386.000000 0.052402 0.724617 1.481599 0.004533
 387.000000 0.041756 0.724411 1.527733 0.003070
 388.000000 0.025019 0.783535 1.822407 0.002018
 389.000000 0.019307 0.846068 2.102382 0.001767
 390.000000 0.043667 0.804393 2.164780 0.003740
 391.000000 0.036992 0.822119 2.284899 0.003006
 392.000000 0.017513 0.907344 2.542952 0.001992
 393.000000 0.011991 0.944370 2.698280 0.001228
 394.000000 0.010151 0.971270 2.752037 0.001318
 395.000000 0.013054 0.921203 2.497993 0.001414
 396.000000 0.013480 0.900739 2.336852 0.002006
 397.000000 0.012034 0.899993 2.379650 0.001514
 398.000000 0.013055 0.905292 2.438714 0.001283
 399.000000 0.011258 0.943564 2.649295 0.001375
 400.000000 0.014563 0.899259 2.409702 0.001718
 401.000000 0.022253 0.826597 1.966784 0.003115
 402.000000 0.024081 0.818101 2.017593 0.001900
 403.000000 0.034029 0.797914 1.950032 0.003568
 404.000000 0.020542 0.837639 2.001519 0.002537
 405.000000 0.024319 0.813633 1.763309 0.002671
 406.000000 0.035774 0.795994 1.807216 0.004094
 407.000000 0.039532 0.747843 1.630314 0.003432
 408.000000 0.051512 0.748923 1.467562 0.002975
 409.000000 0.071598 0.708217 1.427954 0.004555
 410.000000 0.040314 0.760724 1.621244 0.004875
 411.000000 0.051272 0.736960 1.462181 0.003150
 412.000000 0.048578 0.754934 1.597351 0.003507
 413.000000 0.044499 0.761159 1.656078 0.004134
 414.000000 0.059120 0.725165 1.382537 0.003043
 415.000000 0.024723 0.801496 1.713714 0.002611
 416.000000 0.039725 0.784016 1.706608 0.004873
 417.000000 0.021725 0.831417 2.097109 0.002055
 418.000000 0.030293 0.798015 1.960027 0.004077
 419.000000 0.043927 0.778342 1.908895 0.003414
 420.000000 0.046546 0.764674 1.913367 0.005754
 421.000000 0.023754 0.799677 1.974121 0.001994
 422.000000 0.058161 0.738256 1.731724 0.004870
 423.000000 0.065054 0.700358 1.265683 0.004021
 424.000000 0.065605 0.699136 1.268070 0.004044
 425.000000 0.049085 0.747243 1.723020 0.003263
 426.000000 0.030161 0.807560 1.997842 0.004893
 427.000000 0.019206 0.866849 2.180968 0.002143
 428.000000 0.018489 0.874040 2.341587 0.002367
 429.000000 0.024369 0.827671 2.022128 0.003415
 430.000000 0.030339 0.823139 1.944267 0.003360
 431.000000 0.012345 0.901761 2.225483 0.001393
 432.000000 0.012460 0.905172 2.431698 0.001646
 433.000000 0.024005 0.830324 1.998391 0.003458
 434.000000 0.021474 0.847262 1.952819 0.002118
 435.000000 0.024424 0.868319 2.212059 0.002455
 436.000000 0.020160 0.892065 2.422715 0.002077
 437.000000 0.017939 0.898396 2.563798 0.002487
 438.000000 0.022517 0.874017 2.509897 0.002260
 439.000000 0.029330 0.862646 2.487392 0.003981
 440.000000 0.032895 0.876485 2.460581 0.005463
 441.000000 0.055530 0.806706 2.110138 0.007025
 442.000000 0.044631 0.806348 2.117964 0.004988
 443.000000 0.032409 0.855578 2.245746 0.004179
 444.000000 0.030606 0.866035 2.259707 0.004782
 445.000000 0.035356 0.847279 2.145013 0.003476
 446.000000 0.056567 0.832416 2.164878 0.004994
 447.000000 0.029338 0.848493 2.082002 0.004169
 448.000000 0.039976 0.816804 2.100605 0.005439
 449.000000 0.040921 0.795955 2.101846 0.004848
 450.000000 0.036385 0.845444 2.252184 0.003269
 451.000000 0.034168 0.807524 2.118744 0.002999
 452.000000 0.037184 0.761345 1.605761 0.003145
 453.000000 0.050313 0.719890 1.411380 0.002961
 454.000000 0.051661 0.737581 1.550303 0.003425
 455.000000 0.078212 0.712100 1.759513 0.003958
 456.000000 0.067275 0.739111 1.686762 0.004068
 457.000000 0.057917 0.728628 1.678395 0.003228
 458.000000 0.065716 0.739383 1.876014 0.003818
 459.000000 0.051294 0.750977 1.767324 0.004350
 460.000000 0.050409 0.771422 2.017721 0.002988
 461.000000 0.053736 0.738665 1.758796 0.002748
 462.000000 0.085412 0.707483 1.544000 0.004355
 463.000000 0.068014 0.721062 1.546500 0.008164
 464.000000 0.049465 0.764847 1.820381 0.003631
 465.000000 0.055076 0.768444 1.944831 0.003737
 466.000000 0.034168 0.776071 1.810597 0.003083
 467.000000 0.049849 0.775656 1.909665 0.003566
 468.000000 0.040139 0.723438 1.425725 0.003301
 469.000000 0.045420 0.718582 1.448245 0.002965
 470.000000 0.043569 0.771942 1.863992 0.004105
 471.000000 0.062392 0.762900 1.971446 0.003481
 472.000000 0.076697 0.731739 1.908475 0.005037
 473.000000 0.055411 0.729153 1.702081 0.004048
 474.000000 0.068310 0.714916 1.572184 0.004830
 475.000000 0.066808 0.716785 1.401112 0.005851
 476.000000 0.055615 0.710669 1.414205 0.004849
 477.000000 0.071672 0.673555 1.069573 0.006621
 478.000000 0.068745 0.688698 1.213503 0.006140
 479.000000 0.055707 0.715764 1.490559 0.004083
 480.000000 0.042828 0.746705 1.510121 0.003545
 481.000000 0.048523 0.747574 1.720337 0.003650
 482.000000 0.040746 0.761498 1.728867 0.002943
 483.000000 0.050532 0.751867 1.544948 0.005808
 484.000000 0.043518 0.760580 1.568567 0.006106
 485.000000 0.058734 0.688574 1.217390 0.006369
 486.000000 0.071978 0.683441 1.345006 0.005545
 487.000000 0.087364 0.688913 1.430732 0.006622
 488.000000 0.069140 0.665592 1.188941 0.005143
 489.000000 0.074708 0.685415 1.208164 0.007642
 490.000000 0.086285 0.679900 1.305449 0.007639
 491.000000 0.089552 0.680679 1.212042 0.008098
 492.000000 0.096870 0.703491 1.349888 0.012046
 493.000000 0.096201 0.684034 1.197283 0.011564
 494.000000 0.085312 0.714306 1.435757 0.009941
 495.000000 0.110557 0.688817 1.253948 0.010318
 496.000000 0.031088 0.785992 1.664506 0.002934
 497.000000 0.030898 0.809135 1.779300 0.003296
 498.000000 0.025576 0.879499 2.118896 0.003730
 499.000000 0.037159 0.829119 1.990721 0.003411
 500.000000 0.021526 0.885659 2.415501 0.001495
