#! FIELDS time alpha rg e2e hbond
 0.000000 0.004911 1.077877 3.190237 0.000460
 1.000000 0.009433 0.980278 2.870305 0.000931
 2.000000 0.011018 0.954927 2.693333 0.001052
 3.000000 0.014885 0.950350 2.657604 0.001334
 4.000000 0.032485 0.820454 2.302146 0.003925
 5.000000 0.038769 0.760015 1.941298 0.003049
 6.000000 0.050194 0.741123 1.916744 0.005003
 7.000000 0.034251 0.799344 2.131573 0.002797
 8.000000 0.034751 0.780358 2.101987 0.002116
 9.000000 0.026498 0.842112 2.332456 0.001678
 10.000000 0.034782 0.815214 2.243277 0.001956
 11.000000 0.033554 0.818181 2.245207 0.002160
 12.000000 0.032105 0.824407 2.282748 0.001810
 13.000000 0.043239 0.744276 1.973637 0.002770
 14.000000 0.037317 0.810995 2.199201 0.002191
 15.000000 0.040535 0.800230 2.148137 0.003392
 16.000000 0.030434 0.825480 2.317378 0.002444
 17.000000 0.063334 0.766131 2.150127 0.003891
 18.000000 0.057716 0.722137 1.887071 0.004309
 19.000000 0.064459 0.713303 1.864622 0.004138
 20.000000 0.051691 0.737802 1.899295 0.005051
 21.000000 0.083135 0.700738 1.854968 0.012409
 22.000000 0.076382 0.712589 1.889595 0.008395
 23.000000 0.050725 0.748138 1.898046 0.005917
 24.000000 0.041452 0.779299 2.044580 0.005370
 25.000000 0.056517 0.728661 1.784730 0.006763
 26.000000 0.042395 0.749609 1.788033 0.003771
 27.000000 0.034559 0.740013 1.746888 0.003491
 28.000000 0.055203 0.720608 1.620766 0.009175
 29.000000 0.057059 0.720026 1.577901 0.007741
 30.000000 0.048905 0.745741 1.790751 0.008150
 31.000000 0.053830 0.735231 1.675732 0.008096
 32.000000 0.025708 0.813059 1.912551 0.004479
 33.000000 0.052894 0.750669 1.868394 0.006556
 34.000000 0.027905 0.792815 2.056059 0.002754
 35.000000 0.016238 0.840393 2.116749 0.001258
 36.000000 0.038923 0.723502 1.526221 0.003791
 37.000000 0.030905 0.762652 1.764347 0.002944
 38.000000 0.030218 0.778685 1.822194 0.002483
 39.000000 0.027110 0.806357 2.138403 0.001925
 40.000000 0.057780 0.756745 1.993428 0.017143
 41.000000 0.035065 0.769322 1.927691 0.009207
 42.000000 0.038075 0.745483 1.693820 0.005264
 43.000000 0.038514 0.771499 1.897378 0.005630
 44.000000 0.025831 0.837313 2.096773 0.005096
 45.000000 0.020530 0.887795 2.118927 0.004549
 46.000000 0.016933 0.846729 1.861454 0.001389
 47.000000 0.014220 0.877668 2.170006 0.001106
 48.000000 0.016970 0.833664 1.889417 0.001083
 49.000000 0.016310 0.834256 1.876088 0.001179
 50.000000 0.020352 0.787703 1.651350 0.001520
 51.000000 0.022699 0.777173 1.692902 0.001371
 52.000000 0.029391 0.721159 1.489490 0.001923
 53.000000 0.022902 0.736411 1.457700 0.001426
 54.000000 0.022102 0.778566 1.745566 0.001553
 55.000000 0.023019 0.785140 1.877314 0.001645
 56.000000 0.014018 0.906878 2.517457 0.001788
 57.000000 0.017875 0.890238 2.394932 0.001799
 58.000000 0.012780 0.924003 2.655887 0.001725
 59.000000 0.015989 0.923501 2.566990 0.001952
 60.000000 0.009946 0.961697 2.487017 0.000996
 61.000000 0.017605 0.895920 2.411875 0.002068
 62.000000 0.015838 0.896201 2.537108 0.002374
 63.000000 0.013846 0.914727 2.551596 0.001582
 64.000000 0.016535 0.904269 2.498881 0.001547
 65.000000 0.011804 0.938055 2.587758 0.001216
 66.000000 0.012654 0.948248 2.735027 0.001368
 67.000000 0.016465 0.919086 2.646726 0.002138
 68.000000 0.020632 0.892760 2.496156 0.002344
 69.000000 0.017374 0.905675 2.599561 0.001731
 70.000000 0.012753 0.953394 2.770510 0.001383
 71.000000 0.010627 0.955377 2.672872 0.001315
 72.000000 0.021459 0.902181 2.585700 0.003469
 73.000000 0.013387 0.904473 2.384776 0.002030
 74.000000 0.017910 0.880762 2.442932 0.001919
 75.000000 0.011167 0.935010 2.642391 0.001404
 76.000000 0.016432 0.899329 2.381135 0.001872
 77.000000 0.017040 0.914613 2.456880 0.001829
 78.000000 0.017087 0.911131 2.373017 0.001273
 79.000000 0.013156 0.930822 2.619574 0.001656
 80.000000 0.013079 0.936726 2.557263 0.001314
 81.000000 0.011397 0.967120 2.675995 0.001354
 82.000000 0.014497 0.936675 2.616652 0.001734
 83.000000 0.016951 0.908755 2.382924 0.002026
 84.000000 0.017959 0.918705 2.515818 0.002023
 85.000000 0.016706 0.891584 2.322985 0.001709
 86.000000 0.013870 0.922695 2.449417 0.001968
 87.000000 0.015211 0.921882 2.475787 0.001744
 88.000000 0.014935 0.921230 2.505968 0.001795
 89.000000 0.015375 0.919904 2.488309 0.001770
 90.000000 0.010844 0.960081 2.626563 0.001411
 91.000000 0.013157 0.957779 2.784794 0.001606
 92.000000 0.011334 0.953050 2.749812 0.001481
 93.000000 0.020696 0.912092 2.658163 0.002491
 94.000000 0.012076 0.962840 2.770123 0.001551
 95.000000 0.012258 0.963024 2.813346 0.001189
 96.000000 0.010216 0.977424 2.799528 0.001100
 97.000000 0.008944 0.995908 2.868975 0.000775
 98.000000 0.008679 1.008438 2.979505 0.000800
 99.000000 0.011459 0.974928 2.781185 0.001076
 100.000000 0.011658 0.977482 2.819800 0.001138
 101.000000 0.009330 0.993902 2.872493 0.000778
 102.000000 0.012202 0.942592 2.676725 0.001350
 103.000000 0.012738 0.933544 2.583157 0.001259
 104.000000 0.014569 0.910343 2.511979 0.001784
 105.000000 0.019746 0.871758 2.411063 0.002565
 106.000000 0.010606 0.953890 2.596479 0.001184
 107.000000 0.011349 0.962017 2.735534 0.001488
 108.000000 0.014150 0.945446 2.578660 0.001536
 109.000000 0.010863 0.983112 2.850071 0.001108
 110.000000 0.010006 0.993890 2.925235 0.000945
 111.000000 0.010774 0.985818 2.883628 0.001205
 112.000000 0.012553 0.961703 2.738825 0.001323
 113.000000 0.009396 0.964691 2.757771 0.001018
 114.000000 0.011957 0.927459 2.576904 0.001452
 115.000000 0.012569 0.898420 2.407980 0.001207
 116.000000 0.014428 0.868046 2.334727 0.001233
 117.000000 0.023145 0.873882 2.508260 0.002300
 118.000000 0.011782 0.949450 2.751632 0.001138
 119.000000 0.012267 0.940750 2.606186 0.001272
 120.000000 0.012623 0.932939 2.669929 0.001142
 121.000000 0.011866 0.940655 2.582900 0.001171
 122.000000 0.013313 0.932471 2.608351 0.001061
 123.000000 0.016363 0.901542 2.515718 0.001060
 124.000000 0.017446 0.910505 2.521678 0.001529
 125.000000 0.010748 0.965468 2.740184 0.001118
 126.000000 0.009320 0.959032 2.727072 0.000805
 127.000000 0.014818 0.909839 2.521102 0.001338
 128.000000 0.012461 0.935343 2.663520 0.001098
 129.000000 0.011269 0.944158 2.566111 0.000918
 130.000000 0.015002 0.898524 2.430067 0.001355
 131.000000 0.010520 0.958825 2.611867 0.000966
 132.000000 0.013349 0.945871 2.654531 0.001345
 133.000000 0.012400 0.939080 2.568637 0.000960
 134.000000 0.012585 0.932470 2.668645 0.001063
 135.000000 0.009728 0.973280 2.723459 0.000976
 136.000000 0.012411 0.925200 2.436944 0.001068
 137.000000 0.010259 0.940965 2.472312 0.000823
 138.000000 0.015079 0.923591 2.420097 0.001414
 139.000000 0.014321 0.936355 2.528129 0.001155
 140.000000 0.015070 0.933841 2.608118 0.001211
 141.000000 0.012002 0.948041 2.759984 0.001110
 142.000000 0.011423 0.944186 2.662325 0.001240
 143.000000 0.010579 0.961748 2.775302 0.001051
 144.000000 0.008975 0.990913 2.835013 0.000927
 145.000000 0.008073 0.985649 2.838266 0.000949
 146.000000 0.010428 0.982496 2.849136 0.001207
 147.000000 0.008593 0.982617 2.823733 0.000986
 148.000000 0.011491 0.931711 2.463915 0.001282
 149.000000 0.015838 0.881764 2.338270 0.002021
 150.000000 0.025159 0.851654 2.283149 0.003395
 151.000000 0.033940 0.845022 1.936589 0.008332
 152.000000 0.018108 0.917230 2.443975 0.002769
 153.000000 0.026153 0.867280 2.418532 0.002453
 154.000000 0.029968 0.835296 2.123613 0.003635
 155.000000 0.024093 0.852426 2.338537 0.002784
 156.000000 0.026310 0.860187 2.366516 0.003020
 157.000000 0.027151 0.867699 2.318573 0.003077
 158.000000 0.047895 0.823653 2.055687 0.007338
 159.000000 0.026445 0.857094 2.278671 0.003187
 160.000000 0.023160 0.874684 2.520355 0.002327
 161.000000 0.030378 0.844256 2.337841 0.004315
 162.000000 0.026405 0.880969 2.486008 0.003512
 163.000000 0.020371 0.918398 2.641857 0.002529
 164.000000 0.025579 0.888684 2.518477 0.002949
 165.000000 0.017107 0.910783 2.624704 0.001982
 166.000000 0.022323 0.884960 2.493004 0.002177
 167.000000 0.018268 0.904995 2.553384 0.001662
 168.000000 0.017937 0.896600 2.489931 0.002656
 169.000000 0.009936 0.979646 2.789865 0.001072
 170.000000 0.014592 0.918831 2.592434 0.001228
 171.000000 0.017096 0.901391 2.546267 0.001590
 172.000000 0.015674 0.907676 2.650739 0.001809
 173.000000 0.013484 0.953351 2.738240 0.001606
 174.000000 0.014412 0.946615 2.742239 0.001404
 175.000000 0.021942 0.901431 2.606769 0.001980
 176.000000 0.015037 0.945232 2.718778 0.001466
 177.000000 0.013875 0.947384 2.730228 0.001437
 178.000000 0.014115 0.954532 2.789148 0.001281
 179.000000 0.015863 0.948243 2.737854 0.001329
 180.000000 0.011806 0.970564 2.777645 0.001211
 181.000000 0.016318 0.908207 2.492577 0.001234
 182.000000 0.011795 0.915459 2.459492 0.001036
 183.000000 0.013477 0.945957 2.744286 0.001455
 184.000000 0.016586 0.928275 2.692147 0.001665
 185.000000 0.010872 0.977354 2.811913 0.001076
 186.000000 0.014752 0.934712 2.694296 0.001466
 187.000000 0.013316 0.948726 2.774171 0.001282
 188.000000 0.015572 0.921982 2.662939 0.001668
 189.000000 0.015247 0.942723 2.709957 0.001439
 190.000000 0.016239 0.937589 2.677702 0.001590
 191.000000 0.015519 0.929917 2.632194 0.001748
 192.000000 0.020190 0.907026 2.587582 0.002305
 193.000000 0.013025 0.946437 2.721969 0.001312
 194.000000 0.015254 0.923116 2.521987 0.001229
 195.000000 0.016167 0.908875 2.599012 0.001649
 196.000000 0.015077 0.930020 2.668022 0.001286
 197.000000 0.018219 0.903549 2.598685 0.001893
 198.000000 0.013707 0.927048 2.581467 0.001305
 199.000000 0.014707 0.942647 2.686453 0.001462
 200.000000 0.012339 0.950877 2.729361 0.001220
 201.000000 0.014065 0.940742 2.726904 0.001411
 202.000000 0.016762 0.892343 2.349322 0.001336
 203.000000 0.012714 0.913515 2.456743 0.001007
 204.000000 0.012627 0.949673 2.696102 0.001355
 205.000000 0.012644 0.956078 2.757022 0.001223
 206.000000 0.013726 0.929842 2.568003 0.001123
 207.000000 0.015616 0.912503 2.514056 0.001383
 208.000000 0.022147 0.891059 2.455037 0.002223
 209.000000 0.023378 0.867985 2.320287 0.001977
 210.000000 0.037356 0.814738 2.096094 0.003104
 211.000000 0.054315 0.786538 1.887518 0.004048
 212.000000 0.031865 0.788015 1.859005 0.003694
 213.000000 0.036898 0.799475 2.125663 0.003169
 214.000000 0.044129 0.793110 2.099119 0.005285
 215.000000 0.049679 0.778738 2.021753 0.007415
 216.000000 0.053134 0.756618 1.920751 0.007975
 217.000000 0.066129 0.768103 2.095011 0.009205
 218.000000 0.040097 0.834401 2.263483 0.004727
 219.000000 0.026955 0.873194 2.468532 0.003328
 220.000000 0.049751 0.809888 2.281798 0.003304
 221.000000 0.041394 0.813033 2.313116 0.003058
 222.000000 0.021142 0.854166 2.334289 0.002671
 223.000000 0.046747 0.830289 2.303781 0.003149
 224.000000 0.048801 0.780620 2.181674 0.004235
 225.000000 0.018747 0.882301 2.529067 0.002045
 226.000000 0.023310 0.874301 2.544177 0.002522
 227.000000 0.012169 0.891382 2.342697 0.001586
 228.000000 0.025487 0.870056 2.389318 0.002345
 229.000000 0.030528 0.831155 2.263100 0.002517
 230.000000 0.020154 0.909344 2.603841 0.002050
 231.000000 0.029833 0.845890 2.361154 0.003051
 232.000000 0.066172 0.766357 2.039014 0.005604
 233.000000 0.050489 0.795540 2.073565 0.006960
 234.000000 0.049177 0.751280 1.924174 0.006572
 235.000000 0.091537 0.711255 1.778164 0.008306
 236.000000 0.090616 0.674915 1.552246 0.005913
 237.000000 0.029262 0.783637 1.845261 0.002784
 238.000000 0.023739 0.836554 2.077184 0.001829
 239.000000 0.036883 0.813559 2.087639 0.004438
 240.000000 0.033970 0.783909 1.867701 0.003276
 241.000000 0.029316 0.803387 1.926401 0.002781
 242.000000 0.024979 0.803588 1.878070 0.003026
 243.000000 0.022149 0.832082 2.073033 0.001999
 244.000000 0.025345 0.790930 1.757436 0.002084
 245.000000 0.036861 0.786813 1.864033 0.005470
 246.000000 0.033203 0.784663 1.936784 0.003713
 247.000000 0.059026 0.761390 2.005748 0.005464
 248.000000 0.041301 0.796882 2.196116 0.003660
 249.000000 0.045265 0.777077 2.112765 0.004424
 250.000000 0.051604 0.796131 2.278893 0.006150
 251.000000 0.043158 0.803375 2.266443 0.006703
 252.000000 0.093956 0.720157 1.866722 0.006892
 253.000000 0.048824 0.805356 2.181271 0.006740
 254.000000 0.078600 0.751661 1.954320 0.008167
 255.000000 0.084010 0.739709 1.944476 0.014635
 256.000000 0.126013 0.753079 1.918974 0.012433
 257.000000 0.083797 0.766282 2.002216 0.009402
 258.000000 0.200549 0.770022 2.082356 0.014082
 259.000000 0.155229 0.723815 1.843793 0.027576
 260.000000 0.276432 0.715929 1.871855 0.016932
 261.000000 0.172257 0.774864 2.100429 0.015508
 262.000000 0.127957 0.677013 1.619231 0.012532
 263.000000 0.111068 0.723188 1.740029 0.009690
 264.000000 0.047218 0.779128 1.969299 0.005663
 265.000000 0.041239 0.772313 1.964539 0.002762
 266.000000 0.030026 0.826206 2.128587 0.001710
 267.000000 0.022766 0.836169 2.082854 0.001910
 268.000000 0.031017 0.814459 1.909471 0.002226
 269.000000 0.039133 0.789449 1.879892 0.002696
 270.000000 0.065847 0.740640 1.740205 0.004294
 271.000000 0.102878 0.714814 1.738389 0.018965
 272.000000 0.092920 0.685652 1.475732 0.010508
 273.000000 0.065751 0.729366 1.729781 0.006532
 274.000000 0.065749 0.718154 1.432643 0.008040
 275.000000 0.079935 0.717416 1.412469 0.013581
 276.000000 0.074603 0.731458 1.667418 0.007599
 277.000000 0.061620 0.741146 1.698029 0.006970
 278.000000 0.060156 0.755151 1.805093 0.007515
 279.000000 0.094997 0.695928 1.274831 0.018227
 280.000000 0.072508 0.702479 1.392317 0.007969
 281.000000 0.078223 0.697402 1.526042 0.009535
 282.000000 0.102699 0.686380 1.439486 0.016454
 283.000000 0.073545 0.730174 1.666478 0.009698
 284.000000 0.081874 0.719070 1.455033 0.012627
 285.000000 0.079989 0.698550 1.277357 0.014278
 286.000000 0.089898 0.689608 1.375947 0.033032
 287.000000 0.058958 0.668253 1.146665 0.005448
 288.000000 0.072343 0.644561 0.953182 0.007848
 289.000000 0.053866 0.633483 0.942532 0.004310
 290.000000 0.058381 0.649901 1.024086 0.005018
 291.000000 0.067644 0.667671 1.240452 0.007099
 292.000000 0.060082 0.698091 1.254828 0.004785
 293.000000 0.053643 0.713090 1.433423 0.004377
 294.000000 0.055894 0.713791 1.553066 0.005622
 295.000000 0.057530 0.711612 1.517771 0.006359
 296.000000 0.061257 0.733314 1.663125 0.008750
 297.000000 0.052312 0.710368 1.456611 0.006331
 298.000000 0.062536 0.767722 1.805851 0.006731
 299.000000 0.064305 0.731820 1.565428 0.006066
 300.000000 0.046410 0.758997 1.690714 0.006508
 301.000000 0.053344 0.737508 1.673065 0.005736
 302.000000 0.047885 0.708030 1.568356 0.004481
 303.000000 0.041415 0.710901 1.452904 0.002557
 304.000000 0.059475 0.740399 1.760750 0.005747
 305.000000 0.048276 0.738781 1.678084 0.005422
 306.000000 0.095890 0.714174 1.620962 0.011819
 307.000000 0.070570 0.733542 1.563354 0.011189
 308.000000 0.074742 0.702838 1.467650 0.008829
 309.000000 0.057019 0.739027 1.724536 0.006602
 310.000000 0.070460 0.745185 1.675268 0.008529
 311.000000 0.081830 0.739430 1.662095 0.012000
 312.000000 0.070729 0.732860 1.530897 0.009568
 313.000000 0.045814 0.734130 1.525370 0.004962
 314.000000 0.041985 0.751123 1.544799 0.003698
 315.000000 0.086640 0.721415 1.591735 0.014266
 316.000000 0.076493 0.721619 1.593941 0.013634
 317.000000 0.049204 0.728009 1.619497 0.004319
 318.000000 0.068846 0.740486 1.596350 0.007240
 319.000000 0.019870 0.844291 2.001134 0.001913
 320.000000 0.027705 0.798361 1.918461 0.002831
 321.000000 0.046130 0.777533 1.933625 0.003916
 322.000000 0.070955 0.718082 1.628499 0.014095
 323.000000 0.083792 0.677823 1.318191 0.033845
 324.000000 0.084764 0.643056 1.217755 0.030773
 325.000000 0.077705 0.619898 0.984091 0.010030
 326.000000 0.086083 0.635334 1.031188 0.010352
 327.000000 0.063809 0.654160 1.106106 0.006765
 328.000000 0.037071 0.716147 1.311755 0.002344
 329.000000 0.050531 0.741253 1.668567 0.005601
 330.000000 0.044464 0.752416 1.644230 0.006509
 331.000000 0.035636 0.798746 1.950966 0.004693
 332.000000 0.034901 0.785980 1.731850 0.003538
 333.000000 0.048735 0.735591 1.653183 0.007117
 334.000000 0.062294 0.713441 1.587197 0.007525
 335.000000 0.063046 0.712889 1.543656 0.011201
 336.000000 0.065849 0.674968 1.368610 0.011899
 337.000000 0.062547 0.674427 1.184865 0.003803
 338.000000 0.052573 0.681347 1.265307 0.003605
 339.000000 0.060227 0.675671 1.364502 0.003907
 340.000000 0.048257 0.707713 1.378388 0.003992
 341.000000 0.063738 0.718091 1.625240 0.006684
 342.000000 0.040345 0.734408 1.604988 0.003165
 343.000000 0.048032 0.703055 1.490309 0.002913
 344.000000 0.060425 0.679836 1.226020 0.003852
 345.000000 0.072429 0.697303 1.271319 0.008902
 346.000000 0.069189 0.678254 1.346228 0.009421
 347.000000 0.036231 0.752217 1.665713 0.004004
 348.000000 0.045292 0.752873 1.745464 0.004442
 349.000000 0.058789 0.770976 1.916561 0.009284
 350.000000 0.047004 0.758483 1.853731 0.005126
 351.000000 0.030329 0.772491 1.880350 0.002208
 352.000000 0.037698 0.758914 1.783946 0.005110
 353.000000 0.040852 0.759649 1.710675 0.005613
 354.000000 0.043204 0.748291 1.642900 0.006555
 355.000000 0.053298 0.734917 1.627765 0.007668
 356.000000 0.126147 0.717754 1.658371 0.024898
 357.000000 0.148509 0.703532 1.590498 0.046859
 358.000000 0.047750 0.783721 1.958944 0.005503
 359.000000 0.080690 0.671234 1.495007 0.006609
 360.000000 0.061787 0.676194 1.247693 0.008337
 361.000000 0.079343 0.642762 1.149061 0.005861
 362.000000 0.069064 0.684469 1.373202 0.008759
 363.000000 0.059206 0.746625 1.731386 0.007674
 364.000000 0.081168 0.726239 1.702495 0.014124
 365.000000 0.076641 0.741361 1.696197 0.011248
 366.000000 0.085155 0.684009 1.464554 0.006821
 367.000000 0.057011 0.759134 1.827955 0.006823
 368.000000 0.052664 0.791906 1.913872 0.005980
 369.000000 0.066619 0.755457 1.853985 0.007487
 370.000000 0.054731 0.772551 1.927394 0.008171
 371.000000 0.058651 0.771497 1.780495 0.008869
 372.000000 0.067606 0.763732 1.953648 0.007907
 373.000000 0.069060 0.753866 1.783432 0.013347
 374.000000 0.074949 0.711383 1.576118 0.013679
 375.000000 0.055887 0.723370 1.497119 0.009718
 376.000000 0.083722 0.707643 1.724448 0.010466
 377.000000 0.060643 0.699376 1.333222 0.007242
 378.000000 0.065436 0.714907 1.434172 0.007497
 379.000000 0.076955 0.684440 1.316013 0.014784
 380.000000 0.079899 0.697496 1.317599 0.012375
 381.000000 0.081798 0.692004 1.448795 0.009347
 382.000000 0.069621 0.696871 1.167222 0.012369
 383.000000 0.091180 0.663398 1.075622 0.017449
 384.000000 0.059386 0.684831 1.210489 0.005896
 385.000000 0.041724 0.728499 1.309582 0.003069
 386.000000 0.055084 0.737076 1.413738 0.007115
 387.000000 0.032429 0.756674 1.631928 0.001779
 388.000000 0.030231 0.812226 1.949288 0.002406
 389.000000 0.027525 0.812124 1.971345 0.002254
 390.000000 0.035489 0.817832 2.057647 0.003281
 391.000000 0.023805 0.867378 2.185777 0.002555
 392.000000 0.023690 0.866303 2.302457 0.001991
 393.000000 0.030642 0.826411 2.139123 0.004702
 394.000000 0.040121 0.804394 2.001564 0.007349
 395.000000 0.034737 0.869085 2.376149 0.005737
 396.000000 0.028185 0.841336 2.289614 0.003185
 397.000000 0.039618 0.826096 2.242821 0.003981
 398.000000 0.044015 0.800945 2.047216 0.004715
 399.000000 0.031614 0.829981 2.179744 0.004244
 400.000000 0.031879 0.830388 2.215397 0.004357
 401.000000 0.060417 0.801965 2.274956 0.006837
 402.000000 0.035508 0.845660 2.423574 0.005349
 403.000000 0.038483 0.806407 2.219331 0.003253
 404.000000 0.029897 0.856328 2.349861 0.005822
 405.000000 0.011972 0.949861 2.668073 0.001439
 406.000000 0.023409 0.877907 2.420395 0.004113
 407.000000 0.041933 0.839342 2.266200 0.006540
 408.000000 0.039226 0.825776 2.269071 0.005863
 409.000000 0.026985 0.850644 2.292648 0.002857
 410.000000 0.026325 0.838303 2.165074 0.002908
 411.000000 0.048842 0.776107 1.879623 0.008118
 412.000000 0.048057 0.804704 2.097140 0.006290
 413.000000 0.057942 0.795482 2.097386 0.009092
 414.000000 0.073359 0.717413 1.655958 0.010016
 415.000000 0.097850 0.718563 1.820148 0.015503
 416.000000 0.063655 0.742553 1.847153 0.007585
 417.000000 0.090368 0.694240 1.520183 0.017747
 418.000000 0.077248 0.729873 1.726271 0.010288
 419.000000 0.065864 0.737471 1.729188 0.014157
 420.000000 0.073277 0.719214 1.541450 0.013050
 421.000000 0.077490 0.679670 1.403751 0.010001
 422.000000 0.104450 0.634743 1.224082 0.012456
 423.000000 0.067772 0.629738 0.957963 0.009617
 424.000000 0.066982 0.646280 1.100328 0.007175
 425.000000 0.057336 0.639139 0.926204 0.005421
 426.000000 0.058799 0.625573 0.837257 0.005729
 427.000000 0.070104 0.639215 0.869923 0.005789
 428.000000 0.062466 0.661259 1.030797 0.006772
 429.000000 0.064373 0.678796 1.417945 0.006419
 430.000000 0.059764 0.672579 1.403724 0.005191
 431.000000 0.069410 0.682685 1.413438 0.007336
 432.000000 0.072489 0.654386 1.290759 0.006594
 433.000000 0.086030 0.615561 1.074256 0.021442
 434.000000 0.084229 0.646531 1.252206 0.020953
 435.000000 0.086727 0.649970 1.219214 0.015011
 436.000000 0.087491 0.666202 1.247646 0.010827
 437.000000 0.093883 0.647989 1.037178 0.015699
 438.000000 0.104745 0.624429 0.992166 0.034455
 439.000000 0.082602 0.646167 1.250896 0.017299
 440.000000 0.075532 0.638872 1.115669 0.016324
 441.000000 0.083089 0.656491 1.324050 0.017364
 442.000000 0.070082 0.643086 1.068723 0.013811
 443.000000 0.070628 0.663105 1.208057 0.017544
 444.000000 0.069112 0.671179 1.247900 0.011531
 445.000000 0.071897 0.658643 1.042549 0.008262
 446.000000 0.103853 0.642015 1.211331 0.016051
 447.000000 0.113990 0.646253 1.238096 0.017762
 448.000000 0.081803 0.722177 1.720391 0.018029
 449.000000 0.047526 0.728159 1.552018 0.005113
 450.000000 0.053521 0.736652 1.694411 0.005438
 451.000000 0.055143 0.757626 1.742842 0.007078
 452.000000 0.048723 0.744039 1.636298 0.006478
 453.000000 0.040844 0.705290 1.456691 0.001901
 454.000000 0.051764 0.706181 1.399199 0.005945
 455.000000 0.049158 0.729534 1.491314 0.006212
 456.000000 0.062606 0.720832 1.519223 0.007152
 457.000000 0.060256 0.719304 1.506751 0.007276
 458.000000 0.055760 0.754152 1.639435 0.005480
 459.000000 0.062191 0.720599 1.507470 0.006044
 460.000000 0.042036 0.739275 1.626483 0.003613
 461.000000 0.031498 0.814843 2.004478 0.004402
 462.000000 0.023388 0.786834 1.761472 0.002390
 463.000000 0.026138 0.781167 1.684003 0.003543
 464.000000 0.013627 0.873572 2.116513 0.001380
 465.000000 0.060574 0.774102 1.889328 0.012625
 466.000000 0.057907 0.777077 1.951090 0.008119
 467.000000 0.042502 0.791998 1.970554 0.004832
 468.000000 0.046485 0.787327 2.067771 0.004732
 469.000000 0.042796 0.817812 2.192301 0.005226
 470.000000 0.016906 0.852799 2.083453 0.001601
 471.000000 0.022709 0.791550 1.741010 0.001441
 472.000000 0.022438 0.807208 1.910197 0.001600
 473.000000 0.015398 0.849608 2.022475 0.001062
 474.000000 0.015423 0.873799 2.321888 0.001480
 475.000000 0.012854 0.908659 2.479975 0.001005
 476.000000 0.012378 0.921692 2.529630 0.001189
 477.000000 0.017015 0.890512 2.494014 0.001515
 478.000000 0.016419 0.887774 2.496854 0.001358
 479.000000 0.017268 0.891391 2.488383 0.001623
 480.000000 0.011631 0.926716 2.613674 0.000977
 481.000000 0.017129 0.854986 2.188047 0.001403
 482.000000 0.028251 0.769662 1.683606 0.002015
 483.000000 0.018852 0.839890 2.024507 0.001493
 484.000000 0.011215 0.911643 2.205932 0.000958
 485.000000 0.014582 0.924969 2.494008 0.001196
 486.000000 0.016379 0.885337 2.322606 0.001311
 487.000000 0.014523 0.920161 2.634054 0.001699
 488.000000 0.012835 0.939816 2.730852 0.001278
 489.000000 0.015667 0.906068 2.535715 0.001760
 490.000000 0.016870 0.931867 2.563716 0.001984
 491.000000 0.015283 0.934240 2.615905 0.001599
 492.000000 0.017927 0.917050 2.617953 0.002260
 493.000000 0.013439 0.924948 2.582843 0.001974
 494.000000 0.026047 0.875234 2.405778 0.005074
 495.000000 0.013238 0.957164 2.809773 0.001470
 496.000000 0.012239 0.951325 2.746677 0.001390
 497.000000 0.016077 0.910720 2.483951 0.001319
 498.000000 0.016709 0.903894 2.368902 0.001529
 499.000000 0.015123 0.918592 2.498158 0.001302
 500.000000 0.016558 0.913218 2.395043 0.001411
