#! FIELDS time alpha rg e2e hbond
 0.000000 0.071342 0.777878 1.598942 0.034823
 1.000000 0.075969 0.735164 1.305077 0.048115
 2.000000 0.086965 0.735994 1.344501 0.047761
 3.000000 0.072102 0.758579 1.518764 0.025325
 4.000000 0.069101 0.755731 1.507907 0.013553
 5.000000 0.079563 0.790796 1.573360 0.026184
 6.000000 0.096785 0.790548 1.660558 0.016585
 7.000000 0.099946 0.756341 1.450788 0.025391
 8.000000 0.105858 0.757516 1.600433 0.030404
 9.000000 0.092015 0.777773 1.750770 0.072417
 10.000000 0.104696 0.770067 1.679054 0.052158
 11.000000 0.106257 0.777112 1.811471 0.076888
 12.000000 0.096915 0.745583 1.818236 0.021554
 13.000000 0.106803 0.753601 1.979291 0.036045
 14.000000 0.083733 0.772689 1.931107 0.023537
 15.000000 0.093829 0.716943 1.724187 0.018310
 16.000000 0.087546 0.777611 2.014602 0.018640
 17.000000 0.087963 0.797057 1.894374 0.020164
 18.000000 0.083222 0.806656 1.906828 0.013428
 19.000000 0.101310 0.785172 1.715778 0.023631
 20.000000 0.117140 0.780319 1.693460 0.044440
 21.000000 0.102188 0.765863 1.611872 0.027855
 22.000000 0.058550 0.808291 2.048407 0.010144
 23.000000 0.042930 0.835062 1.911163 0.015449
 24.000000 0.049358 0.824771 2.076849 0.016160
 25.000000 0.024397 0.878925 2.360914 0.003177
 26.000000 0.035924 0.857259 2.235715 0.004249
 27.000000 0.032405 0.851683 2.233854 0.004357
 28.000000 0.054880 0.832235 2.094589 0.007961
 29.000000 0.042899 0.842869 2.300076 0.004898
 30.000000 0.062156 0.816785 2.094448 0.011120
 31.000000 0.087669 0.807766 2.242701 0.017456
 32.000000 0.067525 0.831697 2.175419 0.010070
 33.000000 0.054777 0.818943 2.129714 0.008401
 34.000000 0.075225 0.813093 2.082212 0.009480
 35.000000 0.046094 0.833164 2.155103 0.005394
 36.000000 0.037128 0.858310 2.334291 0.005144
 37.000000 0.043591 0.815080 2.255172 0.006005
 38.000000 0.035289 0.826622 2.028117 0.003809
 39.000000 0.077829 0.778432 2.029820 0.017596
 40.000000 0.040284 0.832059 2.167142 0.007238
 41.000000 0.045598 0.834198 2.317618 0.007762
 42.000000 0.048682 0.838955 2.276038 0.007728
 43.000000 0.054351 0.831598 2.270818 0.008583
 44.000000 0.086987 0.793235 2.048980 0.014805
 45.000000 0.054706 0.811397 2.030818 0.005344
 46.000000 0.090451 0.818611 2.093623 0.012594
 47.000000 0.080124 0.805010 1.992506 0.014686
 48.000000 0.057364 0.815339 2.138095 0.008952
 49.000000 0.057845 0.822111 2.038223 0.007715
 50.000000 0.044371 0.842117 2.316036 0.006635
 51.000000 0.032015 0.884783 2.519990 0.003527
 52.000000 0.079892 0.855991 2.434294 0.011545
 53.000000 0.034801 0.885985 2.481224 0.003684
 54.000000 0.026761 0.876495 2.272993 0.002207
 55.000000 0.013994 0.949822 2.573858 0.001253
 56.000000 0.009680 0.974543 2.680079 0.000828
 57.000000 0.014461 0.913568 2.459530 0.001689
 58.000000 0.016061 0.931181 2.637998 0.002063
 59.000000 0.016444 0.938195 2.700026 0.002072
 60.000000 0.014284 0.901380 2.290073 0.001278
 61.000000 0.021029 0.880849 2.072440 0.001733
 62.000000 0.017992 0.879715 2.290529 0.002121
 63.000000 0.035948 0.806642 1.775208 0.002836
 64.000000 0.024756 0.814986 1.691186 0.002617
 65.000000 0.038914 0.779757 1.447548 0.004176
 66.000000 0.029723 0.830225 1.930771 0.002870
 67.000000 0.024824 0.842597 2.073089 0.002116
 68.000000 0.023807 0.836151 2.030123 0.002394
 69.000000 0.026460 0.833872 1.980655 0.002145
 70.000000 0.024519 0.809030 1.807347 0.002290
 71.000000 0.030702 0.801604 1.714702 0.002867
 72.000000 0.048153 0.782597 1.780822 0.003384
 73.000000 0.046702 0.796757 1.813550 0.002814
 74.000000 0.040753 0.764707 1.818343 0.003200
 75.000000 0.053655 0.778147 1.974438 0.003970
 76.000000 0.034108 0.795910 1.856880 0.002491
 77.000000 0.037532 0.757520 1.508982 0.003502
 78.000000 0.032156 0.764307 1.521467 0.003662
 79.000000 0.022863 0.816108 1.881165 0.002415
 80.000000 0.025708 0.813735 1.838470 0.002705
 81.000000 0.020648 0.844231 2.026832 0.002619
 82.000000 0.017006 0.855399 1.970617 0.001789
 83.000000 0.025363 0.853562 2.066380 0.003083
 84.000000 0.016342 0.928796 2.411475 0.002119
 85.000000 0.023016 0.864835 2.075510 0.001992
 86.000000 0.040939 0.845419 2.219434 0.002938
 87.000000 0.027434 0.886999 2.373685 0.002173
 88.000000 0.024827 0.867054 2.391901 0.002392
 89.000000 0.046136 0.842637 2.301824 0.003348
 90.000000 0.015575 0.938351 2.548307 0.001536
 91.000000 0.018045 0.900963 2.449679 0.001902
 92.000000 0.015674 0.900474 2.440683 0.001502
 93.000000 0.021663 0.881650 2.392532 0.002289
 94.000000 0.019248 0.870197 2.444526 0.002416
 95.000000 0.018808 0.862183 2.384624 0.001755
 96.000000 0.021221 0.849789 2.397603 0.002371
 97.000000 0.090186 0.743901 1.928245 0.008574
 98.000000 0.051699 0.782412 2.018517 0.007208
 99.000000 0.083883 0.725459 1.828902 0.016657
 100.000000 0.042253 0.802065 1.833019 0.005430
 101.000000 0.049255 0.772535 1.897727 0.005828
 102.000000 0.030554 0.846583 2.193913 0.003482
 103.000000 0.036489 0.821797 2.222085 0.003695
 104.000000 0.071606 0.739805 1.841853 0.006626
 105.000000 0.042980 0.785913 2.017894 0.003642
 106.000000 0.032137 0.823303 2.196485 0.002701
 107.000000 0.046336 0.818661 2.311043 0.004662
 108.000000 0.030117 0.871142 2.432446 0.003299
 109.000000 0.021447 0.884214 2.544732 0.001941
 110.000000 0.032091 0.824245 2.366193 0.002435
 111.000000 0.048069 0.794480 2.258811 0.006180
 112.000000 0.046204 0.795056 2.197979 0.002983
 113.000000 0.030944 0.834690 2.344216 0.002456
 114.000000 0.026669 0.856458 2.470986 0.002105
 115.000000 0.040995 0.798936 2.281511 0.003193
 116.000000 0.052439 0.790190 2.269757 0.006491
 117.000000 0.045257 0.795445 2.185338 0.004486
 118.000000 0.056688 0.758722 2.094168 0.006330
 119.000000 0.053515 0.758142 2.103881 0.005567
 120.000000 0.053776 0.763354 2.122027 0.004304
 121.000000 0.057004 0.720548 1.892227 0.004718
 122.000000 0.037160 0.800258 2.223279 0.005089
 123.000000 0.032631 0.801830 2.164905 0.004014
 124.000000 0.031973 0.754227 1.811013 0.003205
 125.000000 0.057823 0.739021 1.950696 0.006051
 126.000000 0.043807 0.786413 2.169551 0.004337
 127.000000 0.090286 0.734169 2.100324 0.010063
 128.000000 0.047801 0.783229 2.233494 0.005209
 129.000000 0.044808 0.803776 2.272123 0.004994
 130.000000 0.054265 0.767786 2.090205 0.004722
 131.000000 0.049983 0.771059 2.061752 0.004681
 132.000000 0.038887 0.787781 2.073240 0.003929
 133.000000 0.031538 0.762854 1.792981 0.002827
 134.000000 0.024463 0.784893 1.815433 0.003522
 135.000000 0.042108 0.746083 1.833339 0.004025
 136.000000 0.070018 0.690900 1.579697 0.008933
 137.000000 0.083213 0.698327 1.743990 0.012645
 138.000000 0.084610 0.668048 1.569720 0.014617
 139.000000 0.036211 0.771274 1.788233 0.002890
 140.000000 0.054356 0.725758 1.571462 0.005698
 141.000000 0.044622 0.745364 1.695438 0.005837
 142.000000 0.040212 0.788066 1.848845 0.003917
 143.000000 0.045219 0.758425 1.763902 0.005504
 144.000000 0.034074 0.788259 1.690764 0.003865
 145.000000 0.026450 0.806094 1.717286 0.002228
 146.000000 0.026232 0.811416 1.907638 0.002261
 147.000000 0.024764 0.828235 2.002116 0.002067
 148.000000 0.037938 0.820848 2.017983 0.004022
 149.000000 0.051448 0.779863 1.908438 0.007529
 150.000000 0.047075 0.799624 2.095375 0.004211
 151.000000 0.030870 0.812305 1.977026 0.002886
 152.000000 0.024245 0.851218 2.255176 0.001860
 153.000000 0.026051 0.829756 2.096718 0.002974
 154.000000 0.035133 0.827823 2.243929 0.003180
 155.000000 0.020692 0.861010 2.346536 0.002219
 156.000000 0.014320 0.909873 2.327140 0.001771
 157.000000 0.024504 0.846578 2.135403 0.002605
 158.000000 0.029467 0.860857 2.328080 0.004366
 159.000000 0.022565 0.871101 2.487201 0.002034
 160.000000 0.023159 0.852531 2.394220 0.002213
 161.000000 0.047607 0.780530 2.030972 0.006429
 162.000000 0.036928 0.819953 2.174301 0.003026
 163.000000 0.035852 0.819242 2.235031 0.004025
 164.000000 0.029874 0.826733 2.282480 0.002828
 165.000000 0.029321 0.812374 2.153642 0.003068
 166.000000 0.035799 0.818475 2.239687 0.005269
 167.000000 0.031939 0.810296 2.030103 0.003958
 168.000000 0.023609 0.782451 1.645203 0.002873
 169.000000 0.039668 0.765091 1.678230 0.004427
 170.000000 0.031938 0.820436 2.074015 0.002853
 171.000000 0.033134 0.800291 1.884571 0.002990
 172.000000 0.031467 0.829944 2.101452 0.003270
 173.000000 0.028276 0.829166 2.001634 0.003145
 174.000000 0.043642 0.793660 1.877061 0.003965
 175.000000 0.031327 0.780097 1.746589 0.004484
 176.000000 0.035770 0.756954 1.595598 0.003490
 177.000000 0.028055 0.799788 1.833365 0.003238
 178.000000 0.022464 0.794024 1.724969 0.002086
 179.000000 0.036936 0.765835 1.706240 0.003263
 180.000000 0.043151 0.756546 1.797670 0.004201
 181.000000 0.036886 0.745872 1.532073 0.002798
 182.000000 0.023394 0.796108 1.672616 0.002427
 183.000000 0.018954 0.805859 1.666141 0.002018
 184.000000 0.031114 0.772065 1.545271 0.002369
 185.000000 0.039198 0.757435 1.737403 0.003087
 186.000000 0.033835 0.792199 1.883483 0.002923
 187.000000 0.025956 0.820672 2.096760 0.002682
 188.000000 0.022550 0.843553 2.195174 0.001926
 189.000000 0.030779 0.818746 2.150837 0.003279
 190.000000 0.015657 0.869773 2.142867 0.002211
 191.000000 0.027134 0.795586 1.917365 0.002815
 192.000000 0.029079 0.798721 2.051907 0.002625
 193.000000 0.032825 0.813247 2.027444 0.002847
 194.000000 0.029469 0.819164 1.972709 0.003051
 195.000000 0.029783 0.806851 2.003016 0.003137
 196.000000 0.029189 0.776784 1.794482 0.003081
 197.000000 0.034339 0.767414 1.747847 0.004551
 198.000000 0.023620 0.822676 1.919992 0.002239
 199.000000 0.027658 0.799851 2.018852 0.002551
 200.000000 0.033814 0.777698 1.910124 0.004893
 201.000000 0.035779 0.785497 1.860018 0.004552
 202.000000 0.037181 0.790769 2.039771 0.003208
 203.000000 0.020881 0.861169 2.237333 0.001569
 204.000000 0.030868 0.785466 1.876998 0.003528
 205.000000 0.024962 0.796363 1.835859 0.002195
 206.000000 0.028185 0.803509 1.848799 0.002867
 207.000000 0.031692 0.779600 1.646803 0.003093
 208.000000 0.019499 0.856136 2.116364 0.001728
 209.000000 0.031540 0.806176 1.852079 0.003547
 210.000000 0.045711 0.795224 1.911604 0.005215
 211.000000 0.026006 0.812984 1.881447 0.002975
 212.000000 0.029050 0.773774 1.596119 0.003275
 213.000000 0.025443 0.797896 1.705358 0.001787
 214.000000 0.026746 0.811608 1.908528 0.002713
 215.000000 0.038568 0.832457 2.275267 0.003415
 216.000000 0.030665 0.838924 2.107113 0.003294
 217.000000 0.030340 0.841670 2.209628 0.003920
 218.000000 0.038099 0.817429 2.166874 0.003459
 219.000000 0.042630 0.786368 2.056015 0.005552
 220.000000 0.025123 0.866354 2.495545 0.002600
 221.000000 0.025742 0.864440 2.338846 0.002268
 222.000000 0.027645 0.852029 2.181974 0.002828
 223.000000 0.017716 0.900936 2.404310 0.001708
 224.000000 0.015607 0.904821 2.361966 0.002101
 225.000000 0.029163 0.833983 2.139319 0.002333
 226.000000 0.030548 0.854379 2.399744 0.003632
 227.000000 0.054863 0.744709 1.936084 0.005717
 228.000000 0.071022 0.702604 1.687910 0.006792
 229.000000 0.060665 0.752135 1.970123 0.005560
 230.000000 0.033988 0.814956 2.145212 0.003107
 231.000000 0.055974 0.736464 1.750322 0.006181
 232.000000 0.048565 0.765225 1.732895 0.006220
 233.000000 0.029865 0.819678 2.118470 0.002297
 234.000000 0.033351 0.786872 1.840169 0.003082
 235.000000 0.052477 0.787963 2.044871 0.004990
 236.000000 0.028747 0.829145 2.193530 0.002233
 237.000000 0.024930 0.825339 2.126950 0.001715
 238.000000 0.041501 0.786229 1.926269 0.003751
 239.000000 0.039981 0.787041 1.966395 0.003329
 240.000000 0.060258 0.747770 1.933340 0.002999
 241.000000 0.038574 0.801897 2.124482 0.002978
 242.000000 0.028369 0.836308 2.272690 0.002887
 243.000000 0.022374 0.880030 2.526964 0.001412
 244.000000 0.018877 0.917716 2.650443 0.001388
 245.000000 0.015295 0.954301 2.790486 0.001519
 246.000000 0.018117 0.926266 2.634441 0.001849
 247.000000 0.012020 0.981176 2.875613 0.001058
 248.000000 0.015574 0.945216 2.727055 0.001576
 249.000000 0.019623 0.908312 2.638154 0.001970
 250.000000 0.013278 0.952952 2.808901 0.001405
 251.000000 0.010089 0.968864 2.753424 0.000946
 252.000000 0.009867 0.961848 2.664294 0.000977
 253.000000 0.009981 0.976872 2.814684 0.000984
 254.000000 0.013224 0.948000 2.715517 0.001338
 255.000000 0.010167 0.956690 2.735164 0.000891
 256.000000 0.015318 0.896873 2.463407 0.001444
 257.000000 0.014193 0.890751 2.380109 0.001227
 258.000000 0.014978 0.897681 2.485646 0.001405
 259.000000 0.011762 0.903734 2.347992 0.000942
 260.000000 0.011779 0.921251 2.433757 0.000995
 261.000000 0.012276 0.933839 2.616825 0.001141
 262.000000 0.012804 0.925936 2.563261 0.001202
 263.000000 0.013233 0.898387 2.373827 0.001276
 264.000000 0.012339 0.932623 2.631170 0.001275
 265.000000 0.009703 0.964639 2.724603 0.000905
 266.000000 0.010086 0.963715 2.695543 0.001004
 267.000000 0.010279 0.966118 2.745075 0.000860
 268.000000 0.013769 0.944850 2.743369 0.001278
 269.000000 0.015718 0.926232 2.654771 0.001458
 270.000000 0.018909 0.914415 2.614995 0.002001
 271.000000 0.015087 0.903773 2.540771 0.001598
 272.000000 0.012311 0.938884 2.642959 0.001227
 273.000000 0.012990 0.934270 2.597160 0.001234
 274.000000 0.013266 0.928865 2.636903 0.001344
 275.000000 0.017550 0.901417 2.577887 0.001471
 276.000000 0.012836 0.964496 2.771109 0.001154
 277.000000 0.013644 0.951270 2.776369 0.001293
 278.000000 0.010097 0.974913 2.825145 0.000950
 279.000000 0.010788 0.959768 2.779469 0.000991
 280.000000 0.011559 0.956199 2.816635 0.001097
 281.000000 0.017877 0.907790 2.627552 0.001873
 282.000000 0.016740 0.928782 2.614825 0.001590
 283.000000 0.017265 0.922149 2.624110 0.001573
 284.000000 0.011248 0.966452 2.793042 0.001189
 285.000000 0.014149 0.947683 2.728558 0.001225
 286.000000 0.017536 0.932149 2.756468 0.001621
 287.000000 0.022810 0.886745 2.483771 0.002383
 288.000000 0.013518 0.932832 2.727685 0.001170
 289.000000 0.014258 0.929294 2.658656 0.001659
 290.000000 0.016716 0.930437 2.676153 0.001627
 291.000000 0.019047 0.900408 2.600976 0.001855
 292.000000 0.019089 0.904960 2.613185 0.001871
 293.000000 0.026367 0.881605 2.532935 0.002372
 294.000000 0.016352 0.915254 2.592763 0.001828
 295.000000 0.013985 0.946030 2.740280 0.001225
 296.000000 0.009651 0.978998 2.829741 0.000927
 297.000000 0.016247 0.912095 2.567492 0.001315
 298.000000 0.018304 0.894841 2.481337 0.001780
 299.000000 0.012523 0.914346 2.525537 0.001168
 300.000000 0.017295 0.901229 2.468173 0.001617
 301.000000 0.012168 0.930808 2.617979 0.001165
 302.000000 0.016763 0.905399 2.465735 0.001749
 303.000000 0.016024 0.914573 2.629614 0.001886
 304.000000 0.015482 0.897560 2.634905 0.001439
 305.000000 0.020292 0.867366 2.381256 0.002046
 306.000000 0.014846 0.898133 2.384336 0.001312
 307.000000 0.019301 0.851876 2.118564 0.001753
 308.000000 0.016840 0.842027 1.916616 0.001316
 309.000000 0.021477 0.816368 1.873967 0.001519
 310.000000 0.014832 0.878946 2.240129 0.001304
 311.000000 0.017259 0.854975 2.012903 0.001304
 312.000000 0.020658 0.853376 2.060477 0.001728
 313.000000 0.014324 0.881209 2.162016 0.001087
 314.000000 0.011899 0.914372 2.306993 0.000910
 315.000000 0.014866 0.902850 2.491061 0.001368
 316.000000 0.013914 0.902372 2.522606 0.001366
 317.000000 0.018075 0.871242 2.396332 0.001461
 318.000000 0.016263 0.898568 2.503431 0.001636
 319.000000 0.013264 0.903787 2.401863 0.001227
 320.000000 0.014626 0.894325 2.343529 0.001379
 321.000000 0.017066 0.871604 2.323363 0.001242
 322.000000 0.012946 0.887320 2.352089 0.001128
 323.000000 0.019620 0.846846 2.126239 0.001505
 324.000000 0.011024 0.917672 2.448595 0.001010
 325.000000 0.021860 0.890093 2.602122 0.002292
 326.000000 0.027051 0.832884 2.190565 0.002679
 327.000000 0.039862 0.788183 1.950488 0.005004
 328.000000 0.046413 0.800612 2.127777 0.007336
 329.000000 0.045168 0.772691 1.733326 0.003364
 330.000000 0.023202 0.843942 2.019424 0.002033
 331.000000 0.019093 0.870733 2.266580 0.002310
 332.000000 0.012712 0.919360 2.412082 0.001235
 333.000000 0.019606 0.857754 2.326544 0.002504
 334.000000 0.021857 0.881961 2.453106 0.002597
 335.000000 0.026871 0.866289 2.470320 0.002928
 336.000000 0.026021 0.890908 2.571086 0.003626
 337.000000 0.015509 0.897649 2.403137 0.001156
 338.000000 0.013565 0.920789 2.588298 0.001035
 339.000000 0.015791 0.923010 2.438859 0.001108
 340.000000 0.017554 0.883217 2.335480 0.001362
 341.000000 0.015583 0.839605 1.782069 0.001157
 342.000000 0.017373 0.859067 2.088993 0.001341
 343.000000 0.015755 0.853798 2.082124 0.001236
 344.000000 0.019269 0.856518 1.880555 0.001165
 345.000000 0.024957 0.815560 1.931140 0.002298
 346.000000 0.021772 0.829352 2.059511 0.001519
 347.000000 0.024509 0.833216 2.102189 0.002120
 348.000000 0.018080 0.893267 2.397672 0.001565
 349.000000 0.017164 0.927457 2.598501 0.001546
 350.000000 0.021725 0.902447 2.509462 0.002164
 351.000000 0.021508 0.891482 2.468554 0.002406
 352.000000 0.017329 0.907270 2.483773 0.001473
 353.000000 0.012299 0.957013 2.686826 0.001247
 354.000000 0.020346 0.919965 2.475940 0.001844
 355.000000 0.014709 0.939103 2.593629 0.001677
 356.000000 0.012015 0.969563 2.715187 0.001046
 357.000000 0.012533 0.957734 2.637490 0.001377
 358.000000 0.016921 0.926654 2.608011 0.002244
 359.000000 0.014995 0.947724 2.740692 0.001610
 360.000000 0.018600 0.909103 2.423292 0.002194
 361.000000 0.023333 0.884534 2.253430 0.001855
 362.000000 0.018589 0.889743 2.302010 0.001718
 363.000000 0.017868 0.881762 2.189516 0.001458
 364.000000 0.024600 0.869813 2.190302 0.002149
 365.000000 0.025232 0.859098 2.210379 0.002300
 366.000000 0.014211 0.914629 2.368715 0.001079
 367.000000 0.019644 0.924835 2.632971 0.002169
 368.000000 0.015962 0.904800 2.355862 0.001449
 369.000000 0.020441 0.883976 2.362375 0.001521
 370.000000 0.015588 0.889527 2.420321 0.001256
 371.000000 0.017818 0.877037 2.405024 0.001636
 372.000000 0.018705 0.894312 2.485291 0.001694
 373.000000 0.010665 0.956037 2.639537 0.000961
 374.000000 0.010562 0.975910 2.821879 0.001323
 375.000000 0.017153 0.903399 2.550227 0.001517
 376.000000 0.018365 0.907218 2.583601 0.001576
 377.000000 0.021646 0.881779 2.350810 0.002184
 378.000000 0.018034 0.882317 2.239170 0.001904
 379.000000 0.015552 0.902452 2.293746 0.001336
 380.000000 0.014150 0.938640 2.530875 0.001502
 381.000000 0.018810 0.889524 2.223885 0.001635
 382.000000 0.021037 0.878054 2.235021 0.002019
 383.000000 0.017092 0.874560 2.152189 0.001460
 384.000000 0.016603 0.906341 2.274730 0.001566
 385.000000 0.015852 0.887281 2.119822 0.001443
 386.000000 0.017373 0.895299 2.450289 0.001707
 387.000000 0.019695 0.889068 2.266802 0.001658
 388.000000 0.018102 0.869230 2.030839 0.001429
 389.000000 0.018835 0.854899 1.920069 0.001486
 390.000000 0.019643 0.851568 1.996773 0.001964
 391.000000 0.018255 0.904197 2.411620 0.001480
 392.000000 0.020311 0.899249 2.394636 0.001882
 393.000000 0.012537 0.956107 2.497515 0.001132
 394.000000 0.020393 0.906298 2.497932 0.002057
 395.000000 0.016548 0.887084 2.332038 0.001911
 396.000000 0.016640 0.896367 2.373199 0.001958
 397.000000 0.015770 0.891236 2.440455 0.001875
 398.000000 0.013136 0.903432 2.363660 0.001683
 399.000000 0.019644 0.820658 2.110238 0.002120
 400.000000 0.021863 0.821305 1.949851 0.002641
 401.000000 0.018372 0.891244 2.158288 0.001260
 402.000000 0.015193 0.884493 2.175200 0.001486
 403.000000 0.020504 0.800963 1.696319 0.002654
 404.000000 0.029018 0.797323 1.652497 0.002762
 405.000000 0.019825 0.803899 1.646073 0.001445
 406.000000 0.042382 0.744193 1.474521 0.004593
 407.000000 0.025055 0.835325 1.859462 0.002106
 408.000000 0.019790 0.803665 1.546142 0.001843
 409.000000 0.026879 0.793597 1.700222 0.003194
 410.000000 0.023891 0.816276 1.722395 0.002706
 411.000000 0.023129 0.805640 1.709882 0.001718
 412.000000 0.026219 0.769729 1.532221 0.001633
 413.000000 0.023011 0.801741 1.739127 0.001913
 414.000000 0.021950 0.790235 1.667341 0.001586
 415.000000 0.031880 0.759912 1.575065 0.002056
 416.000000 0.023065 0.799237 1.688900 0.001912
 417.000000 0.023799 0.829538 1.867896 0.001980
 418.000000 0.019618 0.869748 2.125879 0.001998
 419.000000 0.027638 0.837982 2.061489 0.002534
 420.000000 0.018691 0.861871 2.167710 0.001450
 421.000000 0.016522 0.895117 2.413264 0.002122
 422.000000 0.012824 0.934588 2.537712 0.001398
 423.000000 0.017192 0.927303 2.464616 0.001739
 424.000000 0.017190 0.919744 2.447468 0.001523
 425.000000 0.013795 0.952560 2.630194 0.001449
 426.000000 0.029611 0.881947 2.410206 0.002580
 427.000000 0.017506 0.915650 2.459461 0.001732
 428.000000 0.017435 0.943738 2.572924 0.002172
 429.000000 0.022087 0.875030 2.278529 0.001516
 430.000000 0.012040 0.961738 2.651149 0.001145
 431.000000 0.013643 0.935895 2.568273 0.002293
 432.000000 0.015257 0.914135 2.448189 0.002101
 433.000000 0.020450 0.892028 2.234654 0.001973
 434.000000 0.017731 0.864426 2.053279 0.001901
 435.000000 0.018448 0.889715 2.275433 0.001957
 436.000000 0.019766 0.889722 2.245726 0.001586
 437.000000 0.021761 0.862341 1.918132 0.001403
 438.000000 0.026412 0.837806 1.948148 0.002180
 439.000000 0.019078 0.889364 2.097975 0.001767
 440.000000 0.018696 0.895732 2.267369 0.001435
 441.000000 0.022818 0.868593 2.001744 0.001635
 442.000000 0.031572 0.829872 1.907015 0.002483
 443.000000 0.022892 0.871059 2.298873 0.002162
 444.000000 0.019204 0.901648 2.455635 0.001912
 445.000000 0.019368 0.906413 2.465940 0.001966
 446.000000 0.026464 0.860962 2.268384 0.002684
 447.000000 0.017250 0.889960 2.276925 0.001933
 448.000000 0.019328 0.868348 2.110581 0.001681
 449.000000 0.021440 0.850810 2.069807 0.002038
 450.000000 0.020933 0.849749 1.986182 0.001720
 451.000000 0.028095 0.817030 1.706611 0.002133
 452.000000 0.021954 0.837047 1.926760 0.001772
 453.000000 0.032554 0.806422 1.828452 0.003393
 454.000000 0.041516 0.822807 1.739246 0.003672
 455.000000 0.025133 0.855034 1.897458 0.002258
 456.000000 0.027553 0.849952 1.992508 0.002116
 457.000000 0.019241 0.879191 2.081801 0.001503
 458.000000 0.013681 0.891297 2.076871 0.001025
 459.000000 0.031317 0.806627 1.869413 0.003121
 460.000000 0.030646 0.813671 1.998055 0.002902
 461.000000 0.029237 0.858093 2.247774 0.002313
 462.000000 0.018703 0.911211 2.406877 0.001304
 463.000000 0.020055 0.890038 2.284322 0.001860
 464.000000 0.024837 0.868574 2.295878 0.002277
 465.000000 0.014537 0.945902 2.583934 0.001353
 466.000000 0.013503 0.940917 2.565574 0.001281
 467.000000 0.013651 0.940684 2.504324 0.001290
 468.000000 0.015692 0.923950 2.526775 0.001771
 469.000000 0.017154 0.888303 2.290322 0.002140
 470.000000 0.019821 0.875953 2.158269 0.001406
 471.000000 0.014298 0.909614 2.298827 0.001377
 472.000000 0.015358 0.904506 2.405072 0.001370
 473.000000 0.021492 0.885531 2.301833 0.001833
 474.000000 0.013623 0.929635 2.542797 0.001399
 475.000000 0.016803 0.912749 2.421558 0.001424
 476.000000 0.022985 0.862295 2.290157 0.003067
 477.000000 0.017332 0.926066 2.721353 0.001995
 478.000000 0.021397 0.894416 2.466853 0.002499
 479.000000 0.013973 0.925342 2.400179 0.001503
 480.000000 0.020314 0.902966 2.396574 0.001868
 481.000000 0.012714 0.934070 2.613181 0.001327
 482.000000 0.015085 0.945179 2.712807 0.001815
 483.000000 0.018829 0.927025 2.479742 0.001697
 484.000000 0.012985 0.957613 2.646647 0.001459
 485.000000 0.019653 0.911257 2.493924 0.002278
 486.000000 0.018617 0.901184 2.485849 0.002042
 487.000000 0.015351 0.927431 2.576611 0.001524
 488.000000 0.019401 0.903478 2.453600 0.001898
 489.000000 0.020016 0.901975 2.319646 0.001960
 490.000000 0.018721 0.913583 2.460538 0.001493
 491.000000 0.021628 0.886663 2.354498 0.001741
 492.000000 0.019119 0.891492 2.345925 0.001472
 493.000000 0.020833 0.898800 2.392930 0.002126
 494.000000 0.019121 0.908605 2.459584 0.001955
 495.000000 0.020618 0.906007 2.545052 0.001789
 496.000000 0.018629 0.917765 2.638327 0.001940
 497.000000 0.014897 0.927495 2.591272 0.001299
 498.000000 0.019066 0.905738 2.355726 0.001627
 499.000000 0.019674 0.922734 2.507106 0.001700
 500.000000 0.025783 0.883141 2.409562 0.002092
