#! FIELDS time alpha rg e2e hbond
 0.000000 0.065427 0.800563 2.269489 0.011531
 1.000000 0.045555 0.814145 2.336229 0.004106
 2.000000 0.059663 0.757507 2.079703 0.003898
 3.000000 0.048905 0.807711 2.268910 0.002837
 4.000000 0.058703 0.778074 2.087015 0.005739
 5.000000 0.042294 0.804779 2.248382 0.003118
 6.000000 0.037383 0.820162 2.192123 0.002517
 7.000000 0.035745 0.833420 2.227747 0.002674
 8.000000 0.029580 0.883909 2.563535 0.002331
 9.000000 0.089275 0.808867 2.329013 0.004912
 10.000000 0.063626 0.817871 2.304655 0.003962
 11.000000 0.031215 0.865698 2.257480 0.002240
 12.000000 0.036949 0.846531 2.370214 0.002782
 13.000000 0.038829 0.808661 2.220524 0.001908
 14.000000 0.034782 0.832766 2.353231 0.001680
 15.000000 0.065878 0.777769 2.117021 0.002347
 16.000000 0.062418 0.777054 2.129873 0.002191
 17.000000 0.033338 0.817975 2.052667 0.002071
 18.000000 0.070883 0.751505 1.845289 0.004574
 19.000000 0.060941 0.770058 1.978384 0.003702
 20.000000 0.058015 0.760504 2.028366 0.003537
 21.000000 0.035254 0.841240 2.386693 0.002959
 22.000000 0.034058 0.871336 2.437597 0.002869
 23.000000 0.044554 0.861504 2.398127 0.003830
 24.000000 0.032810 0.853702 2.232047 0.002450
 25.000000 0.023135 0.872367 2.264821 0.002125
 26.000000 0.075661 0.769715 2.045813 0.003329
 27.000000 0.064750 0.763636 1.862575 0.003479
 28.000000 0.066972 0.731709 1.522251 0.003039
 29.000000 0.081518 0.730902 1.590154 0.002914
 30.000000 0.057985 0.756941 1.839621 0.003125
 31.000000 0.042982 0.783844 2.010282 0.003333
 32.000000 0.102938 0.674955 1.525972 0.011834
 33.000000 0.066501 0.708777 1.688127 0.005772
 34.000000 0.058788 0.749710 1.946649 0.004754
 35.000000 0.039145 0.802127 2.120007 0.002501
 36.000000 0.061776 0.777847 2.165397 0.004217
 37.000000 0.087343 0.741164 1.942627 0.006592
 38.000000 0.059399 0.774444 2.090440 0.003380
 39.000000 0.050353 0.797184 2.090094 0.003022
 40.000000 0.066903 0.767315 1.957648 0.004380
 41.000000 0.045482 0.781400 2.018027 0.002697
 42.000000 0.051571 0.770399 1.900960 0.003783
 43.000000 0.046546 0.770859 1.944535 0.002152
 44.000000 0.037913 0.781855 1.887955 0.002129
 45.000000 0.039316 0.777451 1.861014 0.004027
 46.000000 0.047525 0.767885 1.932228 0.004620
 47.000000 0.025222 0.803812 1.838467 0.001676
 48.000000 0.034462 0.810313 1.894885 0.004424
 49.000000 0.054419 0.762929 1.748793 0.004562
 50.000000 0.030578 0.832750 2.121057 0.002151
 51.000000 0.037493 0.824815 2.095466 0.002875
 52.000000 0.033828 0.822901 2.052289 0.004240
 53.000000 0.041763 0.819860 2.127430 0.014414
 54.000000 0.043883 0.805556 2.074653 0.005772
 55.000000 0.036461 0.775188 1.839517 0.003051
 56.000000 0.047988 0.747743 1.629621 0.005585
 57.000000 0.032098 0.818495 2.020327 0.003576
 58.000000 0.031061 0.862362 2.229155 0.003300
 59.000000 0.049590 0.768806 1.807516 0.016200
 60.000000 0.039177 0.771497 1.661210 0.004198
 61.000000 0.046775 0.751992 1.577830 0.003420
 62.000000 0.026658 0.770633 1.680981 0.002189
 63.000000 0.025538 0.771499 1.541472 0.002365
 64.000000 0.033165 0.747370 1.474228 0.004828
 65.000000 0.047395 0.703880 1.416977 0.010072
 66.000000 0.033664 0.737640 1.431817 0.002399
 67.000000 0.039720 0.712078 1.346416 0.003819
 68.000000 0.042830 0.729825 1.428755 0.002160
 69.000000 0.057396 0.668890 1.211788 0.004309
 70.000000 0.080383 0.652918 1.149634 0.008969
 71.000000 0.046841 0.706996 1.306967 0.003832
 72.000000 0.040287 0.707505 1.401011 0.002069
 73.000000 0.042818 0.706121 1.148743 0.004008
 74.000000 0.031389 0.719557 1.164172 0.002873
 75.000000 0.031734 0.702813 1.214977 0.002126
 76.000000 0.053350 0.688639 1.350400 0.003450
 77.000000 0.055641 0.678446 1.158337 0.002551
 78.000000 0.039142 0.721624 1.398038 0.002227
 79.000000 0.032179 0.719750 1.359280 0.002686
 80.000000 0.028589 0.755658 1.593222 0.002609
 81.000000 0.028510 0.722633 1.491362 0.001938
 82.000000 0.034983 0.694034 1.224106 0.002257
 83.000000 0.040948 0.656494 0.839095 0.003731
 84.000000 0.051357 0.626534 0.701516 0.003952
 85.000000 0.051598 0.629822 0.756399 0.005771
 86.000000 0.053278 0.637219 0.775210 0.003940
 87.000000 0.040712 0.629070 0.611111 0.003774
 88.000000 0.076481 0.612606 0.644504 0.014171
 89.000000 0.065579 0.632371 0.668412 0.005494
 90.000000 0.063509 0.624106 0.754870 0.016623
 91.000000 0.043295 0.665050 1.019442 0.003771
 92.000000 0.047217 0.724954 1.593773 0.004245
 93.000000 0.042147 0.759745 1.683159 0.003924
 94.000000 0.021559 0.796977 1.731933 0.001461
 95.000000 0.030244 0.768320 1.692755 0.002774
 96.000000 0.046057 0.785327 1.909045 0.004299
 97.000000 0.041683 0.789449 1.977837 0.003985
 98.000000 0.027697 0.796374 1.897204 0.002124
 99.000000 0.025758 0.836991 2.278452 0.002253
 100.000000 0.022558 0.839606 2.257406 0.001951
 101.000000 0.018554 0.849885 2.142627 0.001958
 102.000000 0.021690 0.827974 2.028374 0.002495
 103.000000 0.038018 0.777928 1.945674 0.003186
 104.000000 0.036567 0.790587 1.985275 0.004444
 105.000000 0.017589 0.874352 2.233681 0.001750
 106.000000 0.025847 0.843167 2.175325 0.004307
 107.000000 0.032977 0.811277 2.043629 0.002668
 108.000000 0.025082 0.829714 2.241003 0.001943
 109.000000 0.036040 0.806986 2.163666 0.004099
 110.000000 0.032320 0.828740 2.229748 0.004472
 111.000000 0.021236 0.864896 2.258824 0.002122
 112.000000 0.022816 0.869998 2.428748 0.002136
 113.000000 0.025570 0.855766 2.397930 0.002961
 114.000000 0.016570 0.919140 2.588489 0.001752
 115.000000 0.031588 0.852107 2.480813 0.002188
 116.000000 0.024764 0.883263 2.503707 0.002151
 117.000000 0.017699 0.873932 2.310294 0.001605
 118.000000 0.030651 0.845483 2.383246 0.002802
 119.000000 0.017543 0.889927 2.520207 0.001403
 120.000000 0.026030 0.870006 2.480393 0.001852
 121.000000 0.016433 0.911409 2.587497 0.001274
 122.000000 0.021288 0.907419 2.625384 0.001544
 123.000000 0.024773 0.876647 2.573322 0.001891
 124.000000 0.026248 0.872735 2.467159 0.001841
 125.000000 0.022450 0.892810 2.558637 0.002450
 126.000000 0.013023 0.950371 2.742031 0.001402
 127.000000 0.016230 0.921009 2.682966 0.001949
 128.000000 0.020700 0.882951 2.547838 0.002266
 129.000000 0.016475 0.896696 2.513761 0.001782
 130.000000 0.020056 0.874628 2.410441 0.003127
 131.000000 0.015176 0.904286 2.514838 0.001869
 132.000000 0.017896 0.873484 2.357784 0.002549
 133.000000 0.018026 0.864005 2.341087 0.001826
 134.000000 0.016996 0.887771 2.457073 0.001877
 135.000000 0.013368 0.944726 2.716034 0.001301
 136.000000 0.015531 0.912025 2.571918 0.001626
 137.000000 0.017373 0.932528 2.671134 0.002414
 138.000000 0.018089 0.915402 2.670187 0.002120
 139.000000 0.029474 0.877715 2.576346 0.002875
 140.000000 0.016939 0.910753 2.623876 0.001570
 141.000000 0.012451 0.945435 2.719658 0.000975
 142.000000 0.017052 0.912877 2.591282 0.002182
 143.000000 0.018190 0.907920 2.570050 0.002303
 144.000000 0.020496 0.911239 2.637442 0.002359
 145.000000 0.014841 0.955159 2.778908 0.001507
 146.000000 0.018902 0.932444 2.719373 0.002193
 147.000000 0.020639 0.912378 2.623788 0.003194
 148.000000 0.016774 0.913989 2.551389 0.002010
 149.000000 0.020739 0.919782 2.629807 0.003084
 150.000000 0.019688 0.929219 2.733673 0.002087
 151.000000 0.016368 0.943274 2.793733 0.001531
 152.000000 0.015973 0.918243 2.617761 0.002434
 153.000000 0.017542 0.928307 2.714896 0.001977
 154.000000 0.015663 0.934420 2.735011 0.001768
 155.000000 0.011381 0.962077 2.769747 0.001491
 156.000000 0.011113 0.983747 2.851464 0.001091
 157.000000 0.010172 0.972009 2.781006 0.001178
 158.000000 0.011603 0.942145 2.716153 0.001399
 159.000000 0.016359 0.909956 2.534206 0.001728
 160.000000 0.010538 0.975080 2.787846 0.001332
 161.000000 0.010790 0.976188 2.827538 0.001118
 162.000000 0.017476 0.933890 2.730597 0.002289
 163.000000 0.017826 0.891690 2.465764 0.001768
 164.000000 0.020108 0.885769 2.464240 0.001853
 165.000000 0.015729 0.935942 2.643824 0.001895
 166.000000 0.014226 0.928112 2.643627 0.001281
 167.000000 0.015890 0.941423 2.805406 0.002072
 168.000000 0.014207 0.948720 2.720445 0.001827
 169.000000 0.021445 0.890060 2.472433 0.001766
 170.000000 0.053886 0.800550 2.046192 0.005902
 171.000000 0.048853 0.803387 1.960685 0.004928
 172.000000 0.051067 0.803424 2.010314 0.006296
 173.000000 0.079423 0.732382 1.583603 0.011262
 174.000000 0.051497 0.793551 1.826611 0.005505
 175.000000 0.073558 0.711684 1.490340 0.010506
 176.000000 0.058125 0.738486 1.479431 0.006301
 177.000000 0.067037 0.705088 1.265497 0.008894
 178.000000 0.083604 0.637291 1.028263 0.007592
 179.000000 0.047726 0.695297 1.261725 0.006841
 180.000000 0.113367 0.672649 1.302870 0.018219
 181.000000 0.075354 0.716872 1.446199 0.010085
 182.000000 0.032449 0.780842 1.767860 0.003320
 183.000000 0.030522 0.780737 1.783050 0.003058
 184.000000 0.049664 0.730477 1.551158 0.005626
 185.000000 0.041789 0.703045 1.403824 0.006362
 186.000000 0.083282 0.695286 1.398677 0.011197
 187.000000 0.101102 0.660578 1.295055 0.016832
 188.000000 0.057342 0.720018 1.475098 0.007732
 189.000000 0.077786 0.765145 1.823062 0.017778
 190.000000 0.040969 0.805444 2.015040 0.004729
 191.000000 0.046904 0.780499 1.998951 0.007739
 192.000000 0.059852 0.762956 1.901282 0.008400
 193.000000 0.072305 0.721562 1.564282 0.010800
 194.000000 0.042074 0.774724 1.788485 0.004423
 195.000000 0.043758 0.758333 1.593146 0.004715
 196.000000 0.032300 0.819309 1.952874 0.002853
 197.000000 0.031232 0.792415 1.856568 0.003240
 198.000000 0.052556 0.824020 2.284175 0.011082
 199.000000 0.038977 0.819050 2.268037 0.002942
 200.000000 0.023009 0.893694 2.603740 0.002580
 201.000000 0.025616 0.875206 2.430874 0.002854
 202.000000 0.038612 0.829201 2.289282 0.003436
 203.000000 0.054177 0.807607 2.011158 0.005516
 204.000000 0.078731 0.738404 1.792659 0.006002
 205.000000 0.058640 0.756736 1.838326 0.004497
 206.000000 0.049538 0.751967 1.875472 0.003652
 207.000000 0.081697 0.710219 1.825693 0.005428
 208.000000 0.058488 0.741804 1.793220 0.007288
 209.000000 0.072457 0.691033 1.405976 0.006697
 210.000000 0.069985 0.756833 1.686164 0.010490
 211.000000 0.037751 0.793636 1.847581 0.003300
 212.000000 0.057329 0.760308 1.449467 0.012021
 213.000000 0.067890 0.737114 1.447617 0.009106
 214.000000 0.088552 0.721901 1.414602 0.011472
 215.000000 0.074249 0.732418 1.529472 0.006183
 216.000000 0.116660 0.706524 1.599088 0.017734
 217.000000 0.036028 0.775670 1.778942 0.003240
 218.000000 0.036002 0.812649 1.857871 0.003622
 219.000000 0.024532 0.823168 1.876418 0.002493
 220.000000 0.029847 0.784340 1.633960 0.002736
 221.000000 0.073302 0.743903 1.626482 0.012570
 222.000000 0.073267 0.762403 1.812902 0.013449
 223.000000 0.041397 0.797733 1.932965 0.005151
 224.000000 0.073313 0.732828 1.572739 0.010897
 225.000000 0.060582 0.766614 1.883759 0.005760
 226.000000 0.045661 0.823430 2.104661 0.004103
 227.000000 0.051950 0.780095 1.756452 0.005626
 228.000000 0.069927 0.797398 2.065192 0.008040
 229.000000 0.053405 0.814163 2.231705 0.005679
 230.000000 0.053219 0.803720 2.072312 0.005799
 231.000000 0.031441 0.832203 2.142529 0.004890
 232.000000 0.022265 0.865191 2.220202 0.002421
 233.000000 0.044683 0.804887 1.983600 0.006375
 234.000000 0.048271 0.811352 2.150432 0.004118
 235.000000 0.028369 0.845708 2.296799 0.002993
 236.000000 0.052029 0.800711 2.182719 0.007848
 237.000000 0.041766 0.814191 2.163925 0.004037
 238.000000 0.081767 0.728385 1.718860 0.037230
 239.000000 0.071131 0.738877 1.612295 0.015565
 240.000000 0.136629 0.679465 1.257298 0.041119
 241.000000 0.116521 0.689053 1.550136 0.036492
 242.000000 0.081320 0.730558 1.669485 0.011635
 243.000000 0.058554 0.764682 1.528904 0.004958
 244.000000 0.065322 0.769743 1.629554 0.008069
 245.000000 0.041850 0.795349 1.952074 0.005418
 246.000000 0.043387 0.817933 2.190999 0.005495
 247.000000 0.051416 0.790271 2.014160 0.005559
 248.000000 0.042051 0.786315 2.053127 0.009275
 249.000000 0.026842 0.831264 2.171112 0.003120
 250.000000 0.030992 0.830886 2.358861 0.003641
 251.000000 0.030220 0.837664 2.303858 0.003518
 252.000000 0.047406 0.789473 2.243861 0.009581
 253.000000 0.022749 0.822946 2.257689 0.002868
 254.000000 0.035930 0.844341 2.401445 0.005000
 255.000000 0.047297 0.774746 2.082406 0.011247
 256.000000 0.019214 0.880915 2.445056 0.002471
 257.000000 0.020668 0.875544 2.440279 0.002828
 258.000000 0.026614 0.856257 2.441145 0.002846
 259.000000 0.035948 0.810990 2.221244 0.004092
 260.000000 0.027449 0.821740 2.013638 0.003504
 261.000000 0.049182 0.750260 1.758275 0.005295
 262.000000 0.040830 0.770180 1.878847 0.003731
 263.000000 0.032463 0.792894 1.896757 0.003192
 264.000000 0.027242 0.817096 2.108534 0.002866
 265.000000 0.021328 0.864451 2.343768 0.001787
 266.000000 0.021833 0.837306 2.089938 0.001786
 267.000000 0.057662 0.763178 2.052005 0.007226
 268.000000 0.054826 0.745205 2.039444 0.004089
 269.000000 0.056209 0.771666 2.133065 0.004321
 270.000000 0.038695 0.815598 2.344399 0.003341
 271.000000 0.082793 0.777016 2.253599 0.006742
 272.000000 0.102556 0.790971 2.284999 0.011478
 273.000000 0.092146 0.753149 2.181435 0.006201
 274.000000 0.046920 0.797954 2.253196 0.003067
 275.000000 0.056079 0.790172 2.263863 0.003178
 276.000000 0.058285 0.755452 2.098368 0.003406
 277.000000 0.065143 0.744189 2.035856 0.004309
 278.000000 0.092401 0.706233 1.913720 0.006512
 279.000000 0.051739 0.775830 2.176135 0.003216
 280.000000 0.076303 0.738598 1.992905 0.004064
 281.000000 0.028763 0.825567 2.289649 0.002043
 282.000000 0.069338 0.743942 2.115772 0.002838
 283.000000 0.049413 0.793447 2.203275 0.002903
 284.000000 0.022848 0.856796 2.351282 0.001271
 285.000000 0.048901 0.811281 2.281280 0.002762
 286.000000 0.050534 0.826054 2.367337 0.003179
 287.000000 0.060135 0.787544 2.235068 0.003679
 288.000000 0.070592 0.761448 2.121408 0.003712
 289.000000 0.040687 0.822634 2.288890 0.003618
 290.000000 0.038294 0.823534 2.345654 0.002627
 291.000000 0.038153 0.816361 2.186456 0.002280
 292.000000 0.037605 0.799002 2.234640 0.002301
 293.000000 0.040067 0.803548 2.255996 0.003099
 294.000000 0.051631 0.791240 2.227564 0.003707
 295.000000 0.059345 0.727827 1.905739 0.004559
 296.000000 0.057583 0.751992 2.007731 0.003604
 297.000000 0.055991 0.731276 1.817104 0.003760
 298.000000 0.035989 0.813058 2.276590 0.002096
 299.000000 0.078792 0.735293 1.958021 0.005078
 300.000000 0.035428 0.750913 1.799816 0.003176
 301.000000 0.050220 0.685018 1.161390 0.003348
 302.000000 0.050998 0.683960 1.235907 0.004080
 303.000000 0.042958 0.685939 1.237965 0.002993
 304.000000 0.046313 0.704436 1.370690 0.003303
 305.000000 0.080924 0.655341 1.365053 0.004435
 306.000000 0.082552 0.611246 1.198039 0.006581
 307.000000 0.062075 0.670123 1.534227 0.004233
 308.000000 0.061186 0.699288 1.766166 0.003479
 309.000000 0.100038 0.647770 1.626362 0.007031
 310.000000 0.082220 0.682780 1.718282 0.004549
 311.000000 0.056602 0.730370 1.772018 0.003843
 312.000000 0.080114 0.699205 1.835579 0.005981
 313.000000 0.089863 0.684042 1.792185 0.005408
 314.000000 0.076081 0.716600 1.980023 0.004106
 315.000000 0.047770 0.782717 2.116865 0.003183
 316.000000 0.036253 0.796231 2.202269 0.002845
 317.000000 0.086213 0.728655 1.974181 0.006419
 318.000000 0.093687 0.722468 2.009929 0.006222
 319.000000 0.069442 0.709353 1.849373 0.003810
 320.000000 0.044448 0.739214 1.848166 0.003500
 321.000000 0.077282 0.704524 1.889242 0.004133
 322.000000 0.071385 0.702643 1.714409 0.003662
 323.000000 0.082194 0.679466 1.539486 0.009373
 324.000000 0.063525 0.737391 1.867374 0.006147
 325.000000 0.049435 0.788369 2.197330 0.003426
 326.000000 0.057161 0.751001 1.984861 0.005098
 327.000000 0.080177 0.701952 1.843340 0.006306
 328.000000 0.118354 0.694620 1.964858 0.006830
 329.000000 0.085934 0.690219 1.781740 0.004435
 330.000000 0.064195 0.706375 1.792314 0.003407
 331.000000 0.085498 0.689142 1.698636 0.005486
 332.000000 0.046386 0.739130 1.819621 0.003149
 333.000000 0.050965 0.708576 1.548356 0.003935
 334.000000 0.046815 0.728436 1.721513 0.003248
 335.000000 0.039898 0.739128 1.755929 0.003697
 336.000000 0.053139 0.708903 1.526443 0.004216
 337.000000 0.039503 0.731232 1.672553 0.002394
 338.000000 0.026389 0.804883 2.032579 0.002334
 339.000000 0.029645 0.790886 2.045052 0.002175
 340.000000 0.029751 0.796627 2.106969 0.003027
 341.000000 0.031964 0.770065 1.832942 0.002716
 342.000000 0.024257 0.761055 1.606342 0.002392
 343.000000 0.028893 0.791480 1.996090 0.003145
 344.000000 0.028590 0.813357 2.050648 0.002740
 345.000000 0.026267 0.817864 2.076574 0.002687
 346.000000 0.030730 0.806701 2.019318 0.003100
 347.000000 0.034026 0.797494 2.072466 0.003051
 348.000000 0.030205 0.801554 1.970452 0.002661
 349.000000 0.037556 0.797695 2.092902 0.003389
 350.000000 0.023616 0.858979 2.327319 0.002407
 351.000000 0.024283 0.879114 2.479152 0.001958
 352.000000 0.020847 0.893708 2.518604 0.001893
 353.000000 0.017615 0.893046 2.455686 0.001651
 354.000000 0.022927 0.878982 2.390912 0.002226
 355.000000 0.027126 0.853785 2.362554 0.001787
 356.000000 0.034167 0.821250 2.190282 0.003160
 357.000000 0.027214 0.843317 2.303732 0.002917
 358.000000 0.033693 0.804986 2.061109 0.003477
 359.000000 0.039846 0.782493 1.996506 0.003852
 360.000000 0.048033 0.705728 1.520685 0.005286
 361.000000 0.061988 0.678293 1.449770 0.006745
 362.000000 0.034456 0.763246 1.721590 0.004143
 363.000000 0.053824 0.712830 1.447845 0.006943
 364.000000 0.052931 0.672718 1.277261 0.006137
 365.000000 0.046733 0.693773 1.364292 0.005231
 366.000000 0.077461 0.665703 1.380714 0.015484
 367.000000 0.065612 0.685511 1.399857 0.007090
 368.000000 0.080804 0.681510 1.553397 0.017114
 369.000000 0.073196 0.650456 1.426400 0.005700
 370.000000 0.090427 0.691319 1.693702 0.008319
 371.000000 0.047766 0.693594 1.354000 0.007025
 372.000000 0.052618 0.720343 1.700150 0.004278
 373.000000 0.051365 0.719353 1.533243 0.004717
 374.000000 0.053185 0.718497 1.572588 0.005092
 375.000000 0.030935 0.769548 1.806861 0.005110
 376.000000 0.050703 0.757960 1.951837 0.004514
 377.000000 0.034962 0.773626 2.045180 0.003294
 378.000000 0.065153 0.734316 1.935672 0.007079
 379.000000 0.059719 0.745034 1.918783 0.005429
 380.000000 0.047923 0.766864 1.952903 0.005063
 381.000000 0.033406 0.834197 2.191847 0.003301
 382.000000 0.036290 0.813261 2.099997 0.004184
 383.000000 0.031110 0.829427 2.143164 0.003729
 384.000000 0.034536 0.823221 2.185934 0.004522
 385.000000 0.038027 0.796896 2.167277 0.002878
 386.000000 0.037120 0.781848 2.111484 0.003900
 387.000000 0.031588 0.831140 2.261122 0.003156
 388.000000 0.035475 0.815894 2.139475 0.003330
 389.000000 0.034412 0.782850 1.819377 0.003956
 390.000000 0.038311 0.771861 1.993986 0.003703
 391.000000 0.041340 0.781019 1.976204 0.004943
 392.000000 0.032238 0.750304 1.619022 0.004729
 393.000000 0.050327 0.721588 1.527880 0.006598
 394.000000 0.046514 0.705804 1.368534 0.006466
 395.000000 0.065064 0.652398 1.097401 0.009635
 396.000000 0.048071 0.684919 1.252059 0.008306
 397.000000 0.052072 0.641276 1.150824 0.004025
 398.000000 0.066299 0.684475 1.316023 0.005897
 399.000000 0.054403 0.675840 1.180854 0.005192
 400.000000 0.034519 0.748194 1.553545 0.003180
 401.000000 0.035586 0.762944 1.486175 0.003025
 402.000000 0.052557 0.760755 1.619477 0.005018
 403.000000 0.040722 0.786075 1.622068 0.002868
 404.000000 0.030522 0.785850 1.653614 0.003119
 405.000000 0.027303 0.813778 1.918286 0.002142
 406.000000 0.022827 0.814106 1.920941 0.002049
 407.000000 0.024919 0.819295 2.060926 0.002346
 408.000000 0.045190 0.726429 1.508570 0.002735
 409.000000 0.024198 0.817669 1.924044 0.002233
 410.000000 0.037240 0.786448 1.768052 0.004205
 411.000000 0.040963 0.772569 1.663857 0.004376
 412.000000 0.031126 0.801809 1.837437 0.003240
 413.000000 0.021964 0.833092 2.008439 0.002285
 414.000000 0.021431 0.833409 1.954374 0.002114
 415.000000 0.019800 0.845868 2.165616 0.001960
 416.000000 0.024548 0.851488 2.270465 0.002099
 417.000000 0.015628 0.873899 2.246131 0.001745
 418.000000 0.020554 0.854944 2.234395 0.001957
 419.000000 0.020532 0.822960 1.881929 0.001755
 420.000000 0.027019 0.809306 1.803084 0.002220
 421.000000 0.039086 0.732135 1.448858 0.003195
 422.000000 0.021491 0.797820 1.780054 0.001872
 423.000000 0.024142 0.818855 1.932060 0.002191
 424.000000 0.024488 0.827480 2.035806 0.002407
 425.000000 0.023859 0.817765 2.094845 0.001936
 426.000000 0.029856 0.801103 2.057620 0.002612
 427.000000 0.024825 0.855453 2.285425 0.001916
 428.000000 0.040110 0.778878 1.712706 0.003694
 429.000000 0.023489 0.826756 2.050271 0.001684
 430.000000 0.019149 0.855995 2.098609 0.001684
 431.000000 0.020561 0.853740 2.152439 0.001612
 432.000000 0.025409 0.828718 2.170786 0.002769
 433.000000 0.033534 0.824243 2.158295 0.003983
 434.000000 0.028140 0.820329 2.007544 0.003518
 435.000000 0.029806 0.819845 1.964929 0.003822
 436.000000 0.030361 0.841909 2.237066 0.004674
 437.000000 0.030234 0.861275 2.418270 0.004861
 438.000000 0.043268 0.855683 2.389538 0.008364
 439.000000 0.048910 0.809448 2.030348 0.007217
 440.000000 0.086885 0.722594 1.415207 0.016526
 441.000000 0.090392 0.716489 1.300735 0.023385
 442.000000 0.072246 0.795234 1.820073 0.012475
 443.000000 0.090448 0.775175 1.882128 0.013374
 444.000000 0.107194 0.762816 1.803001 0.011364
 445.000000 0.062423 0.787861 1.840729 0.010262
 446.000000 0.065918 0.808184 2.020021 0.010342
 447.000000 0.059108 0.756372 1.664087 0.008788
 448.000000 0.074148 0.786724 1.957268 0.012657
 449.000000 0.070296 0.809349 1.950107 0.009524
 450.000000 0.075682 0.826822 2.057509 0.014221
 451.000000 0.075719 0.795973 1.820385 0.010295
 452.000000 0.084026 0.795082 1.909210 0.010002
 453.000000 0.085197 0.809281 1.938453 0.013768
 454.000000 0.066857 0.822220 1.887780 0.009509
 455.000000 0.080117 0.801145 2.042125 0.015550
 456.000000 0.093542 0.802809 1.869788 0.017502
 457.000000 0.108371 0.778035 1.896028 0.017753
 458.000000 0.052052 0.846088 2.017630 0.007326
 459.000000 0.062041 0.808957 2.019070 0.011225
 460.000000 0.050652 0.819067 2.173811 0.008773
 461.000000 0.066151 0.825991 2.112083 0.009853
 462.000000 0.076525 0.809938 1.861104 0.009202
 463.000000 0.072050 0.813329 1.959757 0.011271
 464.000000 0.070525 0.793756 1.625488 0.016224
 465.000000 0.073465 0.756732 1.441967 0.016957
 466.000000 0.076432 0.767257 1.623115 0.020126
 467.000000 0.094645 0.803663 1.888490 0.016356
 468.000000 0.084488 0.760920 1.667988 0.012448
 469.000000 0.073637 0.757404 1.649613 0.015031
 470.000000 0.085549 0.765312 1.643378 0.014337
 471.000000 0.070108 0.740332 1.598071 0.015846
 472.000000 0.062637 0.801353 1.935970 0.009149
 473.000000 0.056717 0.826645 2.131965 0.006551
 474.000000 0.091719 0.808521 2.054572 0.013332
 475.000000 0.084395 0.797896 1.954946 0.011116
 476.000000 0.083657 0.789520 1.967033 0.015258
 477.000000 0.066913 0.812945 1.873879 0.009351
 478.000000 0.089503 0.786177 1.889654 0.017119
 479.000000 0.106672 0.753710 1.589660 0.024020
 480.000000 0.049157 0.842577 2.213182 0.008205
 481.000000 0.040890 0.849124 2.320594 0.006849
 482.000000 0.030738 0.849266 2.353725 0.003935
 483.000000 0.102692 0.766504 1.897188 0.015259
 484.000000 0.074351 0.816557 2.032493 0.009507
 485.000000 0.069344 0.825262 2.116373 0.010603
 486.000000 0.094655 0.798837 1.996556 0.008942
 487.000000 0.095927 0.766513 1.692896 0.014730
 488.000000 0.055747 0.773871 1.775247 0.008401
 489.000000 0.073954 0.763678 1.612684 0.010250
 490.000000 0.050192 0.796720 1.876854 0.005365
 491.000000 0.032451 0.845286 2.221584 0.003811
 492.000000 0.066406 0.824332 2.339731 0.012440
 493.000000 0.038321 0.876238 2.493186 0.006905
 494.000000 0.021911 0.920895 2.649841 0.003018
 495.000000 0.024355 0.893197 2.497341 0.002282
 496.000000 0.025300 0.848591 2.267544 0.002835
 497.000000 0.020281 0.898738 2.510372 0.002488
 498.000000 0.020226 0.906678 2.573337 0.002436
 499.000000 0.013923 0.937619 2.688264 0.001750
 500.000000 0.015750 0.903823 2.491139 0.001813
