#! FIELDS time alpha rg e2e hbond
 0.000000 0.174377 0.651241 1.187247 0.032996
 1.000000 0.187075 0.653152 1.250399 0.039546
 2.000000 0.167583 0.651697 1.260083 0.078135
 3.000000 0.133203 0.629244 1.235840 0.039106
 4.000000 0.192343 0.614371 1.206775 0.116454
 5.000000 0.312336 0.577404 1.302371 0.514784
 6.000000 0.456037 0.599074 1.431208 0.335304
 7.000000 0.307853 0.575266 1.354133 0.900857
 8.000000 0.440564 0.581888 1.446985 0.267670
 9.000000 0.567488 0.601163 1.552443 0.403372
 10.000000 0.286130 0.647055 1.736128 0.224956
 11.000000 0.304450 0.652994 1.665707 0.542901
 12.000000 0.471972 0.583887 1.483480 0.365046
 13.000000 0.483143 0.585924 1.481572 0.780833
 14.000000 0.253199 0.623570 1.476160 0.461159
 15.000000 0.387909 0.599323 1.500864 0.379966
 16.000000 0.353208 0.602765 1.430675 0.264164
 17.000000 0.457036 0.570431 1.285017 0.345458
 18.000000 0.298707 0.600435 1.439006 0.130744
 19.000000 0.258510 0.634254 1.533319 0.682866
 20.000000 0.306600 0.637041 1.564877 0.186423
 21.000000 0.200266 0.665365 1.663904 0.177536
 22.000000 0.193956 0.666601 1.618784 0.098568
 23.000000 0.231603 0.646177 1.556201 0.139900
 24.000000 0.251879 0.615472 1.510458 0.456442
 25.000000 0.158389 0.617120 1.300052 0.100814
 26.000000 0.207666 0.625982 1.498455 0.092675
 27.000000 0.293132 0.595790 1.497398 0.331653
 28.000000 0.169298 0.676002 1.588763 0.134657
 29.000000 0.273434 0.679448 1.643045 0.336001
 30.000000 0.163016 0.692100 1.612279 0.402517
 31.000000 0.373239 0.641654 1.654467 0.239080
 32.000000 0.264617 0.651636 1.686886 0.301769
 33.000000 0.497598 0.612633 1.553350 0.388388
 34.000000 0.586030 0.577810 1.425382 0.217666
 35.000000 0.507367 0.615192 1.507365 0.323373
 36.000000 0.432324 0.643465 1.538236 0.077780
 37.000000 0.690946 0.563433 1.342288 0.856939
 38.000000 0.475825 0.568266 1.363670 0.360817
 39.000000 0.596311 0.592029 1.430656 0.155665
 40.000000 0.524747 0.623509 1.607899 0.461184
 41.000000 0.299993 0.666985 1.667667 0.316769
 42.000000 0.511937 0.616453 1.632062 0.215142
 43.000000 0.346850 0.640914 1.575522 0.290702
 44.000000 0.289032 0.642513 1.623058 0.366163
 45.000000 0.264359 0.661319 1.595487 0.212303
 46.000000 0.206110 0.666529 1.683578 0.410613
 47.000000 0.245407 0.599330 1.410193 0.142912
 48.000000 0.288263 0.601621 1.414766 0.039363
 49.000000 0.327695 0.571948 1.362530 0.511540
 50.000000 0.177260 0.622228 1.487537 0.128273
 51.000000 0.053938 0.650319 1.420836 0.011035
 52.000000 0.108690 0.607921 1.370453 0.020541
 53.000000 0.171533 0.569056 0.976428 0.045112
 54.000000 0.158662 0.577337 0.991758 0.057784
 55.000000 0.319045 0.546346 1.124332 0.292834
 56.000000 0.294419 0.563176 1.123057 0.123085
 57.000000 0.352613 0.548131 1.183833 0.590071
 58.000000 0.359357 0.546225 1.118895 0.131754
 59.000000 0.160621 0.587088 1.153590 0.021296
 60.000000 0.100969 0.626848 1.416875 0.010299
 61.000000 0.294795 0.580212 1.470335 0.038567
 62.000000 0.201917 0.550395 1.339357 0.035334
 63.000000 0.125119 0.567790 1.283560 0.021229
 64.000000 0.184051 0.621479 1.600761 0.023783
 65.000000 0.210816 0.561412 1.137486 0.048130
 66.000000 0.183600 0.550851 1.145447 0.024945
 67.000000 0.229116 0.570703 1.211828 0.071779
 68.000000 0.176861 0.556259 1.101555 0.049720
 69.000000 0.162747 0.578888 1.153091 0.047203
 70.000000 0.166954 0.585145 1.174899 0.019702
 71.000000 0.221172 0.571249 0.999165 0.041876
 72.000000 0.209444 0.581892 1.071372 0.032463
 73.000000 0.223190 0.552160 0.877288 0.052029
 74.000000 0.393608 0.554684 1.094577 0.068647
 75.000000 0.280134 0.550472 1.175866 0.077276
 76.000000 0.266169 0.570797 1.290828 0.072983
 77.000000 0.230489 0.536537 1.226579 0.139762
 78.000000 0.290252 0.526861 1.205375 0.156615
 79.000000 0.283268 0.538752 1.220457 0.068370
 80.000000 0.256537 0.543062 1.305720 0.094050
 81.000000 0.201382 0.519546 1.116282 0.086768
 82.000000 0.273006 0.539584 1.224027 0.092693
 83.000000 0.322179 0.548364 1.237028 0.131111
 84.000000 0.304985 0.543874 1.406452 0.154483
 85.000000 0.289910 0.530856 1.188866 0.126442
 86.000000 0.329151 0.531009 1.225212 0.185074
 87.000000 0.311320 0.541945 1.228901 0.114621
 88.000000 0.355300 0.549286 1.276564 0.049006
 89.000000 0.359566 0.574739 1.394385 0.755565
 90.000000 0.240072 0.568651 1.315702 0.842236
 91.000000 0.290247 0.545215 1.216634 0.806222
 92.000000 0.341448 0.576231 1.307508 0.860901
 93.000000 0.197902 0.572089 1.350918 0.896572
 94.000000 0.336263 0.552906 1.158951 0.940723
 95.000000 0.197339 0.562698 1.102366 0.047627
 96.000000 0.256609 0.554799 0.990735 0.104921
 97.000000 0.148727 0.586647 1.354379 0.190961
 98.000000 0.104465 0.578455 1.204212 0.346220
 99.000000 0.143397 0.592280 1.274563 0.702792
 100.000000 0.124909 0.595632 1.378850 0.060733
 101.000000 0.172010 0.606705 1.565003 0.331707
 102.000000 0.132868 0.591739 1.305000 0.045232
 103.000000 0.128219 0.561335 1.137495 0.074696
 104.000000 0.156894 0.598152 0.968177 0.148343
 105.000000 0.133217 0.565418 0.907220 0.515271
 106.000000 0.143091 0.598437 1.076414 0.127954
 107.000000 0.148802 0.583734 0.953286 0.109128
 108.000000 0.122907 0.561775 0.757840 0.229650
 109.000000 0.139431 0.581733 0.861690 0.322176
 110.000000 0.093613 0.571880 0.854025 0.126922
 111.000000 0.123475 0.573696 1.135404 0.106762
 112.000000 0.137096 0.591476 1.190749 0.392364
 113.000000 0.139385 0.560499 1.013976 0.063684
 114.000000 0.122492 0.588510 1.133443 0.127629
 115.000000 0.135035 0.581507 1.203391 0.179216
 116.000000 0.170071 0.580884 1.295698 0.116912
 117.000000 0.271837 0.588518 1.472771 0.498741
 118.000000 0.170862 0.604878 1.423926 0.225550
 119.000000 0.225880 0.550475 1.251378 0.689764
 120.000000 0.208039 0.564128 1.264866 0.374922
 121.000000 0.139117 0.560295 1.095108 0.268557
 122.000000 0.080597 0.568141 0.972863 0.015869
 123.000000 0.087761 0.617584 1.224128 0.016801
 124.000000 0.093482 0.564627 0.837534 0.024825
 125.000000 0.086199 0.602720 1.040927 0.017981
 126.000000 0.079572 0.651936 1.360635 0.011411
 127.000000 0.067421 0.642275 1.159629 0.014985
 128.000000 0.096994 0.652957 1.191143 0.022327
 129.000000 0.083955 0.677202 1.421212 0.015796
 130.000000 0.056514 0.691649 1.506762 0.008608
 131.000000 0.074815 0.686129 1.426697 0.010969
 132.000000 0.042091 0.732677 1.359887 0.009523
 133.000000 0.051162 0.708985 1.568361 0.005181
 134.000000 0.033287 0.775626 1.947605 0.002356
 135.000000 0.029406 0.839555 2.303972 0.003124
 136.000000 0.033095 0.829880 2.251205 0.003728
 137.000000 0.035326 0.790131 2.036719 0.004427
 138.000000 0.055940 0.724242 1.707481 0.006087
 139.000000 0.088144 0.699648 1.683238 0.017803
 140.000000 0.079343 0.711071 1.641463 0.013743
 141.000000 0.082903 0.651852 1.320902 0.009508
 142.000000 0.094479 0.675774 1.463333 0.023053
 143.000000 0.083713 0.678781 1.378853 0.009936
 144.000000 0.057513 0.747205 1.767650 0.006810
 145.000000 0.065748 0.728733 1.514555 0.011849
 146.000000 0.045548 0.668686 1.141523 0.003484
 147.000000 0.040537 0.732939 1.487696 0.003127
 148.000000 0.057269 0.702604 1.504532 0.004691
 149.000000 0.048147 0.766900 1.824959 0.004762
 150.000000 0.071023 0.732998 1.746546 0.004657
 151.000000 0.050274 0.738380 1.522266 0.006601
 152.000000 0.061915 0.694301 1.333386 0.004158
 153.000000 0.132746 0.655281 1.117489 0.009201
 154.000000 0.124407 0.562622 0.600243 0.011455
 155.000000 0.122748 0.593049 0.716177 0.016087
 156.000000 0.057846 0.598543 0.615970 0.003256
 157.000000 0.082670 0.640664 0.874292 0.070676
 158.000000 0.091525 0.636891 0.901458 0.023162
 159.000000 0.099041 0.625796 0.990612 0.025155
 160.000000 0.089344 0.690557 1.227346 0.011940
 161.000000 0.116120 0.728254 1.666723 0.020800
 162.000000 0.076833 0.729502 1.789544 0.009686
 163.000000 0.173826 0.669833 1.486061 0.024129
 164.000000 0.146609 0.717616 1.718054 0.008371
 165.000000 0.141093 0.708005 1.762216 0.021123
 166.000000 0.146018 0.653650 1.293214 0.034451
 167.000000 0.163674 0.667367 1.426733 0.021613
 168.000000 0.049830 0.706203 1.510083 0.002891
 169.000000 0.043024 0.755217 1.691484 0.007056
 170.000000 0.112146 0.683818 1.404180 0.011516
 171.000000 0.077523 0.676920 1.340708 0.006965
 172.000000 0.080413 0.721863 1.668933 0.017224
 173.000000 0.065706 0.715529 1.562171 0.053664
 174.000000 0.060841 0.727439 1.594315 0.010767
 175.000000 0.052507 0.752122 1.675330 0.007359
 176.000000 0.057730 0.737464 1.591740 0.012153
 177.000000 0.100517 0.665030 1.136388 0.031676
 178.000000 0.068758 0.649146 1.057311 0.008214
 179.000000 0.075747 0.709775 1.493406 0.008563
 180.000000 0.093269 0.653384 1.361473 0.034073
 181.000000 0.086745 0.655525 1.453321 0.004578
 182.000000 0.054206 0.705561 1.542304 0.002779
 183.000000 0.036542 0.740698 1.632591 0.001906
 184.000000 0.036422 0.726121 1.547055 0.001883
 185.000000 0.046545 0.701413 1.404238 0.002832
 186.000000 0.092905 0.661334 1.500228 0.004489
 187.000000 0.115138 0.585101 0.981871 0.005589
 188.000000 0.082758 0.645197 1.503537 0.003894
 189.000000 0.070908 0.648490 1.526885 0.002695
 190.000000 0.102362 0.604371 1.299239 0.004265
 191.000000 0.104224 0.654443 1.608362 0.005882
 192.000000 0.141078 0.584479 1.379547 0.007697
 193.000000 0.127482 0.607171 1.504888 0.007205
 194.000000 0.142633 0.593333 1.439524 0.012166
 195.000000 0.156256 0.590083 1.403862 0.009223
 196.000000 0.168017 0.564963 1.312624 0.012188
 197.000000 0.162608 0.598558 1.533907 0.008372
 198.000000 0.117379 0.634245 1.571911 0.006138
 199.000000 0.114697 0.656519 1.752011 0.006766
 200.000000 0.131613 0.616391 1.442485 0.005566
 201.000000 0.065971 0.694879 1.654436 0.004066
 202.000000 0.079502 0.742184 1.979290 0.005193
 203.000000 0.086958 0.696469 1.745231 0.004763
 204.000000 0.055436 0.737202 1.825063 0.003038
 205.000000 0.111101 0.686257 1.689686 0.009180
 206.000000 0.154752 0.667706 1.637739 0.026127
 207.000000 0.118223 0.668212 1.590315 0.015428
 208.000000 0.142010 0.670251 1.538639 0.039452
 209.000000 0.095051 0.770627 2.158638 0.008055
 210.000000 0.100140 0.711039 1.636798 0.009439
 211.000000 0.140350 0.690665 1.518579 0.015892
 212.000000 0.243148 0.698834 1.766641 0.032491
 213.000000 0.114906 0.689775 1.674666 0.007428
 214.000000 0.253849 0.677865 1.600305 0.026617
 215.000000 0.196268 0.650623 1.453767 0.040011
 216.000000 0.111452 0.600445 1.041449 0.036475
 217.000000 0.120458 0.578120 0.947539 0.041667
 218.000000 0.105011 0.572989 0.680354 0.007826
 219.000000 0.136157 0.596474 1.088316 0.032366
 220.000000 0.102622 0.582974 0.920174 0.062583
 221.000000 0.144163 0.550255 0.975480 0.034590
 222.000000 0.121247 0.554997 0.901282 0.022660
 223.000000 0.132347 0.575993 0.948205 0.050670
 224.000000 0.105844 0.649399 1.305223 0.031679
 225.000000 0.083726 0.629668 1.203392 0.024028
 226.000000 0.166809 0.609920 1.087649 0.062107
 227.000000 0.136260 0.582193 0.939321 0.018513
 228.000000 0.140075 0.607713 1.109234 0.048412
 229.000000 0.170212 0.602107 1.115830 0.032443
 230.000000 0.121820 0.627675 1.221226 0.029569
 231.000000 0.136830 0.608323 1.120536 0.022452
 232.000000 0.073299 0.612324 1.108053 0.010368
 233.000000 0.109584 0.610816 1.149910 0.013156
 234.000000 0.177271 0.615865 1.076220 0.022442
 235.000000 0.096673 0.645175 1.225200 0.010176
 236.000000 0.128982 0.624886 1.292610 0.016277
 237.000000 0.184639 0.597538 1.212906 0.018499
 238.000000 0.104224 0.652638 1.415726 0.020482
 239.000000 0.128044 0.611024 1.115453 0.025813
 240.000000 0.103655 0.647604 1.438138 0.011920
 241.000000 0.145660 0.638977 1.382339 0.026653
 242.000000 0.140115 0.623368 1.453638 0.037903
 243.000000 0.116966 0.658722 1.562738 0.015790
 244.000000 0.114472 0.630554 1.389107 0.020933
 245.000000 0.134819 0.639110 1.327214 0.013064
 246.000000 0.099356 0.636335 1.077411 0.015097
 247.000000 0.065205 0.632630 1.110566 0.009389
 248.000000 0.070572 0.640669 1.127708 0.007226
 249.000000 0.099844 0.615873 1.106598 0.008440
 250.000000 0.150395 0.608834 1.105562 0.016545
 251.000000 0.110431 0.640891 1.259764 0.013306
 252.000000 0.189611 0.593081 1.229422 0.019078
 253.000000 0.133702 0.605091 1.176537 0.012695
 254.000000 0.141680 0.607085 1.231355 0.010497
 255.000000 0.126419 0.607423 1.222438 0.014705
 256.000000 0.088208 0.636340 1.249520 0.013746
 257.000000 0.111442 0.597632 1.055932 0.016031
 258.000000 0.112003 0.596173 1.131728 0.017497
 259.000000 0.109021 0.623950 1.321701 0.014782
 260.000000 0.167005 0.624169 1.333929 0.017394
 261.000000 0.103572 0.609935 1.227212 0.016007
 262.000000 0.144940 0.582344 1.217694 0.011381
 263.000000 0.171454 0.590474 1.277487 0.015318
 264.000000 0.117005 0.621498 1.311370 0.023276
 265.000000 0.110260 0.605392 1.081940 0.015170
 266.000000 0.093791 0.638718 1.430562 0.022271
 267.000000 0.122597 0.602366 1.328206 0.031934
 268.000000 0.090226 0.629383 1.363947 0.019205
 269.000000 0.101802 0.593831 1.228294 0.012662
 270.000000 0.122902 0.551243 0.952075 0.022885
 271.000000 0.103958 0.545427 0.911147 0.013547
 272.000000 0.131398 0.567928 1.075966 0.012265
 273.000000 0.116979 0.586377 1.070375 0.010873
 274.000000 0.099706 0.598628 1.101322 0.011135
 275.000000 0.096232 0.565676 0.816207 0.007493
 276.000000 0.072405 0.631817 1.152496 0.006668
 277.000000 0.088908 0.619858 1.039455 0.011224
 278.000000 0.157823 0.563045 0.782771 0.015056
 279.000000 0.144469 0.624044 1.195976 0.015353
 280.000000 0.107501 0.594281 1.000804 0.015313
 281.000000 0.098152 0.621789 1.100537 0.015409
 282.000000 0.150750 0.575766 1.043441 0.009621
 283.000000 0.117404 0.624905 1.149418 0.013044
 284.000000 0.086726 0.626955 1.209080 0.014790
 285.000000 0.092264 0.667902 1.510644 0.010067
 286.000000 0.103442 0.630522 1.184907 0.010576
 287.000000 0.080301 0.640965 1.436389 0.006915
 288.000000 0.106937 0.670072 1.613558 0.012205
 289.000000 0.081873 0.666973 1.576785 0.007978
 290.000000 0.082116 0.648531 1.291149 0.012266
 291.000000 0.057313 0.659692 1.228803 0.002793
 292.000000 0.037334 0.738517 1.766956 0.002418
 293.000000 0.018444 0.828067 1.832984 0.001073
 294.000000 0.044890 0.760294 1.901570 0.002881
 295.000000 0.048308 0.760918 1.792325 0.002964
 296.000000 0.055889 0.761978 1.931235 0.003210
 297.000000 0.039277 0.775800 1.989143 0.002394
 298.000000 0.042659 0.768769 1.902772 0.002500
 299.000000 0.039738 0.746368 1.581394 0.002517
 300.000000 0.067856 0.723964 1.583463 0.003154
 301.000000 0.052994 0.745907 1.785950 0.003942
 302.000000 0.042186 0.803939 2.058624 0.004757
 303.000000 0.053336 0.790717 2.089744 0.005693
 304.000000 0.035730 0.830099 2.329960 0.003280
 305.000000 0.066003 0.777984 2.235957 0.005095
 306.000000 0.035060 0.838160 2.386485 0.003557
 307.000000 0.030885 0.852195 2.427199 0.001931
 308.000000 0.032321 0.840020 2.370034 0.002135
 309.000000 0.035858 0.858035 2.442813 0.003659
 310.000000 0.021383 0.873859 2.482460 0.001692
 311.000000 0.026150 0.851850 2.408358 0.002143
 312.000000 0.020378 0.886611 2.502428 0.002418
 313.000000 0.041520 0.800492 2.224340 0.003259
 314.000000 0.049857 0.769577 2.094213 0.006034
 315.000000 0.032520 0.809419 2.184645 0.001989
 316.000000 0.043305 0.785403 1.983578 0.004103
 317.000000 0.030215 0.758239 1.752773 0.002839
 318.000000 0.017401 0.794452 1.863859 0.001258
 319.000000 0.030078 0.732700 1.684844 0.001688
 320.000000 0.051254 0.667575 1.316278 0.005540
 321.000000 0.049408 0.689061 1.454768 0.004349
 322.000000 0.066011 0.652466 1.287480 0.006203
 323.000000 0.047328 0.705991 1.585607 0.003015
 324.000000 0.030840 0.717927 1.383557 0.002134
 325.000000 0.024511 0.762190 1.522624 0.001655
 326.000000 0.041948 0.718888 1.455884 0.002218
 327.000000 0.063455 0.692125 1.510027 0.007019
 328.000000 0.032555 0.760169 1.836735 0.001929
 329.000000 0.029407 0.783128 1.959610 0.002182
 330.000000 0.054180 0.745118 1.914227 0.004164
 331.000000 0.040937 0.806092 2.263885 0.003285
 332.000000 0.025548 0.879229 2.527916 0.002153
 333.000000 0.037594 0.856733 2.385460 0.004570
 334.000000 0.023083 0.893465 2.563242 0.001615
 335.000000 0.027520 0.858012 2.486490 0.002126
 336.000000 0.021642 0.885955 2.531615 0.001300
 337.000000 0.045751 0.808827 2.327124 0.004313
 338.000000 0.055659 0.782129 2.254904 0.004844
 339.000000 0.059461 0.769815 2.191073 0.006897
 340.000000 0.081655 0.736997 2.062125 0.008266
 341.000000 0.063702 0.771463 2.138164 0.009512
 342.000000 0.036155 0.816799 2.332932 0.003439
 343.000000 0.036539 0.822750 2.287329 0.002485
 344.000000 0.027405 0.842766 2.355580 0.001707
 345.000000 0.032927 0.813377 2.092683 0.002385
 346.000000 0.026584 0.806422 1.843233 0.002580
 347.000000 0.023703 0.798139 1.791990 0.001710
 348.000000 0.016883 0.840089 2.092223 0.001427
 349.000000 0.022205 0.849116 2.125334 0.003179
 350.000000 0.020750 0.855725 2.229602 0.001988
 351.000000 0.025833 0.843830 2.153722 0.002861
 352.000000 0.027633 0.829668 2.156902 0.002720
 353.000000 0.021629 0.856448 2.223170 0.001816
 354.000000 0.023760 0.838791 2.217555 0.002009
 355.000000 0.022008 0.836420 2.115693 0.001701
 356.000000 0.018327 0.841917 2.130827 0.002123
 357.000000 0.019449 0.817944 1.896003 0.001588
 358.000000 0.023182 0.817110 2.061351 0.001738
 359.000000 0.041259 0.777738 2.003889 0.003984
 360.000000 0.049678 0.776492 2.146285 0.005771
 361.000000 0.041920 0.784533 2.045053 0.004241
 362.000000 0.037636 0.775212 2.066553 0.005093
 363.000000 0.039084 0.765336 1.985465 0.004386
 364.000000 0.031442 0.778378 2.106653 0.004463
 365.000000 0.024259 0.816438 2.182336 0.002425
 366.000000 0.025745 0.797883 2.078504 0.002204
 367.000000 0.036559 0.808555 2.269110 0.002572
 368.000000 0.020124 0.879070 2.508864 0.001673
 369.000000 0.042902 0.789052 2.216695 0.003505
 370.000000 0.029115 0.846858 2.391546 0.003410
 371.000000 0.045626 0.815009 2.199698 0.004471
 372.000000 0.048025 0.788806 2.144167 0.006612
 373.000000 0.038751 0.816704 2.173402 0.004850
 374.000000 0.041056 0.775013 1.937705 0.005122
 375.000000 0.036687 0.829454 2.252994 0.007055
 376.000000 0.033438 0.861567 2.344854 0.003591
 377.000000 0.042279 0.810003 2.139930 0.004360
 378.000000 0.037964 0.803593 2.045474 0.002847
 379.000000 0.053473 0.739643 1.713981 0.003579
 380.000000 0.090691 0.701088 1.763835 0.012640
 381.000000 0.071822 0.740266 1.907405 0.011301
 382.000000 0.036398 0.798092 2.061770 0.003233
 383.000000 0.052570 0.768515 2.134445 0.004396
 384.000000 0.054157 0.754065 2.028969 0.004284
 385.000000 0.090230 0.734049 2.036847 0.012892
 386.000000 0.084348 0.740051 1.963440 0.011354
 387.000000 0.069681 0.768444 2.025646 0.008105
 388.000000 0.106744 0.732503 1.923700 0.012215
 389.000000 0.103923 0.677078 1.695549 0.018070
 390.000000 0.104085 0.707905 1.760968 0.014724
 391.000000 0.095813 0.660116 1.498162 0.010934
 392.000000 0.088122 0.685688 1.435324 0.007175
 393.000000 0.121461 0.672724 1.441776 0.020367
 394.000000 0.081126 0.732395 1.795145 0.010514
 395.000000 0.076812 0.766809 2.014954 0.010189
 396.000000 0.080368 0.737353 1.782284 0.006537
 397.000000 0.141746 0.644955 1.445840 0.018113
 398.000000 0.103444 0.699651 1.820346 0.010451
 399.000000 0.102569 0.665359 1.654920 0.016703
 400.000000 0.107518 0.676374 1.560928 0.012709
 401.000000 0.115109 0.662252 1.502356 0.016436
 402.000000 0.111827 0.655408 1.502981 0.015823
 403.000000 0.129431 0.619745 1.218795 0.015091
 404.000000 0.092701 0.645311 1.226102 0.006560
 405.000000 0.187726 0.632061 1.297780 0.017328
 406.000000 0.080827 0.702497 1.565690 0.007889
 407.000000 0.079177 0.676071 1.331684 0.006955
 408.000000 0.147079 0.633006 1.215673 0.019124
 409.000000 0.122547 0.637492 1.257448 0.012227
 410.000000 0.170203 0.597682 1.173134 0.039501
 411.000000 0.099163 0.624014 1.077680 0.016315
 412.000000 0.118351 0.652377 1.292981 0.014893
 413.000000 0.111301 0.660984 1.481936 0.015823
 414.000000 0.090115 0.615743 1.143104 0.017621
 415.000000 0.102588 0.632053 1.029899 0.012213
 416.000000 0.122410 0.634244 0.878381 0.015685
 417.000000 0.149810 0.677950 1.222234 0.017998
 418.000000 0.093578 0.671908 1.207717 0.009916
 419.000000 0.096226 0.653387 1.197995 0.013199
 420.000000 0.129901 0.649370 1.259541 0.020495
 421.000000 0.113760 0.592038 0.912656 0.018598
 422.000000 0.128143 0.600515 1.076677 0.022491
 423.000000 0.103739 0.625016 1.062771 0.013881
 424.000000 0.117249 0.629257 0.949508 0.022182
 425.000000 0.098313 0.620803 1.056422 0.024372
 426.000000 0.137848 0.598727 1.058990 0.014992
 427.000000 0.104004 0.633311 1.222237 0.027308
 428.000000 0.102531 0.611241 1.113816 0.030750
 429.000000 0.115958 0.629606 1.327153 0.016416
 430.000000 0.089108 0.637475 1.026560 0.020843
 431.000000 0.093221 0.671713 1.510441 0.009964
 432.000000 0.078698 0.677986 1.341271 0.009968
 433.000000 0.069763 0.689799 1.196072 0.008132
 434.000000 0.143882 0.662197 1.323923 0.017486
 435.000000 0.176091 0.634970 1.236561 0.020988
 436.000000 0.160346 0.620831 1.251002 0.018478
 437.000000 0.162735 0.593785 1.230160 0.030749
 438.000000 0.107150 0.574533 0.841222 0.021488
 439.000000 0.148973 0.558718 0.844477 0.024201
 440.000000 0.104792 0.595739 0.980054 0.029008
 441.000000 0.177466 0.569021 0.780173 0.020554
 442.000000 0.110511 0.593613 0.873261 0.021189
 443.000000 0.094040 0.596571 0.887730 0.016891
 444.000000 0.114603 0.606569 0.849753 0.018350
 445.000000 0.121175 0.620278 1.027084 0.017347
 446.000000 0.138190 0.598154 1.018387 0.018643
 447.000000 0.099668 0.646775 1.127960 0.012641
 448.000000 0.110475 0.692537 1.349765 0.019553
 449.000000 0.099608 0.663344 1.118940 0.015170
 450.000000 0.104921 0.640424 1.241474 0.017503
 451.000000 0.101140 0.705268 1.592707 0.010524
 452.000000 0.120913 0.663140 1.307760 0.011077
 453.000000 0.153887 0.625499 1.188092 0.022188
 454.000000 0.128392 0.641054 1.494741 0.018974
 455.000000 0.126510 0.643727 1.469673 0.016699
 456.000000 0.103578 0.688938 1.701629 0.013197
 457.000000 0.122109 0.682689 1.537591 0.017538
 458.000000 0.118969 0.671192 1.470136 0.014686
 459.000000 0.107726 0.682216 1.519809 0.014404
 460.000000 0.089524 0.719278 1.687750 0.009899
 461.000000 0.065879 0.781471 1.921219 0.008093
 462.000000 0.075148 0.721035 1.482718 0.009414
 463.000000 0.124646 0.683598 1.362014 0.011479
 464.000000 0.093490 0.653510 0.950608 0.012428
 465.000000 0.062195 0.691642 1.120850 0.003605
 466.000000 0.063239 0.653057 0.824375 0.005597
 467.000000 0.083188 0.591023 0.505915 0.009922
 468.000000 0.079143 0.596494 0.564069 0.009601
 469.000000 0.064087 0.599942 0.541856 0.006640
 470.000000 0.097588 0.579772 0.521496 0.091317
 471.000000 0.077382 0.611319 0.634315 0.020790
 472.000000 0.086646 0.587894 0.583652 0.020862
 473.000000 0.080242 0.591105 0.617606 0.019843
 474.000000 0.096334 0.564690 0.576692 0.022476
 475.000000 0.140876 0.571204 0.505230 0.030036
 476.000000 0.098663 0.587034 0.547062 0.039154
 477.000000 0.110966 0.593138 0.758350 0.012566
 478.000000 0.112254 0.586709 0.774339 0.010502
 479.000000 0.108836 0.578880 0.758988 0.008176
 480.000000 0.106035 0.578258 0.700624 0.013022
 481.000000 0.128015 0.584758 0.872659 0.010682
 482.000000 0.150113 0.579618 0.929211 0.027510
 483.000000 0.146184 0.590218 0.962378 0.022388
 484.000000 0.151320 0.594931 0.858578 0.020769
 485.000000 0.175574 0.587357 0.668468 0.017007
 486.000000 0.099925 0.609479 0.784478 0.008400
 487.000000 0.088948 0.598579 0.780352 0.008889
 488.000000 0.053235 0.647537 1.122729 0.005361
 489.000000 0.095443 0.685434 1.430708 0.011086
 490.000000 0.073791 0.718335 1.722531 0.007622
 491.000000 0.091428 0.723006 1.837589 0.014435
 492.000000 0.078839 0.766820 1.988801 0.010015
 493.000000 0.121421 0.714521 1.865074 0.016832
 494.000000 0.090939 0.747039 1.943776 0.011531
 495.000000 0.106030 0.667918 1.194308 0.009753
 496.000000 0.100912 0.681061 1.109064 0.013420
 497.000000 0.098433 0.679927 1.111574 0.015385
 498.000000 0.077349 0.671793 1.007615 0.009667
 499.000000 0.131236 0.639204 0.836225 0.019523
 500.000000 0.135578 0.603497 0.693623 0.013176
