#! FIELDS time alpha rg e2e hbond
 0.000000 0.050098 0.745621 1.543321 0.008735
 1.000000 0.029091 0.809730 1.941763 0.003570
 2.000000 0.039791 0.755639 1.563129 0.004575
 3.000000 0.036485 0.763919 1.549340 0.004556
 4.000000 0.028246 0.757052 1.468987 0.004239
 5.000000 0.036624 0.713145 1.233533 0.005180
 6.000000 0.057562 0.701011 1.148845 0.015574
 7.000000 0.059762 0.718392 1.230054 0.016446
 8.000000 0.069580 0.692966 1.068665 0.016056
 9.000000 0.067721 0.700748 1.260526 0.053878
 10.000000 0.057926 0.706600 1.270120 0.013685
 11.000000 0.055133 0.758672 1.754834 0.014899
 12.000000 0.027410 0.837172 2.086001 0.003937
 13.000000 0.023598 0.843973 2.093818 0.002942
 14.000000 0.040485 0.801987 1.740369 0.005997
 15.000000 0.047237 0.770402 1.837086 0.008336
 16.000000 0.038995 0.807747 2.061558 0.007618
 17.000000 0.055200 0.779156 2.032474 0.014029
 18.000000 0.024599 0.867811 2.240243 0.003656
 19.000000 0.029076 0.854121 2.303541 0.003585
 20.000000 0.019368 0.883584 2.396435 0.003189
 21.000000 0.019762 0.857750 2.230602 0.002721
 22.000000 0.020919 0.866307 2.226353 0.002975
 23.000000 0.025482 0.871044 2.394981 0.004149
 24.000000 0.017329 0.884518 2.412975 0.002097
 25.000000 0.013432 0.940533 2.695228 0.001471
 26.000000 0.012385 0.940583 2.670285 0.001628
 27.000000 0.012031 0.924930 2.512595 0.001221
 28.000000 0.013018 0.908277 2.454518 0.001539
 29.000000 0.015390 0.861662 2.220930 0.001964
 30.000000 0.023256 0.792046 1.978190 0.002880
 31.000000 0.026896 0.798034 1.943359 0.002843
 32.000000 0.048819 0.704218 1.624549 0.004043
 33.000000 0.049551 0.657929 1.203552 0.003108
 34.000000 0.053900 0.651907 1.059608 0.003707
 35.000000 0.049764 0.662730 1.121319 0.002705
 36.000000 0.070369 0.632441 0.921374 0.006015
 37.000000 0.063613 0.660167 1.076952 0.004763
 38.000000 0.054973 0.661341 0.946126 0.003520
 39.000000 0.075308 0.644750 0.886387 0.004598
 40.000000 0.041458 0.676053 0.995166 0.002262
 41.000000 0.050025 0.654443 1.007781 0.005130
 42.000000 0.055403 0.651803 0.908527 0.002918
 43.000000 0.064550 0.659669 1.027216 0.005025
 44.000000 0.037759 0.717390 1.395308 0.003386
 45.000000 0.038234 0.731369 1.599570 0.003725
 46.000000 0.061021 0.696694 1.343022 0.003585
 47.000000 0.035479 0.765059 1.770699 0.004923
 48.000000 0.040941 0.785063 2.018016 0.006762
 49.000000 0.057950 0.774125 2.117136 0.004913
 50.000000 0.024080 0.871512 2.492195 0.003754
 51.000000 0.026696 0.837789 2.229358 0.004125
 52.000000 0.020885 0.864586 2.331404 0.002340
 53.000000 0.041765 0.793669 2.037276 0.003371
 54.000000 0.051782 0.789641 2.150177 0.011450
 55.000000 0.030153 0.804782 2.204983 0.003057
 56.000000 0.031021 0.850811 2.348458 0.003978
 57.000000 0.033101 0.843351 2.292172 0.003903
 58.000000 0.021844 0.891715 2.565044 0.002773
 59.000000 0.013047 0.923187 2.622294 0.002179
 60.000000 0.014393 0.927606 2.681999 0.001776
 61.000000 0.019652 0.906009 2.646170 0.002406
 62.000000 0.020179 0.885448 2.476611 0.002559
 63.000000 0.020086 0.889586 2.536385 0.002696
 64.000000 0.025135 0.876444 2.545481 0.002669
 65.000000 0.020140 0.889747 2.575009 0.002783
 66.000000 0.017661 0.906178 2.599697 0.002050
 67.000000 0.021053 0.902084 2.550622 0.002673
 68.000000 0.028369 0.889900 2.659898 0.004074
 69.000000 0.030960 0.887297 2.596431 0.004259
 70.000000 0.019769 0.918505 2.650890 0.002542
 71.000000 0.024842 0.892848 2.585227 0.003018
 72.000000 0.014962 0.945708 2.667092 0.001847
 73.000000 0.039473 0.849533 2.400915 0.006494
 74.000000 0.032937 0.854182 2.333192 0.010163
 75.000000 0.019879 0.878389 2.443123 0.002264
 76.000000 0.011256 0.945986 2.605777 0.001258
 77.000000 0.014962 0.899433 2.423087 0.001775
 78.000000 0.018732 0.876598 2.374243 0.002765
 79.000000 0.029811 0.877772 2.544164 0.004289
 80.000000 0.020032 0.901543 2.598811 0.003012
 81.000000 0.019503 0.908672 2.580562 0.002630
 82.000000 0.014075 0.927916 2.497025 0.001245
 83.000000 0.014059 0.930147 2.575440 0.001522
 84.000000 0.020047 0.910552 2.489145 0.002027
 85.000000 0.017203 0.910649 2.391356 0.001749
 86.000000 0.023086 0.882625 2.202570 0.001953
 87.000000 0.021719 0.885277 2.378459 0.002341
 88.000000 0.016369 0.916802 2.401722 0.001481
 89.000000 0.017929 0.890619 2.233555 0.001396
 90.000000 0.014360 0.913324 2.491374 0.001304
 91.000000 0.013584 0.928738 2.514743 0.001171
 92.000000 0.015868 0.891913 2.236608 0.001255
 93.000000 0.014229 0.939211 2.543948 0.001256
 94.000000 0.015128 0.922024 2.446215 0.001228
 95.000000 0.017873 0.901139 2.376655 0.001661
 96.000000 0.018083 0.914117 2.486278 0.001212
 97.000000 0.022076 0.890266 2.440192 0.001872
 98.000000 0.025021 0.882503 2.380172 0.002751
 99.000000 0.025717 0.890134 2.409949 0.002160
 100.000000 0.017776 0.883800 2.126061 0.001493
 101.000000 0.017536 0.883309 2.210288 0.001474
 102.000000 0.019215 0.867163 2.268715 0.002292
 103.000000 0.021204 0.907477 2.389835 0.001409
 104.000000 0.026964 0.866327 2.115360 0.002146
 105.000000 0.019846 0.885511 2.421440 0.001797
 106.000000 0.022096 0.879046 2.465737 0.002880
 107.000000 0.035300 0.851189 2.161711 0.012764
 108.000000 0.023987 0.860123 2.284028 0.003904
 109.000000 0.021806 0.859231 2.336875 0.003277
 110.000000 0.017647 0.873782 2.290465 0.002459
 111.000000 0.029601 0.833289 2.181907 0.005613
 112.000000 0.028276 0.852581 2.287506 0.005061
 113.000000 0.021015 0.893569 2.579623 0.003233
 114.000000 0.032305 0.859273 2.408155 0.005847
 115.000000 0.019768 0.895016 2.532530 0.003163
 116.000000 0.021133 0.880480 2.375381 0.004928
 117.000000 0.026165 0.857027 2.226335 0.009437
 118.000000 0.023126 0.870763 2.239529 0.004174
 119.000000 0.032110 0.833108 1.912010 0.014914
 120.000000 0.027506 0.855380 1.935703 0.008231
 121.000000 0.034438 0.842651 1.840405 0.010155
 122.000000 0.029779 0.870292 2.088014 0.011497
 123.000000 0.039347 0.828445 2.063889 0.010383
 124.000000 0.028352 0.838394 1.814670 0.007198
 125.000000 0.030655 0.827332 1.878963 0.008269
 126.000000 0.026474 0.837847 1.870598 0.004655
 127.000000 0.034879 0.827763 1.817261 0.010390
 128.000000 0.028590 0.819599 1.887487 0.004762
 129.000000 0.033427 0.778560 1.631927 0.006367
 130.000000 0.030562 0.812141 1.862514 0.004305
 131.000000 0.028296 0.844903 1.920579 0.005908
 132.000000 0.027761 0.805327 1.719852 0.004170
 133.000000 0.067107 0.696109 1.222421 0.011110
 134.000000 0.056584 0.664310 1.041232 0.007402
 135.000000 0.061044 0.667380 1.119046 0.011796
 136.000000 0.082062 0.647881 1.043148 0.010672
 137.000000 0.071043 0.646545 1.058339 0.008712
 138.000000 0.061786 0.687219 1.244278 0.007254
 139.000000 0.059588 0.728539 1.683632 0.007717
 140.000000 0.043764 0.764633 1.803152 0.007703
 141.000000 0.063195 0.703624 1.473471 0.008763
 142.000000 0.062078 0.686736 1.224063 0.008604
 143.000000 0.031142 0.766857 1.584824 0.005027
 144.000000 0.032332 0.790237 1.877936 0.006087
 145.000000 0.030281 0.775162 1.529912 0.005443
 146.000000 0.032242 0.803310 1.773799 0.007403
 147.000000 0.030470 0.824363 1.973129 0.005693
 148.000000 0.063333 0.711518 1.457516 0.008300
 149.000000 0.069128 0.687077 1.273521 0.015693
 150.000000 0.066549 0.646226 1.018651 0.019140
 151.000000 0.057165 0.672457 1.204728 0.010635
 152.000000 0.077356 0.668308 1.204405 0.021738
 153.000000 0.047051 0.749896 1.539583 0.011383
 154.000000 0.038590 0.763966 1.647097 0.007614
 155.000000 0.032998 0.724802 1.285721 0.006094
 156.000000 0.078371 0.649540 1.031966 0.015516
 157.000000 0.097118 0.612553 1.089332 0.013403
 158.000000 0.099629 0.594611 0.939475 0.013331
 159.000000 0.090106 0.600063 0.945901 0.023246
 160.000000 0.108242 0.590551 0.776184 0.026191
 161.000000 0.104238 0.619342 1.078438 0.012205
 162.000000 0.081705 0.626290 0.767699 0.006776
 163.000000 0.055731 0.623057 0.692604 0.006899
 164.000000 0.051691 0.703090 1.206321 0.006136
 165.000000 0.064926 0.701221 1.281052 0.009190
 166.000000 0.063811 0.716976 1.397152 0.011537
 167.000000 0.054358 0.739334 1.762846 0.008028
 168.000000 0.049246 0.744496 1.791984 0.007248
 169.000000 0.044124 0.753051 1.867507 0.005432
 170.000000 0.051315 0.740434 1.695652 0.007300
 171.000000 0.065636 0.718952 1.692864 0.010372
 172.000000 0.071253 0.720763 1.709535 0.012963
 173.000000 0.062124 0.734663 1.791954 0.007153
 174.000000 0.069407 0.712425 1.547041 0.037361
 175.000000 0.061520 0.710636 1.525834 0.017296
 176.000000 0.096093 0.646181 1.191855 0.011166
 177.000000 0.080888 0.692208 1.378931 0.017043
 178.000000 0.059543 0.674055 1.093798 0.022201
 179.000000 0.070309 0.664906 1.120426 0.014746
 180.000000 0.086392 0.641248 1.087403 0.008793
 181.000000 0.075546 0.682749 1.221199 0.009501
 182.000000 0.062585 0.696856 1.211083 0.010595
 183.000000 0.073233 0.679056 1.161058 0.014879
 184.000000 0.056948 0.676920 1.241081 0.005366
 185.000000 0.072911 0.653803 1.309015 0.004978
 186.000000 0.058295 0.670221 1.275089 0.005238
 187.000000 0.060242 0.671477 1.308938 0.004866
 188.000000 0.072071 0.689571 1.426326 0.009756
 189.000000 0.066382 0.696170 1.301667 0.008271
 190.000000 0.056636 0.668026 1.119437 0.008811
 191.000000 0.057627 0.661557 1.155319 0.010453
 192.000000 0.050784 0.693717 1.082963 0.009821
 193.000000 0.066734 0.665344 1.135060 0.011561
 194.000000 0.070210 0.643393 1.000576 0.006331
 195.000000 0.071538 0.644846 1.069452 0.008102
 196.000000 0.079768 0.640483 0.964486 0.015533
 197.000000 0.064859 0.663675 1.223121 0.013553
 198.000000 0.072566 0.638954 1.020187 0.015070
 199.000000 0.073838 0.652544 1.094609 0.008822
 200.000000 0.064863 0.678290 1.164290 0.010592
 201.000000 0.051234 0.721863 1.389281 0.007751
 202.000000 0.062321 0.734319 1.789240 0.008839
 203.000000 0.071372 0.704778 1.671594 0.025426
 204.000000 0.058868 0.739185 1.764614 0.008492
 205.000000 0.055785 0.732950 1.750780 0.005267
 206.000000 0.022730 0.831032 2.245537 0.002475
 207.000000 0.033380 0.811313 2.172795 0.003595
 208.000000 0.037444 0.789250 2.036213 0.004860
 209.000000 0.033424 0.779548 1.991176 0.004177
 210.000000 0.044685 0.813149 2.081195 0.008137
 211.000000 0.040795 0.817528 2.165756 0.005174
 212.000000 0.040653 0.807038 1.967238 0.007218
 213.000000 0.055663 0.759557 1.768622 0.009726
 214.000000 0.049586 0.741366 1.607875 0.005278
 215.000000 0.068774 0.734841 1.739543 0.012632
 216.000000 0.041959 0.774121 1.843498 0.005750
 217.000000 0.063519 0.748732 1.601185 0.016357
 218.000000 0.049099 0.782063 1.720656 0.007182
 219.000000 0.069641 0.732939 1.342789 0.013995
 220.000000 0.061985 0.694193 1.127231 0.009318
 221.000000 0.060280 0.677065 1.026331 0.012035
 222.000000 0.060101 0.691470 1.116516 0.010085
 223.000000 0.053634 0.727215 1.272779 0.011611
 224.000000 0.063777 0.740897 1.450110 0.018945
 225.000000 0.051489 0.776439 1.902552 0.008317
 226.000000 0.034851 0.799256 2.070824 0.003986
 227.000000 0.036680 0.784167 1.923120 0.003353
 228.000000 0.047387 0.780928 1.696177 0.011560
 229.000000 0.040581 0.783187 1.589423 0.011776
 230.000000 0.054312 0.794269 1.675201 0.019726
 231.000000 0.047695 0.756162 1.557034 0.015328
 232.000000 0.057627 0.741279 1.734319 0.011688
 233.000000 0.044071 0.803941 2.050428 0.006182
 234.000000 0.044220 0.792852 1.861391 0.006835
 235.000000 0.058158 0.737214 1.712950 0.008890
 236.000000 0.047048 0.783739 1.792955 0.005688
 237.000000 0.052183 0.762503 1.678409 0.006216
 238.000000 0.029674 0.829062 1.899351 0.004207
 239.000000 0.040596 0.761612 1.483375 0.003995
 240.000000 0.056795 0.752368 1.649020 0.005835
 241.000000 0.050739 0.758941 1.571398 0.005319
 242.000000 0.035316 0.789271 1.707944 0.002763
 243.000000 0.031769 0.773093 1.523222 0.004178
 244.000000 0.020329 0.839377 1.809127 0.002080
 245.000000 0.034421 0.812552 1.886620 0.003408
 246.000000 0.031400 0.802017 1.789654 0.005760
 247.000000 0.030184 0.839631 2.096668 0.004277
 248.000000 0.043203 0.815123 2.173981 0.005820
 249.000000 0.036809 0.844071 2.380306 0.006156
 250.000000 0.018146 0.900027 2.582960 0.002068
 251.000000 0.014271 0.916986 2.481507 0.001763
 252.000000 0.018945 0.928989 2.544390 0.003455
 253.000000 0.016038 0.937027 2.706650 0.001544
 254.000000 0.016307 0.947837 2.725483 0.002079
 255.000000 0.016308 0.916595 2.564262 0.002047
 256.000000 0.010614 0.951951 2.647012 0.001043
 257.000000 0.027473 0.873952 2.466710 0.002710
 258.000000 0.010736 0.942728 2.671764 0.000789
 259.000000 0.012002 0.919823 2.592520 0.001006
 260.000000 0.047140 0.773417 2.106148 0.002799
 261.000000 0.030913 0.840575 2.436525 0.002673
 262.000000 0.026198 0.836449 2.329058 0.001674
 263.000000 0.033601 0.822575 2.285304 0.002758
 264.000000 0.029255 0.860841 2.347430 0.002188
 265.000000 0.059916 0.776733 2.051010 0.011423
 266.000000 0.058088 0.786751 2.132971 0.006312
 267.000000 0.046361 0.819826 2.328178 0.004325
 268.000000 0.030805 0.854235 2.346332 0.002623
 269.000000 0.040876 0.818528 2.274084 0.003257
 270.000000 0.043693 0.785326 2.152377 0.003122
 271.000000 0.032600 0.802548 2.063447 0.002483
 272.000000 0.047377 0.812047 2.355229 0.004685
 273.000000 0.060651 0.793960 2.326194 0.007383
 274.000000 0.045210 0.821198 2.339865 0.004080
 275.000000 0.073054 0.774057 2.061751 0.004861
 276.000000 0.040037 0.838688 2.225004 0.004146
 277.000000 0.051917 0.811416 2.178815 0.004434
 278.000000 0.068981 0.819951 2.174530 0.007812
 279.000000 0.049818 0.848446 2.233316 0.004171
 280.000000 0.031901 0.813211 2.009181 0.004675
 281.000000 0.035252 0.732932 1.600585 0.004413
 282.000000 0.066741 0.670829 1.228981 0.008435
 283.000000 0.048159 0.707668 1.371013 0.007034
 284.000000 0.065427 0.718822 1.535536 0.006253
 285.000000 0.041228 0.744711 1.646503 0.009659
 286.000000 0.030850 0.778474 1.725249 0.002602
 287.000000 0.049255 0.727345 1.429371 0.006142
 288.000000 0.040864 0.786090 1.683801 0.004384
 289.000000 0.021199 0.843221 2.067397 0.001460
 290.000000 0.020026 0.802581 1.818366 0.001511
 291.000000 0.015752 0.847546 1.985239 0.001285
 292.000000 0.020546 0.831830 1.998403 0.002340
 293.000000 0.025041 0.845874 2.044672 0.003224
 294.000000 0.051256 0.767598 1.881849 0.007461
 295.000000 0.032559 0.812440 1.892707 0.003691
 296.000000 0.030241 0.763276 1.512640 0.004300
 297.000000 0.056238 0.771106 1.589319 0.012364
 298.000000 0.036832 0.712485 1.284955 0.003630
 299.000000 0.057176 0.689106 1.281896 0.006754
 300.000000 0.071783 0.655649 1.075651 0.006613
 301.000000 0.046276 0.673558 1.058694 0.007555
 302.000000 0.049268 0.653259 0.917249 0.004289
 303.000000 0.055405 0.644938 0.966617 0.007409
 304.000000 0.074954 0.636861 1.012396 0.010574
 305.000000 0.053352 0.691919 1.310811 0.009319
 306.000000 0.048949 0.715816 1.603631 0.003406
 307.000000 0.027730 0.790189 1.950081 0.002126
 308.000000 0.034483 0.765724 1.905241 0.003039
 309.000000 0.027624 0.788906 1.911743 0.002661
 310.000000 0.022491 0.800117 1.864705 0.001900
 311.000000 0.028091 0.776657 1.726775 0.002078
 312.000000 0.043012 0.745083 1.667886 0.004787
 313.000000 0.027575 0.797382 1.912241 0.003034
 314.000000 0.030757 0.830360 2.152591 0.003623
 315.000000 0.030203 0.855992 2.270728 0.003508
 316.000000 0.027432 0.823951 2.039648 0.003333
 317.000000 0.030630 0.822391 2.227877 0.004051
 318.000000 0.023479 0.842929 2.219363 0.002441
 319.000000 0.028241 0.848954 2.370634 0.002968
 320.000000 0.036057 0.820879 2.296660 0.003652
 321.000000 0.024299 0.856033 2.405964 0.002430
 322.000000 0.033374 0.833173 2.305130 0.003083
 323.000000 0.025088 0.872614 2.480344 0.002574
 324.000000 0.013157 0.940083 2.735108 0.001104
 325.000000 0.011796 0.960335 2.780736 0.001071
 326.000000 0.011984 0.955313 2.722819 0.001234
 327.000000 0.013647 0.929980 2.640792 0.001290
 328.000000 0.026880 0.880534 2.545860 0.003250
 329.000000 0.015593 0.919942 2.588703 0.001835
 330.000000 0.026783 0.865083 2.400603 0.003192
 331.000000 0.030630 0.849865 2.362056 0.003191
 332.000000 0.032539 0.826571 2.205234 0.002439
 333.000000 0.024964 0.842389 2.284975 0.001690
 334.000000 0.067999 0.779156 2.045269 0.010317
 335.000000 0.036476 0.808446 2.027109 0.003805
 336.000000 0.028787 0.818460 2.142619 0.002589
 337.000000 0.018442 0.876478 2.349516 0.002025
 338.000000 0.030456 0.775126 1.865992 0.002863
 339.000000 0.029613 0.808193 2.012461 0.003396
 340.000000 0.026765 0.833022 2.215713 0.003577
 341.000000 0.035491 0.826831 2.163921 0.006365
 342.000000 0.035440 0.756371 1.719398 0.003021
 343.000000 0.031620 0.751301 1.587917 0.002473
 344.000000 0.026053 0.799046 2.000550 0.002952
 345.000000 0.022111 0.828314 2.125960 0.001860
 346.000000 0.030999 0.844812 2.296361 0.003604
 347.000000 0.027675 0.823083 2.237646 0.002546
 348.000000 0.018853 0.891136 2.494772 0.002131
 349.000000 0.019492 0.904456 2.577201 0.001651
 350.000000 0.018911 0.908006 2.551058 0.001745
 351.000000 0.011296 0.950321 2.608614 0.001013
 352.000000 0.013448 0.940277 2.724747 0.001578
 353.000000 0.013744 0.921118 2.563496 0.001471
 354.000000 0.016333 0.914026 2.643718 0.001851
 355.000000 0.016780 0.914375 2.539331 0.001616
 356.000000 0.012230 0.954373 2.574587 0.001207
 357.000000 0.012481 0.951771 2.629819 0.001357
 358.000000 0.011818 0.959244 2.704516 0.001138
 359.000000 0.016070 0.908426 2.498294 0.001867
 360.000000 0.011439 0.944077 2.605373 0.001219
 361.000000 0.016019 0.912818 2.384518 0.001549
 362.000000 0.012106 0.947436 2.492965 0.001214
 363.000000 0.011911 0.920811 2.287580 0.001237
 364.000000 0.019039 0.848744 2.118931 0.002109
 365.000000 0.026440 0.854988 2.370538 0.002472
 366.000000 0.034208 0.859175 2.409420 0.004084
 367.000000 0.010494 0.948843 2.568802 0.001335
 368.000000 0.011351 0.904875 2.451232 0.001005
 369.000000 0.014015 0.891270 2.473767 0.001642
 370.000000 0.014709 0.909360 2.551343 0.001596
 371.000000 0.017572 0.866987 2.357245 0.001759
 372.000000 0.014857 0.885780 2.280558 0.001284
 373.000000 0.015529 0.892274 2.360442 0.001452
 374.000000 0.016078 0.859024 2.089638 0.001320
 375.000000 0.018224 0.862158 2.116849 0.001458
 376.000000 0.017404 0.843346 2.055552 0.001290
 377.000000 0.017636 0.853976 2.065108 0.001509
 378.000000 0.016095 0.872505 2.295912 0.001477
 379.000000 0.010156 0.928508 2.468854 0.000855
 380.000000 0.016147 0.884746 2.373178 0.001579
 381.000000 0.011198 0.914488 2.505240 0.001060
 382.000000 0.014532 0.939045 2.571069 0.001269
 383.000000 0.010750 0.958283 2.583918 0.000935
 384.000000 0.012607 0.936802 2.511460 0.001128
 385.000000 0.018246 0.888713 2.332289 0.001743
 386.000000 0.013142 0.916752 2.557354 0.001163
 387.000000 0.016015 0.897162 2.442993 0.001407
 388.000000 0.013087 0.926961 2.560059 0.001075
 389.000000 0.012574 0.968260 2.764828 0.001195
 390.000000 0.014644 0.946594 2.651764 0.001158
 391.000000 0.013944 0.946783 2.734159 0.001253
 392.000000 0.012922 0.958277 2.712151 0.001044
 393.000000 0.016217 0.926896 2.642747 0.001386
 394.000000 0.015789 0.919354 2.660104 0.001419
 395.000000 0.014614 0.934728 2.664425 0.001239
 396.000000 0.014463 0.946027 2.783807 0.001227
 397.000000 0.016115 0.924014 2.691572 0.001704
 398.000000 0.014685 0.942016 2.683677 0.001459
 399.000000 0.015459 0.954267 2.729128 0.001503
 400.000000 0.011599 0.967606 2.634224 0.001183
 401.000000 0.014381 0.924372 2.574621 0.001083
 402.000000 0.010149 0.970684 2.579670 0.000976
 403.000000 0.014093 0.925741 2.567774 0.001186
 404.000000 0.015406 0.898307 2.412776 0.001446
 405.000000 0.011804 0.939363 2.545285 0.001086
 406.000000 0.009800 0.975989 2.645226 0.000979
 407.000000 0.010386 0.960544 2.590579 0.000967
 408.000000 0.008439 0.978792 2.533310 0.000916
 409.000000 0.011548 0.948513 2.493975 0.001089
 410.000000 0.009816 0.948226 2.546561 0.001403
 411.000000 0.012106 0.922555 2.447045 0.001500
 412.000000 0.009776 0.958948 2.463546 0.001026
 413.000000 0.008442 0.983060 2.684808 0.001302
 414.000000 0.011110 0.950982 2.581675 0.001132
 415.000000 0.011764 0.938660 2.520774 0.001307
 416.000000 0.014317 0.897991 2.530320 0.001672
 417.000000 0.010489 0.948546 2.681090 0.001433
 418.000000 0.011134 0.961349 2.696165 0.001303
 419.000000 0.012408 0.952077 2.613592 0.001383
 420.000000 0.011469 0.963369 2.632960 0.001201
 421.000000 0.015884 0.923957 2.604040 0.002186
 422.000000 0.013517 0.909251 2.389227 0.001342
 423.000000 0.019018 0.842339 2.059962 0.001572
 424.000000 0.018035 0.872224 2.160644 0.001503
 425.000000 0.012597 0.917763 2.488560 0.001597
 426.000000 0.012368 0.896041 2.354436 0.001415
 427.000000 0.010189 0.937048 2.515755 0.001037
 428.000000 0.016188 0.900051 2.374423 0.001516
 429.000000 0.016403 0.893532 2.310473 0.001659
 430.000000 0.012823 0.923660 2.535866 0.001407
 431.000000 0.013784 0.887521 2.369962 0.001086
 432.000000 0.014135 0.913313 2.515241 0.001441
 433.000000 0.009712 0.943644 2.529437 0.001165
 434.000000 0.014596 0.936549 2.610060 0.001558
 435.000000 0.015799 0.923704 2.533220 0.001925
 436.000000 0.014537 0.938525 2.591594 0.001520
 437.000000 0.013988 0.927583 2.539028 0.001957
 438.000000 0.011557 0.963918 2.760073 0.001494
 439.000000 0.023323 0.890523 2.454193 0.003182
 440.000000 0.013777 0.937261 2.464360 0.001706
 441.000000 0.011771 0.956855 2.559947 0.001788
 442.000000 0.019065 0.905223 2.420319 0.001944
 443.000000 0.011557 0.935655 2.441801 0.001312
 444.000000 0.012472 0.900551 2.160975 0.001392
 445.000000 0.013562 0.889654 2.344407 0.001659
 446.000000 0.014082 0.929182 2.503289 0.001766
 447.000000 0.013970 0.937358 2.706740 0.001798
 448.000000 0.013854 0.926297 2.469302 0.001521
 449.000000 0.012339 0.945239 2.539424 0.001237
 450.000000 0.012730 0.927613 2.467253 0.001840
 451.000000 0.011267 0.932729 2.471070 0.001184
 452.000000 0.014093 0.902963 2.288720 0.001636
 453.000000 0.010355 0.961916 2.616852 0.001256
 454.000000 0.018552 0.909701 2.536317 0.001880
 455.000000 0.013479 0.938838 2.587985 0.001260
 456.000000 0.016463 0.896686 2.459800 0.001707
 457.000000 0.014119 0.931384 2.621144 0.001685
 458.000000 0.013731 0.913787 2.469849 0.001612
 459.000000 0.017341 0.887865 2.496556 0.002454
 460.000000 0.019179 0.902261 2.544074 0.002268
 461.000000 0.015456 0.919370 2.547283 0.001681
 462.000000 0.023756 0.878485 2.510734 0.002719
 463.000000 0.019643 0.887647 2.285620 0.002398
 464.000000 0.021306 0.885084 2.503964 0.002464
 465.000000 0.015482 0.898463 2.455881 0.002190
 466.000000 0.012503 0.945583 2.699163 0.001319
 467.000000 0.011721 0.964339 2.724303 0.001410
 468.000000 0.013927 0.942242 2.658449 0.001364
 469.000000 0.014670 0.922417 2.609190 0.001658
 470.000000 0.017178 0.908290 2.522279 0.001933
 471.000000 0.014719 0.911144 2.417114 0.001707
 472.000000 0.012760 0.902744 2.396028 0.001647
 473.000000 0.017531 0.887850 2.374964 0.002592
 474.000000 0.016165 0.852370 2.118820 0.001405
 475.000000 0.017149 0.856543 2.179768 0.001503
 476.000000 0.014647 0.894230 2.390300 0.001119
 477.000000 0.016071 0.851897 2.147909 0.001497
 478.000000 0.013189 0.876249 2.214373 0.001026
 479.000000 0.011847 0.924474 2.590951 0.001172
 480.000000 0.014917 0.914194 2.577603 0.001164
 481.000000 0.013259 0.949762 2.690960 0.001379
 482.000000 0.009458 0.962894 2.626602 0.000849
 483.000000 0.012342 0.945739 2.676324 0.001232
 484.000000 0.011033 0.950662 2.614385 0.001108
 485.000000 0.014045 0.927352 2.681306 0.001368
 486.000000 0.011884 0.897341 2.207506 0.001060
 487.000000 0.018726 0.868172 2.460649 0.001469
 488.000000 0.018090 0.909983 2.622452 0.002165
 489.000000 0.029727 0.827529 2.200226 0.002135
 490.000000 0.040168 0.806637 2.146822 0.005307
 491.000000 0.034342 0.832390 2.371604 0.002991
 492.000000 0.032933 0.841560 2.315410 0.003609
 493.000000 0.028964 0.862236 2.400006 0.002768
 494.000000 0.022592 0.886287 2.485103 0.002056
 495.000000 0.025200 0.891400 2.584052 0.002221
 496.000000 0.023674 0.896376 2.503994 0.003312
 497.000000 0.022603 0.871380 2.343920 0.002168
 498.000000 0.019142 0.917740 2.639407 0.001714
 499.000000 0.024577 0.853374 2.400638 0.002071
 500.000000 0.037936 0.837017 2.362308 0.003634
