#! FIELDS time alpha rg e2e hbond
 0.000000 0.078958 0.623378 1.061332 0.022088
 1.000000 0.079591 0.617302 1.050377 0.024570
 2.000000 0.091452 0.641320 1.054079 0.036054
 3.000000 0.075812 0.661715 1.358981 0.007479
 4.000000 0.084934 0.653969 1.367518 0.014629
 5.000000 0.096644 0.647474 1.382694 0.047734
 6.000000 0.092429 0.633269 1.116949 0.032329
 7.000000 0.067651 0.654595 1.043790 0.007018
 8.000000 0.090580 0.659713 1.278246 0.014664
 9.000000 0.068741 0.694624 1.321319 0.007382
 10.000000 0.050762 0.755313 1.714478 0.006096
 11.000000 0.052405 0.773168 1.965963 0.003639
 12.000000 0.052145 0.752784 1.811945 0.003523
 13.000000 0.043152 0.789351 1.990087 0.005048
 14.000000 0.069534 0.723960 1.770534 0.004436
 15.000000 0.096083 0.688262 1.603582 0.010059
 16.000000 0.089571 0.636374 1.072432 0.009624
 17.000000 0.089771 0.627827 0.868797 0.006537
 18.000000 0.105675 0.612745 0.990130 0.031406
 19.000000 0.079608 0.606003 0.977758 0.004871
 20.000000 0.094235 0.617103 0.762026 0.008660
 21.000000 0.090105 0.610303 0.645580 0.009374
 22.000000 0.093639 0.620183 0.697806 0.010273
 23.000000 0.138055 0.584276 0.602871 0.017369
 24.000000 0.091639 0.612732 0.523713 0.007709
 25.000000 0.107451 0.604543 0.611956 0.015665
 26.000000 0.107798 0.606594 0.769701 0.013678
 27.000000 0.087289 0.596960 0.784088 0.012876
 28.000000 0.088328 0.573357 0.855927 0.017472
 29.000000 0.083232 0.569054 1.023275 0.011041
 30.000000 0.081862 0.565574 0.974483 0.011095
 31.000000 0.086759 0.571942 0.826599 0.011302
 32.000000 0.074201 0.581273 0.803003 0.009470
 33.000000 0.097882 0.602489 0.740823 0.009786
 34.000000 0.089434 0.582560 0.590158 0.012675
 35.000000 0.075824 0.589804 0.607518 0.006317
 36.000000 0.084324 0.584589 0.699361 0.011658
 37.000000 0.077407 0.596570 0.789868 0.009737
 38.000000 0.075110 0.600481 0.771506 0.014889
 39.000000 0.088834 0.609770 0.689001 0.007335
 40.000000 0.086618 0.582966 0.759820 0.014459
 41.000000 0.080294 0.598700 0.686320 0.009915
 42.000000 0.074018 0.584542 0.592219 0.006525
 43.000000 0.089205 0.569917 0.623834 0.012291
 44.000000 0.104559 0.563807 0.716861 0.015407
 45.000000 0.079803 0.579548 0.561045 0.013621
 46.000000 0.080112 0.592783 0.448574 0.005141
 47.000000 0.098206 0.580431 0.490993 0.011287
 48.000000 0.104158 0.571224 0.441658 0.009739
 49.000000 0.092803 0.588482 0.563131 0.011700
 50.000000 0.085373 0.604088 0.469982 0.012179
 51.000000 0.129272 0.579613 0.432821 0.013087
 52.000000 0.101614 0.594519 0.453922 0.006769
 53.000000 0.097058 0.601600 0.456690 0.006872
 54.000000 0.105984 0.584486 0.456502 0.009611
 55.000000 0.081571 0.597581 0.459211 0.006271
 56.000000 0.084538 0.579125 0.445828 0.006386
 57.000000 0.078702 0.625239 0.805405 0.005393
 58.000000 0.085996 0.590732 0.421631 0.006706
 59.000000 0.070800 0.609906 0.606934 0.004177
 60.000000 0.087425 0.604479 0.626177 0.006468
 61.000000 0.070817 0.605909 0.450769 0.006139
 62.000000 0.062603 0.632075 0.582782 0.006571
 63.000000 0.083036 0.602386 0.465576 0.008519
 64.000000 0.077295 0.605382 0.448476 0.005065
 65.000000 0.079386 0.602863 0.437732 0.005818
 66.000000 0.081657 0.598084 0.549285 0.006532
 67.000000 0.087944 0.583859 0.465310 0.007156
 68.000000 0.110994 0.589636 0.667917 0.015269
 69.000000 0.093917 0.573418 0.618065 0.008825
 70.000000 0.110750 0.586314 0.627016 0.025316
 71.000000 0.105300 0.600339 0.651621 0.043761
 72.000000 0.081271 0.633298 0.987790 0.029613
 73.000000 0.220608 0.596660 1.060752 0.063618
 74.000000 0.088838 0.613548 1.020442 0.073171
 75.000000 0.112172 0.588865 0.945296 0.008628
 76.000000 0.063233 0.682279 1.255951 0.004178
 77.000000 0.060101 0.700777 1.443010 0.005026
 78.000000 0.082817 0.693930 1.558663 0.029636
 79.000000 0.061264 0.742983 1.822517 0.003455
 80.000000 0.103922 0.725046 1.764196 0.012539
 81.000000 0.060991 0.727274 1.605674 0.005273
 82.000000 0.094219 0.698714 1.588490 0.005412
 83.000000 0.099084 0.737223 1.816283 0.006443
 84.000000 0.110211 0.709490 1.791429 0.009241
 85.000000 0.045673 0.770018 1.813886 0.003892
 86.000000 0.048062 0.751771 1.563295 0.002983
 87.000000 0.043255 0.781365 1.762257 0.003727
 88.000000 0.066604 0.736275 1.545293 0.002377
 89.000000 0.049055 0.777197 1.916129 0.004001
 90.000000 0.044168 0.799885 1.957033 0.002397
 91.000000 0.020395 0.880765 2.332473 0.001471
 92.000000 0.044316 0.839596 2.274054 0.003837
 93.000000 0.088624 0.779157 2.083571 0.009394
 94.000000 0.086054 0.777022 2.118883 0.010910
 95.000000 0.033237 0.853304 2.288028 0.003896
 96.000000 0.027644 0.849588 2.370712 0.002174
 97.000000 0.029625 0.861927 2.268039 0.002657
 98.000000 0.028932 0.858446 2.187449 0.002663
 99.000000 0.019258 0.890068 2.268247 0.001282
 100.000000 0.037863 0.826074 1.987194 0.002607
 101.000000 0.055219 0.802128 1.869081 0.003267
 102.000000 0.052957 0.781412 1.712805 0.003076
 103.000000 0.032242 0.813282 1.817801 0.001659
 104.000000 0.057303 0.816349 2.088306 0.003719
 105.000000 0.060123 0.786480 2.001413 0.004492
 106.000000 0.105128 0.756714 1.973221 0.013518
 107.000000 0.064002 0.767719 1.967427 0.006992
 108.000000 0.090749 0.744080 1.947032 0.011709
 109.000000 0.066249 0.777251 1.984570 0.007673
 110.000000 0.081808 0.761280 2.009979 0.023853
 111.000000 0.081329 0.797170 2.224998 0.012515
 112.000000 0.080123 0.797820 2.165936 0.019751
 113.000000 0.066605 0.798760 2.012012 0.007608
 114.000000 0.058555 0.793418 2.065540 0.017472
 115.000000 0.133213 0.757047 2.026058 0.039449
 116.000000 0.086234 0.718378 1.603406 0.018521
 117.000000 0.095244 0.750875 1.903548 0.024818
 118.000000 0.053575 0.765773 1.896385 0.009562
 119.000000 0.061901 0.749742 1.742079 0.011265
 120.000000 0.088370 0.730805 1.785590 0.021662
 121.000000 0.050420 0.793968 2.018295 0.010939
 122.000000 0.041811 0.789174 2.022064 0.006284
 123.000000 0.048118 0.761717 1.755988 0.009202
 124.000000 0.062145 0.741752 1.825771 0.017532
 125.000000 0.072748 0.748701 1.798571 0.012633
 126.000000 0.104341 0.744531 1.865339 0.019577
 127.000000 0.057198 0.764095 1.860478 0.006143
 128.000000 0.095981 0.697945 1.589379 0.040331
 129.000000 0.082188 0.713607 1.619025 0.007080
 130.000000 0.164611 0.726127 1.884371 0.021725
 131.000000 0.133351 0.705566 1.740679 0.026910
 132.000000 0.091636 0.696652 1.617608 0.024541
 133.000000 0.139715 0.659011 1.332310 0.033480
 134.000000 0.195860 0.651164 1.273566 0.038432
 135.000000 0.117364 0.721603 1.762515 0.034215
 136.000000 0.079818 0.743663 1.857390 0.006903
 137.000000 0.061603 0.765967 1.871889 0.006163
 138.000000 0.034544 0.850332 2.218967 0.001948
 139.000000 0.042133 0.846719 2.365399 0.004966
 140.000000 0.044268 0.800098 2.142497 0.003723
 141.000000 0.027564 0.850818 2.398162 0.002280
 142.000000 0.048247 0.795570 2.116343 0.004796
 143.000000 0.041084 0.795931 1.922216 0.003291
 144.000000 0.022318 0.882797 2.377346 0.003225
 145.000000 0.043511 0.785462 2.093787 0.005243
 146.000000 0.022009 0.862696 2.400529 0.002942
 147.000000 0.038603 0.793845 1.983190 0.005848
 148.000000 0.049765 0.753579 1.847346 0.005466
 149.000000 0.040464 0.790057 2.006791 0.004422
 150.000000 0.049848 0.775078 1.853577 0.006375
 151.000000 0.046482 0.777466 1.981862 0.004962
 152.000000 0.046142 0.780232 2.010998 0.005428
 153.000000 0.039923 0.807613 2.110195 0.004936
 154.000000 0.050148 0.781561 2.044883 0.006597
 155.000000 0.063757 0.755287 1.785185 0.009056
 156.000000 0.021634 0.892294 2.480189 0.002593
 157.000000 0.018717 0.892126 2.409830 0.002037
 158.000000 0.026095 0.880618 2.433409 0.003112
 159.000000 0.017017 0.925115 2.673196 0.002209
 160.000000 0.012672 0.927565 2.634572 0.001155
 161.000000 0.012223 0.942594 2.665518 0.001879
 162.000000 0.012595 0.934421 2.449590 0.001153
 163.000000 0.013393 0.922094 2.504241 0.001581
 164.000000 0.012323 0.928246 2.545935 0.001948
 165.000000 0.011432 0.888561 2.314701 0.001630
 166.000000 0.020608 0.862579 2.264161 0.002106
 167.000000 0.031618 0.828688 2.225466 0.004791
 168.000000 0.010099 0.954397 2.548231 0.001133
 169.000000 0.013479 0.928044 2.569281 0.001438
 170.000000 0.015658 0.899889 2.463872 0.002537
 171.000000 0.028092 0.843098 2.179366 0.004518
 172.000000 0.015382 0.911831 2.546246 0.002208
 173.000000 0.018699 0.857261 2.209559 0.004317
 174.000000 0.018710 0.860009 2.260369 0.002503
 175.000000 0.021849 0.844525 2.283905 0.002099
 176.000000 0.018024 0.894764 2.493147 0.003123
 177.000000 0.016237 0.902135 2.499178 0.001968
 178.000000 0.025362 0.821930 2.217051 0.003304
 179.000000 0.020418 0.865278 2.405329 0.003186
 180.000000 0.018270 0.859971 2.304378 0.001919
 181.000000 0.020474 0.830410 2.103116 0.003176
 182.000000 0.023037 0.797315 1.914487 0.003465
 183.000000 0.023753 0.751784 1.585661 0.003002
 184.000000 0.022430 0.780883 1.864886 0.002363
 185.000000 0.030084 0.770005 1.711150 0.004270
 186.000000 0.035417 0.724114 1.402195 0.004358
 187.000000 0.022117 0.785577 1.670696 0.003045
 188.000000 0.032674 0.789645 1.674097 0.006947
 189.000000 0.023254 0.823331 1.924222 0.007853
 190.000000 0.022539 0.847280 2.230490 0.006273
 191.000000 0.026018 0.816064 1.944009 0.002443
 192.000000 0.017084 0.864714 2.242987 0.002544
 193.000000 0.020241 0.838846 2.124208 0.003708
 194.000000 0.024993 0.835595 1.912684 0.007555
 195.000000 0.023539 0.815585 1.743414 0.011567
 196.000000 0.019735 0.856244 2.131291 0.004643
 197.000000 0.016377 0.844408 1.980775 0.002698
 198.000000 0.013077 0.885108 2.195094 0.001550
 199.000000 0.019947 0.872300 2.181555 0.005494
 200.000000 0.017427 0.873070 2.336266 0.004352
 201.000000 0.013750 0.880041 2.222644 0.002660
 202.000000 0.013359 0.878794 2.192324 0.003481
 203.000000 0.015564 0.856423 2.042389 0.002461
 204.000000 0.012010 0.916760 2.248846 0.001879
 205.000000 0.010314 0.948019 2.427994 0.001605
 206.000000 0.011209 0.945680 2.473555 0.001408
 207.000000 0.020325 0.877390 2.358008 0.002761
 208.000000 0.015771 0.906863 2.454427 0.002878
 209.000000 0.010022 0.939736 2.635582 0.001255
 210.000000 0.012231 0.946616 2.665280 0.001899
 211.000000 0.013984 0.932718 2.718694 0.001731
 212.000000 0.017884 0.897710 2.521524 0.001619
 213.000000 0.017530 0.903307 2.541805 0.002265
 214.000000 0.014229 0.936728 2.667337 0.001875
 215.000000 0.021017 0.880350 2.476043 0.002193
 216.000000 0.034677 0.829753 2.346236 0.003576
 217.000000 0.033323 0.834345 2.276400 0.002752
 218.000000 0.068422 0.802177 2.218228 0.006248
 219.000000 0.027608 0.820357 2.162635 0.002164
 220.000000 0.033620 0.767639 2.012534 0.002440
 221.000000 0.050557 0.728330 1.759863 0.005097
 222.000000 0.057278 0.719006 1.745133 0.003945
 223.000000 0.022846 0.813261 2.047214 0.001853
 224.000000 0.016940 0.871234 2.312543 0.001838
 225.000000 0.029075 0.784198 1.914046 0.002484
 226.000000 0.035379 0.747638 1.709019 0.004302
 227.000000 0.062577 0.741817 1.649972 0.009706
 228.000000 0.030220 0.719860 1.284334 0.002712
 229.000000 0.032763 0.777157 1.688966 0.002813
 230.000000 0.034419 0.745324 1.665443 0.002904
 231.000000 0.037194 0.751453 1.756674 0.003972
 232.000000 0.035231 0.732528 1.628267 0.004220
 233.000000 0.026776 0.799446 1.953635 0.002732
 234.000000 0.021933 0.830980 1.913448 0.001631
 235.000000 0.016552 0.856080 2.064876 0.001354
 236.000000 0.013406 0.846782 2.012801 0.001929
 237.000000 0.020539 0.788785 1.680196 0.001637
 238.000000 0.014104 0.833629 1.883310 0.001254
 239.000000 0.018936 0.859403 2.214533 0.001977
 240.000000 0.018509 0.855774 2.169626 0.002160
 241.000000 0.026278 0.813550 2.143486 0.002220
 242.000000 0.026816 0.801565 2.128217 0.002279
 243.000000 0.030966 0.798233 2.183013 0.001938
 244.000000 0.023965 0.829104 2.187072 0.001880
 245.000000 0.034460 0.814382 2.206858 0.002296
 246.000000 0.057991 0.754808 2.024256 0.003426
 247.000000 0.049158 0.756794 1.943451 0.003388
 248.000000 0.057904 0.699260 1.526883 0.003813
 249.000000 0.039815 0.742409 1.696699 0.002780
 250.000000 0.045906 0.751190 1.952097 0.002566
 251.000000 0.022890 0.874237 2.504042 0.001735
 252.000000 0.032574 0.864123 2.497662 0.002837
 253.000000 0.030893 0.877970 2.517679 0.003638
 254.000000 0.046331 0.831824 2.333820 0.004580
 255.000000 0.050732 0.769259 2.025803 0.002630
 256.000000 0.061918 0.740229 1.891160 0.003360
 257.000000 0.056995 0.749809 1.791836 0.003189
 258.000000 0.056752 0.739993 1.790970 0.002831
 259.000000 0.052099 0.763629 2.025740 0.004255
 260.000000 0.061541 0.733850 1.851048 0.005034
 261.000000 0.062006 0.723602 1.870376 0.003383
 262.000000 0.058313 0.775142 2.104279 0.003201
 263.000000 0.035303 0.844043 2.309101 0.003663
 264.000000 0.027872 0.822466 2.109552 0.002800
 265.000000 0.041034 0.792133 2.014594 0.002801
 266.000000 0.058300 0.772452 1.936027 0.004027
 267.000000 0.029959 0.824430 2.156350 0.002533
 268.000000 0.037264 0.822237 2.290257 0.002572
 269.000000 0.077883 0.771452 2.208115 0.004346
 270.000000 0.041748 0.805158 2.217901 0.002111
 271.000000 0.068415 0.787625 2.301792 0.004045
 272.000000 0.023400 0.844685 2.251777 0.001945
 273.000000 0.022576 0.827123 2.048196 0.001509
 274.000000 0.022767 0.814365 1.997104 0.002326
 275.000000 0.032650 0.759335 1.533259 0.002315
 276.000000 0.045424 0.731940 1.705950 0.003079
 277.000000 0.066493 0.699599 1.751270 0.003908
 278.000000 0.050803 0.699248 1.540736 0.003814
 279.000000 0.042686 0.749675 1.670540 0.003605
 280.000000 0.082170 0.664687 1.372104 0.005605
 281.000000 0.087783 0.679177 1.597087 0.006148
 282.000000 0.041185 0.733882 1.685497 0.002202
 283.000000 0.046062 0.774833 1.954002 0.003920
 284.000000 0.082648 0.683714 1.592292 0.006172
 285.000000 0.035466 0.763157 1.912669 0.002797
 286.000000 0.036161 0.768493 1.913688 0.002528
 287.000000 0.052365 0.744084 1.896244 0.004392
 288.000000 0.067731 0.693220 1.610043 0.004950
 289.000000 0.054037 0.671209 1.395051 0.003159
 290.000000 0.075156 0.659373 1.437683 0.005388
 291.000000 0.055652 0.688768 1.512629 0.003644
 292.000000 0.053686 0.702336 1.606921 0.003224
 293.000000 0.060795 0.679363 1.463528 0.004216
 294.000000 0.063176 0.705754 1.680439 0.005116
 295.000000 0.060232 0.711672 1.723940 0.004826
 296.000000 0.032291 0.754701 1.857386 0.003238
 297.000000 0.038558 0.752453 1.734174 0.004743
 298.000000 0.053739 0.707206 1.604817 0.004305
 299.000000 0.064012 0.697664 1.441896 0.005434
 300.000000 0.033452 0.743661 1.696812 0.003774
 301.000000 0.049475 0.740379 1.838856 0.003523
 302.000000 0.040506 0.747824 1.854068 0.003521
 303.000000 0.064921 0.724950 1.939411 0.003778
 304.000000 0.058799 0.764274 2.015875 0.004321
 305.000000 0.045232 0.794709 2.276579 0.002744
 306.000000 0.041147 0.802794 2.311408 0.002475
 307.000000 0.053045 0.793854 2.277610 0.003112
 308.000000 0.034036 0.836164 2.370206 0.002549
 309.000000 0.047035 0.810925 2.289506 0.002685
 310.000000 0.070174 0.797043 2.342636 0.003942
 311.000000 0.076843 0.805795 2.349823 0.004597
 312.000000 0.027327 0.849327 2.330753 0.001663
 313.000000 0.062346 0.779096 2.082102 0.002650
 314.000000 0.049369 0.778358 1.877643 0.002629
 315.000000 0.065421 0.771355 1.958306 0.003336
 316.000000 0.045070 0.840371 2.376286 0.004541
 317.000000 0.062743 0.794494 2.146594 0.004956
 318.000000 0.056749 0.787554 1.941690 0.004469
 319.000000 0.032758 0.847845 2.348304 0.002766
 320.000000 0.073956 0.781211 2.096380 0.005180
 321.000000 0.376533 0.728290 2.047963 0.053514
 322.000000 0.363161 0.730362 1.887160 0.055017
 323.000000 0.262739 0.744556 1.936160 0.028874
 324.000000 0.125096 0.795606 2.203681 0.017903
 325.000000 0.203708 0.772950 2.163319 0.028522
 326.000000 0.209072 0.767434 2.200808 0.024060
 327.000000 0.160796 0.743544 1.960025 0.014132
 328.000000 0.464949 0.669319 1.636291 0.745490
 329.000000 0.441773 0.628403 1.299042 0.257852
 330.000000 0.937720 0.633299 1.330132 0.340075
 331.000000 1.057468 0.653339 1.535489 0.198537
 332.000000 1.082090 0.644787 1.445173 0.248783
 333.000000 0.973923 0.619463 1.307364 0.264927
 334.000000 1.041947 0.578044 1.204891 0.438316
 335.000000 0.577324 0.574400 1.058776 0.221345
 336.000000 0.652542 0.627955 1.439082 0.258248
 337.000000 1.475785 0.644242 1.647216 0.258603
 338.000000 0.786577 0.611873 1.380586 0.868232
 339.000000 1.769713 0.589020 1.305549 0.507012
 340.000000 0.863922 0.615741 1.347466 0.321247
 341.000000 1.266171 0.611349 1.362910 0.517933
 342.000000 0.756624 0.636105 1.523506 0.136749
 343.000000 0.345777 0.686026 1.505505 0.078524
 344.000000 0.589621 0.662544 1.531375 0.115659
 345.000000 0.514585 0.667470 1.539688 0.135374
 346.000000 0.720959 0.660123 1.635140 0.283602
 347.000000 1.206073 0.668721 1.633933 0.412531
 348.000000 0.402877 0.637095 1.462617 0.118285
 349.000000 2.386633 0.588419 1.259890 1.278606
 350.000000 2.360220 0.600050 1.336202 1.174808
 351.000000 2.454329 0.628417 1.493642 2.231324
 352.000000 2.368932 0.630070 1.409703 0.843035
 353.000000 2.410270 0.608954 1.374302 1.295272
 354.000000 2.313442 0.578142 1.279801 2.165957
 355.000000 2.546837 0.568524 1.266951 2.293713
 356.000000 2.495736 0.563837 1.276043 1.984013
 357.000000 2.484001 0.575363 1.295594 1.757607
 358.000000 2.958726 0.571810 1.355960 2.193663
 359.000000 3.156538 0.552464 1.154912 2.428645
 360.000000 3.151669 0.553707 1.287855 2.389708
 361.000000 3.210623 0.560217 1.280681 1.917183
 362.000000 3.125109 0.546618 1.279860 2.664229
 363.000000 3.191614 0.534871 1.127781 2.715945
 364.000000 3.156404 0.545229 1.104924 2.739008
 365.000000 3.152722 0.549230 1.195486 3.065690
 366.000000 3.277203 0.575006 1.378444 2.120419
 367.000000 3.173707 0.595693 1.461787 2.724709
 368.000000 2.802130 0.641630 1.842804 1.272048
 369.000000 3.054710 0.650311 1.817348 1.098079
 370.000000 3.188597 0.565854 1.323914 3.206382
 371.000000 3.160106 0.571557 1.354741 2.705578
 372.000000 3.197861 0.563667 1.252426 2.904452
 373.000000 3.128692 0.567116 1.273737 2.468692
 374.000000 3.239645 0.597994 1.574533 2.410580
 375.000000 3.132536 0.567283 1.319804 1.765934
 376.000000 3.193868 0.565093 1.277219 2.520802
 377.000000 3.167966 0.564151 1.303531 2.229701
 378.000000 3.173131 0.570085 1.384147 2.619636
 379.000000 3.212497 0.560538 1.271167 2.659657
 380.000000 3.170443 0.567581 1.279680 2.103943
 381.000000 3.145357 0.546427 1.100805 2.043620
 382.000000 3.173922 0.561243 1.186232 1.462297
 383.000000 3.145338 0.547104 1.101977 2.826360
 384.000000 2.590448 0.561381 1.054140 0.604779
 385.000000 3.142047 0.543321 1.106379 2.658092
 386.000000 2.861746 0.559028 1.203486 0.980740
 387.000000 3.146114 0.558940 1.199001 2.713309
 388.000000 3.159562 0.526268 0.947003 3.051912
 389.000000 3.156093 0.545660 1.005219 2.750973
 390.000000 3.196568 0.571019 1.177279 3.062596
 391.000000 3.148858 0.539092 0.958746 2.779936
 392.000000 3.177913 0.560067 1.130559 2.664760
 393.000000 3.188620 0.547710 1.170162 2.807062
 394.000000 3.197188 0.550043 1.276948 3.069555
 395.000000 3.201785 0.564669 1.304142 2.441735
 396.000000 3.149801 0.563282 1.288585 2.266097
 397.000000 3.158395 0.553127 1.274320 2.312585
 398.000000 3.120112 0.535950 1.117030 2.766858
 399.000000 3.125296 0.559506 1.300065 2.123622
 400.000000 3.215497 0.557135 1.359714 2.994888
 401.000000 3.222198 0.559575 1.271677 2.486290
 402.000000 3.161405 0.552285 1.312191 2.272651
 403.000000 3.172276 0.564858 1.315681 2.334134
 404.000000 3.184521 0.566364 1.253423 2.006506
 405.000000 3.125794 0.560586 1.233661 2.905328
 406.000000 3.191627 0.552459 1.212891 2.620835
 407.000000 3.160090 0.586047 1.354801 1.711547
 408.000000 3.308523 0.576942 1.455737 2.572732
 409.000000 2.880147 0.633942 1.734654 0.825515
 410.000000 2.601183 0.632764 1.722365 0.724952
 411.000000 3.338718 0.576526 1.476157 2.133091
 412.000000 3.174999 0.575522 1.380851 2.374346
 413.000000 3.165560 0.597662 1.451755 1.980825
 414.000000 3.274326 0.592010 1.452182 2.839600
 415.000000 3.192321 0.568850 1.347507 2.905509
 416.000000 3.232475 0.561389 1.379472 3.186052
 417.000000 3.170161 0.603783 1.473079 1.239906
 418.000000 2.913194 0.612483 1.523080 1.545760
 419.000000 0.956182 0.642504 1.537309 0.349195
 420.000000 1.608038 0.636628 1.605870 0.632762
 421.000000 1.657801 0.625476 1.396164 0.864322
 422.000000 2.391364 0.592978 1.311177 1.518997
 423.000000 1.510364 0.590441 1.310915 1.022685
 424.000000 1.603302 0.567637 1.065541 1.025390
 425.000000 1.751599 0.577733 1.250950 1.225504
 426.000000 3.215669 0.553908 1.230035 1.862828
 427.000000 3.238573 0.550269 1.209870 2.290171
 428.000000 3.145673 0.522706 1.016050 2.044095
 429.000000 3.202867 0.548544 1.244598 3.029608
 430.000000 3.298663 0.566061 1.353259 1.845840
 431.000000 3.197316 0.597384 1.451866 1.542228
 432.000000 3.175429 0.587298 1.479269 3.191944
 433.000000 3.154911 0.585823 1.358145 2.447936
 434.000000 3.192880 0.561945 1.254167 2.580225
 435.000000 3.249595 0.560406 1.424009 2.593822
 436.000000 3.187816 0.545405 1.203571 3.052282
 437.000000 3.208086 0.561357 1.264516 2.897606
 438.000000 3.163651 0.579540 1.359057 1.888781
 439.000000 3.199573 0.578673 1.358210 2.611992
 440.000000 3.161347 0.577407 1.441425 2.243627
 441.000000 3.197328 0.552656 1.274437 3.190018
 442.000000 3.271099 0.553317 1.375327 2.494294
 443.000000 3.189618 0.544376 1.232667 3.066973
 444.000000 3.192407 0.545722 1.220660 2.356510
 445.000000 3.131485 0.571442 1.327126 2.698065
 446.000000 3.155837 0.550621 1.212634 2.311688
 447.000000 3.269987 0.576486 1.384282 2.322862
 448.000000 3.189845 0.555405 1.288796 2.359643
 449.000000 3.170299 0.576068 1.320036 2.988430
 450.000000 3.189120 0.576880 1.396107 2.868907
 451.000000 3.201416 0.559232 1.222106 2.652827
 452.000000 3.215510 0.567801 1.342499 2.642473
 453.000000 3.163466 0.561267 1.269506 3.016363
 454.000000 3.260105 0.562261 1.277075 2.569168
 455.000000 3.203266 0.573260 1.385099 2.698170
 456.000000 2.465023 0.584312 1.557724 1.672709
 457.000000 2.857039 0.603846 1.630210 1.853507
 458.000000 2.745459 0.612072 1.596103 1.345711
 459.000000 3.188743 0.620034 1.616301 2.012943
 460.000000 2.770214 0.651910 1.818752 1.577934
 461.000000 2.117073 0.702009 2.025849 0.895810
 462.000000 1.664121 0.697657 2.003002 1.121584
 463.000000 1.618807 0.708279 1.989699 0.719028
 464.000000 1.613896 0.673861 1.729152 1.469115
 465.000000 2.305754 0.652128 1.875656 2.293170
 466.000000 2.128873 0.664299 1.833626 2.173482
 467.000000 2.103940 0.699111 2.074933 0.801393
 468.000000 2.171258 0.674296 1.935455 1.317982
 469.000000 2.082738 0.659896 1.879257 0.734859
 470.000000 2.202182 0.662334 1.929872 1.396412
 471.000000 1.006017 0.657862 1.818451 0.380607
 472.000000 0.656512 0.632049 1.693575 0.299616
 473.000000 0.503996 0.654851 1.787215 0.402433
 474.000000 0.962011 0.642056 1.796334 0.280765
 475.000000 0.433839 0.613786 1.697408 0.650153
 476.000000 0.795145 0.630871 1.716873 0.133237
 477.000000 0.918709 0.602846 1.557072 0.271971
 478.000000 2.458155 0.619227 1.698767 1.312411
 479.000000 2.431250 0.590800 1.636028 1.819932
 480.000000 2.523585 0.588368 1.574782 2.084061
 481.000000 2.351251 0.577956 1.577574 1.513134
 482.000000 2.304175 0.621023 1.778561 1.522037
 483.000000 2.335274 0.584645 1.607352 2.212319
 484.000000 2.287821 0.617805 1.713403 2.091941
 485.000000 0.513736 0.660012 1.787866 0.242150
 486.000000 0.590473 0.670292 1.852099 0.222349
 487.000000 0.579235 0.661487 1.697131 0.608697
 488.000000 0.957747 0.635440 1.665415 0.537531
 489.000000 0.829020 0.646676 1.808259 0.189951
 490.000000 0.904959 0.654106 1.769484 0.203822
 491.000000 0.866685 0.645651 1.758860 0.172266
 492.000000 0.502507 0.673820 1.801610 0.071973
 493.000000 0.271468 0.661578 1.476886 0.043149
 494.000000 0.220451 0.681570 1.517085 0.035111
 495.000000 0.306215 0.671680 1.529245 0.051446
 496.000000 0.354662 0.687631 1.842165 0.056581
 497.000000 0.254153 0.726484 2.146637 0.138116
 498.000000 0.178005 0.748521 2.178845 0.054727
 499.000000 0.324707 0.704278 2.012503 0.102432
 500.000000 0.190984 0.758197 2.200908 0.032721
