#! FIELDS time alpha rg e2e hbond
 0.000000 0.064582 0.655882 1.409694 0.004475
 1.000000 0.071152 0.649798 1.466543 0.004381
 2.000000 0.065496 0.666748 1.559429 0.004054
 3.000000 0.060063 0.660632 1.349203 0.004032
 4.000000 0.046181 0.675744 1.247090 0.003055
 5.000000 0.063323 0.648376 1.115424 0.004310
 6.000000 0.040349 0.719948 1.400643 0.005410
 7.000000 0.056843 0.692528 1.298338 0.004939
 8.000000 0.082904 0.643150 1.259448 0.005760
 9.000000 0.083578 0.627718 1.078849 0.006494
 10.000000 0.080903 0.620314 1.118166 0.008958
 11.000000 0.084333 0.620551 1.045548 0.007106
 12.000000 0.071853 0.652864 1.099116 0.004587
 13.000000 0.056140 0.678428 1.189679 0.004507
 14.000000 0.093197 0.632683 1.106356 0.007945
 15.000000 0.073689 0.631703 1.014925 0.004581
 16.000000 0.097560 0.620938 1.231777 0.004627
 17.000000 0.073322 0.652852 1.446365 0.004773
 18.000000 0.083380 0.640253 1.213661 0.005124
 19.000000 0.102569 0.640946 1.257592 0.005161
 20.000000 0.114820 0.634485 1.332878 0.004750
 21.000000 0.084361 0.685887 1.649128 0.004873
 22.000000 0.038650 0.756415 1.964482 0.002945
 23.000000 0.049984 0.741057 1.882139 0.003127
 24.000000 0.032847 0.798108 2.020810 0.002071
 25.000000 0.045716 0.819888 2.247987 0.002543
 26.000000 0.028306 0.855716 2.396096 0.002403
 27.000000 0.039610 0.850402 2.422167 0.002300
 28.000000 0.028279 0.875122 2.503136 0.001519
 29.000000 0.058907 0.791025 2.205930 0.004814
 30.000000 0.049944 0.801102 2.250256 0.003235
 31.000000 0.042449 0.822018 2.330834 0.003025
 32.000000 0.051648 0.797289 2.203505 0.002376
 33.000000 0.037148 0.830172 2.306575 0.002434
 34.000000 0.030586 0.851782 2.285049 0.001734
 35.000000 0.059145 0.820542 2.163474 0.004091
 36.000000 0.043296 0.808053 2.163814 0.002457
 37.000000 0.058052 0.826142 2.283349 0.002934
 38.000000 0.064967 0.810838 2.191498 0.003498
 39.000000 0.025891 0.872837 2.396211 0.001520
 40.000000 0.035116 0.871222 2.304559 0.002398
 41.000000 0.028039 0.877704 2.393297 0.001738
 42.000000 0.037178 0.844450 2.237687 0.003085
 43.000000 0.017785 0.895616 2.326215 0.001283
 44.000000 0.018381 0.909587 2.434027 0.001422
 45.000000 0.014659 0.905898 2.355334 0.001537
 46.000000 0.010679 0.965907 2.817294 0.001212
 47.000000 0.017182 0.927939 2.737456 0.001614
 48.000000 0.031394 0.873225 2.540646 0.003891
 49.000000 0.176178 0.795492 2.231879 0.037812
 50.000000 0.062686 0.816434 2.224158 0.010704
 51.000000 0.092213 0.786223 2.016709 0.013325
 52.000000 0.060164 0.786284 1.977519 0.007149
 53.000000 0.065251 0.808115 1.881888 0.008086
 54.000000 0.023234 0.861796 2.070067 0.002204
 55.000000 0.072085 0.823833 1.938964 0.008207
 56.000000 0.056394 0.823651 1.959112 0.008690
 57.000000 0.055009 0.814476 1.878991 0.008986
 58.000000 0.083071 0.803996 1.997322 0.009558
 59.000000 0.074355 0.776961 1.777585 0.010861
 60.000000 0.060184 0.790440 1.598096 0.009119
 61.000000 0.061055 0.763280 1.482054 0.006006
 62.000000 0.055792 0.762253 1.380299 0.012208
 63.000000 0.087259 0.749547 1.456120 0.014102
 64.000000 0.089717 0.678811 1.321106 0.020337
 65.000000 0.082225 0.639299 1.031824 0.019219
 66.000000 0.052360 0.672823 1.073108 0.005650
 67.000000 0.083472 0.640551 1.141832 0.013903
 68.000000 0.093357 0.664766 1.356979 0.011961
 69.000000 0.050011 0.719486 1.706299 0.006614
 70.000000 0.065412 0.679193 1.584293 0.008559
 71.000000 0.054040 0.700910 1.382639 0.007394
 72.000000 0.076188 0.755981 1.852451 0.009209
 73.000000 0.076556 0.765883 1.854511 0.010288
 74.000000 0.056780 0.776873 1.961061 0.007737
 75.000000 0.098475 0.722070 1.463769 0.010158
 76.000000 0.103935 0.721040 1.438880 0.020893
 77.000000 0.068753 0.768941 1.689263 0.014547
 78.000000 0.075622 0.733713 1.532773 0.017264
 79.000000 0.069492 0.729959 1.381300 0.015231
 80.000000 0.075032 0.736174 1.401643 0.014062
 81.000000 0.110708 0.662571 1.278694 0.017029
 82.000000 0.105217 0.648661 1.411079 0.019815
 83.000000 0.062345 0.713748 1.656473 0.007961
 84.000000 0.074434 0.667031 1.399335 0.010339
 85.000000 0.079247 0.687888 1.412475 0.012718
 86.000000 0.094000 0.646710 1.254677 0.014571
 87.000000 0.063414 0.711113 1.436790 0.008676
 88.000000 0.088180 0.704752 1.465190 0.017335
 89.000000 0.098039 0.708487 1.606543 0.017568
 90.000000 0.095485 0.712158 1.558598 0.015554
 91.000000 0.073969 0.729462 1.794887 0.009576
 92.000000 0.087904 0.732699 1.777901 0.014532
 93.000000 0.042001 0.822018 2.199358 0.003603
 94.000000 0.035144 0.830882 2.278760 0.003368
 95.000000 0.013355 0.919419 2.435835 0.001201
 96.000000 0.031355 0.832541 2.210892 0.003364
 97.000000 0.028962 0.834269 2.240890 0.002801
 98.000000 0.042941 0.780879 1.901393 0.004342
 99.000000 0.090722 0.702335 1.726362 0.010909
 100.000000 0.084236 0.710185 1.778564 0.009741
 101.000000 0.054688 0.746696 1.925092 0.005904
 102.000000 0.045227 0.755344 1.903657 0.004014
 103.000000 0.053686 0.762245 2.045504 0.005850
 104.000000 0.033065 0.807466 2.240261 0.003238
 105.000000 0.030545 0.829644 2.203980 0.002293
 106.000000 0.026266 0.838876 2.237175 0.002144
 107.000000 0.085395 0.777895 2.057627 0.008747
 108.000000 0.027484 0.863470 2.457131 0.002962
 109.000000 0.027302 0.854124 2.333131 0.003217
 110.000000 0.029272 0.830551 2.247766 0.002930
 111.000000 0.023258 0.840645 2.225138 0.002454
 112.000000 0.016971 0.868808 2.151569 0.001150
 113.000000 0.021294 0.845179 2.261898 0.001939
 114.000000 0.022683 0.828454 2.110608 0.001983
 115.000000 0.052772 0.736446 1.679555 0.006144
 116.000000 0.032738 0.790236 1.875397 0.002979
 117.000000 0.032458 0.784079 1.810457 0.002688
 118.000000 0.043104 0.756245 1.834109 0.005033
 119.000000 0.042180 0.785290 1.927921 0.003644
 120.000000 0.036937 0.797006 2.015652 0.004934
 121.000000 0.053515 0.763313 1.930082 0.006774
 122.000000 0.043640 0.808909 2.162033 0.005626
 123.000000 0.030398 0.801708 1.946956 0.002470
 124.000000 0.018866 0.849034 1.999598 0.001538
 125.000000 0.025713 0.839388 2.104351 0.002630
 126.000000 0.028242 0.837140 2.061466 0.002972
 127.000000 0.018787 0.896658 2.530618 0.001964
 128.000000 0.020177 0.880701 2.426346 0.002158
 129.000000 0.023461 0.847565 2.086942 0.002556
 130.000000 0.030732 0.850138 2.132094 0.006814
 131.000000 0.037679 0.803471 1.693513 0.011507
 132.000000 0.045510 0.751658 1.696027 0.013567
 133.000000 0.040739 0.762984 1.653951 0.010472
 134.000000 0.051587 0.739569 1.573775 0.012197
 135.000000 0.041001 0.748006 1.681616 0.006425
 136.000000 0.029728 0.766620 1.777272 0.003653
 137.000000 0.032170 0.797253 1.932261 0.004978
 138.000000 0.029149 0.817127 1.978863 0.004064
 139.000000 0.048384 0.768829 1.774562 0.011437
 140.000000 0.031601 0.813559 1.864081 0.011555
 141.000000 0.043078 0.774837 1.706482 0.010716
 142.000000 0.062373 0.721297 1.453134 0.012715
 143.000000 0.046914 0.725920 1.492398 0.011895
 144.000000 0.040894 0.739798 1.732483 0.007089
 145.000000 0.058117 0.729790 1.568278 0.011164
 146.000000 0.045422 0.793473 1.741247 0.013572
 147.000000 0.055941 0.700799 1.258144 0.013128
 148.000000 0.063248 0.669941 1.061258 0.014363
 149.000000 0.093590 0.617307 0.881311 0.014401
 150.000000 0.073466 0.641904 0.918441 0.015080
 151.000000 0.063447 0.666498 1.086531 0.031915
 152.000000 0.046462 0.699942 1.311126 0.010812
 153.000000 0.051483 0.744011 1.667336 0.007429
 154.000000 0.035119 0.761485 1.589368 0.010399
 155.000000 0.036102 0.725865 1.750376 0.005351
 156.000000 0.030041 0.758015 1.866057 0.004243
 157.000000 0.026216 0.779309 1.967780 0.005568
 158.000000 0.035842 0.746725 1.872566 0.006794
 159.000000 0.031405 0.770439 2.018377 0.005989
 160.000000 0.023032 0.838772 2.229225 0.002461
 161.000000 0.021014 0.834025 2.249303 0.001522
 162.000000 0.022669 0.869478 2.398299 0.002526
 163.000000 0.023089 0.851888 2.272042 0.002171
 164.000000 0.021817 0.827235 2.049088 0.002137
 165.000000 0.023323 0.840502 2.118694 0.002063
 166.000000 0.017136 0.885532 2.418710 0.001528
 167.000000 0.028780 0.824598 2.118345 0.002952
 168.000000 0.026450 0.845041 2.207661 0.002219
 169.000000 0.013624 0.905464 2.414774 0.001221
 170.000000 0.024200 0.858091 2.443594 0.002589
 171.000000 0.017177 0.874736 2.406460 0.002317
 172.000000 0.015364 0.912297 2.390997 0.001675
 173.000000 0.015768 0.908086 2.472690 0.001644
 174.000000 0.016235 0.897573 2.370611 0.001591
 175.000000 0.017556 0.856415 2.175277 0.001639
 176.000000 0.016989 0.881096 2.274389 0.001957
 177.000000 0.016226 0.913035 2.425905 0.001515
 178.000000 0.019076 0.860690 2.277327 0.006259
 179.000000 0.018941 0.880161 2.329119 0.002841
 180.000000 0.026909 0.862664 2.346096 0.002919
 181.000000 0.027714 0.861697 2.366355 0.004355
 182.000000 0.033185 0.843893 2.410825 0.004135
 183.000000 0.021319 0.866337 2.397658 0.002005
 184.000000 0.026038 0.861066 2.385029 0.003654
 185.000000 0.022228 0.882541 2.593021 0.002526
 186.000000 0.023384 0.854508 2.462829 0.002062
 187.000000 0.032195 0.834217 2.391344 0.002507
 188.000000 0.035543 0.813600 2.267893 0.002702
 189.000000 0.034599 0.824355 2.322228 0.002899
 190.000000 0.022348 0.857884 2.379737 0.001842
 191.000000 0.012514 0.933937 2.475331 0.001363
 192.000000 0.015570 0.915052 2.529738 0.001689
 193.000000 0.014378 0.918514 2.472514 0.001972
 194.000000 0.013179 0.936813 2.680151 0.001781
 195.000000 0.011138 0.922673 2.521283 0.001082
 196.000000 0.012566 0.908009 2.436938 0.001646
 197.000000 0.020246 0.830500 2.029981 0.001816
 198.000000 0.018991 0.823481 2.007439 0.001695
 199.000000 0.027511 0.808344 1.982601 0.004492
 200.000000 0.036757 0.806390 2.090820 0.003526
 201.000000 0.019489 0.862112 2.290474 0.002212
 202.000000 0.025737 0.827458 2.093253 0.004073
 203.000000 0.016178 0.897185 2.361239 0.002922
 204.000000 0.013157 0.934598 2.596240 0.003465
 205.000000 0.021554 0.903581 2.584606 0.002403
 206.000000 0.017323 0.911407 2.572824 0.002088
 207.000000 0.020276 0.889760 2.474818 0.002370
 208.000000 0.022342 0.869278 2.423301 0.002889
 209.000000 0.026210 0.858469 2.374839 0.002752
 210.000000 0.041947 0.833309 2.279422 0.006463
 211.000000 0.041030 0.815686 2.158690 0.004857
 212.000000 0.043149 0.820653 2.211152 0.004395
 213.000000 0.026851 0.894232 2.539887 0.003840
 214.000000 0.024137 0.891223 2.496738 0.002636
 215.000000 0.033650 0.820392 2.159866 0.002637
 216.000000 0.021315 0.905650 2.567541 0.002774
 217.000000 0.012423 0.948552 2.712127 0.001252
 218.000000 0.012945 0.936713 2.716475 0.001220
 219.000000 0.015402 0.919978 2.617140 0.001506
 220.000000 0.013892 0.931856 2.658130 0.001386
 221.000000 0.015547 0.944114 2.746219 0.001502
 222.000000 0.012682 0.959418 2.799366 0.001014
 223.000000 0.020470 0.912367 2.694157 0.002279
 224.000000 0.018836 0.925349 2.708710 0.001909
 225.000000 0.012669 0.951189 2.739168 0.001123
 226.000000 0.015961 0.907486 2.413046 0.001389
 227.000000 0.010334 0.934437 2.476793 0.000875
 228.000000 0.012055 0.912692 2.499893 0.001108
 229.000000 0.011820 0.911445 2.458020 0.001001
 230.000000 0.010144 0.965216 2.777861 0.000855
 231.000000 0.011402 0.956246 2.692447 0.001146
 232.000000 0.012906 0.908849 2.366251 0.001053
 233.000000 0.016007 0.863900 2.243975 0.001472
 234.000000 0.015348 0.859298 2.155303 0.001295
 235.000000 0.024788 0.858765 2.375483 0.002337
 236.000000 0.016185 0.877592 2.407250 0.001494
 237.000000 0.024629 0.852832 2.236738 0.002424
 238.000000 0.019380 0.845212 2.153522 0.001814
 239.000000 0.031310 0.836840 2.286522 0.003013
 240.000000 0.028392 0.848453 2.349950 0.002479
 241.000000 0.032479 0.818338 2.203513 0.002646
 242.000000 0.028016 0.836368 2.148272 0.002878
 243.000000 0.047064 0.787157 1.821463 0.005739
 244.000000 0.029962 0.774627 1.753037 0.003865
 245.000000 0.039932 0.805225 1.901693 0.004953
 246.000000 0.034746 0.823210 2.223859 0.003048
 247.000000 0.036413 0.845299 2.267291 0.004460
 248.000000 0.040409 0.834186 2.397539 0.004419
 249.000000 0.030722 0.855980 2.416865 0.002631
 250.000000 0.042597 0.808039 2.178330 0.007340
 251.000000 0.025955 0.875001 2.502329 0.003467
 252.000000 0.020192 0.885233 2.382474 0.001868
 253.000000 0.017951 0.897686 2.280540 0.001747
 254.000000 0.024437 0.875037 2.355798 0.002124
 255.000000 0.043293 0.827803 2.223987 0.004402
 256.000000 0.031696 0.851925 2.145941 0.003709
 257.000000 0.032484 0.846466 2.248001 0.003236
 258.000000 0.025459 0.852992 2.255226 0.002430
 259.000000 0.036692 0.824517 2.288670 0.002576
 260.000000 0.043399 0.831567 2.325770 0.003545
 261.000000 0.015759 0.876357 2.226782 0.001247
 262.000000 0.029941 0.834447 2.177882 0.002188
 263.000000 0.032236 0.817431 2.153127 0.002923
 264.000000 0.035850 0.852077 2.279489 0.003198
 265.000000 0.046940 0.831638 2.284019 0.003448
 266.000000 0.025160 0.887206 2.565880 0.002404
 267.000000 0.020857 0.889811 2.436939 0.001945
 268.000000 0.022480 0.897155 2.452745 0.002757
 269.000000 0.023254 0.896711 2.502806 0.001840
 270.000000 0.022668 0.843382 2.056526 0.001837
 271.000000 0.034132 0.820062 2.097783 0.004199
 272.000000 0.020403 0.885572 2.425154 0.002339
 273.000000 0.021463 0.875978 2.468780 0.002396
 274.000000 0.025413 0.855988 2.372834 0.003223
 275.000000 0.018067 0.848198 2.216854 0.001896
 276.000000 0.027649 0.800245 1.966468 0.003517
 277.000000 0.034544 0.838155 2.230909 0.003204
 278.000000 0.032169 0.836649 2.247444 0.003096
 279.000000 0.037942 0.819808 2.208658 0.002399
 280.000000 0.031785 0.840410 2.266870 0.003625
 281.000000 0.032396 0.841835 2.166145 0.004010
 282.000000 0.029591 0.832400 2.212569 0.002356
 283.000000 0.032724 0.849956 2.326912 0.003094
 284.000000 0.020300 0.887994 2.454212 0.001972
 285.000000 0.014104 0.916580 2.576094 0.001207
 286.000000 0.014108 0.901552 2.412836 0.001237
 287.000000 0.011165 0.934958 2.526710 0.000980
 288.000000 0.013636 0.942673 2.546220 0.001417
 289.000000 0.009798 0.969041 2.680937 0.000965
 290.000000 0.015471 0.886915 2.309048 0.001267
 291.000000 0.010734 0.949628 2.652679 0.000988
 292.000000 0.010420 0.953850 2.711700 0.001122
 293.000000 0.012318 0.925950 2.498483 0.001075
 294.000000 0.016027 0.891121 2.470903 0.002037
 295.000000 0.012999 0.923636 2.606684 0.002301
 296.000000 0.011281 0.927661 2.561102 0.001598
 297.000000 0.016630 0.869938 2.345396 0.003096
 298.000000 0.014315 0.897608 2.429689 0.001746
 299.000000 0.013969 0.894969 2.423835 0.002048
 300.000000 0.017992 0.883427 2.446052 0.004486
 301.000000 0.018161 0.909123 2.503001 0.004653
 302.000000 0.010674 0.950848 2.703230 0.001184
 303.000000 0.011543 0.954258 2.702328 0.001622
 304.000000 0.009904 0.969214 2.711743 0.001738
 305.000000 0.013620 0.921575 2.590385 0.001811
 306.000000 0.018010 0.912592 2.567307 0.003157
 307.000000 0.017225 0.880952 2.487740 0.002017
 308.000000 0.017348 0.896358 2.559939 0.001924
 309.000000 0.014860 0.888946 2.385062 0.003803
 310.000000 0.017005 0.884942 2.462837 0.002816
 311.000000 0.023286 0.842468 2.188636 0.003819
 312.000000 0.018604 0.850921 2.224848 0.003445
 313.000000 0.015982 0.911600 2.565342 0.002070
 314.000000 0.016277 0.889930 2.454096 0.003944
 315.000000 0.015250 0.883735 2.404469 0.002491
 316.000000 0.013870 0.914760 2.441860 0.002103
 317.000000 0.019467 0.845335 2.167056 0.003113
 318.000000 0.015945 0.890893 2.371953 0.001301
 319.000000 0.013962 0.928685 2.607977 0.001264
 320.000000 0.015531 0.890102 2.343691 0.001638
 321.000000 0.017336 0.911522 2.468411 0.001797
 322.000000 0.015054 0.936429 2.642335 0.002059
 323.000000 0.015142 0.924231 2.603792 0.001745
 324.000000 0.013977 0.909674 2.495297 0.002420
 325.000000 0.014812 0.914246 2.559307 0.001415
 326.000000 0.017391 0.898316 2.499755 0.001927
 327.000000 0.020863 0.888515 2.340398 0.002343
 328.000000 0.018150 0.891209 2.525086 0.002030
 329.000000 0.012301 0.927110 2.561588 0.002287
 330.000000 0.017409 0.893785 2.507059 0.003718
 331.000000 0.023580 0.867524 2.368141 0.015766
 332.000000 0.023633 0.876993 2.458768 0.005595
 333.000000 0.024290 0.861534 2.337201 0.013123
 334.000000 0.026934 0.856652 2.390537 0.005131
 335.000000 0.019024 0.876009 2.417533 0.001999
 336.000000 0.012576 0.937075 2.605040 0.001295
 337.000000 0.011391 0.929753 2.558709 0.001781
 338.000000 0.020068 0.858704 2.290553 0.003846
 339.000000 0.019585 0.855780 2.329171 0.005522
 340.000000 0.018795 0.841804 2.202135 0.001815
 341.000000 0.017760 0.858417 2.178119 0.004162
 342.000000 0.020763 0.832312 2.062116 0.006092
 343.000000 0.027450 0.839903 2.182465 0.004376
 344.000000 0.025529 0.855942 2.277222 0.002167
 345.000000 0.023767 0.808795 1.955309 0.003120
 346.000000 0.016865 0.841976 2.166861 0.001183
 347.000000 0.026284 0.797736 1.887723 0.002202
 348.000000 0.025556 0.832963 2.106146 0.001534
 349.000000 0.025826 0.839582 2.183320 0.002469
 350.000000 0.030828 0.812415 2.025116 0.004012
 351.000000 0.021559 0.838438 2.185691 0.004197
 352.000000 0.024699 0.831484 2.159962 0.002759
 353.000000 0.031546 0.799755 1.883965 0.004942
 354.000000 0.031998 0.792948 1.921576 0.003054
 355.000000 0.019963 0.866514 2.185815 0.002079
 356.000000 0.022952 0.851297 2.204526 0.002342
 357.000000 0.026060 0.822430 2.107410 0.005347
 358.000000 0.023545 0.856461 2.212509 0.009129
 359.000000 0.035195 0.847935 2.343699 0.005565
 360.000000 0.028691 0.840086 2.306035 0.004327
 361.000000 0.030569 0.826531 2.123709 0.003215
 362.000000 0.031915 0.816237 2.157728 0.004923
 363.000000 0.030777 0.824102 2.164135 0.003189
 364.000000 0.028942 0.834809 2.152806 0.005534
 365.000000 0.030600 0.835309 2.126093 0.009958
 366.000000 0.027176 0.835889 2.184393 0.007155
 367.000000 0.018081 0.887027 2.416604 0.003558
 368.000000 0.020919 0.887694 2.399625 0.006941
 369.000000 0.019294 0.824604 2.027673 0.003430
 370.000000 0.027585 0.804085 1.952224 0.009017
 371.000000 0.017188 0.881366 2.248873 0.002613
 372.000000 0.015721 0.901834 2.435743 0.003305
 373.000000 0.021185 0.869146 2.242914 0.004169
 374.000000 0.019902 0.861844 2.326930 0.002280
 375.000000 0.018692 0.837967 2.243813 0.004040
 376.000000 0.021117 0.859583 2.263168 0.003639
 377.000000 0.024662 0.860289 2.335748 0.011951
 378.000000 0.020175 0.857914 2.200662 0.003223
 379.000000 0.019179 0.861346 2.293016 0.002598
 380.000000 0.016683 0.905819 2.423446 0.002822
 381.000000 0.015979 0.906673 2.527484 0.002870
 382.000000 0.016114 0.919051 2.629140 0.001850
 383.000000 0.024259 0.872196 2.362945 0.001887
 384.000000 0.022606 0.879526 2.403667 0.002113
 385.000000 0.010558 0.958434 2.671817 0.000801
 386.000000 0.014033 0.922524 2.492367 0.001376
 387.000000 0.016907 0.908386 2.303326 0.001506
 388.000000 0.017257 0.906444 2.407373 0.001479
 389.000000 0.018113 0.895973 2.385615 0.001782
 390.000000 0.020626 0.882208 2.274117 0.002011
 391.000000 0.022010 0.874598 2.165316 0.001864
 392.000000 0.027531 0.868275 2.050843 0.002158
 393.000000 0.028986 0.858373 2.197978 0.002482
 394.000000 0.025782 0.832825 2.004121 0.002318
 395.000000 0.020766 0.878363 2.304069 0.002359
 396.000000 0.020820 0.884643 2.287135 0.002130
 397.000000 0.018446 0.899463 2.347250 0.001576
 398.000000 0.021899 0.880787 2.313558 0.002016
 399.000000 0.018302 0.889807 2.322202 0.001953
 400.000000 0.018789 0.878782 2.315069 0.001862
 401.000000 0.016403 0.923570 2.663051 0.001721
 402.000000 0.012600 0.957623 2.771076 0.001053
 403.000000 0.013245 0.949809 2.730855 0.001210
 404.000000 0.015923 0.914899 2.577973 0.001657
 405.000000 0.022388 0.859368 2.364383 0.001774
 406.000000 0.018396 0.889484 2.555513 0.001890
 407.000000 0.017861 0.883027 2.338794 0.001219
 408.000000 0.015254 0.915182 2.625646 0.001657
 409.000000 0.012431 0.944902 2.623453 0.001176
 410.000000 0.022199 0.842942 2.019827 0.001601
 411.000000 0.015631 0.936302 2.518345 0.001873
 412.000000 0.019605 0.910936 2.551598 0.002189
 413.000000 0.020184 0.907195 2.475090 0.001761
 414.000000 0.017216 0.921643 2.402995 0.001435
 415.000000 0.016499 0.910158 2.517483 0.001256
 416.000000 0.016026 0.929871 2.585456 0.001154
 417.000000 0.018018 0.897988 2.226902 0.001320
 418.000000 0.014408 0.915882 2.496436 0.001178
 419.000000 0.013050 0.921497 2.482493 0.000937
 420.000000 0.019073 0.868911 2.227933 0.001937
 421.000000 0.016306 0.910443 2.555118 0.001318
 422.000000 0.019689 0.872763 2.292262 0.001659
 423.000000 0.014737 0.913356 2.440958 0.001331
 424.000000 0.025086 0.874256 2.407714 0.002107
 425.000000 0.018954 0.882983 2.280080 0.001513
 426.000000 0.018216 0.890528 2.332217 0.001406
 427.000000 0.021826 0.853070 2.106548 0.002264
 428.000000 0.022064 0.854487 2.212132 0.002202
 429.000000 0.018989 0.879745 2.182967 0.001660
 430.000000 0.015034 0.939349 2.537127 0.001740
 431.000000 0.020001 0.915305 2.558717 0.001625
 432.000000 0.012816 0.951094 2.632820 0.001547
 433.000000 0.017265 0.908133 2.395320 0.001654
 434.000000 0.015137 0.931843 2.655160 0.001770
 435.000000 0.011177 0.951548 2.755288 0.001113
 436.000000 0.012815 0.941526 2.624342 0.001256
 437.000000 0.018413 0.892127 2.477834 0.001896
 438.000000 0.012490 0.921829 2.522022 0.001137
 439.000000 0.022505 0.846375 2.261165 0.001756
 440.000000 0.029124 0.816354 2.050269 0.002614
 441.000000 0.026334 0.812380 2.029870 0.002828
 442.000000 0.041790 0.774132 1.951587 0.005541
 443.000000 0.019080 0.877938 2.395524 0.002630
 444.000000 0.021576 0.876134 2.390609 0.002102
 445.000000 0.033915 0.828438 2.245206 0.002793
 446.000000 0.022299 0.844756 2.190605 0.002745
 447.000000 0.028677 0.815430 2.025972 0.002656
 448.000000 0.034730 0.809223 2.015973 0.004146
 449.000000 0.023678 0.865009 2.364593 0.002513
 450.000000 0.021657 0.878482 2.411103 0.002132
 451.000000 0.027666 0.876136 2.538661 0.002677
 452.000000 0.030325 0.843703 2.267001 0.002655
 453.000000 0.040597 0.795390 2.020582 0.003522
 454.000000 0.025457 0.863261 2.280942 0.002108
 455.000000 0.026450 0.839780 2.188723 0.002167
 456.000000 0.030099 0.794474 1.937236 0.002440
 457.000000 0.022802 0.804682 1.836067 0.002045
 458.000000 0.020810 0.866526 2.175405 0.001903
 459.000000 0.023379 0.894124 2.475983 0.002236
 460.000000 0.033527 0.852174 2.352648 0.002454
 461.000000 0.042400 0.833347 2.290901 0.004505
 462.000000 0.024779 0.862976 2.356176 0.002576
 463.000000 0.025806 0.888957 2.538821 0.002605
 464.000000 0.025748 0.878494 2.508000 0.002753
 465.000000 0.022182 0.879594 2.389469 0.002129
 466.000000 0.038000 0.831498 2.175164 0.004005
 467.000000 0.028688 0.862587 2.290845 0.002922
 468.000000 0.017155 0.899124 2.380121 0.001917
 469.000000 0.032834 0.851429 2.137757 0.002304
 470.000000 0.033109 0.818672 1.936405 0.002714
 471.000000 0.043752 0.805256 1.650921 0.002837
 472.000000 0.032571 0.820517 1.855871 0.002110
 473.000000 0.027929 0.831156 1.944504 0.002632
 474.000000 0.052678 0.789968 1.640235 0.003715
 475.000000 0.044951 0.737444 1.309358 0.003737
 476.000000 0.051963 0.731747 1.328648 0.003500
 477.000000 0.031374 0.768482 1.560171 0.002869
 478.000000 0.043699 0.793547 1.566501 0.002464
 479.000000 0.029936 0.828093 1.837334 0.002537
 480.000000 0.033685 0.797926 1.824815 0.002984
 481.000000 0.028732 0.819578 1.781200 0.002431
 482.000000 0.038993 0.775052 1.664555 0.002574
 483.000000 0.033650 0.846695 2.188691 0.002616
 484.000000 0.029701 0.842841 2.139545 0.002352
 485.000000 0.022826 0.878405 2.324978 0.002297
 486.000000 0.036114 0.829761 2.009327 0.002985
 487.000000 0.035576 0.850633 2.244321 0.003476
 488.000000 0.024047 0.880142 2.412112 0.003175
 489.000000 0.013189 0.912215 2.411140 0.001389
 490.000000 0.017811 0.874476 2.224811 0.001673
 491.000000 0.021265 0.854819 2.141140 0.002084
 492.000000 0.027538 0.842770 2.286008 0.002505
 493.000000 0.021799 0.876933 2.303882 0.002671
 494.000000 0.014493 0.883810 2.119895 0.001613
 495.000000 0.019144 0.857118 2.115368 0.001765
 496.000000 0.015722 0.885897 2.322928 0.001606
 497.000000 0.017665 0.856807 2.203823 0.001862
 498.000000 0.021081 0.826847 2.108767 0.001903
 499.000000 0.018451 0.825590 1.986971 0.001965
 500.000000 0.020183 0.805346 1.769751 0.002261
