#! FIELDS time alpha rg e2e hbond
 0.000000 0.031449 0.863214 2.247470 0.003686
 1.000000 0.037914 0.878731 2.519054 0.006039
 2.000000 0.049227 0.855490 2.455629 0.008567
 3.000000 0.063890 0.839435 2.397385 0.010523
 4.000000 0.120974 0.792599 2.202044 0.031590
 5.000000 0.049750 0.798426 2.100674 0.008772
 6.000000 0.108443 0.694451 1.637290 0.021143
 7.000000 0.144617 0.707998 1.679509 0.017426
 8.000000 0.051446 0.789677 1.988677 0.009304
 9.000000 0.062792 0.772430 1.957603 0.009524
 10.000000 0.074343 0.767019 1.957624 0.008514
 11.000000 0.760154 0.694363 1.848893 0.362835
 12.000000 0.219943 0.753634 2.036141 0.041244
 13.000000 0.100662 0.762243 1.976916 0.037210
 14.000000 0.098543 0.731752 1.899092 0.014380
 15.000000 0.087400 0.723352 1.755875 0.011395
 16.000000 0.300892 0.734760 1.943968 0.214851
 17.000000 0.158392 0.762752 1.994686 0.138969
 18.000000 1.141449 0.698133 1.883228 1.162890
 19.000000 1.938197 0.675352 1.816462 1.136253
 20.000000 1.410046 0.723425 1.986344 0.559180
 21.000000 0.245762 0.747413 2.087443 0.124288
 22.000000 0.317349 0.746971 2.075314 0.202625
 23.000000 0.152249 0.762198 2.099337 0.041792
 24.000000 0.392737 0.736851 2.034309 0.435256
 25.000000 0.370504 0.724106 1.959017 0.418971
 26.000000 0.289043 0.741004 2.135740 0.237976
 27.000000 0.404644 0.730503 2.035009 0.598725
 28.000000 0.236029 0.719384 1.967919 0.153799
 29.000000 0.249074 0.742852 1.872243 0.252167
 30.000000 0.230662 0.705740 1.943976 0.234075
 31.000000 0.373459 0.694189 1.919117 0.098382
 32.000000 0.320151 0.712510 1.900649 0.241676
 33.000000 0.259235 0.715329 1.979460 0.408964
 34.000000 0.330370 0.724812 1.965141 0.113217
 35.000000 0.269977 0.679487 1.698542 0.292718
 36.000000 0.166089 0.722341 1.894511 0.116939
 37.000000 0.206423 0.693926 1.833128 0.624045
 38.000000 0.237823 0.658320 1.551085 0.278921
 39.000000 0.206200 0.688322 1.721791 0.402305
 40.000000 0.168661 0.766587 2.127260 0.059863
 41.000000 0.150740 0.802404 2.176152 0.024717
 42.000000 0.241017 0.735067 2.014201 0.080325
 43.000000 0.194845 0.778861 2.164142 0.052736
 44.000000 0.144922 0.760379 2.094649 0.040809
 45.000000 0.105368 0.780222 2.166258 0.048325
 46.000000 0.181159 0.743481 2.074653 0.090652
 47.000000 0.163046 0.776829 2.233102 0.043112
 48.000000 0.212432 0.793227 2.140643 0.051708
 49.000000 0.046404 0.861978 2.411576 0.004544
 50.000000 0.074330 0.827569 2.262317 0.016244
 51.000000 0.068835 0.805674 2.127575 0.011134
 52.000000 0.121310 0.754652 2.019428 0.037512
 53.000000 0.073718 0.785180 2.150568 0.010137
 54.000000 0.130795 0.729728 2.011022 0.032912
 55.000000 0.080093 0.738736 1.966999 0.007460
 56.000000 0.092107 0.740734 1.922117 0.019915
 57.000000 0.078464 0.799231 2.083529 0.066839
 58.000000 0.052518 0.818485 2.312192 0.004786
 59.000000 0.067617 0.796119 2.069211 0.011819
 60.000000 0.095919 0.770748 1.937841 0.013470
 61.000000 0.136673 0.720857 1.613108 0.021629
 62.000000 0.114374 0.704055 1.797625 0.012759
 63.000000 0.099873 0.732505 1.863499 0.013073
 64.000000 0.064756 0.770038 2.064515 0.006949
 65.000000 0.052705 0.768173 1.931387 0.005103
 66.000000 0.062140 0.788337 2.151564 0.007603
 67.000000 0.068245 0.792263 2.191372 0.012516
 68.000000 1.218805 0.681148 1.870284 0.376366
 69.000000 1.116363 0.684599 1.888686 0.224578
 70.000000 1.240506 0.659295 1.757713 1.106877
 71.000000 1.409059 0.672725 1.889770 1.324468
 72.000000 1.373750 0.613200 1.530605 1.595444
 73.000000 1.470633 0.630937 1.593481 0.684973
 74.000000 1.184111 0.669108 1.778804 0.884227
 75.000000 1.577215 0.610996 1.588143 1.569531
 76.000000 1.319622 0.631960 1.475851 1.006565
 77.000000 1.524265 0.624741 1.536946 1.056271
 78.000000 1.429121 0.636850 1.566739 1.084029
 79.000000 1.430771 0.681571 1.870704 1.448887
 80.000000 1.336604 0.719608 2.029386 0.641681
 81.000000 0.464215 0.699720 1.825509 0.088352
 82.000000 0.570173 0.728896 2.017879 0.073145
 83.000000 0.296289 0.772526 2.266542 0.050935
 84.000000 1.471863 0.702595 1.970867 1.226219
 85.000000 1.329459 0.695418 1.901014 0.840478
 86.000000 1.200505 0.697086 1.824385 0.608595
 87.000000 0.809620 0.699842 1.783311 0.664808
 88.000000 1.939106 0.674670 1.916335 1.138590
 89.000000 1.256205 0.660069 1.655690 0.415785
 90.000000 1.594909 0.636668 1.480912 0.401622
 91.000000 2.177803 0.603577 1.363893 1.177531
 92.000000 2.445463 0.581348 1.312083 1.215387
 93.000000 2.442931 0.566905 1.303956 1.667329
 94.000000 2.409292 0.616902 1.527193 1.422288
 95.000000 2.262430 0.627476 1.580979 1.327500
 96.000000 2.303632 0.630125 1.716186 1.916768
 97.000000 2.387504 0.634357 1.705187 1.967303
 98.000000 2.409834 0.605486 1.584406 2.044790
 99.000000 2.427177 0.608470 1.633107 1.855458
 100.000000 2.547692 0.604453 1.622282 2.033094
 101.000000 2.331445 0.628944 1.599845 1.065184
 102.000000 2.580679 0.597113 1.471624 2.494005
 103.000000 2.414606 0.632668 1.754301 2.049325
 104.000000 2.283850 0.633798 1.750895 1.768276
 105.000000 2.283876 0.634138 1.755325 1.505793
 106.000000 2.447890 0.628346 1.701410 1.923691
 107.000000 2.370766 0.642893 1.686323 1.380698
 108.000000 2.425334 0.628194 1.677671 2.072268
 109.000000 2.399350 0.625116 1.648246 1.583550
 110.000000 2.342950 0.635706 1.731063 1.400412
 111.000000 2.465204 0.631281 1.693553 1.941663
 112.000000 2.411502 0.645665 1.760092 1.783703
 113.000000 2.317109 0.655316 1.727650 0.719934
 114.000000 2.359508 0.643571 1.679897 1.787876
 115.000000 2.127671 0.638357 1.662814 1.135809
 116.000000 1.354096 0.663465 1.610441 0.160517
 117.000000 1.305972 0.645998 1.562729 0.448484
 118.000000 1.785619 0.675802 1.701510 0.310772
 119.000000 1.789332 0.688714 1.854646 0.391782
 120.000000 1.354810 0.720153 2.032044 1.562151
 121.000000 1.460759 0.682656 1.963253 1.474592
 122.000000 1.774787 0.654067 1.892037 1.699144
 123.000000 1.492543 0.636420 1.632357 1.483968
 124.000000 1.411704 0.635650 1.598133 1.551096
 125.000000 1.375231 0.661295 1.813681 1.649976
 126.000000 1.446806 0.632357 1.718817 0.940420
 127.000000 1.250333 0.653460 1.769609 0.880971
 128.000000 1.582653 0.643749 1.765188 1.125136
 129.000000 1.451202 0.670971 1.884186 1.653682
 130.000000 1.503200 0.632750 1.681597 1.101355
 131.000000 1.338664 0.695716 1.949210 0.789528
 132.000000 1.264022 0.692082 1.920548 0.859598
 133.000000 1.374033 0.696204 2.024054 0.534302
 134.000000 1.368695 0.695467 1.923070 0.992108
 135.000000 1.340062 0.681098 1.947458 1.222905
 136.000000 1.237720 0.702325 1.975603 0.836591
 137.000000 1.492145 0.688134 1.991622 1.268774
 138.000000 1.512763 0.660758 1.856534 1.101890
 139.000000 1.286196 0.675512 1.968497 0.983775
 140.000000 1.343131 0.705594 2.059528 0.276634
 141.000000 1.191970 0.680722 1.902335 0.729588
 142.000000 1.442036 0.715289 2.038009 0.688935
 143.000000 1.249989 0.648277 1.816445 0.925206
 144.000000 0.454077 0.703750 2.005669 0.075044
 145.000000 0.365444 0.757424 2.129715 0.079156
 146.000000 1.314264 0.723970 2.084332 0.318179
 147.000000 1.214370 0.704589 1.952868 0.880717
 148.000000 1.382436 0.691153 1.896741 1.085038
 149.000000 2.132156 0.617074 1.471401 1.469417
 150.000000 1.316060 0.684199 1.713790 1.267337
 151.000000 1.220668 0.730134 1.993034 0.360901
 152.000000 1.161614 0.703600 1.889364 1.513683
 153.000000 1.426484 0.716979 1.947750 1.029669
 154.000000 1.267101 0.660252 1.890162 1.495628
 155.000000 0.962219 0.652539 1.767463 0.654242
 156.000000 0.782445 0.682046 1.936192 0.392601
 157.000000 1.275320 0.650101 1.835544 1.091382
 158.000000 1.133069 0.629736 1.804037 1.497122
 159.000000 1.254017 0.640513 1.856569 1.495056
 160.000000 1.312005 0.639650 1.769321 1.313971
 161.000000 1.611135 0.646834 1.836499 1.321030
 162.000000 1.406451 0.657827 1.729850 1.303065
 163.000000 1.463926 0.662386 1.763080 1.358926
 164.000000 1.241020 0.675727 1.907008 0.827373
 165.000000 1.520995 0.661898 1.886791 1.315622
 166.000000 1.321170 0.692112 1.929598 1.287208
 167.000000 1.189404 0.747544 2.128575 0.272692
 168.000000 1.461627 0.700665 2.018378 1.057817
 169.000000 1.324467 0.701364 2.051304 0.879750
 170.000000 0.573933 0.727784 2.065662 0.110853
 171.000000 0.638133 0.760259 2.230299 0.072317
 172.000000 1.227810 0.673327 1.865511 0.616611
 173.000000 1.237798 0.702464 1.824437 0.469734
 174.000000 1.282650 0.693030 1.961157 1.204805
 175.000000 1.239355 0.696498 1.937260 1.108348
 176.000000 1.371515 0.669749 1.908084 1.390108
 177.000000 1.291388 0.675460 1.951613 0.571206
 178.000000 1.464212 0.659667 1.874085 1.268953
 179.000000 1.197068 0.641107 1.829609 1.436663
 180.000000 1.428041 0.655155 1.864068 0.722283
 181.000000 1.175719 0.693412 1.923601 0.222213
 182.000000 1.485093 0.652930 1.832642 1.371249
 183.000000 1.520777 0.648214 1.796253 1.314616
 184.000000 1.540771 0.684770 1.937370 1.417823
 185.000000 1.251163 0.686904 1.894607 0.706023
 186.000000 1.481187 0.646539 1.795857 1.336931
 187.000000 1.267038 0.668602 1.804409 0.639030
 188.000000 1.341388 0.652567 1.752932 0.610749
 189.000000 1.390447 0.680997 1.934849 1.448933
 190.000000 1.397079 0.672502 1.870796 1.234489
 191.000000 1.224965 0.697955 1.985733 0.453757
 192.000000 1.461164 0.659369 1.876405 1.531245
 193.000000 1.372527 0.688489 1.958930 0.674578
 194.000000 0.907055 0.711978 1.933603 0.383149
 195.000000 1.309942 0.694809 1.979751 0.543383
 196.000000 1.352002 0.688324 1.988277 1.481983
 197.000000 1.395453 0.662967 1.907027 1.709612
 198.000000 1.385926 0.652666 1.798913 1.222149
 199.000000 0.984626 0.679201 1.841269 0.804165
 200.000000 1.470595 0.669174 1.909843 1.280018
 201.000000 1.282476 0.675805 1.895175 1.345479
 202.000000 1.340272 0.682217 1.927250 0.900741
 203.000000 1.392461 0.677040 1.880954 0.997707
 204.000000 1.346037 0.666136 1.901075 0.422527
 205.000000 1.377035 0.663293 1.913070 0.548608
 206.000000 1.418848 0.663190 1.848285 1.459490
 207.000000 1.395851 0.675850 1.908456 0.863240
 208.000000 1.295940 0.662687 1.845870 0.848152
 209.000000 1.480897 0.663770 1.914901 1.195312
 210.000000 1.585048 0.657209 1.922560 1.368756
 211.000000 1.528250 0.661684 1.891422 1.170954
 212.000000 1.419164 0.707830 2.091748 0.340202
 213.000000 1.371221 0.723053 2.075231 1.179685
 214.000000 1.315966 0.703158 1.989959 1.244656
 215.000000 1.413925 0.710085 2.030572 0.783523
 216.000000 1.257329 0.745146 2.153312 0.273524
 217.000000 1.343815 0.714162 1.967749 0.581405
 218.000000 1.203885 0.686888 1.984087 0.952831
 219.000000 1.198097 0.715448 1.987824 0.254015
 220.000000 1.284976 0.718733 2.080086 0.561354
 221.000000 1.214728 0.662892 1.850134 1.165086
 222.000000 1.260887 0.660448 1.816739 0.664091
 223.000000 1.362474 0.686784 1.941910 1.216008
 224.000000 1.270500 0.682189 1.977882 0.480507
 225.000000 1.357723 0.687929 1.930870 0.658764
 226.000000 1.379285 0.731666 2.126878 0.310140
 227.000000 1.253658 0.730865 2.134761 0.262528
 228.000000 1.245835 0.706117 1.828259 1.229827
 229.000000 1.223663 0.712130 2.075205 0.497848
 230.000000 1.039026 0.739323 2.151556 0.256933
 231.000000 1.023799 0.704735 1.882963 1.012924
 232.000000 1.331161 0.665063 1.889678 0.864874
 233.000000 0.460766 0.798749 2.226478 0.072331
 234.000000 0.660532 0.756971 2.180470 0.244727
 235.000000 0.314991 0.786592 2.235120 0.100359
 236.000000 0.375176 0.764939 2.186091 0.081860
 237.000000 0.072276 0.801595 2.307121 0.005801
 238.000000 0.225550 0.738932 2.132144 0.060679
 239.000000 0.515603 0.717182 2.031426 0.213226
 240.000000 0.423148 0.681396 1.875940 0.071830
 241.000000 0.556628 0.734692 2.134093 0.415935
 242.000000 0.365492 0.720884 2.019224 0.129277
 243.000000 0.297516 0.716469 2.005077 0.044526
 244.000000 0.988646 0.678502 1.914578 0.930099
 245.000000 1.482762 0.661345 1.818653 0.792661
 246.000000 1.374618 0.670704 1.837144 0.436860
 247.000000 1.496071 0.656552 1.810379 1.145342
 248.000000 0.608920 0.672706 1.904634 0.108874
 249.000000 0.572321 0.683329 1.942230 0.069658
 250.000000 0.318496 0.722615 2.086248 0.049781
 251.000000 0.309000 0.664870 1.696274 0.037374
 252.000000 0.490606 0.718223 2.021482 0.070780
 253.000000 0.184320 0.738912 2.038182 0.019488
 254.000000 0.176188 0.758771 2.051125 0.020129
 255.000000 0.153019 0.763444 2.098553 0.016878
 256.000000 0.147197 0.769374 2.120988 0.034516
 257.000000 0.613197 0.727048 2.110285 0.056577
 258.000000 0.348641 0.734984 2.134189 0.060213
 259.000000 0.436684 0.712172 1.964465 0.117502
 260.000000 0.121242 0.755307 1.990545 0.010655
 261.000000 0.133132 0.755395 2.001756 0.019866
 262.000000 0.447464 0.648526 1.726892 0.069731
 263.000000 0.591951 0.694791 1.997057 0.106370
 264.000000 0.241184 0.682704 1.812257 0.029674
 265.000000 0.775481 0.693193 1.978690 0.106626
 266.000000 0.235656 0.736036 2.147634 0.034845
 267.000000 0.490046 0.693639 1.960435 0.056915
 268.000000 0.848073 0.693021 1.993669 0.429011
 269.000000 0.122902 0.777252 2.277237 0.030058
 270.000000 0.171454 0.762817 2.175204 0.019687
 271.000000 0.106692 0.826784 2.448576 0.015164
 272.000000 0.200388 0.746671 2.091236 0.031149
 273.000000 0.194806 0.744775 2.149383 0.035172
 274.000000 0.403443 0.713692 2.101392 0.075070
 275.000000 0.305910 0.755823 2.173334 0.050007
 276.000000 0.338456 0.727864 2.090923 0.047475
 277.000000 0.448290 0.740477 2.168791 0.065587
 278.000000 0.352635 0.713388 2.029702 0.055655
 279.000000 0.344042 0.718637 2.034894 0.042920
 280.000000 0.334422 0.784530 2.279689 0.044817
 281.000000 0.250085 0.744944 2.123033 0.031168
 282.000000 0.723056 0.723333 2.085867 0.107955
 283.000000 0.691046 0.732106 2.094516 0.097357
 284.000000 0.626024 0.710800 2.052765 0.173005
 285.000000 0.942394 0.667542 1.988835 0.363243
 286.000000 0.552975 0.649291 1.884597 0.188129
 287.000000 0.705245 0.644273 1.827494 0.192465
 288.000000 1.270850 0.659560 1.928026 0.743837
 289.000000 0.917660 0.672508 1.945266 0.499074
 290.000000 1.182905 0.687014 1.946053 0.303285
 291.000000 0.343938 0.687202 1.929715 0.588530
 292.000000 0.685419 0.704929 2.056882 0.306307
 293.000000 0.211460 0.786369 2.291459 0.027147
 294.000000 0.427337 0.707400 2.027805 0.133967
 295.000000 0.508651 0.694047 1.920468 0.085750
 296.000000 0.467856 0.743711 2.175058 0.045482
 297.000000 0.384506 0.782286 2.308891 0.037230
 298.000000 0.642554 0.752503 2.172707 0.078653
 299.000000 0.290165 0.753382 2.196166 0.050600
 300.000000 0.218333 0.789950 2.297465 0.022613
 301.000000 0.133447 0.816348 2.383259 0.041515
 302.000000 0.334226 0.772687 2.206893 0.062553
 303.000000 2.660561 0.701870 1.911855 1.316479
 304.000000 2.791656 0.700743 1.924838 1.153636
 305.000000 3.120878 0.642774 1.768024 3.047607
 306.000000 2.590192 0.657978 1.715382 0.804093
 307.000000 2.591107 0.676541 1.861832 1.441925
 308.000000 1.929588 0.646615 1.536429 0.288376
 309.000000 1.101739 0.687173 1.667141 0.477267
 310.000000 0.551067 0.709405 1.757982 0.234527
 311.000000 0.550679 0.678744 1.638444 0.218500
 312.000000 1.012884 0.676925 1.649423 0.375973
 313.000000 0.431923 0.655492 1.349929 0.171797
 314.000000 2.707160 0.664983 1.756962 1.200931
 315.000000 2.502748 0.686873 1.893527 1.483401
 316.000000 2.460526 0.658545 1.711309 1.408846
 317.000000 3.165235 0.629464 1.635138 2.846492
 318.000000 3.160848 0.647697 1.627165 2.039282
 319.000000 3.261278 0.644078 1.685788 3.040806
 320.000000 3.262537 0.635973 1.707590 2.161595
 321.000000 3.212120 0.603635 1.425085 2.611782
 322.000000 3.140038 0.647107 1.717658 2.700395
 323.000000 3.109437 0.648108 1.734762 1.442128
 324.000000 3.136962 0.652203 1.783167 2.265665
 325.000000 3.151235 0.656500 1.800450 1.865588
 326.000000 3.073986 0.664013 1.917620 1.065656
 327.000000 3.213374 0.621567 1.588745 2.564395
 328.000000 3.107056 0.647938 1.697582 1.990100
 329.000000 3.161919 0.618553 1.477853 2.760316
 330.000000 3.169383 0.639078 1.688357 2.022115
 331.000000 3.221044 0.618656 1.539670 2.439116
 332.000000 3.311451 0.597974 1.372800 1.510594
 333.000000 3.202323 0.617230 1.533114 2.620712
 334.000000 3.162727 0.623307 1.493996 1.954143
 335.000000 3.210101 0.616486 1.563556 2.098312
 336.000000 3.187847 0.627245 1.646268 2.915053
 337.000000 3.243307 0.624225 1.654840 2.958613
 338.000000 3.140326 0.635378 1.674415 2.069593
 339.000000 3.229293 0.633533 1.685825 1.990109
 340.000000 3.459840 0.586232 1.375991 2.319249
 341.000000 3.287015 0.594562 1.414712 2.247934
 342.000000 3.150625 0.628090 1.573070 2.335117
 343.000000 3.204476 0.620514 1.593428 2.985220
 344.000000 3.370897 0.605097 1.573069 2.938388
 345.000000 3.245325 0.613321 1.557559 2.054390
 346.000000 3.221851 0.618024 1.485581 2.619089
 347.000000 3.213909 0.629420 1.676680 2.011059
 348.000000 3.231148 0.619479 1.567663 2.157674
 349.000000 3.230994 0.625821 1.648302 1.934678
 350.000000 3.233976 0.642922 1.718891 2.711302
 351.000000 3.029493 0.662281 1.808883 2.007101
 352.000000 3.112285 0.670953 1.847146 1.638937
 353.000000 3.115518 0.673919 1.864912 1.739023
 354.000000 3.241289 0.630626 1.627462 2.823542
 355.000000 3.196917 0.643733 1.737859 2.280358
 356.000000 3.148943 0.632350 1.641645 2.099867
 357.000000 3.323265 0.608955 1.588948 2.758547
 358.000000 3.186832 0.614722 1.486038 3.240754
 359.000000 3.261815 0.619102 1.522512 2.450120
 360.000000 3.284471 0.630629 1.631310 2.800361
 361.000000 3.228915 0.627004 1.517356 1.721746
 362.000000 3.388405 0.606229 1.548192 2.708096
 363.000000 3.321846 0.626159 1.633866 2.486383
 364.000000 3.348455 0.598616 1.359746 2.982109
 365.000000 3.180894 0.627078 1.591109 2.210379
 366.000000 3.180302 0.631488 1.649562 2.864159
 367.000000 3.202962 0.642973 1.694186 2.788711
 368.000000 3.177071 0.631070 1.569161 2.342333
 369.000000 3.226355 0.634082 1.579383 2.114216
 370.000000 3.226513 0.629907 1.637044 2.562445
 371.000000 3.215393 0.620969 1.499995 2.759829
 372.000000 3.271914 0.608943 1.436472 2.888253
 373.000000 3.259959 0.596357 1.363670 2.523245
 374.000000 3.379071 0.589007 1.381661 2.734069
 375.000000 3.275974 0.621355 1.527511 3.144862
 376.000000 3.285243 0.609690 1.416143 2.329425
 377.000000 3.212747 0.626149 1.495134 2.139632
 378.000000 3.139952 0.652718 1.730391 2.016701
 379.000000 3.249533 0.617764 1.520602 2.542390
 380.000000 3.380127 0.618473 1.563466 2.052058
 381.000000 3.351816 0.612944 1.532713 2.267056
 382.000000 3.429527 0.587965 1.374211 2.381432
 383.000000 3.257708 0.620397 1.537152 2.370446
 384.000000 3.298087 0.591903 1.334513 2.361744
 385.000000 3.260380 0.622766 1.580112 1.779862
 386.000000 3.209649 0.607105 1.496467 1.985844
 387.000000 3.264417 0.621658 1.568407 2.407336
 388.000000 3.112496 0.645930 1.678515 2.189073
 389.000000 3.088239 0.666745 1.799745 1.738439
 390.000000 3.178754 0.635519 1.670975 2.727768
 391.000000 3.287690 0.616313 1.486845 2.154749
 392.000000 3.142786 0.637159 1.688533 2.209243
 393.000000 3.180150 0.623339 1.491423 2.582388
 394.000000 3.243455 0.613561 1.454374 2.003506
 395.000000 3.161073 0.655445 1.782712 1.949515
 396.000000 3.163110 0.646730 1.709358 2.751158
 397.000000 3.069671 0.665103 1.828472 1.225041
 398.000000 3.341378 0.650195 1.747847 2.648970
 399.000000 3.157518 0.673862 1.833418 2.251159
 400.000000 2.047842 0.703911 1.983448 0.939709
 401.000000 3.077878 0.656148 1.786173 1.694915
 402.000000 3.164938 0.635733 1.564725 2.197757
 403.000000 3.232841 0.607845 1.403208 2.226529
 404.000000 3.251349 0.586383 1.361815 2.081746
 405.000000 3.099845 0.654543 1.686129 1.979465
 406.000000 3.160443 0.635125 1.663980 2.605609
 407.000000 3.120725 0.661522 1.822797 1.487402
 408.000000 3.086612 0.661307 1.784200 1.905295
 409.000000 3.171409 0.653350 1.733617 1.908432
 410.000000 3.140428 0.642008 1.670867 2.526932
 411.000000 3.310477 0.609887 1.467092 2.314462
 412.000000 3.184513 0.588256 1.263269 1.512889
 413.000000 3.247162 0.601328 1.481322 2.218747
 414.000000 3.146696 0.539502 0.905237 2.410561
 415.000000 3.193026 0.601455 1.320119 2.099691
 416.000000 3.234804 0.635115 1.600861 1.576755
 417.000000 3.255483 0.622091 1.534589 2.383307
 418.000000 3.134445 0.631911 1.670315 2.086080
 419.000000 3.116566 0.647880 1.663676 1.927117
 420.000000 3.201041 0.629689 1.601833 2.780756
 421.000000 3.216912 0.633453 1.617521 2.604268
 422.000000 3.227707 0.636214 1.642326 1.831127
 423.000000 3.020775 0.653377 1.609935 1.665907
 424.000000 3.226055 0.622466 1.507555 2.992647
 425.000000 3.140408 0.669608 1.760870 1.536410
 426.000000 3.222942 0.646247 1.670726 2.193317
 427.000000 3.184099 0.644889 1.737613 2.245338
 428.000000 3.115944 0.640531 1.586540 2.207007
 429.000000 3.167541 0.639071 1.708540 2.289639
 430.000000 3.118311 0.642383 1.683341 2.447484
 431.000000 3.196171 0.633538 1.674268 2.518145
 432.000000 3.222234 0.633900 1.680840 2.455504
 433.000000 3.360652 0.633334 1.663042 3.107047
 434.000000 3.299041 0.619755 1.591083 2.902609
 435.000000 3.172944 0.641591 1.746895 2.935682
 436.000000 3.225140 0.615317 1.552826 2.138585
 437.000000 2.236588 0.643581 1.563167 0.460144
 438.000000 3.169132 0.613786 1.517116 1.442613
 439.000000 3.230652 0.604952 1.389902 2.942205
 440.000000 3.124251 0.649104 1.673400 2.075995
 441.000000 3.030074 0.647811 1.655776 1.858377
 442.000000 3.023399 0.642189 1.638664 1.172280
 443.000000 2.957578 0.656229 1.758051 2.483900
 444.000000 2.675863 0.657477 1.734942 1.226017
 445.000000 3.185444 0.610295 1.450930 2.749356
 446.000000 3.037408 0.623721 1.504738 1.702057
 447.000000 3.133778 0.624371 1.519158 2.687026
 448.000000 3.053620 0.633825 1.606506 2.341838
 449.000000 3.106699 0.630707 1.678015 1.866688
 450.000000 2.869057 0.625740 1.466802 1.005070
 451.000000 2.987526 0.623218 1.481883 1.318594
 452.000000 2.830783 0.591643 1.326183 1.501996
 453.000000 3.170412 0.567938 1.208872 1.794165
 454.000000 2.995490 0.570668 1.221692 2.024808
 455.000000 2.976268 0.558432 1.053652 2.753798
 456.000000 3.161682 0.556893 1.120126 2.827373
 457.000000 3.245298 0.531168 0.986147 2.226478
 458.000000 2.924324 0.517486 0.832758 3.278827
 459.000000 2.918686 0.537619 0.919915 2.457375
 460.000000 1.844111 0.520381 0.983521 1.781146
 461.000000 2.975173 0.563169 1.089955 2.604695
 462.000000 2.884482 0.570838 1.185467 3.273735
 463.000000 2.821280 0.578176 1.265228 2.622800
 464.000000 3.220958 0.585408 1.206593 2.515857
 465.000000 3.176700 0.596718 1.295186 1.419728
 466.000000 3.208390 0.621124 1.615884 2.291360
 467.000000 3.100035 0.608887 1.505419 1.941023
 468.000000 2.102407 0.676609 1.693745 1.000762
 469.000000 2.897522 0.664470 1.726357 1.020350
 470.000000 2.788962 0.652616 1.699348 1.302619
 471.000000 2.965019 0.637199 1.629124 2.233977
 472.000000 2.105447 0.650927 1.660450 1.048107
 473.000000 2.543101 0.662193 1.698265 1.176376
 474.000000 3.020045 0.619314 1.577675 2.480087
 475.000000 3.116549 0.615739 1.525400 1.594566
 476.000000 3.313786 0.602008 1.414760 2.238508
 477.000000 3.158026 0.623587 1.501419 2.314079
 478.000000 3.016618 0.651977 1.666279 1.971897
 479.000000 3.037374 0.649146 1.694410 1.733691
 480.000000 3.080871 0.641009 1.702427 2.281980
 481.000000 3.083179 0.633898 1.633930 1.717721
 482.000000 3.228329 0.613072 1.507518 2.305841
 483.000000 2.575880 0.632861 1.461869 1.524013
 484.000000 2.833495 0.609421 1.473231 1.857318
 485.000000 3.119574 0.610913 1.481926 2.906941
 486.000000 3.031766 0.630346 1.606933 1.411420
 487.000000 2.979728 0.627600 1.533310 1.974448
 488.000000 3.280266 0.619047 1.559755 1.721906
 489.000000 3.241561 0.622941 1.558986 2.479640
 490.000000 3.076945 0.621757 1.458697 2.058543
 491.000000 2.897692 0.588171 1.266168 1.875771
 492.000000 2.706900 0.624142 1.421757 0.834770
 493.000000 2.598419 0.604794 1.297519 0.915439
 494.000000 3.191724 0.589294 1.322380 1.645758
 495.000000 2.933187 0.602732 1.336862 1.186740
 496.000000 2.880873 0.615381 1.396668 0.819959
 497.000000 3.080099 0.629890 1.633118 2.442052
 498.000000 3.139127 0.616520 1.542540 2.035478
 499.000000 3.270429 0.602017 1.412942 2.267674
 500.000000 3.256158 0.578196 1.281119 2.284318
