#! FIELDS time alpha rg e2e hbond
 0.000000 0.100720 0.615260 0.787968 0.010509
 1.000000 0.104609 0.589164 0.728831 0.004876
 2.000000 0.120053 0.567801 0.706611 0.006633
 3.000000 0.053375 0.636189 0.953991 0.005108
 4.000000 0.127204 0.579917 0.742631 0.016941
 5.000000 0.115758 0.596906 0.751158 0.036955
 6.000000 0.112082 0.578794 0.669450 0.008136
 7.000000 0.078638 0.591911 0.840018 0.004449
 8.000000 0.082517 0.593314 0.827909 0.009359
 9.000000 0.081955 0.592676 0.956682 0.009572
 10.000000 0.068648 0.628585 1.113601 0.008004
 11.000000 0.120839 0.610053 1.151004 0.046182
 12.000000 0.080222 0.638897 1.188716 0.028357
 13.000000 0.111154 0.602870 1.156903 0.040029
 14.000000 0.090045 0.613098 1.086803 0.015175
 15.000000 0.093028 0.634273 1.211968 0.017534
 16.000000 0.052773 0.728423 1.530630 0.005470
 17.000000 0.049254 0.757023 1.583075 0.008243
 18.000000 0.088214 0.706892 1.606054 0.029001
 19.000000 0.029933 0.837882 2.047412 0.005304
 20.000000 0.044093 0.789530 2.108770 0.002808
 21.000000 0.045930 0.782809 2.190761 0.006515
 22.000000 0.036154 0.822774 2.290940 0.004956
 23.000000 0.032522 0.875496 2.471911 0.002801
 24.000000 0.034502 0.860428 2.352571 0.002945
 25.000000 0.047135 0.854210 2.389520 0.004948
 26.000000 0.024589 0.891793 2.444848 0.002586
 27.000000 0.034843 0.858248 2.226745 0.002951
 28.000000 0.076397 0.815451 2.172023 0.011985
 29.000000 0.053394 0.796236 2.084264 0.007090
 30.000000 0.123145 0.755947 1.760892 0.053634
 31.000000 0.083339 0.734138 1.325072 0.049227
 32.000000 0.080971 0.752907 1.517856 0.044952
 33.000000 0.080239 0.777759 1.771166 0.214585
 34.000000 0.116122 0.768701 1.761536 0.056550
 35.000000 0.101704 0.770866 1.787116 0.555894
 36.000000 0.068840 0.762719 1.516376 0.104315
 37.000000 0.058326 0.776758 1.446247 0.124755
 38.000000 0.067389 0.763694 1.559504 0.047340
 39.000000 0.121577 0.729965 1.552938 0.281711
 40.000000 0.088943 0.752846 1.659661 0.365272
 41.000000 0.068320 0.785224 1.855583 0.502737
 42.000000 0.040313 0.845880 2.382598 0.007193
 43.000000 0.028194 0.866503 2.469035 0.002726
 44.000000 0.048596 0.775894 1.884054 0.010152
 45.000000 0.057918 0.792991 1.929492 0.010137
 46.000000 0.070862 0.811990 2.093704 0.028073
 47.000000 0.074087 0.789595 1.959876 0.026405
 48.000000 0.080584 0.794280 2.050881 0.019143
 49.000000 0.073475 0.798392 1.994311 0.009467
 50.000000 0.112907 0.759214 1.840690 0.062734
 51.000000 0.114544 0.784752 2.003355 0.044513
 52.000000 0.059211 0.791740 2.036519 0.015320
 53.000000 0.134200 0.748467 1.796810 0.092491
 54.000000 0.112121 0.736120 1.656286 0.192885
 55.000000 0.113482 0.733015 1.657077 0.115943
 56.000000 0.120117 0.725977 1.575668 0.183227
 57.000000 0.083324 0.767907 1.712932 0.117831
 58.000000 0.124680 0.760226 1.796698 0.090697
 59.000000 0.115524 0.779772 1.938078 0.070871
 60.000000 0.098144 0.754480 1.732245 0.086386
 61.000000 0.093891 0.793992 1.974517 0.022620
 62.000000 0.038282 0.821633 2.204308 0.007927
 63.000000 0.054218 0.808452 2.043665 0.017882
 64.000000 0.036978 0.806975 2.030545 0.012094
 65.000000 0.036294 0.819218 2.143684 0.013747
 66.000000 0.036267 0.837196 2.291842 0.006701
 67.000000 0.096726 0.804554 2.032656 0.043384
 68.000000 0.124791 0.753566 1.660196 0.125277
 69.000000 0.098738 0.719774 1.575352 0.031097
 70.000000 0.077452 0.767335 1.594085 0.066388
 71.000000 0.088463 0.772381 1.719546 0.207811
 72.000000 0.073658 0.772945 1.687151 0.137307
 73.000000 0.069932 0.811404 1.823423 0.114588
 74.000000 0.091547 0.789669 1.908119 0.281278
 75.000000 0.036729 0.859765 2.140889 0.016451
 76.000000 0.066811 0.810314 2.153324 0.031709
 77.000000 0.022085 0.890406 2.493298 0.003753
 78.000000 0.062518 0.805829 2.132771 0.048847
 79.000000 0.035557 0.807359 2.126487 0.013291
 80.000000 0.024643 0.858626 2.378044 0.003815
 81.000000 0.046953 0.809805 2.076553 0.023674
 82.000000 0.039030 0.825234 2.074192 0.010560
 83.000000 0.029915 0.836757 2.098744 0.003510
 84.000000 0.049655 0.833153 2.167419 0.008350
 85.000000 0.046139 0.814669 2.252979 0.007902
 86.000000 0.038356 0.830806 2.159151 0.010047
 87.000000 0.080790 0.791703 1.909693 0.054898
 88.000000 0.109502 0.780024 1.856500 0.190523
 89.000000 0.134941 0.761546 1.810045 0.150080
 90.000000 0.095106 0.789538 1.942917 0.017870
 91.000000 0.095574 0.788833 2.004274 0.040387
 92.000000 0.053323 0.821322 2.054135 0.008659
 93.000000 0.096085 0.780728 1.892336 0.032127
 94.000000 0.094363 0.750528 1.541766 0.278402
 95.000000 0.128218 0.715285 1.515085 0.809364
 96.000000 0.142137 0.729439 1.578851 0.104494
 97.000000 0.153708 0.688197 1.365182 0.420184
 98.000000 0.153201 0.693418 1.331430 0.293904
 99.000000 0.137237 0.698135 1.275901 0.211364
 100.000000 0.109522 0.744619 1.679746 0.077400
 101.000000 0.115909 0.735176 1.620434 0.084136
 102.000000 0.112565 0.704373 1.240279 0.041361
 103.000000 0.072056 0.749754 1.502288 0.678574
 104.000000 0.125833 0.765777 1.931034 0.044468
 105.000000 0.107092 0.754615 1.727338 0.086396
 106.000000 0.102258 0.786111 1.999045 0.028703
 107.000000 0.064507 0.799888 1.917304 0.015777
 108.000000 0.090641 0.750622 1.598297 0.234281
 109.000000 0.084720 0.753537 1.729477 0.015101
 110.000000 0.122228 0.733376 1.602150 0.070362
 111.000000 0.040411 0.788588 1.770778 0.009100
 112.000000 0.111275 0.639284 0.975452 0.030803
 113.000000 0.094899 0.650785 0.802471 0.123492
 114.000000 0.081906 0.627737 0.712591 0.356934
 115.000000 0.132756 0.611161 0.792770 0.412007
 116.000000 0.085207 0.660010 0.912279 0.535291
 117.000000 0.109968 0.598683 0.707272 0.516745
 118.000000 0.117471 0.629476 0.813553 0.079877
 119.000000 0.118120 0.621437 0.797929 0.386464
 120.000000 0.165469 0.611400 0.761358 0.128683
 121.000000 0.122772 0.635598 0.803988 0.703938
 122.000000 0.110496 0.636979 0.902905 0.773243
 123.000000 0.092413 0.676955 0.944709 0.339458
 124.000000 0.082134 0.653116 0.838142 0.129383
 125.000000 0.092802 0.661446 0.880346 0.540391
 126.000000 0.117313 0.645009 0.787576 0.762643
 127.000000 0.115961 0.652406 0.834920 0.106302
 128.000000 0.076604 0.644538 0.807151 0.024558
 129.000000 0.099097 0.681789 0.959727 0.077295
 130.000000 0.127704 0.681232 1.010522 0.061612
 131.000000 0.110545 0.689055 1.025497 0.052027
 132.000000 0.145902 0.700315 1.188455 0.121316
 133.000000 0.147634 0.726658 1.465400 0.085497
 134.000000 0.142344 0.664503 1.232515 0.107049
 135.000000 0.095477 0.676431 1.121853 0.210694
 136.000000 0.141396 0.623409 1.001535 0.218133
 137.000000 0.150689 0.644450 0.898381 0.193166
 138.000000 0.125599 0.658507 1.033151 0.355106
 139.000000 0.092025 0.683943 1.196247 0.049045
 140.000000 0.105799 0.712599 1.401237 0.064348
 141.000000 0.177287 0.655415 1.239713 0.063205
 142.000000 0.161510 0.619757 0.977271 0.037029
 143.000000 0.251219 0.640234 1.201472 0.115930
 144.000000 0.190473 0.643949 1.186112 0.064661
 145.000000 0.120564 0.655820 1.144198 0.071313
 146.000000 0.149078 0.635902 0.937193 0.046911
 147.000000 0.144862 0.632105 1.162838 0.096685
 148.000000 0.126613 0.633364 0.994377 0.042578
 149.000000 0.128098 0.610461 0.906152 0.114076
 150.000000 0.112517 0.616252 1.001707 0.060199
 151.000000 0.125796 0.605404 0.876733 0.089040
 152.000000 0.102073 0.650782 0.916675 0.035058
 153.000000 0.096750 0.647488 0.890599 0.033196
 154.000000 0.119236 0.662881 1.130371 0.109857
 155.000000 0.122676 0.638276 1.001659 0.035916
 156.000000 0.156804 0.616286 0.802930 0.104803
 157.000000 0.139815 0.596503 0.610790 0.148226
 158.000000 0.129551 0.605899 0.781827 0.073336
 159.000000 0.191201 0.617410 0.871494 0.296482
 160.000000 0.152584 0.639342 0.952372 0.386758
 161.000000 0.183541 0.615027 0.903812 0.373833
 162.000000 0.146781 0.621501 0.776743 0.461353
 163.000000 0.096991 0.628866 0.794649 0.070532
 164.000000 0.105494 0.659647 0.819064 0.074852
 165.000000 0.087318 0.653351 0.798773 0.034827
 166.000000 0.169262 0.615696 0.937239 0.123108
 167.000000 0.161613 0.608335 0.778434 0.115620
 168.000000 0.156007 0.596944 0.799490 0.057767
 169.000000 0.126067 0.610928 0.688654 0.087136
 170.000000 0.117090 0.622711 0.784551 0.070163
 171.000000 0.149942 0.623704 0.835597 0.138561
 172.000000 0.149318 0.599952 0.765523 0.155248
 173.000000 0.129632 0.622662 1.016112 0.149231
 174.000000 0.103654 0.612405 0.852128 0.075848
 175.000000 0.124751 0.607671 0.880844 0.125134
 176.000000 0.093663 0.623465 0.965139 0.042135
 177.000000 0.121705 0.614775 0.913701 0.136046
 178.000000 0.144188 0.629770 0.972459 0.056854
 179.000000 0.100677 0.588800 0.803451 0.106143
 180.000000 0.133497 0.608439 0.794969 0.123610
 181.000000 0.134988 0.604975 0.858556 0.370308
 182.000000 0.128353 0.617018 0.745454 0.099265
 183.000000 0.093356 0.618291 0.722242 0.078355
 184.000000 0.141719 0.620948 0.822774 0.576106
 185.000000 0.105762 0.618386 0.649880 0.863628
 186.000000 0.128716 0.652076 0.822322 0.534594
 187.000000 0.093588 0.643305 0.778246 0.094823
 188.000000 0.075989 0.662316 0.892714 0.045916
 189.000000 0.075421 0.666506 0.984927 0.017634
 190.000000 0.104837 0.707117 1.293049 0.046838
 191.000000 0.145966 0.665965 1.085835 0.146165
 192.000000 0.111605 0.696996 1.201897 0.194059
 193.000000 0.120258 0.705685 1.291645 0.068432
 194.000000 0.109327 0.687071 1.159347 0.074811
 195.000000 0.072271 0.722443 1.226147 0.024534
 196.000000 0.074707 0.706367 1.220271 0.028937
 197.000000 0.091106 0.698127 1.225909 0.026352
 198.000000 0.079685 0.690596 1.095402 0.031614
 199.000000 0.161534 0.663755 1.157780 0.066214
 200.000000 0.155048 0.619395 0.809740 0.087065
 201.000000 0.187985 0.613358 0.771235 0.067291
 202.000000 0.115746 0.659004 0.909490 0.062697
 203.000000 0.106931 0.638192 0.726860 0.016952
 204.000000 0.121324 0.634349 0.820064 0.083192
 205.000000 0.146909 0.634026 1.130067 0.095780
 206.000000 0.130696 0.651935 1.116053 0.061589
 207.000000 0.117330 0.603409 0.930790 0.102803
 208.000000 0.101212 0.641060 0.957075 0.142468
 209.000000 0.113508 0.590494 0.641166 0.672067
 210.000000 0.149642 0.623308 0.932339 0.805377
 211.000000 0.126947 0.630953 0.905812 0.849230
 212.000000 0.146430 0.607160 0.843606 0.818049
 213.000000 0.113697 0.639282 0.789685 0.092715
 214.000000 0.168029 0.633591 0.971282 0.127418
 215.000000 0.132074 0.631264 1.167829 0.050153
 216.000000 0.134640 0.649463 1.213184 0.064471
 217.000000 0.121217 0.622421 1.131610 0.428964
 218.000000 0.115416 0.664031 1.381025 0.078773
 219.000000 0.107018 0.681617 1.547690 0.041253
 220.000000 0.072611 0.704472 1.580734 0.026773
 221.000000 0.086538 0.723483 1.870388 0.020294
 222.000000 0.047952 0.742319 1.903917 0.008083
 223.000000 0.054278 0.747038 1.927009 0.009321
 224.000000 0.043924 0.796445 2.129422 0.007898
 225.000000 0.046280 0.818306 2.205016 0.011662
 226.000000 0.035037 0.839538 2.411241 0.006396
 227.000000 0.056297 0.801609 2.251694 0.012975
 228.000000 0.147727 0.701827 1.778310 0.142520
 229.000000 0.130802 0.709286 1.681015 0.091511
 230.000000 0.114006 0.713598 1.690332 0.064221
 231.000000 0.101278 0.725596 1.655321 0.031949
 232.000000 0.079519 0.770425 2.056871 0.016814
 233.000000 0.069830 0.790709 2.032272 0.018518
 234.000000 0.091271 0.719203 1.864449 0.016138
 235.000000 0.064454 0.768620 1.881022 0.006343
 236.000000 0.060978 0.737668 1.780448 0.006986
 237.000000 0.041062 0.794064 2.050915 0.004535
 238.000000 0.041687 0.827555 2.321008 0.006430
 239.000000 0.025007 0.868931 2.509212 0.002575
 240.000000 0.051242 0.773491 2.147925 0.006626
 241.000000 0.056973 0.766795 2.151340 0.006975
 242.000000 0.061075 0.758761 1.993628 0.008739
 243.000000 0.090822 0.744432 2.047316 0.015320
 244.000000 0.054199 0.779980 2.042971 0.007668
 245.000000 0.054368 0.803539 2.231801 0.009168
 246.000000 0.061070 0.767862 1.968242 0.006823
 247.000000 0.066181 0.757853 1.931595 0.009706
 248.000000 0.084788 0.742486 1.974127 0.014268
 249.000000 0.065960 0.750622 1.953532 0.007292
 250.000000 0.042094 0.768145 2.029277 0.003739
 251.000000 0.039671 0.791370 2.116834 0.003799
 252.000000 0.034621 0.805062 2.135887 0.003478
 253.000000 0.050344 0.792541 2.169217 0.009386
 254.000000 0.060692 0.771275 2.152753 0.009844
 255.000000 0.057043 0.770854 2.062072 0.008491
 256.000000 0.056123 0.775916 2.161429 0.008583
 257.000000 0.035172 0.806265 2.221669 0.002357
 258.000000 0.020485 0.855470 2.364943 0.002683
 259.000000 0.037059 0.785876 2.084342 0.004198
 260.000000 0.055715 0.778210 2.144414 0.006681
 261.000000 0.054819 0.759424 2.012032 0.006217
 262.000000 0.064253 0.753764 2.015884 0.009030
 263.000000 0.038572 0.802400 2.077929 0.005173
 264.000000 0.103558 0.719672 1.933832 0.016974
 265.000000 0.068478 0.752877 2.056841 0.008947
 266.000000 0.066527 0.758906 2.010028 0.008690
 267.000000 0.081792 0.748194 2.021605 0.014756
 268.000000 0.069090 0.745526 2.025701 0.007498
 269.000000 0.072302 0.774380 2.106802 0.013315
 270.000000 0.052738 0.780781 1.830997 0.008495
 271.000000 0.038953 0.800253 1.764631 0.004628
 272.000000 0.061212 0.738712 1.648779 0.007596
 273.000000 0.039256 0.808346 1.623890 0.003323
 274.000000 0.036907 0.781510 1.422811 0.004915
 275.000000 0.038867 0.820283 1.838798 0.004757
 276.000000 0.029221 0.851994 2.037890 0.003213
 277.000000 0.028889 0.858106 2.182609 0.004093
 278.000000 0.020718 0.812892 1.836933 0.002167
 279.000000 0.025293 0.792258 1.726684 0.002749
 280.000000 0.029170 0.752949 1.592454 0.003386
 281.000000 0.055508 0.668729 1.148665 0.005980
 282.000000 0.038094 0.757120 1.706568 0.004054
 283.000000 0.021196 0.773466 1.634815 0.001607
 284.000000 0.017029 0.847330 2.068993 0.001368
 285.000000 0.021493 0.849951 2.087302 0.001691
 286.000000 0.020993 0.850360 2.027736 0.002286
 287.000000 0.013917 0.902754 2.368445 0.001397
 288.000000 0.016172 0.863269 2.093776 0.001635
 289.000000 0.013891 0.873791 2.258925 0.001604
 290.000000 0.017433 0.883205 2.289798 0.002563
 291.000000 0.014934 0.892872 2.332872 0.001767
 292.000000 0.014344 0.899998 2.478958 0.001122
 293.000000 0.032292 0.857240 2.340521 0.003271
 294.000000 0.024342 0.854657 2.382198 0.002358
 295.000000 0.016096 0.901258 2.552171 0.001412
 296.000000 0.022605 0.867652 2.397699 0.002269
 297.000000 0.019851 0.885777 2.491246 0.001608
 298.000000 0.066097 0.794539 2.148359 0.011332
 299.000000 0.081095 0.765840 1.940297 0.009031
 300.000000 0.094648 0.743939 1.812235 0.015437
 301.000000 0.112317 0.733283 1.687674 0.019375
 302.000000 0.067827 0.759256 1.840818 0.008997
 303.000000 0.084257 0.708820 1.626260 0.014652
 304.000000 0.080864 0.739638 1.798420 0.017194
 305.000000 0.104766 0.729456 1.808148 0.013382
 306.000000 0.078469 0.743221 1.870609 0.015235
 307.000000 0.077714 0.750189 1.786630 0.013798
 308.000000 0.097997 0.735582 1.799247 0.021287
 309.000000 0.130720 0.722091 1.732371 0.023558
 310.000000 0.096116 0.710294 1.498889 0.017775
 311.000000 0.094889 0.691927 1.527455 0.012706
 312.000000 0.092233 0.695973 1.549378 0.013069
 313.000000 0.101982 0.731792 1.782538 0.010957
 314.000000 0.108389 0.720114 1.727552 0.011457
 315.000000 0.094315 0.733068 1.811315 0.011843
 316.000000 0.047119 0.804651 2.091524 0.005364
 317.000000 0.061287 0.781223 1.995074 0.008047
 318.000000 0.075896 0.754076 1.918235 0.011611
 319.000000 0.059172 0.786418 1.993318 0.019258
 320.000000 0.061052 0.799256 2.056522 0.024026
 321.000000 0.072428 0.778151 1.859541 0.008623
 322.000000 0.080037 0.746414 1.684128 0.011954
 323.000000 0.089429 0.719854 1.545137 0.016878
 324.000000 0.095207 0.704089 1.522329 0.012344
 325.000000 0.098919 0.704961 1.493897 0.016259
 326.000000 0.082552 0.759390 1.775171 0.009895
 327.000000 0.092717 0.772177 2.009928 0.012122
 328.000000 0.117858 0.739978 1.893373 0.013223
 329.000000 0.152494 0.694802 1.644575 0.015379
 330.000000 0.098401 0.719481 1.649054 0.011300
 331.000000 0.143795 0.715719 1.766152 0.015957
 332.000000 0.097556 0.764852 1.974403 0.012345
 333.000000 0.075026 0.780478 1.946121 0.015155
 334.000000 0.081585 0.790168 2.027622 0.013736
 335.000000 0.058570 0.808518 2.207860 0.011083
 336.000000 0.071441 0.807200 2.202933 0.008466
 337.000000 0.079607 0.841556 2.311044 0.011375
 338.000000 0.078768 0.784056 2.096037 0.010821
 339.000000 0.070849 0.832608 2.294082 0.009866
 340.000000 0.056963 0.840785 2.276867 0.008560
 341.000000 0.065648 0.825944 2.346462 0.010662
 342.000000 0.069296 0.832930 2.281431 0.009306
 343.000000 0.069035 0.811348 2.243108 0.012234
 344.000000 0.058304 0.782038 2.024276 0.011240
 345.000000 0.064259 0.780109 1.825652 0.009161
 346.000000 0.072845 0.720496 1.599464 0.008261
 347.000000 0.104921 0.690724 1.522878 0.014889
 348.000000 0.081272 0.751445 1.744053 0.014608
 349.000000 0.063020 0.745974 1.880170 0.006878
 350.000000 0.057093 0.760597 1.916938 0.004432
 351.000000 0.056530 0.735817 1.805135 0.005743
 352.000000 0.057618 0.745529 1.814275 0.004671
 353.000000 0.051629 0.787207 1.969822 0.006783
 354.000000 0.050969 0.820061 2.165995 0.006735
 355.000000 0.066270 0.743758 1.846664 0.004824
 356.000000 0.057453 0.784000 2.001496 0.007613
 357.000000 0.033135 0.779758 1.961596 0.003168
 358.000000 0.054921 0.744562 1.619461 0.005017
 359.000000 0.088708 0.718845 1.654052 0.009273
 360.000000 0.047021 0.711864 1.525404 0.003549
 361.000000 0.054938 0.726129 1.608375 0.003883
 362.000000 0.055117 0.753162 1.879283 0.004719
 363.000000 0.031822 0.809295 2.003161 0.002961
 364.000000 0.056544 0.746473 1.708498 0.005403
 365.000000 0.082818 0.685054 1.364648 0.016501
 366.000000 0.068703 0.689486 1.445283 0.013389
 367.000000 0.080665 0.674338 1.312027 0.013795
 368.000000 0.090387 0.665355 1.164936 0.010489
 369.000000 0.087861 0.620420 1.054374 0.010038
 370.000000 0.056862 0.629292 0.989581 0.007484
 371.000000 0.049013 0.679900 1.366936 0.005909
 372.000000 0.085440 0.660527 1.264179 0.010146
 373.000000 0.076081 0.676215 1.450137 0.009802
 374.000000 0.071551 0.718064 1.494063 0.016763
 375.000000 0.040141 0.715391 1.357835 0.006896
 376.000000 0.066255 0.706498 1.487725 0.009782
 377.000000 0.089286 0.697125 1.505131 0.011431
 378.000000 0.082986 0.678452 1.396305 0.010939
 379.000000 0.087615 0.707828 1.555480 0.010560
 380.000000 0.042109 0.732355 1.543723 0.004095
 381.000000 0.033490 0.728444 1.555498 0.002617
 382.000000 0.070172 0.670489 1.312952 0.007777
 383.000000 0.085917 0.618595 1.197644 0.007165
 384.000000 0.081099 0.661017 1.328464 0.011813
 385.000000 0.064959 0.648568 1.268606 0.011492
 386.000000 0.054072 0.699548 1.523563 0.006721
 387.000000 0.063680 0.664613 1.340613 0.010277
 388.000000 0.061594 0.655217 1.258957 0.006159
 389.000000 0.057741 0.709996 1.585212 0.006914
 390.000000 0.075233 0.661871 1.399353 0.008036
 391.000000 0.029474 0.768147 1.796192 0.002724
 392.000000 0.040516 0.759786 1.856143 0.003314
 393.000000 0.087320 0.722420 1.627656 0.008175
 394.000000 0.097580 0.718168 1.602404 0.009024
 395.000000 0.130778 0.757670 1.742870 0.021941
 396.000000 0.072530 0.787299 1.930585 0.013212
 397.000000 0.131037 0.802631 2.133194 0.025319
 398.000000 0.134764 0.722875 1.833836 0.011768
 399.000000 0.068998 0.748705 1.735981 0.008541
 400.000000 0.089197 0.666987 1.240445 0.010437
 401.000000 0.086989 0.674210 1.345180 0.010827
 402.000000 0.070972 0.670840 1.360370 0.007998
 403.000000 0.058450 0.680598 1.262904 0.004353
 404.000000 0.050715 0.697755 1.477267 0.004555
 405.000000 0.036619 0.682965 1.282456 0.002711
 406.000000 0.039097 0.691664 1.290794 0.008791
 407.000000 0.040008 0.674497 1.303018 0.002942
 408.000000 0.059083 0.721977 1.657092 0.004563
 409.000000 0.052066 0.711252 1.535039 0.003399
 410.000000 0.049311 0.688048 1.365549 0.004771
 411.000000 0.036843 0.657430 1.077699 0.002727
 412.000000 0.039963 0.669213 1.193527 0.005475
 413.000000 0.062666 0.671671 1.236605 0.005605
 414.000000 0.084487 0.668520 1.188142 0.008286
 415.000000 0.164426 0.660229 1.155675 0.011325
 416.000000 0.076264 0.670821 1.137893 0.008307
 417.000000 0.073590 0.686057 1.438992 0.008206
 418.000000 0.097314 0.688418 1.452751 0.012558
 419.000000 0.108758 0.660371 1.256193 0.083591
 420.000000 0.096964 0.696722 1.366223 0.031560
 421.000000 0.063215 0.744215 1.584955 0.015529
 422.000000 0.115101 0.745559 1.721883 0.337238
 423.000000 0.095640 0.732988 1.758530 0.430729
 424.000000 0.149349 0.738198 1.873798 0.184510
 425.000000 0.286563 0.778462 1.969027 0.218080
 426.000000 0.376342 0.713303 1.763259 0.121564
 427.000000 0.363420 0.723689 2.018810 0.761502
 428.000000 0.305007 0.737431 2.121534 0.120097
 429.000000 0.418111 0.728064 2.112410 0.163250
 430.000000 0.164371 0.775255 2.251717 0.051064
 431.000000 0.195732 0.761921 2.089997 0.056866
 432.000000 0.333811 0.715038 1.938502 0.654445
 433.000000 0.383312 0.678544 1.661396 0.212440
 434.000000 0.324263 0.715715 1.835444 0.618415
 435.000000 0.089084 0.760293 1.859973 0.013353
 436.000000 0.033232 0.859740 2.289921 0.003562
 437.000000 0.020395 0.872094 2.374899 0.001703
 438.000000 0.037876 0.832681 2.355069 0.003123
 439.000000 0.012425 0.927449 2.668503 0.001031
 440.000000 0.015022 0.920383 2.562841 0.001872
 441.000000 0.031959 0.857044 2.427800 0.004581
 442.000000 0.038993 0.834536 2.297993 0.005184
 443.000000 0.028528 0.839114 2.235138 0.003294
 444.000000 0.023736 0.819601 2.005915 0.002630
 445.000000 0.030912 0.817686 2.188512 0.003268
 446.000000 0.034159 0.796985 2.061945 0.002647
 447.000000 0.080168 0.738685 1.723212 0.011317
 448.000000 0.113490 0.725501 1.743342 0.016289
 449.000000 0.083268 0.682791 1.373408 0.008154
 450.000000 0.101747 0.684422 1.323480 0.008280
 451.000000 0.104592 0.685130 1.363417 0.011721
 452.000000 0.071057 0.700092 1.445172 0.010424
 453.000000 0.071795 0.724519 1.542836 0.007706
 454.000000 0.073947 0.779634 2.033113 0.007894
 455.000000 0.093176 0.764904 1.873163 0.023226
 456.000000 0.085227 0.735694 1.842024 0.013861
 457.000000 0.102069 0.744641 1.830879 0.018817
 458.000000 0.094684 0.753307 1.780329 0.012887
 459.000000 0.083616 0.760531 1.796435 0.013418
 460.000000 0.108537 0.718752 1.405108 0.023661
 461.000000 0.083334 0.754379 1.623960 0.011276
 462.000000 0.085665 0.742352 1.771177 0.015571
 463.000000 0.097895 0.713468 1.561779 0.023168
 464.000000 0.056181 0.722296 1.489773 0.022568
 465.000000 0.072505 0.741079 1.782157 0.012430
 466.000000 0.082803 0.742073 1.778755 0.016830
 467.000000 0.088140 0.733618 1.785323 0.011708
 468.000000 0.058947 0.767986 1.812213 0.007480
 469.000000 0.060507 0.769679 1.704112 0.010963
 470.000000 0.051323 0.712392 1.672554 0.004880
 471.000000 0.026351 0.788281 2.015979 0.002668
 472.000000 0.032259 0.778558 1.923433 0.003829
 473.000000 0.035414 0.780972 1.993768 0.003506
 474.000000 0.029586 0.812804 2.020191 0.005947
 475.000000 0.032565 0.769031 1.917936 0.003901
 476.000000 0.021410 0.829824 2.140532 0.002649
 477.000000 0.018512 0.857092 2.262656 0.002281
 478.000000 0.028537 0.806801 2.098771 0.006008
 479.000000 0.016722 0.855707 2.175524 0.004225
 480.000000 0.018886 0.864494 2.220991 0.003399
 481.000000 0.045095 0.781446 1.952876 0.004575
 482.000000 0.047685 0.746265 1.785203 0.006940
 483.000000 0.052751 0.760187 1.964229 0.006240
 484.000000 0.049795 0.723752 1.796562 0.003983
 485.000000 0.066654 0.729823 1.846628 0.007032
 486.000000 0.044919 0.737336 1.771672 0.004859
 487.000000 0.049260 0.689288 1.505883 0.005470
 488.000000 0.078918 0.694397 1.615254 0.007689
 489.000000 0.042814 0.732933 1.735763 0.003810
 490.000000 0.066499 0.735143 1.852277 0.007113
 491.000000 0.071953 0.760232 1.999418 0.010217
 492.000000 0.056699 0.759378 1.826237 0.007206
 493.000000 0.061334 0.746199 1.749749 0.010126
 494.000000 0.054200 0.731106 1.517488 0.005897
 495.000000 0.057848 0.739845 1.690847 0.008453
 496.000000 0.044422 0.752292 1.644290 0.006468
 497.000000 0.037280 0.755924 1.779381 0.003037
 498.000000 0.043028 0.781524 1.853491 0.003721
 499.000000 0.045391 0.804596 2.079694 0.003731
 500.000000 0.032144 0.789114 1.918836 0.002557
