#! FIELDS time alpha rg e2e hbond
 0.000000 0.042749 0.708548 1.493183 0.004298
 1.000000 0.073061 0.641326 1.173329 0.005179
 2.000000 0.056580 0.665455 1.547532 0.002749
 3.000000 0.064455 0.720481 1.874414 0.004144
 4.000000 0.045709 0.775532 2.199633 0.002754
 5.000000 0.039985 0.782589 2.175620 0.002182
 6.000000 0.042207 0.783720 2.131204 0.004171
 7.000000 0.088699 0.761316 2.127953 0.006538
 8.000000 0.039769 0.846183 2.412515 0.002421
 9.000000 0.019444 0.886052 2.486457 0.001240
 10.000000 0.029066 0.877502 2.434777 0.003226
 11.000000 0.016784 0.906964 2.567709 0.001764
 12.000000 0.021179 0.880354 2.536499 0.001545
 13.000000 0.015570 0.894423 2.583531 0.001167
 14.000000 0.017772 0.911468 2.512118 0.001639
 15.000000 0.018880 0.893852 2.449809 0.001943
 16.000000 0.015348 0.925662 2.492006 0.001443
 17.000000 0.017834 0.903668 2.417803 0.002368
 18.000000 0.016375 0.892160 2.317506 0.001907
 19.000000 0.021463 0.871138 2.264957 0.002568
 20.000000 0.018266 0.897110 2.455673 0.001983
 21.000000 0.014138 0.915691 2.545467 0.001674
 22.000000 0.016234 0.902871 2.372240 0.001606
 23.000000 0.015830 0.903185 2.361207 0.002247
 24.000000 0.014864 0.939743 2.562247 0.001508
 25.000000 0.013257 0.953094 2.649527 0.001325
 26.000000 0.014699 0.924403 2.519691 0.001695
 27.000000 0.016677 0.892668 2.318783 0.001660
 28.000000 0.022783 0.863272 2.330231 0.002045
 29.000000 0.011078 0.930565 2.548256 0.001048
 30.000000 0.012923 0.869730 2.291981 0.000947
 31.000000 0.011001 0.925156 2.487760 0.000995
 32.000000 0.012685 0.860911 2.091920 0.001050
 33.000000 0.015253 0.889044 2.359016 0.001918
 34.000000 0.014192 0.938604 2.663172 0.001181
 35.000000 0.015751 0.936724 2.686195 0.001462
 36.000000 0.014190 0.950283 2.750835 0.001508
 37.000000 0.011629 0.956176 2.710302 0.000982
 38.000000 0.010855 0.984741 2.846943 0.000941
 39.000000 0.018481 0.923129 2.645959 0.001793
 40.000000 0.012802 0.959031 2.757891 0.001050
 41.000000 0.014419 0.930411 2.588126 0.001136
 42.000000 0.015039 0.917680 2.548183 0.001458
 43.000000 0.018940 0.919315 2.642165 0.001633
 44.000000 0.012542 0.979344 2.805261 0.001285
 45.000000 0.019554 0.914080 2.483952 0.002349
 46.000000 0.017464 0.934298 2.631893 0.001895
 47.000000 0.017958 0.912375 2.462352 0.001705
 48.000000 0.017462 0.908679 2.526572 0.002397
 49.000000 0.016549 0.919317 2.623361 0.002085
 50.000000 0.018118 0.888968 2.358361 0.001808
 51.000000 0.022997 0.866286 2.224530 0.002048
 52.000000 0.027619 0.826873 1.804864 0.001774
 53.000000 0.030033 0.796239 1.694921 0.002668
 54.000000 0.031112 0.815689 1.893718 0.002612
 55.000000 0.030689 0.840563 1.988938 0.007377
 56.000000 0.032985 0.849137 2.000375 0.013671
 57.000000 0.026676 0.881720 2.311219 0.006897
 58.000000 0.033821 0.845877 2.217716 0.007953
 59.000000 0.035250 0.852920 2.056413 0.014277
 60.000000 0.030195 0.862275 2.239909 0.009137
 61.000000 0.028154 0.874593 2.084463 0.007953
 62.000000 0.035630 0.824721 1.819096 0.014888
 63.000000 0.030912 0.833196 1.945982 0.006429
 64.000000 0.031087 0.840734 1.929092 0.010844
 65.000000 0.035743 0.878676 2.187589 0.012570
 66.000000 0.020855 0.886058 2.453741 0.004389
 67.000000 0.036946 0.828095 2.139951 0.008629
 68.000000 0.030482 0.855920 2.146425 0.009428
 69.000000 0.035458 0.842984 2.135190 0.004493
 70.000000 0.022943 0.891086 2.481118 0.002024
 71.000000 0.017833 0.897200 2.366355 0.001469
 72.000000 0.022541 0.887436 2.305063 0.001552
 73.000000 0.027898 0.876346 2.310166 0.002007
 74.000000 0.019172 0.901185 2.424759 0.001959
 75.000000 0.027421 0.839539 2.073208 0.003890
 76.000000 0.021168 0.874773 2.254174 0.004019
 77.000000 0.032885 0.848898 2.170797 0.005177
 78.000000 0.083884 0.765007 1.728689 0.060591
 79.000000 0.048669 0.825272 2.198299 0.010698
 80.000000 0.024282 0.858638 2.251030 0.005268
 81.000000 0.017737 0.871385 2.236312 0.003199
 82.000000 0.020601 0.878176 2.300030 0.007752
 83.000000 0.012683 0.926110 2.510068 0.003328
 84.000000 0.019509 0.860752 2.091412 0.002546
 85.000000 0.022392 0.869457 2.171800 0.009342
 86.000000 0.026635 0.857230 2.261513 0.005028
 87.000000 0.021668 0.869014 2.449110 0.004090
 88.000000 0.041590 0.861174 2.364752 0.016688
 89.000000 0.102224 0.800633 2.183647 0.044707
 90.000000 0.041556 0.847439 2.310750 0.009592
 91.000000 0.173842 0.778149 2.101721 0.053502
 92.000000 0.134866 0.767157 2.114080 0.035241
 93.000000 0.156335 0.783398 2.046302 0.353085
 94.000000 0.178098 0.720621 1.798069 0.886276
 95.000000 0.240480 0.671454 1.734841 0.804662
 96.000000 0.158139 0.705560 1.716924 0.592669
 97.000000 0.157441 0.675479 1.636838 0.931569
 98.000000 0.150315 0.674661 1.657764 0.522593
 99.000000 0.244902 0.667006 1.688764 0.324809
 100.000000 0.242302 0.656954 1.618644 0.542761
 101.000000 0.207513 0.698418 1.787716 0.309410
 102.000000 0.238618 0.704276 1.899317 0.154342
 103.000000 0.172369 0.726497 1.968018 0.125006
 104.000000 0.256731 0.637836 1.651737 0.303836
 105.000000 0.231349 0.645637 1.624235 0.158361
 106.000000 0.144612 0.707823 1.876880 0.053412
 107.000000 0.214500 0.742058 2.052194 0.117740
 108.000000 0.266051 0.717554 1.886242 0.404213
 109.000000 0.191038 0.752476 1.985099 0.256972
 110.000000 0.225936 0.752225 1.935456 0.767902
 111.000000 0.210718 0.715037 1.668107 0.561639
 112.000000 0.167442 0.747424 1.855358 0.534176
 113.000000 0.223242 0.689613 1.615571 0.300818
 114.000000 0.225368 0.703532 1.663608 0.397388
 115.000000 0.297598 0.744451 1.875061 0.525642
 116.000000 0.209883 0.703768 1.671430 0.794616
 117.000000 0.183480 0.723567 1.815328 0.260531
 118.000000 0.202363 0.759135 1.954657 0.126687
 119.000000 0.235770 0.763451 2.049020 0.175990
 120.000000 0.288810 0.732022 1.967339 0.688196
 121.000000 0.094489 0.790924 2.173384 0.020818
 122.000000 0.127521 0.780150 2.136937 0.044626
 123.000000 0.101511 0.750458 2.035681 0.051937
 124.000000 0.196284 0.653730 1.700541 0.070710
 125.000000 0.296036 0.662535 1.641659 0.321560
 126.000000 0.246382 0.709146 1.889511 0.141449
 127.000000 0.335205 0.663953 1.786712 0.141791
 128.000000 0.125550 0.748089 2.031611 0.041357
 129.000000 0.248055 0.725790 1.904834 0.285700
 130.000000 0.276622 0.745828 2.054595 0.151380
 131.000000 0.192462 0.721229 1.935885 0.083947
 132.000000 0.255130 0.733278 1.975585 0.286401
 133.000000 0.290689 0.679388 1.811481 0.167259
 134.000000 0.166233 0.685479 1.646530 0.606806
 135.000000 0.242279 0.650472 1.589758 0.555598
 136.000000 0.148071 0.659446 1.599282 0.236190
 137.000000 0.227946 0.683997 1.732230 0.657161
 138.000000 0.136682 0.703129 1.645486 0.724788
 139.000000 0.171751 0.694810 1.507625 0.331574
 140.000000 0.181804 0.700283 1.662792 0.769849
 141.000000 0.132652 0.683209 1.490305 0.867144
 142.000000 0.178857 0.710071 1.573542 0.581807
 143.000000 0.159805 0.729959 1.575616 0.564418
 144.000000 0.172287 0.733512 1.662569 0.515932
 145.000000 0.135519 0.747106 1.756837 0.765638
 146.000000 0.163001 0.750907 1.802653 0.374361
 147.000000 0.166728 0.810269 2.034338 0.149829
 148.000000 0.166740 0.739463 1.881893 0.338255
 149.000000 0.136290 0.744835 1.660238 0.049336
 150.000000 0.206943 0.706029 1.563707 0.097510
 151.000000 0.163269 0.717706 1.430460 0.312569
 152.000000 0.211215 0.708825 1.680533 0.256350
 153.000000 0.055646 0.725861 1.861447 0.009300
 154.000000 0.031333 0.811471 2.205999 0.003550
 155.000000 0.029895 0.791614 1.994999 0.002013
 156.000000 0.032902 0.798494 2.055045 0.003153
 157.000000 0.045494 0.785130 2.080215 0.004701
 158.000000 0.052079 0.755144 1.968699 0.004595
 159.000000 0.073290 0.730747 1.820700 0.011901
 160.000000 0.035698 0.791786 2.020033 0.002918
 161.000000 0.047207 0.778749 2.007497 0.003056
 162.000000 0.049352 0.773911 2.042176 0.004410
 163.000000 0.032228 0.835706 2.274988 0.002570
 164.000000 0.087913 0.735894 2.025267 0.011725
 165.000000 0.044021 0.782592 2.119861 0.003450
 166.000000 0.086362 0.682768 1.733415 0.003887
 167.000000 0.107149 0.698871 1.748087 0.010236
 168.000000 0.091832 0.687841 1.695870 0.005475
 169.000000 0.091531 0.672724 1.601514 0.004135
 170.000000 0.083645 0.722162 1.798043 0.005539
 171.000000 0.046598 0.779322 2.005245 0.002843
 172.000000 0.043635 0.801795 2.137166 0.002006
 173.000000 0.046499 0.814686 2.214583 0.002543
 174.000000 0.116938 0.712823 1.944563 0.003728
 175.000000 0.082867 0.700344 1.560637 0.004126
 176.000000 0.071520 0.721391 1.827735 0.003021
 177.000000 0.085314 0.687975 1.511949 0.004418
 178.000000 0.078052 0.679063 1.543972 0.003382
 179.000000 0.074138 0.684239 1.527478 0.002838
 180.000000 0.073396 0.683270 1.592119 0.006956
 181.000000 0.112162 0.669392 1.669257 0.004064
 182.000000 0.073038 0.701042 1.756623 0.002974
 183.000000 0.073382 0.677494 1.453019 0.003713
 184.000000 0.077063 0.674605 1.650681 0.003152
 185.000000 0.044274 0.758633 1.966372 0.002486
 186.000000 0.066754 0.734416 1.970998 0.003055
 187.000000 0.086478 0.742088 2.039358 0.003520
 188.000000 0.047406 0.756115 1.873194 0.004007
 189.000000 0.048123 0.770720 2.140019 0.003236
 190.000000 0.036078 0.793429 2.174576 0.003206
 191.000000 0.067971 0.720715 1.843360 0.004457
 192.000000 0.047688 0.792911 2.076795 0.003136
 193.000000 0.035203 0.786121 2.003074 0.002412
 194.000000 0.036050 0.788526 2.135311 0.001993
 195.000000 0.041829 0.799728 2.155550 0.002575
 196.000000 0.039337 0.779290 2.016066 0.002041
 197.000000 0.040768 0.800144 2.280479 0.001813
 198.000000 0.031324 0.836638 2.322092 0.001980
 199.000000 0.065154 0.754038 2.094299 0.003724
 200.000000 0.054179 0.755285 2.041864 0.004224
 201.000000 0.079774 0.749767 2.110903 0.004758
 202.000000 0.061246 0.751935 2.123446 0.003362
 203.000000 0.094057 0.728040 1.972230 0.004977
 204.000000 0.072693 0.718926 1.918938 0.005546
 205.000000 0.058290 0.760798 2.092396 0.004087
 206.000000 0.040598 0.776818 1.867386 0.002934
 207.000000 0.083797 0.730393 1.891074 0.007459
 208.000000 0.047056 0.757845 2.004641 0.003266
 209.000000 0.105720 0.667148 1.683502 0.005116
 210.000000 0.087107 0.622147 1.503280 0.005209
 211.000000 0.069662 0.648663 1.561449 0.003703
 212.000000 0.059629 0.668163 1.440023 0.003049
 213.000000 0.091533 0.644740 1.657313 0.005266
 214.000000 0.064763 0.688755 1.784894 0.003114
 215.000000 0.118950 0.698220 1.916480 0.006437
 216.000000 0.055965 0.740284 2.033102 0.002860
 217.000000 0.090118 0.672263 1.799599 0.003710
 218.000000 0.108244 0.691513 1.934407 0.004036
 219.000000 0.082427 0.748684 2.041071 0.005422
 220.000000 0.075565 0.754958 2.187540 0.003082
 221.000000 0.051227 0.783825 2.233409 0.002417
 222.000000 0.062981 0.787948 2.301540 0.003047
 223.000000 0.077295 0.759688 2.136079 0.003621
 224.000000 0.054405 0.797764 2.294092 0.003159
 225.000000 0.063014 0.776598 2.233685 0.003975
 226.000000 0.077947 0.768664 2.199384 0.004453
 227.000000 0.031485 0.801966 2.235368 0.004289
 228.000000 0.062769 0.732066 1.941519 0.007202
 229.000000 0.077700 0.730113 2.112813 0.004575
 230.000000 0.087380 0.710541 1.994012 0.003563
 231.000000 0.086475 0.709473 1.923397 0.004042
 232.000000 0.062657 0.730962 2.046238 0.004607
 233.000000 0.051312 0.755629 2.109476 0.002398
 234.000000 0.077018 0.739017 2.122790 0.003248
 235.000000 0.028604 0.824867 2.267218 0.002287
 236.000000 0.076863 0.793365 2.360845 0.003327
 237.000000 0.049288 0.806865 2.338848 0.003793
 238.000000 0.028309 0.865548 2.443968 0.002318
 239.000000 0.035107 0.827350 2.390812 0.002223
 240.000000 0.034494 0.844241 2.372376 0.003028
 241.000000 0.060423 0.769959 2.207137 0.004341
 242.000000 0.048650 0.800047 2.270874 0.002634
 243.000000 0.037215 0.795631 2.288972 0.002676
 244.000000 0.038994 0.785027 2.226812 0.002206
 245.000000 0.040782 0.791248 2.240824 0.002486
 246.000000 0.055813 0.775993 2.241126 0.003495
 247.000000 0.039478 0.797128 2.198340 0.002130
 248.000000 0.051965 0.770481 2.102559 0.003678
 249.000000 0.029305 0.822409 2.250507 0.002876
 250.000000 0.057118 0.711334 1.583600 0.003828
 251.000000 0.057631 0.688726 1.421947 0.003470
 252.000000 0.085453 0.673428 1.533315 0.004476
 253.000000 0.069167 0.697134 1.715257 0.004287
 254.000000 0.053993 0.728760 1.700399 0.005013
 255.000000 0.044858 0.736136 1.580928 0.004013
 256.000000 0.040582 0.729327 1.554329 0.003354
 257.000000 0.031675 0.740939 1.516700 0.003282
 258.000000 0.041400 0.700546 1.349297 0.004197
 259.000000 0.028561 0.759675 1.654699 0.002552
 260.000000 0.021622 0.806615 1.842396 0.002122
 261.000000 0.038286 0.737944 1.683839 0.002400
 262.000000 0.063580 0.675658 1.364993 0.005810
 263.000000 0.065712 0.692155 1.612177 0.005455
 264.000000 0.046855 0.716254 1.643422 0.002847
 265.000000 0.062507 0.693648 1.524479 0.004877
 266.000000 0.076095 0.714894 1.693064 0.005741
 267.000000 0.087567 0.666973 1.484492 0.004815
 268.000000 0.064388 0.702574 1.722273 0.003881
 269.000000 0.068402 0.672687 1.371311 0.004556
 270.000000 0.056737 0.713415 1.423262 0.002608
 271.000000 0.035528 0.746750 1.531474 0.002980
 272.000000 0.036297 0.725597 1.478574 0.002128
 273.000000 0.060331 0.722081 1.548639 0.006503
 274.000000 0.059745 0.711560 1.400816 0.006198
 275.000000 0.102520 0.655280 1.087950 0.008350
 276.000000 0.092030 0.661494 1.172649 0.007020
 277.000000 0.099893 0.651213 1.121965 0.010023
 278.000000 0.056134 0.693456 1.263977 0.002799
 279.000000 0.071493 0.670997 1.107676 0.003502
 280.000000 0.079964 0.676550 1.200026 0.003460
 281.000000 0.057497 0.700915 1.352672 0.002398
 282.000000 0.058651 0.752962 1.732488 0.002569
 283.000000 0.062274 0.772356 2.081822 0.003552
 284.000000 0.069183 0.763789 1.980262 0.004710
 285.000000 0.068357 0.763760 1.948811 0.010536
 286.000000 0.061013 0.763138 1.987416 0.011047
 287.000000 0.035265 0.813670 2.220477 0.005061
 288.000000 0.044814 0.771221 1.675883 0.008015
 289.000000 0.045693 0.782605 1.888897 0.007130
 290.000000 0.018505 0.848710 1.983783 0.003168
 291.000000 0.035925 0.759009 1.649056 0.003285
 292.000000 0.046238 0.736951 1.558267 0.003424
 293.000000 0.052373 0.728318 1.566155 0.004407
 294.000000 0.035638 0.787296 1.852043 0.003200
 295.000000 0.031202 0.805669 1.931348 0.004335
 296.000000 0.035842 0.797359 1.888008 0.003117
 297.000000 0.027148 0.843778 2.199667 0.003038
 298.000000 0.020397 0.864739 2.279765 0.002183
 299.000000 0.017854 0.873008 2.282669 0.002070
 300.000000 0.032667 0.766339 1.771082 0.002888
 301.000000 0.029355 0.787492 1.857068 0.003292
 302.000000 0.043344 0.761406 1.777722 0.006228
 303.000000 0.027665 0.799065 1.914939 0.002780
 304.000000 0.046940 0.771349 1.956093 0.004865
 305.000000 0.026701 0.816408 2.038431 0.003081
 306.000000 0.035565 0.759730 1.727994 0.003174
 307.000000 0.048253 0.747772 1.719968 0.006140
 308.000000 0.048575 0.722013 1.716682 0.004660
 309.000000 0.041877 0.769054 1.960236 0.004685
 310.000000 0.047027 0.712599 1.449372 0.006804
 311.000000 0.059063 0.685033 1.237514 0.015175
 312.000000 0.041689 0.714880 1.475844 0.003209
 313.000000 0.030813 0.757237 1.815394 0.002675
 314.000000 0.045785 0.764393 1.977925 0.002142
 315.000000 0.038863 0.719918 1.687663 0.003580
 316.000000 0.062126 0.684564 1.415311 0.011043
 317.000000 0.053651 0.671399 1.204463 0.010470
 318.000000 0.066760 0.703665 1.476526 0.036857
 319.000000 0.058237 0.712173 1.479931 0.021358
 320.000000 0.042989 0.775051 1.711412 0.007263
 321.000000 0.030803 0.806888 1.802458 0.002750
 322.000000 0.033156 0.774535 1.690283 0.004457
 323.000000 0.050292 0.732777 1.573308 0.006645
 324.000000 0.044538 0.789829 1.849639 0.007189
 325.000000 0.030960 0.830612 1.975065 0.003454
 326.000000 0.038903 0.822547 2.000739 0.006066
 327.000000 0.030387 0.809490 1.757580 0.003472
 328.000000 0.064935 0.719165 1.672676 0.013548
 329.000000 0.068845 0.744833 1.789043 0.016570
 330.000000 0.050558 0.741777 1.799453 0.016859
 331.000000 0.040493 0.762334 1.724798 0.007157
 332.000000 0.038126 0.778076 1.789071 0.006191
 333.000000 0.039820 0.731111 1.603228 0.004986
 334.000000 0.047096 0.730494 1.473493 0.017037
 335.000000 0.044449 0.770403 1.835095 0.010247
 336.000000 0.046454 0.755770 1.750321 0.010482
 337.000000 0.049861 0.736294 1.692313 0.011950
 338.000000 0.066443 0.689040 1.585498 0.010252
 339.000000 0.079675 0.640364 1.431230 0.015906
 340.000000 0.063557 0.697881 1.546507 0.014080
 341.000000 0.059828 0.696333 1.617937 0.016046
 342.000000 0.035124 0.767134 1.773912 0.006441
 343.000000 0.055960 0.679462 1.533143 0.010950
 344.000000 0.047542 0.718895 1.581016 0.019329
 345.000000 0.041742 0.761210 1.836932 0.007374
 346.000000 0.049192 0.708116 1.750993 0.008779
 347.000000 0.046259 0.753711 1.962718 0.007869
 348.000000 0.031720 0.779260 2.002114 0.008004
 349.000000 0.042623 0.742843 1.811219 0.014803
 350.000000 0.036225 0.790059 2.060667 0.009791
 351.000000 0.051666 0.778974 1.940221 0.010220
 352.000000 0.033563 0.772715 1.863907 0.008976
 353.000000 0.050749 0.726153 1.753045 0.017174
 354.000000 0.056765 0.717775 1.725548 0.010961
 355.000000 0.051241 0.742059 1.726905 0.008909
 356.000000 0.059585 0.742971 1.811615 0.017698
 357.000000 0.066368 0.749329 1.859902 0.015640
 358.000000 0.044174 0.763683 1.791851 0.009148
 359.000000 0.063703 0.750432 1.870462 0.012123
 360.000000 0.049805 0.722574 1.752590 0.009031
 361.000000 0.063726 0.734093 1.896112 0.012344
 362.000000 0.065172 0.728093 1.738745 0.015503
 363.000000 0.046023 0.777621 2.017036 0.010186
 364.000000 0.045316 0.754582 2.024175 0.008087
 365.000000 0.048653 0.751739 1.947483 0.004573
 366.000000 0.038218 0.808568 2.210744 0.007314
 367.000000 0.054039 0.782315 2.197304 0.008212
 368.000000 0.047807 0.771233 2.103586 0.007478
 369.000000 0.050912 0.778781 2.047743 0.008377
 370.000000 0.057763 0.735606 1.921602 0.012631
 371.000000 0.072250 0.673939 1.478813 0.014444
 372.000000 0.046711 0.680713 1.452978 0.008853
 373.000000 0.028443 0.730426 1.683493 0.005701
 374.000000 0.040755 0.690206 1.481956 0.006963
 375.000000 0.045305 0.770945 1.951668 0.004981
 376.000000 0.031969 0.809419 2.264320 0.003988
 377.000000 0.036975 0.807431 2.249067 0.004982
 378.000000 0.070584 0.759177 2.148653 0.011183
 379.000000 0.037375 0.796124 2.156544 0.002979
 380.000000 0.027954 0.822948 2.298651 0.002291
 381.000000 0.029664 0.853088 2.492801 0.002896
 382.000000 0.013580 0.915576 2.605855 0.001341
 383.000000 0.037092 0.825623 2.310730 0.004120
 384.000000 0.033937 0.806398 2.227701 0.002143
 385.000000 0.038422 0.781441 2.131708 0.002839
 386.000000 0.045288 0.768965 2.000201 0.003571
 387.000000 0.045932 0.757024 1.996409 0.003806
 388.000000 0.031157 0.814655 2.186531 0.003588
 389.000000 0.035418 0.789371 2.072320 0.003084
 390.000000 0.051132 0.731339 1.841507 0.004059
 391.000000 0.063269 0.764209 2.061893 0.005882
 392.000000 0.031282 0.840475 2.457737 0.003005
 393.000000 0.018030 0.904232 2.608180 0.002563
 394.000000 0.023563 0.863873 2.465320 0.003197
 395.000000 0.035395 0.818299 2.306986 0.005209
 396.000000 0.023261 0.859825 2.438882 0.002572
 397.000000 0.025664 0.872971 2.587598 0.003586
 398.000000 0.037910 0.817950 2.288192 0.006847
 399.000000 0.044184 0.803601 2.257327 0.004009
 400.000000 0.067858 0.739017 1.963658 0.006403
 401.000000 0.045279 0.796735 2.182562 0.004864
 402.000000 0.053028 0.766321 1.977256 0.007093
 403.000000 0.039196 0.815096 2.206394 0.005653
 404.000000 0.037230 0.803150 2.120934 0.003967
 405.000000 0.057989 0.739307 1.944718 0.005203
 406.000000 0.072422 0.707152 1.729725 0.007664
 407.000000 0.058220 0.747236 1.880630 0.004565
 408.000000 0.051561 0.771208 2.061961 0.004052
 409.000000 0.044102 0.766766 1.901485 0.003031
 410.000000 0.058231 0.750841 1.867320 0.003391
 411.000000 0.044443 0.776610 1.923337 0.004460
 412.000000 0.040251 0.789032 2.080464 0.003785
 413.000000 0.044731 0.787345 2.070076 0.004347
 414.000000 0.024965 0.830519 2.145304 0.002207
 415.000000 0.025467 0.852242 2.317971 0.002948
 416.000000 0.034400 0.814193 2.192004 0.002571
 417.000000 0.029079 0.810554 2.216777 0.002503
 418.000000 0.022633 0.829946 2.003885 0.002461
 419.000000 0.054527 0.792965 1.989731 0.009322
 420.000000 0.047458 0.774788 1.925793 0.007493
 421.000000 0.037877 0.806207 2.230415 0.003689
 422.000000 0.038538 0.762962 1.771390 0.003062
 423.000000 0.018367 0.795762 1.775884 0.001574
 424.000000 0.018197 0.828214 1.983049 0.001145
 425.000000 0.025862 0.825195 2.063667 0.001822
 426.000000 0.036768 0.757964 1.736465 0.002457
 427.000000 0.029813 0.804786 2.003928 0.002420
 428.000000 0.022807 0.852781 2.294950 0.001545
 429.000000 0.031654 0.810146 2.116414 0.004485
 430.000000 0.027889 0.818219 2.169297 0.002384
 431.000000 0.028055 0.846385 2.322066 0.002191
 432.000000 0.016860 0.912044 2.490202 0.001508
 433.000000 0.021067 0.896391 2.515180 0.002542
 434.000000 0.020729 0.890232 2.576926 0.002765
 435.000000 0.018579 0.904928 2.622647 0.002217
 436.000000 0.016252 0.902846 2.488593 0.001362
 437.000000 0.018179 0.907378 2.638627 0.002450
 438.000000 0.010491 0.954729 2.655979 0.001137
 439.000000 0.010090 0.962448 2.762539 0.001081
 440.000000 0.009808 0.981996 2.810309 0.000977
 441.000000 0.012785 0.948613 2.698866 0.001211
 442.000000 0.012674 0.948001 2.748028 0.001269
 443.000000 0.016086 0.907534 2.569965 0.001447
 444.000000 0.010367 0.960304 2.746941 0.000930
 445.000000 0.013062 0.928526 2.669894 0.001083
 446.000000 0.015312 0.922664 2.605815 0.001630
 447.000000 0.018382 0.918851 2.566703 0.003377
 448.000000 0.016217 0.913369 2.557084 0.001368
 449.000000 0.026552 0.835076 2.180709 0.003400
 450.000000 0.016005 0.898493 2.425693 0.003398
 451.000000 0.013795 0.936158 2.651724 0.001807
 452.000000 0.011988 0.957051 2.665081 0.001414
 453.000000 0.015557 0.922509 2.603032 0.001719
 454.000000 0.015280 0.935686 2.665264 0.002221
 455.000000 0.011903 0.954951 2.752919 0.001922
 456.000000 0.022274 0.888132 2.542379 0.002922
 457.000000 0.024272 0.885349 2.509496 0.002209
 458.000000 0.017565 0.929095 2.716304 0.002089
 459.000000 0.013409 0.962304 2.802061 0.002015
 460.000000 0.011061 0.960894 2.787437 0.001385
 461.000000 0.017508 0.898089 2.472943 0.001850
 462.000000 0.017099 0.909239 2.567069 0.001694
 463.000000 0.021835 0.893372 2.559908 0.001929
 464.000000 0.027886 0.872583 2.518764 0.002834
 465.000000 0.019559 0.887125 2.408297 0.002499
 466.000000 0.035461 0.804621 2.050581 0.005149
 467.000000 0.041799 0.807047 2.067403 0.004574
 468.000000 0.032959 0.817784 2.134442 0.004031
 469.000000 0.041342 0.797980 2.067766 0.004266
 470.000000 0.054501 0.786313 1.986722 0.007642
 471.000000 0.025330 0.824380 2.080232 0.002584
 472.000000 0.030254 0.816659 2.070403 0.003004
 473.000000 0.037551 0.810586 2.047622 0.003683
 474.000000 0.021125 0.870527 2.350427 0.002149
 475.000000 0.035346 0.809541 2.051176 0.003449
 476.000000 0.042211 0.807408 2.185538 0.004001
 477.000000 0.028229 0.831895 2.246102 0.002033
 478.000000 0.040677 0.800856 2.142511 0.002922
 479.000000 0.020986 0.827689 2.062897 0.002390
 480.000000 0.024755 0.852332 2.263472 0.001748
 481.000000 0.035303 0.800089 2.102845 0.002489
 482.000000 0.034542 0.837485 2.342704 0.002838
 483.000000 0.029160 0.856417 2.397900 0.003596
 484.000000 0.033745 0.858846 2.432843 0.004054
 485.000000 0.043123 0.846014 2.382154 0.005938
 486.000000 0.038335 0.867676 2.316500 0.004735
 487.000000 0.038872 0.860969 2.289526 0.005095
 488.000000 0.117828 0.750308 1.922621 0.013398
 489.000000 0.089213 0.746265 1.873233 0.008965
 490.000000 0.107455 0.748820 1.904678 0.014656
 491.000000 0.067683 0.776303 1.997295 0.007910
 492.000000 0.081386 0.770068 1.941830 0.012670
 493.000000 0.092293 0.727610 1.718474 0.015203
 494.000000 0.124850 0.679106 1.512182 0.015919
 495.000000 0.083271 0.722121 1.661701 0.017816
 496.000000 0.092727 0.716211 1.551745 0.013576
 497.000000 0.083693 0.740684 1.739846 0.011257
 498.000000 0.089493 0.715700 1.490610 0.013581
 499.000000 0.236258 0.725042 1.772779 0.050659
 500.000000 0.091809 0.701315 1.600981 0.008771
