#! FIELDS time alpha rg e2e hbond
 0.000000 0.004911 1.077877 3.190237 0.000460
 1.000000 0.008261 1.009543 2.929364 0.000952
 2.000000 0.009631 0.988634 2.847406 0.001212
 3.000000 0.014368 0.942672 2.703408 0.001934
 4.000000 0.020513 0.909563 2.704003 0.003232
 5.000000 0.035889 0.828513 2.407851 0.003824
 6.000000 0.025981 0.836448 2.363583 0.002385
 7.000000 0.032056 0.799833 2.254130 0.002538
 8.000000 0.038402 0.793770 2.232722 0.002789
 9.000000 0.021616 0.873740 2.411500 0.002301
 10.000000 0.019055 0.855259 2.264404 0.002154
 11.000000 0.039089 0.788855 1.926257 0.003118
 12.000000 0.048320 0.782450 2.108726 0.004975
 13.000000 0.027468 0.790666 1.903726 0.002272
 14.000000 0.024624 0.817059 2.182372 0.002293
 15.000000 0.033744 0.796117 2.124829 0.003066
 16.000000 0.022300 0.843808 2.172257 0.002098
 17.000000 0.027199 0.808272 1.960094 0.003583
 18.000000 0.037536 0.752628 1.837199 0.003847
 19.000000 0.041518 0.774530 1.944853 0.004666
 20.000000 0.029729 0.792194 2.007062 0.002954
 21.000000 0.052638 0.734499 1.849759 0.006581
 22.000000 0.031631 0.753030 1.697046 0.003136
 23.000000 0.039538 0.750748 1.833064 0.003660
 24.000000 0.026331 0.794679 2.061373 0.002409
 25.000000 0.045762 0.726005 1.727047 0.003776
 26.000000 0.050811 0.722925 1.640648 0.005247
 27.000000 0.033271 0.785480 1.848898 0.003996
 28.000000 0.047085 0.718948 1.499603 0.004774
 29.000000 0.080320 0.670623 1.525946 0.007769
 30.000000 0.045105 0.713902 1.574660 0.004916
 31.000000 0.044553 0.763909 1.997465 0.004183
 32.000000 0.053105 0.713567 1.606681 0.009218
 33.000000 0.080765 0.655730 1.327085 0.005850
 34.000000 0.082409 0.657215 1.439869 0.010894
 35.000000 0.088130 0.666611 1.497042 0.010707
 36.000000 0.137241 0.651787 1.510138 0.189212
 37.000000 0.162671 0.699225 1.677963 0.022116
 38.000000 0.109814 0.754486 1.919951 0.009779
 39.000000 0.104485 0.754824 1.941661 0.008904
 40.000000 0.128834 0.728195 1.824637 0.014482
 41.000000 0.081923 0.790176 2.219222 0.008821
 42.000000 0.066553 0.767422 2.007578 0.007496
 43.000000 0.126959 0.733484 2.028334 0.018007
 44.000000 0.117169 0.742771 1.888954 0.013084
 45.000000 0.134585 0.750592 1.934477 0.016229
 46.000000 0.122628 0.720962 1.882942 0.014096
 47.000000 0.079678 0.736602 1.909245 0.010469
 48.000000 0.139945 0.697187 1.810146 0.012389
 49.000000 0.093608 0.691973 1.546829 0.009576
 50.000000 0.120988 0.642676 1.178437 0.008438
 51.000000 0.159133 0.649288 1.318656 0.014104
 52.000000 0.124056 0.661641 1.415006 0.011646
 53.000000 0.170824 0.696026 1.806478 0.016025
 54.000000 0.207899 0.743756 1.999429 0.020995
 55.000000 0.380487 0.686045 1.854285 0.034396
 56.000000 0.574333 0.666977 1.718784 0.090055
 57.000000 0.259798 0.669029 1.696794 0.038108
 58.000000 0.228652 0.636049 1.502648 0.016756
 59.000000 0.193413 0.643873 1.634573 0.017023
 60.000000 0.336228 0.644226 1.557052 0.054017
 61.000000 0.093076 0.714534 1.767059 0.010837
 62.000000 0.196843 0.637297 1.489790 0.051666
 63.000000 0.202178 0.651778 1.500525 0.016095
 64.000000 0.172523 0.656879 1.443372 0.014541
 65.000000 0.291670 0.692692 1.868628 0.016553
 66.000000 0.433108 0.704546 1.917153 0.029886
 67.000000 0.517026 0.692145 1.968426 0.050833
 68.000000 0.434696 0.702841 1.984595 0.061003
 69.000000 0.272669 0.708927 1.982994 0.015635
 70.000000 0.178376 0.759198 2.160168 0.009737
 71.000000 0.112202 0.788206 2.353222 0.010705
 72.000000 0.121135 0.775972 2.305357 0.014747
 73.000000 0.099233 0.798229 2.326168 0.011972
 74.000000 0.109349 0.752190 2.131758 0.019775
 75.000000 0.230060 0.751194 2.217289 0.022262
 76.000000 0.148809 0.741600 2.126256 0.016616
 77.000000 0.164682 0.736650 2.059310 0.015199
 78.000000 0.148451 0.751060 2.238830 0.018212
 79.000000 0.179789 0.765814 2.294248 0.021855
 80.000000 0.140972 0.776934 2.288666 0.014996
 81.000000 0.082827 0.786027 2.278499 0.010919
 82.000000 0.182046 0.746273 2.150037 0.022308
 83.000000 0.151345 0.763077 2.162951 0.012164
 84.000000 0.230831 0.731047 1.921850 0.021393
 85.000000 0.124548 0.767791 2.017214 0.014723
 86.000000 0.211440 0.725414 1.978845 0.023162
 87.000000 0.232518 0.737054 1.978927 0.016925
 88.000000 0.040641 0.790536 2.096456 0.006024
 89.000000 0.026097 0.814191 1.985006 0.005624
 90.000000 0.016527 0.874818 2.207962 0.001970
 91.000000 0.030552 0.803183 1.839578 0.003441
 92.000000 0.020986 0.860198 2.163198 0.002425
 93.000000 0.022620 0.868427 2.338084 0.002659
 94.000000 0.021420 0.892485 2.330903 0.002542
 95.000000 0.018983 0.857997 2.285381 0.002112
 96.000000 0.018562 0.862232 2.239522 0.001783
 97.000000 0.023640 0.861902 2.175333 0.002511
 98.000000 0.037717 0.802498 1.888250 0.005733
 99.000000 0.035989 0.827004 2.205834 0.003630
 100.000000 0.031680 0.838185 2.201593 0.004522
 101.000000 0.067303 0.833943 2.186395 0.012416
 102.000000 0.044658 0.829930 1.980411 0.005332
 103.000000 0.045386 0.819841 1.783181 0.006814
 104.000000 0.059146 0.772189 1.524747 0.012202
 105.000000 0.052201 0.774256 1.641908 0.005209
 106.000000 0.051896 0.782697 1.684189 0.007556
 107.000000 0.025483 0.859201 2.149432 0.004792
 108.000000 0.042828 0.850860 2.352094 0.006839
 109.000000 0.061737 0.830000 2.022658 0.011179
 110.000000 0.050472 0.801419 1.919172 0.007396
 111.000000 0.067350 0.785402 1.788940 0.013388
 112.000000 0.064564 0.828509 1.943041 0.011762
 113.000000 0.064510 0.793040 1.875320 0.015489
 114.000000 0.060652 0.791247 1.704954 0.006916
 115.000000 0.049673 0.796363 1.717632 0.008680
 116.000000 0.048995 0.773381 1.722089 0.007400
 117.000000 0.060818 0.758684 1.443532 0.012590
 118.000000 0.051546 0.803812 1.924330 0.005787
 119.000000 0.073005 0.749451 1.604602 0.033553
 120.000000 0.067969 0.781599 1.798503 0.013671
 121.000000 0.031360 0.838040 1.845029 0.003372
 122.000000 0.084355 0.762790 1.615713 0.014843
 123.000000 0.048162 0.790594 1.840377 0.006668
 124.000000 0.070114 0.772856 1.726237 0.111791
 125.000000 0.080225 0.822368 2.136074 0.048442
 126.000000 0.040750 0.857765 2.330199 0.005569
 127.000000 0.024285 0.852415 2.330712 0.004606
 128.000000 0.058204 0.814005 2.083373 0.019151
 129.000000 0.059971 0.836344 2.222120 0.014430
 130.000000 0.038759 0.881099 2.453051 0.007444
 131.000000 0.045201 0.873142 2.430649 0.011372
 132.000000 0.051838 0.844789 2.268730 0.008586
 133.000000 0.051710 0.829301 1.904187 0.008548
 134.000000 0.032140 0.876364 2.174560 0.006277
 135.000000 0.044531 0.827483 2.041867 0.007498
 136.000000 0.029117 0.853518 2.032106 0.004982
 137.000000 0.024754 0.836638 1.995823 0.003119
 138.000000 0.024343 0.869928 2.207105 0.002566
 139.000000 0.039492 0.865860 2.174922 0.004587
 140.000000 0.026861 0.888168 2.240402 0.002037
 141.000000 0.020373 0.896627 2.278788 0.001801
 142.000000 0.028926 0.868143 2.354562 0.003248
 143.000000 0.026525 0.865654 2.378069 0.003204
 144.000000 0.027634 0.883131 2.408147 0.002600
 145.000000 0.029543 0.890427 2.460260 0.004532
 146.000000 0.017317 0.913306 2.603770 0.002460
 147.000000 0.034003 0.829787 2.320368 0.004444
 148.000000 0.021546 0.883908 2.441067 0.002664
 149.000000 0.023494 0.894735 2.542815 0.003910
 150.000000 0.028696 0.850024 2.112647 0.004410
 151.000000 0.036797 0.804297 2.031366 0.006394
 152.000000 0.039027 0.826891 1.964768 0.006343
 153.000000 0.033916 0.844728 2.101562 0.004986
 154.000000 0.064798 0.783678 1.677665 0.018937
 155.000000 0.080004 0.777344 1.759172 0.016102
 156.000000 0.060914 0.752224 1.407262 0.015845
 157.000000 0.065674 0.780045 1.691810 0.015140
 158.000000 0.053334 0.799025 1.716276 0.007661
 159.000000 0.035545 0.814557 1.874232 0.004678
 160.000000 0.080272 0.771182 1.811131 0.014711
 161.000000 0.042184 0.810996 1.998167 0.006939
 162.000000 0.046187 0.752326 1.521324 0.006730
 163.000000 0.076564 0.749841 1.591732 0.024094
 164.000000 0.051716 0.727719 1.604492 0.007852
 165.000000 0.064527 0.767246 1.604929 0.014433
 166.000000 0.044855 0.789763 1.684632 0.005570
 167.000000 0.056226 0.777515 1.895862 0.009023
 168.000000 0.048811 0.814972 2.014873 0.006940
 169.000000 0.081354 0.790206 1.939834 0.017833
 170.000000 0.063017 0.814238 2.129791 0.010271
 171.000000 0.042318 0.844164 2.240134 0.006607
 172.000000 0.045646 0.847232 2.299325 0.006736
 173.000000 0.072211 0.791673 1.948142 0.009846
 174.000000 0.050048 0.843190 2.004567 0.010280
 175.000000 0.057316 0.788272 1.782442 0.012899
 176.000000 0.056274 0.794184 1.818716 0.015416
 177.000000 0.042900 0.816858 1.787713 0.008349
 178.000000 0.022760 0.844086 1.983164 0.002336
 179.000000 0.038254 0.819379 1.943064 0.003787
 180.000000 0.017767 0.905665 2.356818 0.002007
 181.000000 0.048413 0.833041 2.210177 0.007397
 182.000000 0.045288 0.804817 1.827683 0.005497
 183.000000 0.060862 0.807527 1.960254 0.012126
 184.000000 0.065636 0.781831 1.765280 0.015528
 185.000000 0.060588 0.771194 1.859673 0.009226
 186.000000 0.050579 0.783878 1.658970 0.009014
 187.000000 0.044488 0.788567 1.681436 0.005190
 188.000000 0.054481 0.815450 1.836616 0.009654
 189.000000 0.071776 0.783881 1.864625 0.020637
 190.000000 0.042527 0.831983 2.090049 0.005971
 191.000000 0.041168 0.843334 2.228239 0.004348
 192.000000 0.034608 0.841442 2.401213 0.006045
 193.000000 0.053123 0.801077 2.288517 0.006824
 194.000000 0.057411 0.753710 2.074105 0.005528
 195.000000 0.057195 0.756756 2.111707 0.005806
 196.000000 0.037949 0.836698 2.311528 0.004666
 197.000000 0.062923 0.811457 2.238089 0.011136
 198.000000 0.070114 0.786582 2.090469 0.013983
 199.000000 0.063780 0.802417 2.087309 0.012051
 200.000000 0.057267 0.802063 1.937178 0.008539
 201.000000 0.053523 0.799202 1.995597 0.008645
 202.000000 0.062984 0.780138 1.847000 0.013948
 203.000000 0.062126 0.787632 1.736858 0.014054
 204.000000 0.068815 0.741463 1.422006 0.025478
 205.000000 0.064789 0.747168 1.368826 0.018291
 206.000000 0.060514 0.774140 1.482198 0.011934
 207.000000 0.062143 0.784906 1.698661 0.012647
 208.000000 0.036607 0.825747 1.885194 0.005388
 209.000000 0.043660 0.789614 1.803028 0.007868
 210.000000 0.036326 0.757783 1.612187 0.006422
 211.000000 0.029616 0.821505 1.966787 0.002968
 212.000000 0.029215 0.805827 1.840216 0.003219
 213.000000 0.052013 0.754550 1.471687 0.008517
 214.000000 0.037838 0.784368 1.522521 0.004957
 215.000000 0.044567 0.736331 1.141527 0.004775
 216.000000 0.051333 0.746619 1.343323 0.011406
 217.000000 0.057309 0.745843 1.428127 0.005680
 218.000000 0.045392 0.753465 1.352613 0.005108
 219.000000 0.049792 0.743608 1.278960 0.007542
 220.000000 0.047266 0.758054 1.362892 0.005494
 221.000000 0.033484 0.757857 1.620786 0.003372
 222.000000 0.040318 0.791764 1.660539 0.004906
 223.000000 0.049377 0.797911 1.689235 0.007682
 224.000000 0.063581 0.766403 1.569427 0.009988
 225.000000 0.075529 0.779143 1.724686 0.021487
 226.000000 0.044692 0.840706 1.977499 0.007917
 227.000000 0.029897 0.888147 2.297635 0.003460
 228.000000 0.026991 0.856567 2.095997 0.002389
 229.000000 0.038085 0.796940 1.720398 0.003781
 230.000000 0.038916 0.791638 1.585781 0.003188
 231.000000 0.043078 0.797881 1.714546 0.007448
 232.000000 0.039406 0.827854 2.012125 0.004868
 233.000000 0.025132 0.845851 2.113107 0.003568
 234.000000 0.020165 0.872407 2.208729 0.002212
 235.000000 0.017276 0.843728 2.101208 0.001871
 236.000000 0.018822 0.865010 2.093727 0.002023
 237.000000 0.024165 0.789791 1.800410 0.001700
 238.000000 0.033836 0.733356 1.606581 0.002592
 239.000000 0.033453 0.764279 1.716621 0.004048
 240.000000 0.024829 0.846783 2.107270 0.001917
 241.000000 0.020870 0.860481 2.320731 0.002179
 242.000000 0.038243 0.856959 2.380773 0.002882
 243.000000 0.019669 0.870034 2.295523 0.002431
 244.000000 0.017120 0.863799 2.283108 0.001507
 245.000000 0.033216 0.797964 1.987256 0.002812
 246.000000 0.039309 0.808130 1.835382 0.003719
 247.000000 0.044182 0.805355 1.714439 0.005353
 248.000000 0.022615 0.846441 1.928282 0.002370
 249.000000 0.027516 0.835937 1.968559 0.002233
 250.000000 0.037297 0.840573 2.090826 0.004193
 251.000000 0.030609 0.877580 2.443988 0.003552
 252.000000 0.023473 0.888131 2.539556 0.002648
 253.000000 0.018139 0.906946 2.586724 0.001757
 254.000000 0.019877 0.899271 2.495639 0.001787
 255.000000 0.015494 0.911708 2.488407 0.001654
 256.000000 0.013994 0.859140 2.137609 0.001040
 257.000000 0.020132 0.845341 2.103415 0.001620
 258.000000 0.021171 0.820076 1.955081 0.001603
 259.000000 0.023534 0.815842 1.930451 0.001735
 260.000000 0.017044 0.849920 1.917258 0.001826
 261.000000 0.027340 0.809709 1.865129 0.001803
 262.000000 0.017041 0.870160 1.990877 0.001266
 263.000000 0.015063 0.899162 2.114151 0.001055
 264.000000 0.022157 0.876213 2.220191 0.001807
 265.000000 0.023725 0.872348 2.223139 0.001904
 266.000000 0.017345 0.882298 2.251229 0.002227
 267.000000 0.022626 0.881375 2.438974 0.001927
 268.000000 0.018489 0.898276 2.411671 0.001630
 269.000000 0.017202 0.880987 2.290438 0.001903
 270.000000 0.043744 0.850836 2.280188 0.003207
 271.000000 0.018420 0.906652 2.534290 0.002080
 272.000000 0.015655 0.908330 2.482928 0.001871
 273.000000 0.020838 0.891596 2.531196 0.002096
 274.000000 0.029641 0.840642 2.312839 0.002666
 275.000000 0.033253 0.829708 2.310031 0.002529
 276.000000 0.026280 0.896474 2.482114 0.001933
 277.000000 0.018614 0.898658 2.129132 0.001716
 278.000000 0.040029 0.852219 2.133783 0.003545
 279.000000 0.039379 0.805605 1.858753 0.002808
 280.000000 0.030254 0.831729 2.048765 0.002744
 281.000000 0.037292 0.827792 2.055075 0.004700
 282.000000 0.030804 0.799142 1.905763 0.004162
 283.000000 0.032123 0.851981 2.142052 0.004128
 284.000000 0.020086 0.885602 2.174893 0.002280
 285.000000 0.035830 0.861065 2.064348 0.004991
 286.000000 0.036585 0.813199 1.752385 0.003285
 287.000000 0.027031 0.821423 1.846998 0.002501
 288.000000 0.038886 0.801211 1.785476 0.003123
 289.000000 0.023635 0.851201 2.097837 0.001930
 290.000000 0.019900 0.832187 1.855830 0.001407
 291.000000 0.019864 0.840042 1.875050 0.001834
 292.000000 0.026810 0.797361 1.743533 0.002587
 293.000000 0.022525 0.817793 1.732350 0.002009
 294.000000 0.036848 0.765457 1.573208 0.007003
 295.000000 0.048216 0.748069 1.427502 0.006057
 296.000000 0.017588 0.876372 2.088170 0.002390
 297.000000 0.024496 0.850955 2.101864 0.002404
 298.000000 0.025368 0.839495 2.167656 0.003034
 299.000000 0.017613 0.862419 2.291708 0.001310
 300.000000 0.019539 0.876404 2.319325 0.001602
 301.000000 0.016693 0.920788 2.601170 0.001429
 302.000000 0.016305 0.910966 2.538943 0.001652
 303.000000 0.014435 0.915648 2.577736 0.001565
 304.000000 0.010695 0.940157 2.586706 0.000855
 305.000000 0.014926 0.909451 2.258663 0.001393
 306.000000 0.012030 0.871413 1.997612 0.000891
 307.000000 0.017624 0.855584 1.768102 0.000985
 308.000000 0.017672 0.820926 1.722005 0.001072
 309.000000 0.014261 0.824302 1.694246 0.000987
 310.000000 0.015552 0.846498 1.862263 0.001056
 311.000000 0.022889 0.790312 1.647342 0.001613
 312.000000 0.012691 0.896915 2.164412 0.000870
 313.000000 0.018632 0.870366 2.146467 0.001399
 314.000000 0.012748 0.910569 2.258927 0.000981
 315.000000 0.029409 0.870181 2.021543 0.003672
 316.000000 0.049181 0.813027 1.937565 0.003678
 317.000000 0.022568 0.843344 2.078424 0.002326
 318.000000 0.025734 0.848854 2.110404 0.002621
 319.000000 0.035810 0.819975 1.861035 0.002875
 320.000000 0.046796 0.788266 1.813862 0.003518
 321.000000 0.067332 0.799779 1.861517 0.004859
 322.000000 0.054208 0.781583 1.699588 0.003427
 323.000000 0.062315 0.780523 1.719938 0.003753
 324.000000 0.061199 0.797520 1.831340 0.004777
 325.000000 0.067846 0.757965 1.622193 0.003784
 326.000000 0.091654 0.769785 1.729879 0.006858
 327.000000 0.073352 0.754242 1.702020 0.005170
 328.000000 0.042756 0.785505 1.761197 0.002859
 329.000000 0.037628 0.829908 2.015644 0.004276
 330.000000 0.051258 0.835820 1.973932 0.005639
 331.000000 0.020770 0.901311 2.269838 0.003458
 332.000000 0.028882 0.855574 2.314840 0.002636
 333.000000 0.044760 0.832667 2.282260 0.003366
 334.000000 0.036929 0.829259 2.214695 0.001553
 335.000000 0.024195 0.881820 2.371408 0.004989
 336.000000 0.020898 0.875049 2.361214 0.002728
 337.000000 0.037809 0.857379 2.441007 0.006528
 338.000000 0.027932 0.851950 2.404062 0.003730
 339.000000 0.068188 0.788582 1.969452 0.012367
 340.000000 0.059052 0.830305 2.249270 0.005772
 341.000000 0.066582 0.766757 1.776951 0.005720
 342.000000 0.061320 0.750333 1.718098 0.011878
 343.000000 0.147223 0.709422 1.590377 0.043153
 344.000000 0.152446 0.759170 1.906251 0.027679
 345.000000 0.053493 0.780156 1.996552 0.006451
 346.000000 0.034145 0.871948 2.535707 0.007843
 347.000000 0.022907 0.898417 2.591252 0.006098
 348.000000 0.024999 0.887727 2.575193 0.004262
 349.000000 0.016907 0.927161 2.711787 0.002903
 350.000000 0.033525 0.861077 2.463496 0.006380
 351.000000 0.055416 0.800150 2.160306 0.007098
 352.000000 0.025924 0.860347 2.338283 0.002436
 353.000000 0.059319 0.823311 2.302428 0.009859
 354.000000 0.031446 0.863379 2.465022 0.004412
 355.000000 0.043650 0.825155 2.332938 0.005546
 356.000000 0.032942 0.832108 2.315285 0.006616
 357.000000 0.052114 0.831015 2.389681 0.005711
 358.000000 0.044228 0.854460 2.501717 0.006415
 359.000000 0.093709 0.781277 2.151001 0.009553
 360.000000 0.045739 0.821033 2.230895 0.006285
 361.000000 0.097849 0.749605 1.963514 0.016405
 362.000000 0.172891 0.742766 1.895327 0.053256
 363.000000 0.090049 0.798949 2.107732 0.016257
 364.000000 0.116378 0.776606 2.053801 0.016600
 365.000000 0.109815 0.748836 1.977718 0.016482
 366.000000 0.070475 0.804551 2.086132 0.012616
 367.000000 0.112841 0.783032 1.846481 0.020880
 368.000000 0.049430 0.829065 2.118085 0.006315
 369.000000 0.052922 0.852904 2.231987 0.006818
 370.000000 0.019938 0.914611 2.579985 0.003281
 371.000000 0.024069 0.894745 2.538788 0.003668
 372.000000 0.021012 0.894768 2.558206 0.002047
 373.000000 0.010825 0.961115 2.814837 0.001892
 374.000000 0.026719 0.874523 2.471691 0.002192
 375.000000 0.062647 0.814835 2.202329 0.008320
 376.000000 0.032572 0.857539 2.401746 0.002798
 377.000000 0.043692 0.839611 2.302061 0.006930
 378.000000 0.052442 0.806803 2.179187 0.004488
 379.000000 0.024995 0.874211 2.477645 0.002277
 380.000000 0.020177 0.877094 2.398526 0.001866
 381.000000 0.021142 0.880420 2.381201 0.002449
 382.000000 0.023205 0.834448 2.250748 0.002398
 383.000000 0.043602 0.822393 2.153793 0.004473
 384.000000 0.032853 0.799030 2.083751 0.002464
 385.000000 0.033930 0.809752 2.074108 0.004431
 386.000000 0.034408 0.800957 2.086668 0.003110
 387.000000 0.025248 0.855315 2.365956 0.002273
 388.000000 0.055619 0.799162 2.109337 0.003780
 389.000000 0.035158 0.827881 2.235180 0.002851
 390.000000 0.039255 0.809190 2.220453 0.004030
 391.000000 0.049669 0.818070 2.286973 0.006009
 392.000000 0.015372 0.862872 2.246427 0.001485
 393.000000 0.039810 0.784946 1.932723 0.004354
 394.000000 0.033497 0.827313 2.183328 0.004759
 395.000000 0.043194 0.780277 2.064067 0.004783
 396.000000 0.031542 0.839255 2.275567 0.003219
 397.000000 0.034325 0.820709 2.112599 0.002421
 398.000000 0.031799 0.791542 1.971124 0.003678
 399.000000 0.016418 0.848708 2.198609 0.001588
 400.000000 0.024131 0.874536 2.482559 0.001836
 401.000000 0.020876 0.880699 2.399894 0.001883
 402.000000 0.031970 0.827818 2.155576 0.002972
 403.000000 0.032540 0.848763 2.354500 0.002392
 404.000000 0.033480 0.809035 2.107667 0.002346
 405.000000 0.035866 0.788279 1.978842 0.003226
 406.000000 0.044112 0.782490 1.957175 0.003952
 407.000000 0.057125 0.747667 1.668142 0.011765
 408.000000 0.037111 0.737818 1.514105 0.003021
 409.000000 0.045715 0.701426 1.482437 0.003823
 410.000000 0.045858 0.714389 1.638300 0.004118
 411.000000 0.062375 0.726930 1.768842 0.006175
 412.000000 0.043210 0.767998 1.890838 0.004057
 413.000000 0.058984 0.738039 1.787193 0.003727
 414.000000 0.071061 0.713636 1.635651 0.004628
 415.000000 0.052225 0.707708 1.512572 0.003757
 416.000000 0.090328 0.685763 1.607212 0.005823
 417.000000 0.067850 0.739234 1.816309 0.006735
 418.000000 0.049468 0.754075 1.803333 0.003176
 419.000000 0.063039 0.722269 1.569559 0.004751
 420.000000 0.055044 0.705055 1.373135 0.004371
 421.000000 0.066357 0.689452 1.477953 0.004158
 422.000000 0.070401 0.683165 1.465230 0.003772
 423.000000 0.056202 0.723302 1.643144 0.004849
 424.000000 0.038182 0.733591 1.749656 0.002662
 425.000000 0.046951 0.745843 1.907320 0.004127
 426.000000 0.073496 0.714111 1.901461 0.004801
 427.000000 0.059132 0.713784 1.881930 0.004759
 428.000000 0.096743 0.664689 1.754947 0.006693
 429.000000 0.064701 0.700361 1.749883 0.005451
 430.000000 0.088720 0.716609 1.930437 0.007201
 431.000000 0.058223 0.744311 2.038991 0.003535
 432.000000 0.058262 0.768310 2.104921 0.003597
 433.000000 0.069282 0.769851 2.129608 0.003207
 434.000000 0.060986 0.749209 2.056234 0.003225
 435.000000 0.060118 0.768725 2.113000 0.003723
 436.000000 0.046117 0.802400 2.272527 0.003286
 437.000000 0.034005 0.798753 2.109076 0.003083
 438.000000 0.045745 0.772160 1.996075 0.004233
 439.000000 0.038850 0.771293 1.924652 0.003282
 440.000000 0.052657 0.752796 1.881282 0.003817
 441.000000 0.045386 0.749449 1.860713 0.003111
 442.000000 0.045276 0.732668 1.771184 0.003634
 443.000000 0.045262 0.686727 1.468744 0.002317
 444.000000 0.036525 0.705419 1.545299 0.002308
 445.000000 0.021837 0.767663 1.673452 0.002472
 446.000000 0.018492 0.810494 1.880734 0.001513
 447.000000 0.028097 0.786519 1.837887 0.002299
 448.000000 0.040563 0.734047 1.396158 0.003108
 449.000000 0.031122 0.769539 1.791409 0.002240
 450.000000 0.025495 0.782761 1.873640 0.001741
 451.000000 0.023656 0.777233 1.869490 0.001359
 452.000000 0.016872 0.835927 2.119482 0.001371
 453.000000 0.033093 0.797600 1.850361 0.003632
 454.000000 0.033776 0.804304 1.947510 0.002281
 455.000000 0.020934 0.826118 2.070292 0.001642
 456.000000 0.023661 0.849258 2.157983 0.001913
 457.000000 0.028373 0.821693 2.098097 0.002052
 458.000000 0.026159 0.812949 1.999863 0.003393
 459.000000 0.027569 0.848219 2.243893 0.001809
 460.000000 0.042464 0.808456 2.084253 0.003031
 461.000000 0.059968 0.767389 1.861351 0.008167
 462.000000 0.048218 0.771145 1.835785 0.004988
 463.000000 0.028378 0.799814 1.952754 0.001630
 464.000000 0.032140 0.738016 1.462034 0.002749
 465.000000 0.034933 0.730438 1.481541 0.002333
 466.000000 0.034196 0.746895 1.691073 0.002057
 467.000000 0.026697 0.798713 1.942927 0.002826
 468.000000 0.030981 0.757155 1.689304 0.002217
 469.000000 0.027413 0.764354 1.643297 0.002165
 470.000000 0.033149 0.729733 1.531737 0.003844
 471.000000 0.018437 0.807907 1.751121 0.001852
 472.000000 0.018559 0.830982 2.069164 0.001514
 473.000000 0.028662 0.825027 2.182103 0.003672
 474.000000 0.028774 0.794575 1.909641 0.002248
 475.000000 0.028632 0.800797 2.058809 0.001731
 476.000000 0.026904 0.775673 1.859605 0.001727
 477.000000 0.032155 0.757819 1.620068 0.001660
 478.000000 0.027898 0.838223 2.163185 0.001720
 479.000000 0.023800 0.838115 2.021497 0.002808
 480.000000 0.015297 0.892337 2.305867 0.001424
 481.000000 0.020570 0.873248 2.236201 0.002493
 482.000000 0.016868 0.888225 2.309469 0.003564
 483.000000 0.023893 0.847242 2.183620 0.002313
 484.000000 0.016552 0.867750 2.249532 0.002646
 485.000000 0.017444 0.871369 2.319864 0.002115
 486.000000 0.020768 0.861230 2.289075 0.002048
 487.000000 0.031075 0.806712 2.232495 0.004192
 488.000000 0.024304 0.830987 2.191373 0.003757
 489.000000 0.037537 0.777405 2.081341 0.004730
 490.000000 0.074057 0.707029 1.821141 0.010887
 491.000000 0.057045 0.735072 1.953885 0.007228
 492.000000 0.049624 0.757835 2.083743 0.005654
 493.000000 0.050528 0.749045 1.940240 0.004581
 494.000000 0.063662 0.718893 1.707409 0.006445
 495.000000 0.037220 0.776724 2.068279 0.003402
 496.000000 0.033604 0.796054 2.201962 0.003517
 497.000000 0.034707 0.770278 2.058437 0.003763
 498.000000 0.042724 0.780779 2.161112 0.004729
 499.000000 0.017832 0.874404 2.441264 0.001304
 500.000000 0.049152 0.793464 1.995797 0.005767
