#! FIELDS time alpha rg e2e hbond
 0.000000 0.004911 1.077877 3.190237 0.000460
 1.000000 0.006712 1.041751 3.042869 0.000718
 2.000000 0.010715 0.975649 2.824301 0.001377
 3.000000 0.008421 1.011886 2.959248 0.000906
 4.000000 0.008666 1.010101 2.981449 0.000800
 5.000000 0.008083 0.997619 2.831135 0.000730
 6.000000 0.009910 0.962883 2.718411 0.000959
 7.000000 0.012713 0.967121 2.824834 0.001263
 8.000000 0.016660 0.925764 2.640305 0.001832
 9.000000 0.017452 0.921054 2.638610 0.001946
 10.000000 0.019224 0.900387 2.575185 0.001873
 11.000000 0.030001 0.820841 2.170229 0.002009
 12.000000 0.038696 0.781810 2.104302 0.002962
 13.000000 0.035922 0.807603 2.205009 0.002200
 14.000000 0.034347 0.806022 1.991520 0.005158
 15.000000 0.052239 0.779658 2.109069 0.003845
 16.000000 0.026982 0.806319 2.111010 0.002740
 17.000000 0.023974 0.825029 2.131289 0.002106
 18.000000 0.027808 0.835833 2.292684 0.002680
 19.000000 0.030018 0.832137 2.370094 0.002712
 20.000000 0.031941 0.834488 2.309819 0.002576
 21.000000 0.032703 0.828294 2.290194 0.002922
 22.000000 0.029510 0.855234 2.336181 0.002205
 23.000000 0.018893 0.911094 2.564099 0.001734
 24.000000 0.031120 0.849637 2.504902 0.003257
 25.000000 0.017227 0.929350 2.711542 0.002310
 26.000000 0.019797 0.911582 2.677998 0.002343
 27.000000 0.015347 0.936423 2.750674 0.001689
 28.000000 0.015972 0.940776 2.756439 0.001865
 29.000000 0.018005 0.911899 2.633356 0.001985
 30.000000 0.024548 0.870432 2.470358 0.002719
 31.000000 0.023992 0.876818 2.471969 0.002466
 32.000000 0.032943 0.813567 2.169539 0.002867
 33.000000 0.028168 0.816568 2.042501 0.002458
 34.000000 0.035585 0.805412 2.115822 0.003752
 35.000000 0.035260 0.802386 2.202431 0.003637
 36.000000 0.027541 0.810329 2.068808 0.002079
 37.000000 0.062913 0.776324 2.051891 0.007271
 38.000000 0.033765 0.847112 2.348425 0.004233
 39.000000 0.020847 0.880697 2.470098 0.001694
 40.000000 0.056507 0.770199 1.938385 0.007194
 41.000000 0.040851 0.754616 1.894078 0.002640
 42.000000 0.059191 0.756254 1.847129 0.005335
 43.000000 0.047293 0.750008 1.812193 0.004498
 44.000000 0.031907 0.784792 2.030634 0.002849
 45.000000 0.016145 0.861983 2.311954 0.001536
 46.000000 0.023216 0.811830 2.108520 0.002970
 47.000000 0.032084 0.829614 2.205878 0.004230
 48.000000 0.020519 0.847165 2.314386 0.001949
 49.000000 0.019981 0.875902 2.262351 0.002752
 50.000000 0.028881 0.823552 2.101562 0.004221
 51.000000 0.028104 0.826673 2.296590 0.002851
 52.000000 0.027129 0.850121 2.294749 0.002438
 53.000000 0.029741 0.852116 2.323503 0.003539
 54.000000 0.022435 0.872188 2.341741 0.001796
 55.000000 0.016203 0.897940 2.508262 0.001299
 56.000000 0.017054 0.902809 2.442762 0.001519
 57.000000 0.018530 0.913276 2.553829 0.001862
 58.000000 0.026171 0.876300 2.499404 0.003184
 59.000000 0.017089 0.884397 2.472387 0.001632
 60.000000 0.036830 0.827548 2.291664 0.006706
 61.000000 0.019728 0.848872 2.162653 0.001352
 62.000000 0.024090 0.824516 2.012532 0.001799
 63.000000 0.029029 0.789868 1.884146 0.002149
 64.000000 0.052527 0.716594 1.538814 0.004110
 65.000000 0.054957 0.691716 1.327568 0.003950
 66.000000 0.055381 0.698689 1.358223 0.004819
 67.000000 0.043287 0.683540 1.272587 0.002635
 68.000000 0.030141 0.716428 1.398741 0.002932
 69.000000 0.042572 0.692265 1.314319 0.003711
 70.000000 0.039438 0.728708 1.574756 0.003703
 71.000000 0.019199 0.811130 2.025196 0.002172
 72.000000 0.027366 0.782622 1.730377 0.002971
 73.000000 0.036128 0.758217 1.749060 0.004878
 74.000000 0.027155 0.797476 1.837386 0.002652
 75.000000 0.026053 0.766525 1.713712 0.002745
 76.000000 0.034662 0.726337 1.406023 0.003908
 77.000000 0.033699 0.718054 1.357586 0.002761
 78.000000 0.046935 0.727195 1.553341 0.006034
 79.000000 0.034643 0.736677 1.510960 0.003347
 80.000000 0.049199 0.710109 1.443683 0.004241
 81.000000 0.036564 0.747586 1.708765 0.004810
 82.000000 0.031427 0.776017 1.897068 0.002326
 83.000000 0.037300 0.768605 1.765768 0.002940
 84.000000 0.027454 0.811021 2.065712 0.002107
 85.000000 0.015698 0.837617 2.061648 0.001802
 86.000000 0.030792 0.770934 1.946241 0.003016
 87.000000 0.046250 0.709710 1.748525 0.002837
 88.000000 0.042598 0.720837 1.727216 0.003303
 89.000000 0.050305 0.713561 1.742051 0.005690
 90.000000 0.032559 0.744608 1.833248 0.003012
 91.000000 0.056729 0.700858 1.615913 0.004836
 92.000000 0.051581 0.664852 1.394468 0.006699
 93.000000 0.053606 0.692024 1.603594 0.005201
 94.000000 0.073944 0.647705 1.302727 0.007041
 95.000000 0.069057 0.647959 1.295113 0.005377
 96.000000 0.053672 0.678699 1.507951 0.005326
 97.000000 0.052853 0.663814 1.367676 0.005064
 98.000000 0.059326 0.643873 1.337574 0.004894
 99.000000 0.056573 0.674523 1.510266 0.005816
 100.000000 0.045252 0.678191 1.311924 0.005993
 101.000000 0.045399 0.731940 1.727255 0.004083
 102.000000 0.043523 0.746268 1.850527 0.004603
 103.000000 0.053667 0.708593 1.597204 0.004729
 104.000000 0.028980 0.740542 1.547877 0.004442
 105.000000 0.033620 0.763896 1.722744 0.004800
 106.000000 0.025705 0.824449 2.005865 0.003764
 107.000000 0.020051 0.869340 2.231812 0.003074
 108.000000 0.038788 0.796548 1.964060 0.004335
 109.000000 0.017431 0.883837 2.297309 0.003320
 110.000000 0.013330 0.934089 2.467424 0.004834
 111.000000 0.022779 0.862138 2.192393 0.003239
 112.000000 0.017835 0.890895 2.322806 0.002171
 113.000000 0.020222 0.884488 2.380960 0.003318
 114.000000 0.019343 0.886524 2.337429 0.002748
 115.000000 0.023864 0.799935 1.777076 0.002942
 116.000000 0.031373 0.756387 1.532486 0.002708
 117.000000 0.027635 0.794439 1.619092 0.005006
 118.000000 0.030619 0.779761 1.595101 0.004044
 119.000000 0.031598 0.806458 1.778776 0.004560
 120.000000 0.017036 0.875001 2.040641 0.003783
 121.000000 0.020556 0.885147 2.347907 0.002919
 122.000000 0.028232 0.848226 2.057159 0.003715
 123.000000 0.026170 0.853022 2.266193 0.004193
 124.000000 0.036529 0.782720 1.933857 0.005699
 125.000000 0.031451 0.782491 1.837774 0.004006
 126.000000 0.022232 0.838658 2.027375 0.003305
 127.000000 0.024599 0.838113 2.047563 0.003123
 128.000000 0.031029 0.779031 1.769713 0.003840
 129.000000 0.031580 0.797130 1.788381 0.012247
 130.000000 0.031132 0.795963 1.655445 0.003893
 131.000000 0.037372 0.779840 1.712887 0.005751
 132.000000 0.030931 0.818909 2.011497 0.005657
 133.000000 0.036269 0.780631 1.823709 0.003989
 134.000000 0.023412 0.825062 1.977090 0.005287
 135.000000 0.024377 0.774609 1.581484 0.004434
 136.000000 0.029342 0.777846 1.618369 0.004276
 137.000000 0.027831 0.798562 1.695132 0.004208
 138.000000 0.047487 0.764677 1.596887 0.003005
 139.000000 0.029549 0.798317 1.808637 0.006842
 140.000000 0.025522 0.773052 1.470832 0.003115
 141.000000 0.030004 0.709266 1.059999 0.004082
 142.000000 0.033345 0.709237 1.287831 0.007390
 143.000000 0.037168 0.729232 1.524785 0.006077
 144.000000 0.030962 0.765407 1.766244 0.004997
 145.000000 0.038044 0.736976 1.585739 0.002836
 146.000000 0.030265 0.770123 1.768795 0.002234
 147.000000 0.021073 0.848218 2.248641 0.001650
 148.000000 0.026072 0.849818 2.235323 0.002142
 149.000000 0.020042 0.867207 2.119398 0.001696
 150.000000 0.023611 0.868545 2.247495 0.002892
 151.000000 0.020594 0.872210 2.232440 0.002539
 152.000000 0.020868 0.865063 2.295009 0.001550
 153.000000 0.014002 0.910866 2.280905 0.001194
 154.000000 0.014191 0.889316 2.153092 0.001465
 155.000000 0.019897 0.852712 2.005329 0.001367
 156.000000 0.019670 0.874052 2.299962 0.001728
 157.000000 0.012701 0.894124 2.107803 0.001310
 158.000000 0.015514 0.886989 2.141302 0.001347
 159.000000 0.016082 0.877442 2.087258 0.001293
 160.000000 0.018502 0.858870 2.029029 0.001559
 161.000000 0.017717 0.840580 2.000467 0.001576
 162.000000 0.016105 0.879173 2.171894 0.001586
 163.000000 0.023782 0.846779 2.109866 0.005038
 164.000000 0.019754 0.855518 2.030866 0.002851
 165.000000 0.031225 0.837090 2.098822 0.003988
 166.000000 0.025588 0.839967 2.032985 0.002603
 167.000000 0.029707 0.826065 2.016680 0.003960
 168.000000 0.022538 0.843958 1.879678 0.002097
 169.000000 0.024835 0.775258 1.715519 0.004919
 170.000000 0.029384 0.785101 1.757111 0.003472
 171.000000 0.019251 0.847587 2.124660 0.002591
 172.000000 0.035122 0.773719 1.882258 0.006745
 173.000000 0.047671 0.746050 1.798757 0.012376
 174.000000 0.068990 0.705896 1.643232 0.011967
 175.000000 0.029615 0.790339 1.881442 0.007116
 176.000000 0.043119 0.753156 1.822816 0.010880
 177.000000 0.045687 0.768235 1.844575 0.008563
 178.000000 0.035941 0.803139 1.879438 0.005935
 179.000000 0.030576 0.785735 1.713511 0.011085
 180.000000 0.036498 0.792262 1.894071 0.009506
 181.000000 0.033119 0.804498 2.125495 0.006587
 182.000000 0.047677 0.769679 1.883739 0.013703
 183.000000 0.029458 0.808023 1.882539 0.006666
 184.000000 0.032951 0.776613 1.564200 0.005148
 185.000000 0.040189 0.729891 1.304783 0.008031
 186.000000 0.047419 0.693433 1.111374 0.019857
 187.000000 0.039394 0.718949 1.240770 0.012888
 188.000000 0.056619 0.712523 1.414850 0.022989
 189.000000 0.036877 0.751851 1.524521 0.008651
 190.000000 0.028769 0.785897 1.625186 0.007274
 191.000000 0.033555 0.781985 1.925140 0.006504
 192.000000 0.036189 0.787789 1.817147 0.008653
 193.000000 0.040329 0.748735 1.447924 0.009023
 194.000000 0.054960 0.709627 1.211155 0.011890
 195.000000 0.036329 0.763356 1.534610 0.011202
 196.000000 0.038382 0.788855 1.866023 0.010364
 197.000000 0.041417 0.798292 1.850845 0.012167
 198.000000 0.027922 0.805839 1.669007 0.006512
 199.000000 0.031108 0.856293 2.019943 0.010265
 200.000000 0.025281 0.821917 1.822401 0.007177
 201.000000 0.033323 0.806410 1.913078 0.008588
 202.000000 0.033176 0.815885 2.013110 0.009314
 203.000000 0.039696 0.758669 1.626236 0.011044
 204.000000 0.044174 0.739052 1.617766 0.010400
 205.000000 0.032440 0.793135 1.713869 0.010456
 206.000000 0.047050 0.757262 1.632708 0.017953
 207.000000 0.036235 0.788606 1.959642 0.009030
 208.000000 0.031335 0.821795 2.034982 0.007754
 209.000000 0.036095 0.799099 1.941660 0.008159
 210.000000 0.046418 0.755257 1.787495 0.008771
 211.000000 0.035047 0.790357 2.005127 0.004955
 212.000000 0.021223 0.858532 2.260539 0.002520
 213.000000 0.030184 0.841599 2.234752 0.004394
 214.000000 0.026625 0.846397 2.246440 0.003327
 215.000000 0.024924 0.838747 2.191054 0.003034
 216.000000 0.023626 0.846900 2.268474 0.003412
 217.000000 0.028488 0.852318 2.334419 0.005072
 218.000000 0.028104 0.849230 2.243807 0.003834
 219.000000 0.022651 0.870644 2.430923 0.002970
 220.000000 0.025365 0.840452 2.207281 0.003078
 221.000000 0.024933 0.804464 1.959678 0.002657
 222.000000 0.030286 0.806819 2.010832 0.003142
 223.000000 0.030229 0.832515 2.194665 0.004979
 224.000000 0.032719 0.823729 2.155660 0.007783
 225.000000 0.019261 0.853596 2.247276 0.002949
 226.000000 0.019741 0.813284 2.109861 0.002094
 227.000000 0.021543 0.859424 2.233767 0.002975
 228.000000 0.018387 0.881617 2.357261 0.002762
 229.000000 0.022929 0.873805 2.379440 0.003996
 230.000000 0.015582 0.887791 2.357736 0.002065
 231.000000 0.018110 0.891301 2.454044 0.002159
 232.000000 0.015920 0.921482 2.621998 0.002768
 233.000000 0.018290 0.881405 2.344012 0.002266
 234.000000 0.015212 0.904055 2.502220 0.001676
 235.000000 0.014149 0.926134 2.599148 0.001274
 236.000000 0.009894 0.953743 2.615687 0.001817
 237.000000 0.014413 0.926788 2.654285 0.001538
 238.000000 0.014515 0.925205 2.658405 0.001155
 239.000000 0.013494 0.901185 2.503547 0.001326
 240.000000 0.016469 0.891317 2.482438 0.002354
 241.000000 0.015413 0.866399 2.343142 0.001465
 242.000000 0.013363 0.892603 2.487640 0.001052
 243.000000 0.021728 0.870725 2.458781 0.002727
 244.000000 0.015642 0.899749 2.514814 0.001915
 245.000000 0.014706 0.925631 2.594007 0.002054
 246.000000 0.011845 0.953903 2.718296 0.001291
 247.000000 0.013587 0.944222 2.682259 0.001457
 248.000000 0.012440 0.950618 2.712475 0.001477
 249.000000 0.011307 0.942179 2.622940 0.002230
 250.000000 0.008502 0.993723 2.796041 0.001146
 251.000000 0.013450 0.957358 2.746904 0.001578
 252.000000 0.014612 0.915623 2.498986 0.001345
 253.000000 0.014972 0.916434 2.518367 0.001493
 254.000000 0.009778 0.950784 2.649390 0.000895
 255.000000 0.008664 0.944594 2.585857 0.000764
 256.000000 0.014216 0.952837 2.738986 0.001459
 257.000000 0.017236 0.909339 2.453274 0.001528
 258.000000 0.013307 0.894281 2.396986 0.001306
 259.000000 0.012520 0.892498 2.291628 0.001103
 260.000000 0.015624 0.873052 2.291617 0.001318
 261.000000 0.015394 0.889190 2.316541 0.001304
 262.000000 0.014684 0.932935 2.615696 0.001297
 263.000000 0.018207 0.890883 2.500791 0.001644
 264.000000 0.014564 0.953887 2.773866 0.001423
 265.000000 0.018120 0.915730 2.555798 0.001801
 266.000000 0.010278 0.966512 2.615988 0.001154
 267.000000 0.015341 0.898820 2.450527 0.001526
 268.000000 0.015306 0.898825 2.357207 0.001783
 269.000000 0.017391 0.881969 2.334756 0.002130
 270.000000 0.018320 0.892845 2.376948 0.002254
 271.000000 0.019071 0.875987 2.166545 0.002112
 272.000000 0.012527 0.951950 2.505830 0.000949
 273.000000 0.015778 0.911204 2.268769 0.001329
 274.000000 0.015560 0.927396 2.412675 0.001236
 275.000000 0.012623 0.959359 2.632779 0.001176
 276.000000 0.021256 0.910165 2.615631 0.001758
 277.000000 0.016087 0.923010 2.682845 0.001215
 278.000000 0.019049 0.885642 2.348342 0.001331
 279.000000 0.020468 0.888558 2.329201 0.001756
 280.000000 0.019655 0.907840 2.443444 0.001420
 281.000000 0.016331 0.920673 2.532967 0.001452
 282.000000 0.021682 0.882725 2.234472 0.001405
 283.000000 0.019012 0.845639 1.948706 0.001258
 284.000000 0.016227 0.884035 2.209293 0.001438
 285.000000 0.015335 0.900425 2.369850 0.001455
 286.000000 0.017903 0.849231 2.117913 0.001641
 287.000000 0.017100 0.866086 2.065277 0.001423
 288.000000 0.010263 0.962066 2.406779 0.000838
 289.000000 0.013126 0.914997 2.246867 0.001028
 290.000000 0.015616 0.911015 2.260958 0.001150
 291.000000 0.016439 0.907084 2.287819 0.001252
 292.000000 0.020120 0.873510 2.300923 0.001436
 293.000000 0.020971 0.877773 2.363958 0.001903
 294.000000 0.017195 0.907265 2.259002 0.001297
 295.000000 0.017577 0.917452 2.571074 0.001442
 296.000000 0.019046 0.910615 2.374350 0.001707
 297.000000 0.017126 0.931902 2.574383 0.001512
 298.000000 0.017834 0.910744 2.371352 0.001620
 299.000000 0.016315 0.927770 2.466349 0.001511
 300.000000 0.020975 0.899112 2.276541 0.001675
 301.000000 0.016750 0.920011 2.422659 0.001144
 302.000000 0.021667 0.899375 2.358820 0.001616
 303.000000 0.017188 0.906511 2.300729 0.001320
 304.000000 0.018113 0.902774 2.332262 0.001244
 305.000000 0.022539 0.860419 2.045175 0.001959
 306.000000 0.018267 0.877845 2.106312 0.001884
 307.000000 0.013767 0.943362 2.483440 0.001125
 308.000000 0.014934 0.943790 2.683395 0.001397
 309.000000 0.018733 0.911639 2.612110 0.002194
 310.000000 0.015462 0.912695 2.513949 0.001633
 311.000000 0.019093 0.892597 2.439679 0.002269
 312.000000 0.012028 0.945962 2.631779 0.001456
 313.000000 0.012579 0.953146 2.739252 0.001220
 314.000000 0.014570 0.935428 2.688132 0.001437
 315.000000 0.017562 0.928304 2.650051 0.001679
 316.000000 0.017379 0.915558 2.618220 0.002104
 317.000000 0.016775 0.921768 2.673513 0.001806
 318.000000 0.014028 0.927321 2.610446 0.001504
 319.000000 0.017574 0.909849 2.496469 0.002097
 320.000000 0.013856 0.942903 2.712354 0.001230
 321.000000 0.013903 0.938128 2.730121 0.001415
 322.000000 0.020009 0.897735 2.555295 0.002303
 323.000000 0.016361 0.918209 2.661300 0.001574
 324.000000 0.013796 0.926292 2.645892 0.001533
 325.000000 0.012836 0.933536 2.725110 0.001245
 326.000000 0.014572 0.931729 2.697291 0.001369
 327.000000 0.011186 0.961117 2.761096 0.000980
 328.000000 0.018916 0.899944 2.454665 0.001617
 329.000000 0.015636 0.919371 2.488419 0.001698
 330.000000 0.014169 0.900573 2.338694 0.001522
 331.000000 0.015003 0.928681 2.573535 0.001272
 332.000000 0.016662 0.915228 2.424254 0.001376
 333.000000 0.013485 0.907343 2.296214 0.001089
 334.000000 0.016233 0.889948 2.278876 0.001390
 335.000000 0.015823 0.824174 1.823134 0.001210
 336.000000 0.014975 0.865610 2.091988 0.001142
 337.000000 0.010511 0.929200 2.402295 0.000842
 338.000000 0.012985 0.936044 2.672737 0.001226
 339.000000 0.011954 0.939627 2.675607 0.001200
 340.000000 0.020598 0.879646 2.515046 0.001933
 341.000000 0.016458 0.913813 2.568729 0.001724
 342.000000 0.010619 0.953752 2.751191 0.001038
 343.000000 0.011815 0.978452 2.857030 0.001242
 344.000000 0.012449 0.954879 2.679641 0.001199
 345.000000 0.008880 1.003011 2.895875 0.000778
 346.000000 0.010036 0.971824 2.816086 0.000867
 347.000000 0.012021 0.956235 2.731302 0.001047
 348.000000 0.012142 0.952644 2.691196 0.001113
 349.000000 0.010845 0.986718 2.875415 0.001066
 350.000000 0.015623 0.931308 2.707081 0.001384
 351.000000 0.010260 0.972824 2.813658 0.000991
 352.000000 0.011981 0.909467 2.390154 0.001012
 353.000000 0.012010 0.907826 2.405304 0.001130
 354.000000 0.014477 0.854120 2.205628 0.001110
 355.000000 0.015600 0.852054 2.150527 0.001335
 356.000000 0.011418 0.917543 2.476015 0.000924
 357.000000 0.015040 0.882511 2.434829 0.001162
 358.000000 0.014130 0.906805 2.495088 0.001288
 359.000000 0.012638 0.924388 2.563748 0.001196
 360.000000 0.019953 0.867157 2.456580 0.001934
 361.000000 0.009909 0.949724 2.654368 0.000958
 362.000000 0.014374 0.915869 2.623787 0.001271
 363.000000 0.013075 0.920638 2.534894 0.001174
 364.000000 0.012006 0.951523 2.762634 0.001064
 365.000000 0.010707 0.974388 2.793515 0.001076
 366.000000 0.009702 0.988080 2.851745 0.000861
 367.000000 0.012199 0.972704 2.800045 0.001334
 368.000000 0.010392 0.976586 2.801714 0.001028
 369.000000 0.015624 0.916688 2.615389 0.001401
 370.000000 0.015938 0.931934 2.662517 0.001644
 371.000000 0.016026 0.933507 2.644662 0.001334
 372.000000 0.012213 0.950146 2.735046 0.001189
 373.000000 0.019387 0.892205 2.527939 0.001711
 374.000000 0.015960 0.924989 2.530476 0.001414
 375.000000 0.010915 0.957242 2.616284 0.001075
 376.000000 0.010818 0.966703 2.750221 0.001117
 377.000000 0.010834 0.961332 2.742231 0.001095
 378.000000 0.012251 0.959161 2.736763 0.001194
 379.000000 0.011908 0.959222 2.701674 0.001065
 380.000000 0.015695 0.913900 2.591789 0.001143
 381.000000 0.017987 0.922120 2.524407 0.001497
 382.000000 0.017356 0.911830 2.480280 0.001651
 383.000000 0.017454 0.914374 2.542440 0.001412
 384.000000 0.017402 0.918897 2.566788 0.001583
 385.000000 0.011304 0.955416 2.689908 0.001215
 386.000000 0.010821 0.963568 2.727071 0.000923
 387.000000 0.013320 0.953288 2.757064 0.001304
 388.000000 0.013012 0.954692 2.704695 0.001252
 389.000000 0.017231 0.920843 2.592547 0.001802
 390.000000 0.011009 0.964038 2.760726 0.001209
 391.000000 0.014865 0.925272 2.651431 0.001373
 392.000000 0.008199 1.000955 2.873439 0.000791
 393.000000 0.007709 0.984995 2.728551 0.000718
 394.000000 0.009811 0.974439 2.821813 0.001013
 395.000000 0.010951 0.975943 2.746384 0.001200
 396.000000 0.013851 0.922479 2.442303 0.001349
 397.000000 0.018614 0.894081 2.470779 0.002366
 398.000000 0.011408 0.942427 2.619211 0.001501
 399.000000 0.012436 0.929603 2.473759 0.001740
 400.000000 0.012330 0.934506 2.470724 0.001626
 401.000000 0.018550 0.870454 2.200637 0.002854
 402.000000 0.017200 0.870055 2.165995 0.002265
 403.000000 0.028453 0.811338 1.919105 0.003313
 404.000000 0.024677 0.831914 2.074691 0.002978
 405.000000 0.015152 0.882332 2.362748 0.001738
 406.000000 0.031296 0.820453 2.148457 0.005163
 407.000000 0.037600 0.805789 2.169750 0.004408
 408.000000 0.029878 0.811522 2.148736 0.008444
 409.000000 0.043851 0.794484 2.181485 0.007252
 410.000000 0.018717 0.891140 2.480163 0.001813
 411.000000 0.024232 0.867356 2.410008 0.002800
 412.000000 0.014470 0.895762 2.443638 0.001195
 413.000000 0.010542 0.975705 2.775521 0.000942
 414.000000 0.011198 0.967368 2.715730 0.001002
 415.000000 0.010253 0.960374 2.674019 0.000977
 416.000000 0.011549 0.952307 2.563662 0.001223
 417.000000 0.018681 0.912196 2.468533 0.001571
 418.000000 0.012940 0.951099 2.643103 0.001267
 419.000000 0.009280 0.969108 2.714192 0.000867
 420.000000 0.014705 0.916009 2.619358 0.001266
 421.000000 0.011805 0.966920 2.739325 0.001159
 422.000000 0.014707 0.933457 2.622806 0.001561
 423.000000 0.012255 0.933905 2.586130 0.001077
 424.000000 0.020388 0.860128 2.284310 0.001733
 425.000000 0.015249 0.868489 2.164428 0.001175
 426.000000 0.014128 0.896962 2.381382 0.001251
 427.000000 0.017832 0.929679 2.706429 0.001822
 428.000000 0.014517 0.949084 2.741552 0.001456
 429.000000 0.013602 0.950947 2.819384 0.001344
 430.000000 0.016290 0.926622 2.657384 0.001497
 431.000000 0.013319 0.953206 2.791118 0.001310
 432.000000 0.013119 0.949871 2.807963 0.001338
 433.000000 0.010700 0.970950 2.791400 0.001202
 434.000000 0.012705 0.931262 2.577080 0.001063
 435.000000 0.015399 0.930728 2.681320 0.001572
 436.000000 0.013639 0.922879 2.669976 0.001198
 437.000000 0.021041 0.876735 2.501149 0.001237
 438.000000 0.015386 0.935538 2.694255 0.001335
 439.000000 0.013208 0.954523 2.782879 0.001081
 440.000000 0.013287 0.930785 2.617123 0.001366
 441.000000 0.015061 0.917373 2.610645 0.001290
 442.000000 0.017301 0.904297 2.495263 0.001608
 443.000000 0.012181 0.942081 2.647648 0.001144
 444.000000 0.008977 0.982630 2.835983 0.000882
 445.000000 0.010595 0.968888 2.784282 0.001225
 446.000000 0.011975 0.954777 2.799773 0.001268
 447.000000 0.010091 0.954593 2.727632 0.001053
 448.000000 0.012439 0.945846 2.702255 0.001317
 449.000000 0.011134 0.948404 2.655436 0.001082
 450.000000 0.012641 0.943402 2.671828 0.001190
 451.000000 0.010803 0.959886 2.736621 0.001269
 452.000000 0.011072 0.946667 2.645855 0.001028
 453.000000 0.010110 0.958327 2.704117 0.001160
 454.000000 0.010506 0.950603 2.657493 0.001051
 455.000000 0.013027 0.942069 2.723128 0.001334
 456.000000 0.016945 0.922846 2.534179 0.001596
 457.000000 0.010699 0.975682 2.748289 0.001017
 458.000000 0.015269 0.946307 2.696817 0.001461
 459.000000 0.012611 0.945016 2.671135 0.001264
 460.000000 0.014067 0.904706 2.477356 0.001151
 461.000000 0.013457 0.933188 2.541537 0.001216
 462.000000 0.014576 0.919836 2.509419 0.001205
 463.000000 0.012169 0.934878 2.512827 0.000890
 464.000000 0.014864 0.925821 2.497355 0.001310
 465.000000 0.012592 0.957283 2.706637 0.001144
 466.000000 0.010648 0.971830 2.700884 0.001004
 467.000000 0.022375 0.886445 2.370877 0.002253
 468.000000 0.013948 0.866349 2.083945 0.001039
 469.000000 0.015774 0.881006 2.366067 0.001416
 470.000000 0.014760 0.892682 2.470732 0.001179
 471.000000 0.013748 0.903130 2.412358 0.001201
 472.000000 0.011947 0.913882 2.427275 0.001038
 473.000000 0.015746 0.887505 2.303466 0.001269
 474.000000 0.019319 0.875834 2.360721 0.001641
 475.000000 0.011411 0.916883 2.440082 0.001164
 476.000000 0.012303 0.921475 2.602373 0.000929
 477.000000 0.013247 0.937651 2.672107 0.001313
 478.000000 0.011384 0.945565 2.697615 0.001047
 479.000000 0.011179 0.950455 2.699955 0.001023
 480.000000 0.010129 0.984652 2.878638 0.001093
 481.000000 0.014076 0.910615 2.648917 0.001747
 482.000000 0.017344 0.901156 2.503349 0.001633
 483.000000 0.015364 0.925391 2.601398 0.001499
 484.000000 0.011651 0.968362 2.770089 0.000999
 485.000000 0.012253 0.964656 2.750977 0.001235
 486.000000 0.013463 0.958149 2.693560 0.001109
 487.000000 0.017611 0.927532 2.653450 0.001656
 488.000000 0.016371 0.914783 2.556356 0.001263
 489.000000 0.013265 0.953510 2.670811 0.001367
 490.000000 0.011454 0.925865 2.538448 0.001097
 491.000000 0.016587 0.908891 2.472879 0.001678
 492.000000 0.015614 0.938050 2.711589 0.001691
 493.000000 0.010807 0.967358 2.680466 0.001014
 494.000000 0.012469 0.946804 2.679073 0.001301
 495.000000 0.015653 0.939091 2.752389 0.001665
 496.000000 0.014910 0.945666 2.703807 0.001297
 497.000000 0.017347 0.927418 2.593967 0.001493
 498.000000 0.017013 0.921412 2.655903 0.001803
 499.000000 0.013513 0.945475 2.679936 0.001253
 500.000000 0.016908 0.933002 2.727170 0.001666
