#! FIELDS time alpha rg e2e hbond
 0.000000 0.289771 0.687399 1.646419 0.114246
 1.000000 0.253414 0.673026 1.561605 0.723879
 2.000000 0.336902 0.668665 1.716769 0.740026
 3.000000 0.258985 0.664957 1.681122 0.633945
 4.000000 0.327507 0.648978 1.643054 0.077025
 5.000000 0.351519 0.613081 1.444482 0.106412
 6.000000 0.158405 0.648943 1.552006 0.021750
 7.000000 0.160806 0.686087 1.797765 0.028235
 8.000000 0.088321 0.715747 1.825133 0.016046
 9.000000 0.177560 0.717417 1.772128 0.033792
 10.000000 0.523927 0.611022 1.374699 0.082423
 11.000000 0.329875 0.594679 1.300354 0.039944
 12.000000 0.363557 0.608890 1.471366 0.047271
 13.000000 0.242767 0.684482 1.843287 0.046939
 14.000000 0.089785 0.684036 1.647499 0.014471
 15.000000 0.130500 0.633126 1.327796 0.011250
 16.000000 0.108940 0.647736 1.560299 0.006023
 17.000000 0.091946 0.639118 1.486678 0.004802
 18.000000 0.069134 0.675670 1.523479 0.003366
 19.000000 0.117751 0.624442 1.325601 0.006233
 20.000000 0.074004 0.651508 1.449546 0.004373
 21.000000 0.072826 0.651514 1.455779 0.004772
 22.000000 0.072432 0.697835 1.753050 0.005988
 23.000000 0.057984 0.686754 1.671998 0.003601
 24.000000 0.027599 0.810001 2.155339 0.002516
 25.000000 0.021768 0.871080 2.079003 0.001971
 26.000000 0.029658 0.788653 1.789829 0.003195
 27.000000 0.024035 0.818103 1.956326 0.002085
 28.000000 0.022091 0.813862 1.963652 0.001939
 29.000000 0.034275 0.788373 1.868455 0.003438
 30.000000 0.040835 0.749778 1.754856 0.003041
 31.000000 0.049001 0.744091 1.794804 0.007651
 32.000000 0.056671 0.702537 1.657999 0.003560
 33.000000 0.061835 0.675939 1.541220 0.003474
 34.000000 0.111256 0.609317 1.177035 0.005219
 35.000000 0.121329 0.575393 1.140467 0.010655
 36.000000 0.121211 0.569240 1.135021 0.010529
 37.000000 0.163443 0.550844 1.165316 0.021425
 38.000000 0.138569 0.556477 1.155274 0.008101
 39.000000 0.156631 0.544586 1.130824 0.010527
 40.000000 0.151046 0.544391 1.267472 0.013059
 41.000000 0.125434 0.596047 1.362663 0.009443
 42.000000 0.078697 0.700894 1.896572 0.004867
 43.000000 0.102077 0.706984 1.726928 0.016888
 44.000000 0.144835 0.666163 1.744021 0.007955
 45.000000 0.124510 0.673203 1.790896 0.009844
 46.000000 0.066383 0.703288 1.737777 0.005007
 47.000000 0.040393 0.744578 1.819117 0.004982
 48.000000 0.032651 0.760521 1.857105 0.003512
 49.000000 0.029505 0.740163 1.780151 0.003472
 50.000000 0.112264 0.655431 1.568956 0.012877
 51.000000 0.072187 0.660587 1.438900 0.011901
 52.000000 0.111376 0.617401 1.243861 0.010407
 53.000000 0.081213 0.646749 1.223849 0.010959
 54.000000 0.078850 0.641090 1.201880 0.015927
 55.000000 0.046616 0.680984 1.243666 0.005075
 56.000000 0.062859 0.706961 1.585612 0.006761
 57.000000 0.034710 0.751983 1.803913 0.003647
 58.000000 0.035944 0.777673 1.970443 0.003013
 59.000000 0.036709 0.774545 1.945135 0.004128
 60.000000 0.031887 0.802047 1.991653 0.005203
 61.000000 0.034623 0.796884 2.029737 0.006351
 62.000000 0.021218 0.871771 2.342237 0.003791
 63.000000 0.022991 0.843908 2.089045 0.003188
 64.000000 0.017971 0.872439 2.082976 0.003296
 65.000000 0.027423 0.834685 2.197925 0.005858
 66.000000 0.023262 0.855737 2.108659 0.003698
 67.000000 0.029765 0.798685 1.860350 0.007635
 68.000000 0.026288 0.835354 2.074338 0.006308
 69.000000 0.032132 0.826291 1.998557 0.005169
 70.000000 0.027058 0.794046 1.753009 0.006642
 71.000000 0.022570 0.851944 2.066557 0.002038
 72.000000 0.021447 0.862322 2.201042 0.002965
 73.000000 0.026312 0.842177 2.204017 0.003325
 74.000000 0.022807 0.852173 2.213908 0.003930
 75.000000 0.021931 0.842842 2.039835 0.003372
 76.000000 0.022201 0.847371 2.112213 0.004327
 77.000000 0.023101 0.844516 2.259812 0.002024
 78.000000 0.027677 0.822627 2.070124 0.002381
 79.000000 0.028625 0.832464 2.004886 0.002359
 80.000000 0.022909 0.827525 2.177141 0.002754
 81.000000 0.024048 0.834354 2.192083 0.003093
 82.000000 0.032038 0.794948 1.773327 0.004731
 83.000000 0.038815 0.774708 1.811705 0.004380
 84.000000 0.039464 0.740965 1.707958 0.005597
 85.000000 0.032603 0.786434 1.794588 0.006675
 86.000000 0.032357 0.798225 1.967785 0.007397
 87.000000 0.034988 0.810753 2.057584 0.003990
 88.000000 0.018508 0.876226 2.348137 0.002393
 89.000000 0.018650 0.895216 2.369327 0.002220
 90.000000 0.017961 0.923001 2.437260 0.001768
 91.000000 0.013104 0.921554 2.483725 0.001530
 92.000000 0.019637 0.905163 2.438983 0.001963
 93.000000 0.014504 0.933695 2.570489 0.001437
 94.000000 0.015770 0.918424 2.539180 0.001678
 95.000000 0.016844 0.912012 2.534256 0.001349
 96.000000 0.018513 0.911817 2.587292 0.001949
 97.000000 0.015134 0.933141 2.646851 0.001616
 98.000000 0.019664 0.904613 2.585385 0.002176
 99.000000 0.015290 0.919460 2.504509 0.001743
 100.000000 0.014694 0.926946 2.617046 0.001795
 101.000000 0.027920 0.859018 2.361989 0.003443
 102.000000 0.019550 0.883963 2.396993 0.002328
 103.000000 0.015406 0.919910 2.444050 0.002029
 104.000000 0.018854 0.900370 2.457140 0.001818
 105.000000 0.016730 0.917738 2.549890 0.001684
 106.000000 0.015543 0.926383 2.562099 0.001769
 107.000000 0.018587 0.903826 2.366244 0.001873
 108.000000 0.017674 0.899510 2.312108 0.001254
 109.000000 0.014821 0.917551 2.533651 0.001761
 110.000000 0.027266 0.835054 1.988767 0.002652
 111.000000 0.022052 0.856647 2.022449 0.001764
 112.000000 0.016942 0.900429 2.280045 0.001640
 113.000000 0.015790 0.903742 2.393415 0.001653
 114.000000 0.020466 0.894237 2.255239 0.001999
 115.000000 0.025154 0.854790 2.298427 0.003031
 116.000000 0.023911 0.873674 2.408376 0.002513
 117.000000 0.022157 0.881495 2.381171 0.002783
 118.000000 0.014117 0.925923 2.643289 0.001256
 119.000000 0.016730 0.899617 2.547374 0.001428
 120.000000 0.019024 0.897853 2.526215 0.001525
 121.000000 0.012034 0.949178 2.616846 0.001266
 122.000000 0.015469 0.941941 2.604872 0.001746
 123.000000 0.022072 0.869543 2.239559 0.001972
 124.000000 0.021028 0.904303 2.569187 0.002051
 125.000000 0.013967 0.940950 2.741288 0.001600
 126.000000 0.016822 0.902250 2.482252 0.001695
 127.000000 0.016919 0.935621 2.544074 0.001710
 128.000000 0.017955 0.903687 2.349072 0.001816
 129.000000 0.015467 0.934843 2.471758 0.001485
 130.000000 0.019802 0.889821 2.333580 0.001732
 131.000000 0.013391 0.939599 2.552987 0.001193
 132.000000 0.014679 0.924981 2.570130 0.001257
 133.000000 0.046417 0.826237 2.307880 0.005442
 134.000000 0.036338 0.806921 2.211646 0.004524
 135.000000 0.029001 0.827106 2.337811 0.002776
 136.000000 0.030181 0.817885 2.231224 0.003208
 137.000000 0.051704 0.744624 1.893487 0.006580
 138.000000 0.028478 0.810788 2.255366 0.003724
 139.000000 0.022681 0.850350 2.343768 0.003240
 140.000000 0.021278 0.844801 2.306818 0.001978
 141.000000 0.033358 0.796123 2.083517 0.002813
 142.000000 0.037213 0.773053 2.048242 0.004428
 143.000000 0.041385 0.771307 2.097107 0.004492
 144.000000 0.037425 0.766357 2.064235 0.003597
 145.000000 0.065386 0.700938 1.704438 0.004319
 146.000000 0.038150 0.762634 1.877973 0.005147
 147.000000 0.055026 0.739330 1.815730 0.005333
 148.000000 0.056283 0.746831 1.936781 0.009972
 149.000000 0.033538 0.739571 1.521322 0.002360
 150.000000 0.023895 0.786844 1.846152 0.001979
 151.000000 0.031750 0.791484 1.998782 0.002262
 152.000000 0.055011 0.715648 1.726890 0.003276
 153.000000 0.063242 0.713990 1.668078 0.004055
 154.000000 0.048482 0.727179 1.907410 0.002608
 155.000000 0.059991 0.757177 1.924882 0.004285
 156.000000 0.075248 0.746818 1.935507 0.006441
 157.000000 0.087596 0.717125 1.786060 0.005619
 158.000000 0.051378 0.767243 2.033057 0.002829
 159.000000 0.046960 0.778035 2.157082 0.003081
 160.000000 0.062996 0.742676 2.046887 0.003423
 161.000000 0.080363 0.771919 2.242475 0.003187
 162.000000 0.085868 0.717851 2.028136 0.007393
 163.000000 0.082718 0.664565 1.686157 0.004706
 164.000000 0.066431 0.675373 1.679496 0.004526
 165.000000 0.069457 0.686537 1.656580 0.003131
 166.000000 0.047563 0.727946 1.799496 0.002685
 167.000000 0.054753 0.684384 1.531942 0.002810
 168.000000 0.088277 0.606834 1.004425 0.003980
 169.000000 0.101770 0.589800 0.766597 0.005484
 170.000000 0.103313 0.630086 0.891203 0.012166
 171.000000 0.084587 0.670648 1.032922 0.007422
 172.000000 0.086848 0.650789 0.837644 0.008118
 173.000000 0.108027 0.643078 1.002240 0.009969
 174.000000 0.113984 0.606031 0.817714 0.012109
 175.000000 0.097874 0.664936 1.275195 0.015325
 176.000000 0.083720 0.659621 1.129968 0.013878
 177.000000 0.073693 0.702103 1.585394 0.010564
 178.000000 0.076391 0.674650 1.344713 0.012656
 179.000000 0.100416 0.686669 1.481084 0.014868
 180.000000 0.105788 0.663207 1.431298 0.019229
 181.000000 0.146093 0.583458 0.862279 0.026099
 182.000000 0.146120 0.595420 0.903392 0.023897
 183.000000 0.129256 0.575965 0.620242 0.025944
 184.000000 0.152900 0.591274 0.935081 0.029174
 185.000000 0.173330 0.555791 0.755630 0.026270
 186.000000 0.145429 0.565666 0.700778 0.015901
 187.000000 0.133853 0.538463 0.652675 0.038677
 188.000000 0.142026 0.565743 0.904379 0.024005
 189.000000 0.124433 0.560855 0.911916 0.018871
 190.000000 0.163075 0.578208 1.059648 0.019632
 191.000000 0.118900 0.569694 0.990265 0.017445
 192.000000 0.115001 0.620105 1.233933 0.016978
 193.000000 0.159654 0.618112 1.261657 0.030332
 194.000000 0.147462 0.634159 1.234412 0.026004
 195.000000 0.150416 0.618123 1.117587 0.019155
 196.000000 0.098577 0.680895 1.425100 0.020525
 197.000000 0.092804 0.674745 1.306267 0.017506
 198.000000 0.124247 0.639582 0.989663 0.012898
 199.000000 0.120143 0.628365 0.899303 0.025048
 200.000000 0.192121 0.598996 1.073452 0.032722
 201.000000 0.118625 0.657619 1.311073 0.028991
 202.000000 0.143642 0.615961 1.033996 0.025736
 203.000000 0.162436 0.623560 0.956285 0.029687
 204.000000 0.167914 0.654434 1.415367 0.021067
 205.000000 0.131319 0.664664 1.383685 0.021253
 206.000000 0.263931 0.612374 1.155180 0.032805
 207.000000 0.106069 0.652186 1.162789 0.017993
 208.000000 0.089942 0.639823 1.030218 0.014451
 209.000000 0.071644 0.642101 0.998665 0.011118
 210.000000 0.093050 0.674424 1.252729 0.020131
 211.000000 0.072159 0.682217 1.378766 0.010856
 212.000000 0.150139 0.671528 1.459466 0.018119
 213.000000 0.118604 0.642587 1.300573 0.014135
 214.000000 0.155483 0.654849 1.353518 0.019879
 215.000000 0.173614 0.635008 1.244479 0.021412
 216.000000 0.071175 0.662856 1.082042 0.007735
 217.000000 0.079463 0.670547 1.239873 0.005303
 218.000000 0.157709 0.652247 1.330014 0.045268
 219.000000 0.057430 0.742925 1.644490 0.006777
 220.000000 0.102893 0.730876 1.751992 0.008762
 221.000000 0.050940 0.790066 2.032513 0.006227
 222.000000 0.029027 0.781444 1.847270 0.003350
 223.000000 0.033561 0.780483 1.809050 0.002794
 224.000000 0.024060 0.833644 2.165005 0.002376
 225.000000 0.034626 0.828743 2.263290 0.004334
 226.000000 0.052414 0.782030 2.101345 0.004100
 227.000000 0.026216 0.862196 2.427103 0.002997
 228.000000 0.035483 0.838379 2.394438 0.003674
 229.000000 0.027615 0.851566 2.453701 0.002110
 230.000000 0.022126 0.896416 2.609407 0.002099
 231.000000 0.025883 0.882905 2.480877 0.005258
 232.000000 0.015151 0.918376 2.640879 0.001692
 233.000000 0.025936 0.863630 2.410415 0.002582
 234.000000 0.025404 0.848195 2.316644 0.002668
 235.000000 0.022694 0.864690 2.300598 0.002893
 236.000000 0.043601 0.803737 2.139356 0.004464
 237.000000 0.024884 0.836941 2.192572 0.001987
 238.000000 0.017844 0.904576 2.497698 0.001531
 239.000000 0.028577 0.867225 2.377153 0.003287
 240.000000 0.029390 0.839198 2.253574 0.002651
 241.000000 0.042256 0.810218 2.166070 0.004038
 242.000000 0.057690 0.787163 2.003206 0.014527
 243.000000 0.035205 0.823336 2.139478 0.004384
 244.000000 0.046604 0.792375 1.929830 0.005271
 245.000000 0.034442 0.817608 2.183386 0.003317
 246.000000 0.026280 0.830417 2.140139 0.002344
 247.000000 0.025035 0.869963 2.427345 0.002653
 248.000000 0.020204 0.892455 2.466819 0.002752
 249.000000 0.017421 0.887896 2.386396 0.001439
 250.000000 0.019660 0.882352 2.425787 0.002000
 251.000000 0.012545 0.949699 2.725976 0.001294
 252.000000 0.009612 0.986373 2.808476 0.000927
 253.000000 0.010667 0.967721 2.874752 0.001015
 254.000000 0.014724 0.939763 2.695087 0.001606
 255.000000 0.012664 0.951398 2.700488 0.001035
 256.000000 0.012165 0.935420 2.618958 0.001007
 257.000000 0.013642 0.922746 2.562084 0.001289
 258.000000 0.020282 0.878986 2.381426 0.001632
 259.000000 0.025316 0.827245 2.082992 0.002018
 260.000000 0.022887 0.860466 2.310879 0.002109
 261.000000 0.038894 0.775524 2.054771 0.002864
 262.000000 0.044011 0.786962 1.956995 0.003937
 263.000000 0.038177 0.792323 2.118406 0.002457
 264.000000 0.045695 0.795820 2.100418 0.007381
 265.000000 0.060535 0.767500 1.993888 0.006068
 266.000000 0.055755 0.786467 2.072221 0.005742
 267.000000 0.025001 0.856360 2.325677 0.002960
 268.000000 0.017889 0.907450 2.586256 0.001716
 269.000000 0.025759 0.867212 2.456957 0.003477
 270.000000 0.026421 0.862525 2.418340 0.003042
 271.000000 0.013723 0.928262 2.468141 0.001108
 272.000000 0.011501 0.942963 2.505561 0.001086
 273.000000 0.014802 0.921413 2.483130 0.001227
 274.000000 0.019715 0.917048 2.393082 0.001430
 275.000000 0.014555 0.925652 2.512817 0.001165
 276.000000 0.009909 0.953282 2.641477 0.000905
 277.000000 0.012519 0.942443 2.605304 0.001134
 278.000000 0.016479 0.946006 2.692304 0.001517
 279.000000 0.016030 0.940663 2.720177 0.001478
 280.000000 0.012396 0.968387 2.837609 0.001064
 281.000000 0.023106 0.916073 2.639248 0.002044
 282.000000 0.012923 0.966440 2.762408 0.001138
 283.000000 0.014295 0.937269 2.684234 0.001252
 284.000000 0.012168 0.966095 2.805312 0.001156
 285.000000 0.011350 0.961365 2.703607 0.001024
 286.000000 0.012960 0.968395 2.811785 0.001327
 287.000000 0.011600 0.960899 2.734937 0.001147
 288.000000 0.014592 0.930021 2.637993 0.001226
 289.000000 0.014062 0.921630 2.600033 0.001606
 290.000000 0.014244 0.927031 2.682674 0.001096
 291.000000 0.018623 0.899549 2.521002 0.002170
 292.000000 0.013981 0.927174 2.676750 0.001412
 293.000000 0.014870 0.927463 2.706934 0.001586
 294.000000 0.008874 0.997984 2.954748 0.000962
 295.000000 0.012426 0.965715 2.845644 0.001157
 296.000000 0.012587 0.956294 2.753496 0.001313
 297.000000 0.014636 0.917522 2.661861 0.001333
 298.000000 0.014646 0.910045 2.561625 0.001431
 299.000000 0.014702 0.904193 2.567357 0.001590
 300.000000 0.014941 0.923560 2.604458 0.001728
 301.000000 0.013991 0.948913 2.737529 0.001352
 302.000000 0.012945 0.972572 2.811212 0.001125
 303.000000 0.014421 0.953656 2.735113 0.001463
 304.000000 0.014916 0.948477 2.752087 0.001226
 305.000000 0.015362 0.935049 2.733841 0.001455
 306.000000 0.013378 0.954580 2.790556 0.001241
 307.000000 0.011065 0.960775 2.744963 0.001219
 308.000000 0.011363 0.984056 2.829524 0.001568
 309.000000 0.013886 0.942835 2.573098 0.002077
 310.000000 0.011032 0.975771 2.699194 0.001207
 311.000000 0.010800 0.968348 2.766126 0.000930
 312.000000 0.011778 0.948763 2.663660 0.001136
 313.000000 0.008962 0.998388 2.816472 0.000941
 314.000000 0.011062 0.948565 2.611821 0.000976
 315.000000 0.011305 0.934811 2.566186 0.001035
 316.000000 0.012544 0.905258 2.430950 0.001077
 317.000000 0.009815 0.976512 2.776276 0.000906
 318.000000 0.009479 0.964189 2.695103 0.000816
 319.000000 0.010275 0.985002 2.777878 0.000907
 320.000000 0.012562 0.922574 2.498175 0.001577
 321.000000 0.016294 0.908778 2.501949 0.003344
 322.000000 0.010385 0.951091 2.553775 0.001972
 323.000000 0.019979 0.898960 2.500055 0.003800
 324.000000 0.014144 0.924008 2.510325 0.002610
 325.000000 0.022228 0.888242 2.481767 0.008449
 326.000000 0.020216 0.914321 2.610940 0.003469
 327.000000 0.012379 0.952379 2.629404 0.003227
 328.000000 0.018743 0.906703 2.499291 0.002121
 329.000000 0.012384 0.959220 2.730985 0.001312
 330.000000 0.008454 1.006515 2.902042 0.000929
 331.000000 0.011365 0.965477 2.748816 0.001324
 332.000000 0.014706 0.938092 2.643392 0.004504
 333.000000 0.015588 0.907045 2.497748 0.005177
 334.000000 0.013734 0.928909 2.614913 0.002444
 335.000000 0.012082 0.940328 2.620706 0.002266
 336.000000 0.012570 0.931369 2.573334 0.001758
 337.000000 0.012752 0.935651 2.630301 0.001763
 338.000000 0.017936 0.885739 2.399331 0.005576
 339.000000 0.014906 0.938473 2.647800 0.002587
 340.000000 0.018608 0.912740 2.580498 0.004669
 341.000000 0.016065 0.934828 2.649243 0.003026
 342.000000 0.013668 0.944515 2.696310 0.001872
 343.000000 0.013976 0.925724 2.507530 0.001694
 344.000000 0.012706 0.944708 2.623716 0.001289
 345.000000 0.012354 0.954339 2.648441 0.001278
 346.000000 0.013991 0.951045 2.689425 0.001696
 347.000000 0.015058 0.939873 2.668578 0.002296
 348.000000 0.016746 0.905502 2.484163 0.002399
 349.000000 0.013501 0.930131 2.454509 0.001727
 350.000000 0.013762 0.937816 2.537288 0.002633
 351.000000 0.015309 0.909053 2.472282 0.001674
 352.000000 0.015121 0.915515 2.517902 0.002997
 353.000000 0.015443 0.872380 2.204956 0.002642
 354.000000 0.014175 0.915824 2.430743 0.002526
 355.000000 0.011218 0.934559 2.474509 0.001270
 356.000000 0.011236 0.963616 2.709709 0.001454
 357.000000 0.012812 0.938428 2.645971 0.002112
 358.000000 0.012583 0.940861 2.611723 0.002337
 359.000000 0.010927 0.935161 2.560011 0.001236
 360.000000 0.015114 0.895225 2.267974 0.001895
 361.000000 0.019237 0.898435 2.412678 0.002502
 362.000000 0.014562 0.930387 2.532304 0.003607
 363.000000 0.013719 0.934022 2.621814 0.001534
 364.000000 0.008039 1.002967 2.841085 0.000900
 365.000000 0.008564 0.995064 2.871899 0.000824
 366.000000 0.012785 0.939411 2.651599 0.001364
 367.000000 0.019921 0.909033 2.599193 0.002390
 368.000000 0.011109 0.920653 2.478138 0.000987
 369.000000 0.014818 0.886805 2.440246 0.002065
 370.000000 0.011922 0.951814 2.663768 0.001635
 371.000000 0.012418 0.953977 2.690658 0.001728
 372.000000 0.010183 0.974840 2.792627 0.001128
 373.000000 0.011303 0.960446 2.719644 0.001175
 374.000000 0.014036 0.931173 2.597944 0.001313
 375.000000 0.012241 0.952740 2.696122 0.001058
 376.000000 0.021086 0.883806 2.474646 0.001981
 377.000000 0.020262 0.887653 2.377426 0.001834
 378.000000 0.017992 0.895868 2.351790 0.001624
 379.000000 0.011454 0.952139 2.622445 0.001044
 380.000000 0.013630 0.939863 2.643476 0.001346
 381.000000 0.011671 0.953888 2.664183 0.001041
 382.000000 0.014058 0.929860 2.605785 0.001130
 383.000000 0.015703 0.918627 2.535615 0.001502
 384.000000 0.018602 0.913011 2.569309 0.001742
 385.000000 0.021418 0.891089 2.461083 0.001639
 386.000000 0.017493 0.912430 2.473900 0.001620
 387.000000 0.018436 0.905710 2.473899 0.001935
 388.000000 0.014338 0.937526 2.653346 0.001256
 389.000000 0.013623 0.954326 2.728524 0.001207
 390.000000 0.009366 0.985616 2.805297 0.000874
 391.000000 0.013939 0.946104 2.712567 0.001480
 392.000000 0.013691 0.932175 2.595009 0.001221
 393.000000 0.010188 0.977864 2.797726 0.000952
 394.000000 0.012852 0.946863 2.784781 0.001169
 395.000000 0.012245 0.947539 2.681749 0.001222
 396.000000 0.018357 0.909267 2.593016 0.001743
 397.000000 0.014073 0.941614 2.718995 0.001203
 398.000000 0.015752 0.913424 2.532063 0.001676
 399.000000 0.017647 0.928403 2.733040 0.001545
 400.000000 0.011771 0.962528 2.768586 0.001107
 401.000000 0.010763 0.968265 2.773674 0.000965
 402.000000 0.014388 0.933285 2.691470 0.001266
 403.000000 0.011186 0.964603 2.739358 0.001174
 404.000000 0.011813 0.949594 2.758433 0.001154
 405.000000 0.011755 0.908757 2.429203 0.001226
 406.000000 0.014223 0.891963 2.474992 0.001403
 407.000000 0.028376 0.830930 2.264382 0.002790
 408.000000 0.019442 0.912012 2.607094 0.002692
 409.000000 0.016122 0.915002 2.579331 0.002138
 410.000000 0.016079 0.894592 2.463724 0.001753
 411.000000 0.028753 0.836915 2.234266 0.003421
 412.000000 0.022889 0.857890 2.295500 0.001955
 413.000000 0.021324 0.855805 2.211500 0.001681
 414.000000 0.031447 0.824894 2.197773 0.002383
 415.000000 0.046985 0.788839 2.075231 0.002978
 416.000000 0.053895 0.771830 1.889823 0.007971
 417.000000 0.041578 0.792513 2.018995 0.004040
 418.000000 0.043240 0.800515 2.151138 0.004448
 419.000000 0.031566 0.808684 2.027957 0.002819
 420.000000 0.028772 0.810025 2.042141 0.003071
 421.000000 0.029896 0.785951 1.913843 0.002803
 422.000000 0.035384 0.744148 1.591880 0.003991
 423.000000 0.036471 0.740839 1.562545 0.004111
 424.000000 0.069555 0.657629 1.164890 0.006859
 425.000000 0.053715 0.665016 1.040507 0.005407
 426.000000 0.064736 0.646773 0.990091 0.008051
 427.000000 0.060799 0.627753 0.981907 0.005930
 428.000000 0.049168 0.738963 1.647175 0.003590
 429.000000 0.037656 0.769326 1.773913 0.003567
 430.000000 0.045621 0.770640 1.757393 0.007282
 431.000000 0.041149 0.754932 1.610957 0.004191
 432.000000 0.048320 0.759910 1.763091 0.005535
 433.000000 0.033881 0.761380 1.739435 0.003121
 434.000000 0.024302 0.864157 2.314916 0.002366
 435.000000 0.023125 0.873843 2.393003 0.002391
 436.000000 0.030886 0.846735 2.357203 0.002453
 437.000000 0.024533 0.844567 2.171996 0.001723
 438.000000 0.049030 0.799685 2.122968 0.004466
 439.000000 0.034959 0.824265 2.168044 0.003684
 440.000000 0.031300 0.838654 2.313929 0.002839
 441.000000 0.037167 0.820872 2.243675 0.002962
 442.000000 0.023186 0.856980 2.288009 0.001842
 443.000000 0.015230 0.935588 2.621218 0.001666
 444.000000 0.019189 0.903437 2.496004 0.002018
 445.000000 0.022559 0.866757 2.415109 0.002190
 446.000000 0.023118 0.873968 2.310710 0.002095
 447.000000 0.020997 0.884731 2.487345 0.001835
 448.000000 0.023534 0.893418 2.601520 0.002329
 449.000000 0.033339 0.842540 2.312254 0.004380
 450.000000 0.074433 0.752357 1.987510 0.008394
 451.000000 0.094832 0.722286 1.679390 0.010680
 452.000000 0.086255 0.744031 1.956216 0.014616
 453.000000 0.066369 0.769498 1.937561 0.007738
 454.000000 0.082221 0.718208 1.732494 0.009958
 455.000000 0.107839 0.720250 1.774228 0.015378
 456.000000 0.133757 0.713366 1.742281 0.017450
 457.000000 0.078616 0.741638 1.874342 0.012620
 458.000000 0.073382 0.734632 1.786984 0.008715
 459.000000 0.124187 0.694975 1.387903 0.013652
 460.000000 0.119567 0.718835 1.708368 0.017528
 461.000000 0.100849 0.701930 1.723012 0.014752
 462.000000 0.094082 0.722283 1.753574 0.015321
 463.000000 0.075463 0.729790 1.814587 0.010521
 464.000000 0.079740 0.723293 1.718232 0.012271
 465.000000 0.085447 0.718641 1.610649 0.011489
 466.000000 0.121398 0.694205 1.545814 0.010698
 467.000000 0.070025 0.752005 1.833137 0.009094
 468.000000 0.094416 0.735931 1.800184 0.011336
 469.000000 0.058240 0.708291 1.476553 0.005862
 470.000000 0.079090 0.724062 1.740630 0.008203
 471.000000 0.051143 0.721527 1.490424 0.004239
 472.000000 0.079392 0.688781 1.313969 0.013784
 473.000000 0.093004 0.638700 1.324357 0.024399
 474.000000 0.081845 0.640648 1.327094 0.015143
 475.000000 0.091613 0.642092 1.246547 0.018588
 476.000000 0.097574 0.650599 1.250655 0.018608
 477.000000 0.096654 0.627557 1.116916 0.015752
 478.000000 0.092491 0.643650 1.155631 0.023836
 479.000000 0.096625 0.650829 1.424343 0.027393
 480.000000 0.118873 0.637913 1.306143 0.022519
 481.000000 0.104468 0.699538 1.657440 0.023249
 482.000000 0.109821 0.710269 1.702363 0.015202
 483.000000 0.093333 0.722072 1.770086 0.014759
 484.000000 0.097948 0.659479 1.522303 0.024774
 485.000000 0.089151 0.739333 1.797414 0.012715
 486.000000 0.096252 0.754304 1.825284 0.019985
 487.000000 0.086961 0.743436 1.907711 0.010484
 488.000000 0.113707 0.710601 1.728429 0.012942
 489.000000 0.090012 0.735415 1.815403 0.017981
 490.000000 0.128919 0.696113 1.591354 0.015670
 491.000000 0.097243 0.727030 1.737982 0.015293
 492.000000 0.082661 0.753909 1.701001 0.009267
 493.000000 0.094345 0.754606 1.943093 0.008207
 494.000000 0.082869 0.709362 1.540427 0.008407
 495.000000 0.079657 0.770271 1.996388 0.008651
 496.000000 0.096558 0.752181 1.948271 0.018509
 497.000000 0.074202 0.786071 2.132944 0.010012
 498.000000 0.081489 0.774889 2.135055 0.010610
 499.000000 0.091687 0.790202 2.186804 0.010000
 500.000000 0.096914 0.770613 1.994821 0.011381
