#! FIELDS time alpha rg e2e hbond
 0.000000 0.093889 0.660244 1.264917 0.006290
 1.000000 0.073444 0.721008 1.617810 0.012649
 2.000000 0.052378 0.738832 1.704478 0.004924
 3.000000 0.054800 0.732481 1.589696 0.008376
 4.000000 0.033056 0.767908 1.725433 0.003905
 5.000000 0.052458 0.732089 1.613061 0.007184
 6.000000 0.060158 0.678443 1.364909 0.003881
 7.000000 0.092324 0.664292 1.344010 0.010026
 8.000000 0.105708 0.674515 1.461509 0.010664
 9.000000 0.094697 0.655532 1.227609 0.008231
 10.000000 0.084345 0.667794 1.364342 0.009513
 11.000000 0.099433 0.633865 1.301775 0.010857
 12.000000 0.096826 0.642380 1.294849 0.010845
 13.000000 0.064756 0.620832 0.945264 0.004707
 14.000000 0.074178 0.587985 0.699647 0.006018
 15.000000 0.086423 0.564377 0.598222 0.011232
 16.000000 0.094982 0.570513 0.760240 0.007904
 17.000000 0.078658 0.623674 1.058054 0.006067
 18.000000 0.050504 0.644973 1.088010 0.003504
 19.000000 0.079736 0.669076 1.408664 0.006453
 20.000000 0.072199 0.614217 1.051702 0.007041
 21.000000 0.064947 0.659844 1.341763 0.004858
 22.000000 0.075515 0.676380 1.532620 0.005145
 23.000000 0.090739 0.674493 1.454893 0.007474
 24.000000 0.059353 0.657181 1.224978 0.004001
 25.000000 0.104019 0.637306 1.185679 0.014136
 26.000000 0.097809 0.607118 1.196263 0.010777
 27.000000 0.084231 0.616669 0.995358 0.010924
 28.000000 0.068696 0.623337 1.098241 0.005383
 29.000000 0.054771 0.630842 1.058581 0.004403
 30.000000 0.078683 0.645384 1.278305 0.006759
 31.000000 0.086171 0.655786 1.427685 0.008084
 32.000000 0.069916 0.667953 1.438884 0.006347
 33.000000 0.098075 0.673501 1.621268 0.011808
 34.000000 0.096379 0.647439 1.315294 0.011847
 35.000000 0.085082 0.631530 1.164839 0.008969
 36.000000 0.097163 0.643939 1.208211 0.008324
 37.000000 0.087945 0.628783 0.904193 0.008802
 38.000000 0.082011 0.623742 1.044392 0.009114
 39.000000 0.105727 0.626346 1.214311 0.014778
 40.000000 0.114623 0.647974 1.339108 0.013334
 41.000000 0.075477 0.654586 1.259983 0.009660
 42.000000 0.082729 0.671076 1.363942 0.008970
 43.000000 0.051880 0.723223 1.528949 0.006264
 44.000000 0.059958 0.703362 1.467248 0.005928
 45.000000 0.037025 0.743045 1.502612 0.004279
 46.000000 0.069566 0.789455 1.875266 0.009810
 47.000000 0.040842 0.816652 1.990513 0.003878
 48.000000 0.047928 0.778986 1.729108 0.004992
 49.000000 0.092327 0.703648 1.261292 0.006866
 50.000000 0.079439 0.725302 1.433059 0.005868
 51.000000 0.099493 0.709860 1.523647 0.007718
 52.000000 0.032819 0.777727 1.779395 0.002791
 53.000000 0.051757 0.721788 1.614122 0.003863
 54.000000 0.084214 0.714701 1.553349 0.008052
 55.000000 0.098657 0.685186 1.351030 0.011234
 56.000000 0.101086 0.655035 1.055910 0.006123
 57.000000 0.148120 0.648303 1.027277 0.013369
 58.000000 0.093097 0.666613 0.995792 0.006999
 59.000000 0.087270 0.681437 1.113128 0.009039
 60.000000 0.112353 0.685409 1.311748 0.015230
 61.000000 0.086057 0.719343 1.479385 0.013905
 62.000000 0.079730 0.694004 1.279354 0.008076
 63.000000 0.096869 0.670238 1.147530 0.010526
 64.000000 0.098406 0.658819 1.078556 0.018602
 65.000000 0.070941 0.671942 1.022054 0.007726
 66.000000 0.116178 0.605582 0.716349 0.012397
 67.000000 0.117177 0.589414 0.486211 0.014640
 68.000000 0.088451 0.617020 0.643198 0.013694
 69.000000 0.115637 0.589112 0.663131 0.014599
 70.000000 0.114760 0.594084 0.665342 0.012865
 71.000000 0.109557 0.573363 0.637599 0.016914
 72.000000 0.091858 0.582593 0.675685 0.015498
 73.000000 0.101233 0.589184 0.504803 0.015274
 74.000000 0.143451 0.584547 0.704608 0.019539
 75.000000 0.104089 0.585643 0.789454 0.014107
 76.000000 0.123390 0.585206 0.602903 0.020798
 77.000000 0.109923 0.590525 0.751099 0.018132
 78.000000 0.100844 0.578403 0.757647 0.021370
 79.000000 0.100826 0.580496 0.789786 0.016346
 80.000000 0.098245 0.588872 0.813332 0.016392
 81.000000 0.126398 0.604879 0.878357 0.013448
 82.000000 0.106717 0.597964 0.921709 0.020213
 83.000000 0.103944 0.574893 0.658578 0.018372
 84.000000 0.088048 0.568319 0.601725 0.023620
 85.000000 0.114537 0.574268 0.644904 0.018553
 86.000000 0.105368 0.606641 0.683594 0.012191
 87.000000 0.136264 0.609259 0.848658 0.023303
 88.000000 0.137310 0.570281 0.655266 0.021777
 89.000000 0.141677 0.576285 0.873834 0.029213
 90.000000 0.107620 0.572157 0.669571 0.016218
 91.000000 0.104617 0.564503 0.712744 0.019102
 92.000000 0.112640 0.576013 0.741451 0.014702
 93.000000 0.091675 0.585158 0.665204 0.016600
 94.000000 0.116667 0.604722 0.828865 0.019087
 95.000000 0.104201 0.585037 0.757145 0.018537
 96.000000 0.158826 0.571462 0.627488 0.023349
 97.000000 0.114787 0.568365 0.689027 0.012520
 98.000000 0.110801 0.567664 0.778569 0.017685
 99.000000 0.109580 0.564700 0.801372 0.018894
 100.000000 0.102155 0.588970 0.801741 0.011422
 101.000000 0.106098 0.576048 0.625039 0.014942
 102.000000 0.115495 0.574547 0.635917 0.029593
 103.000000 0.100822 0.581448 0.509598 0.020695
 104.000000 0.107689 0.612335 0.909332 0.022280
 105.000000 0.158180 0.577876 0.800491 0.022855
 106.000000 0.111880 0.571035 0.847950 0.015733
 107.000000 0.126622 0.559031 0.975536 0.020529
 108.000000 0.103253 0.554761 0.713911 0.017231
 109.000000 0.113398 0.588751 0.671412 0.012180
 110.000000 0.117045 0.583453 0.725579 0.014191
 111.000000 0.118117 0.582832 0.621879 0.015963
 112.000000 0.114903 0.566635 0.596590 0.019455
 113.000000 0.118049 0.578186 0.711016 0.016828
 114.000000 0.120660 0.589433 0.708241 0.017253
 115.000000 0.108874 0.598803 0.695350 0.021307
 116.000000 0.119694 0.607337 0.786566 0.012989
 117.000000 0.099650 0.587315 0.632309 0.015424
 118.000000 0.104858 0.583550 0.699802 0.014634
 119.000000 0.095467 0.580262 0.522402 0.012612
 120.000000 0.106218 0.592470 0.622958 0.012951
 121.000000 0.122892 0.590510 0.771252 0.020881
 122.000000 0.107253 0.584302 0.727926 0.019388
 123.000000 0.111617 0.586559 0.597748 0.014119
 124.000000 0.100288 0.568931 0.665030 0.018886
 125.000000 0.115973 0.590204 0.817668 0.031588
 126.000000 0.096734 0.619724 0.691243 0.020435
 127.000000 0.122964 0.597381 0.692857 0.019598
 128.000000 0.113787 0.575270 0.626781 0.016476
 129.000000 0.100347 0.568424 0.696116 0.014994
 130.000000 0.085136 0.576760 0.758511 0.022905
 131.000000 0.115852 0.589334 0.798325 0.013508
 132.000000 0.123100 0.594365 0.662787 0.015400
 133.000000 0.108639 0.599069 0.661251 0.021716
 134.000000 0.100504 0.581968 0.647236 0.020014
 135.000000 0.144778 0.603032 0.826021 0.016399
 136.000000 0.099108 0.594351 0.954654 0.012306
 137.000000 0.102541 0.579295 0.828005 0.012828
 138.000000 0.125701 0.603970 1.118062 0.014058
 139.000000 0.114047 0.575981 0.950037 0.016615
 140.000000 0.146316 0.555916 1.040331 0.017273
 141.000000 0.112584 0.609748 1.197099 0.012863
 142.000000 0.066689 0.692487 1.588618 0.004985
 143.000000 0.096139 0.672691 1.618304 0.005785
 144.000000 0.079565 0.694893 1.681352 0.006743
 145.000000 0.077320 0.717681 1.847418 0.005050
 146.000000 0.081202 0.668211 1.470373 0.006722
 147.000000 0.099323 0.677105 1.704132 0.006576
 148.000000 0.047133 0.722626 1.837428 0.006042
 149.000000 0.064254 0.733167 1.982946 0.005180
 150.000000 0.078584 0.736661 2.075543 0.007914
 151.000000 0.081218 0.714732 1.964803 0.011264
 152.000000 0.055866 0.768685 2.166339 0.006351
 153.000000 0.021870 0.851646 2.415876 0.003246
 154.000000 0.012598 0.938249 2.661642 0.001305
 155.000000 0.011637 0.935997 2.667359 0.001331
 156.000000 0.017955 0.887115 2.482303 0.002313
 157.000000 0.019767 0.840199 2.295547 0.001459
 158.000000 0.049404 0.758848 2.095764 0.003434
 159.000000 0.047802 0.749606 2.005689 0.003835
 160.000000 0.043921 0.782464 2.101286 0.004782
 161.000000 0.034413 0.827406 2.256536 0.002538
 162.000000 0.104210 0.697912 1.781140 0.010988
 163.000000 0.029355 0.794907 1.974010 0.002651
 164.000000 0.031535 0.818043 2.272784 0.002857
 165.000000 0.045529 0.800733 2.264310 0.003085
 166.000000 0.034525 0.799404 2.207138 0.003021
 167.000000 0.041679 0.745557 1.914707 0.002866
 168.000000 0.063743 0.759516 2.051195 0.006080
 169.000000 0.055023 0.700095 1.715036 0.006454
 170.000000 0.070767 0.681526 1.649436 0.004332
 171.000000 0.068555 0.723216 1.848296 0.007241
 172.000000 0.083453 0.710623 1.811647 0.010124
 173.000000 0.060179 0.656908 1.573705 0.003459
 174.000000 0.053570 0.687305 1.638061 0.002975
 175.000000 0.054333 0.723572 1.808473 0.003339
 176.000000 0.104236 0.696247 1.635582 0.017057
 177.000000 0.052270 0.716440 1.626402 0.005199
 178.000000 0.068853 0.724219 1.675336 0.008500
 179.000000 0.060095 0.740790 1.725113 0.006882
 180.000000 0.077091 0.673349 1.410862 0.009916
 181.000000 0.095706 0.673221 1.406840 0.012001
 182.000000 0.081587 0.658538 1.263314 0.010990
 183.000000 0.078681 0.657946 1.279794 0.007186
 184.000000 0.084885 0.662412 1.329594 0.007990
 185.000000 0.078518 0.665052 1.316804 0.009141
 186.000000 0.063509 0.656969 1.185568 0.006777
 187.000000 0.050622 0.718179 1.648561 0.004922
 188.000000 0.070751 0.658527 1.315720 0.009032
 189.000000 0.107813 0.620635 1.163090 0.013293
 190.000000 0.066459 0.629771 1.231030 0.005657
 191.000000 0.052107 0.741335 1.907755 0.005484
 192.000000 0.044574 0.732508 1.766931 0.003558
 193.000000 0.066304 0.699879 1.722722 0.006981
 194.000000 0.049207 0.675132 1.549599 0.003766
 195.000000 0.072892 0.696057 1.733807 0.008267
 196.000000 0.066569 0.714884 1.789914 0.004980
 197.000000 0.049693 0.749159 1.817237 0.004142
 198.000000 0.034664 0.842222 2.311597 0.007548
 199.000000 0.045179 0.832661 2.324832 0.007214
 200.000000 0.065076 0.763842 2.059546 0.005954
 201.000000 0.037019 0.762292 1.963298 0.002701
 202.000000 0.023465 0.801747 2.036788 0.001253
 203.000000 0.031995 0.827846 2.265685 0.002339
 204.000000 0.029517 0.797304 2.094933 0.002140
 205.000000 0.039328 0.758229 1.975117 0.002866
 206.000000 0.030563 0.756909 1.868958 0.002227
 207.000000 0.075938 0.634240 1.225843 0.005748
 208.000000 0.051118 0.706299 1.516643 0.003231
 209.000000 0.076659 0.698035 1.415956 0.005318
 210.000000 0.040841 0.737234 1.730545 0.002157
 211.000000 0.053962 0.762403 1.862755 0.004456
 212.000000 0.052942 0.774450 1.941586 0.004027
 213.000000 0.052251 0.760580 1.991070 0.004454
 214.000000 0.042062 0.715148 1.647370 0.002204
 215.000000 0.044342 0.671606 1.376036 0.002298
 216.000000 0.039998 0.750532 1.775562 0.003426
 217.000000 0.085666 0.742847 1.827057 0.009759
 218.000000 0.082492 0.752393 1.943466 0.007399
 219.000000 0.035385 0.802331 2.069246 0.002828
 220.000000 0.050172 0.794706 2.095467 0.007566
 221.000000 0.055569 0.765731 2.032944 0.005030
 222.000000 0.041567 0.776194 1.969629 0.005109
 223.000000 0.048124 0.721666 1.721580 0.007734
 224.000000 0.049882 0.728060 1.786731 0.005830
 225.000000 0.052389 0.721011 1.818318 0.010479
 226.000000 0.084104 0.683902 1.764916 0.008854
 227.000000 0.044018 0.752932 2.033264 0.005788
 228.000000 0.063305 0.685110 1.610851 0.007013
 229.000000 0.038652 0.748461 1.881743 0.006145
 230.000000 0.034659 0.755835 1.796102 0.004638
 231.000000 0.038571 0.730617 1.610284 0.004274
 232.000000 0.032230 0.799469 1.962714 0.004195
 233.000000 0.027518 0.767490 1.818124 0.002735
 234.000000 0.030981 0.762867 1.896468 0.004388
 235.000000 0.027467 0.774380 1.831756 0.003004
 236.000000 0.032881 0.736423 1.654328 0.003090
 237.000000 0.034085 0.731401 1.599505 0.005262
 238.000000 0.027484 0.707319 1.383204 0.003539
 239.000000 0.035000 0.690851 1.487881 0.006166
 240.000000 0.041604 0.639954 1.096991 0.006172
 241.000000 0.045201 0.665114 1.307846 0.005661
 242.000000 0.037978 0.688162 1.345850 0.006213
 243.000000 0.051980 0.688286 1.430178 0.008718
 244.000000 0.051808 0.704022 1.542496 0.006342
 245.000000 0.065878 0.683373 1.551612 0.009268
 246.000000 0.052110 0.704354 1.673256 0.007385
 247.000000 0.024770 0.794107 1.968131 0.001924
 248.000000 0.037396 0.777078 2.104564 0.003989
 249.000000 0.066241 0.706126 1.747126 0.008105
 250.000000 0.085942 0.666604 1.430648 0.009885
 251.000000 0.048784 0.715991 1.737369 0.004614
 252.000000 0.076723 0.647745 1.464276 0.009358
 253.000000 0.107431 0.604259 1.363305 0.007481
 254.000000 0.082612 0.596947 1.274858 0.007276
 255.000000 0.079906 0.584030 1.332244 0.006765
 256.000000 0.071001 0.592817 1.274494 0.008137
 257.000000 0.081053 0.609699 1.465093 0.008951
 258.000000 0.079658 0.579386 1.161723 0.010809
 259.000000 0.094983 0.583147 1.294191 0.009423
 260.000000 0.095045 0.570728 1.339241 0.009869
 261.000000 0.078280 0.572003 1.314406 0.011101
 262.000000 0.109196 0.615215 1.267848 0.015611
 263.000000 0.053659 0.632591 1.090357 0.005180
 264.000000 0.075882 0.647133 1.239045 0.007629
 265.000000 0.123787 0.585605 0.956327 0.043921
 266.000000 0.109932 0.605651 1.075317 0.019263
 267.000000 0.081723 0.673563 1.250780 0.010744
 268.000000 0.090057 0.633452 1.248371 0.012029
 269.000000 0.070458 0.678071 1.337548 0.009279
 270.000000 0.062663 0.641911 1.230779 0.009490
 271.000000 0.075732 0.637330 1.115759 0.010097
 272.000000 0.042983 0.732745 1.463018 0.007067
 273.000000 0.039993 0.740383 1.440789 0.006299
 274.000000 0.064139 0.731598 1.642508 0.006952
 275.000000 0.059385 0.671090 1.193256 0.011199
 276.000000 0.078779 0.625592 1.050492 0.012265
 277.000000 0.086100 0.665700 1.351370 0.009742
 278.000000 0.044689 0.651102 1.269307 0.005437
 279.000000 0.087309 0.593442 1.000918 0.009315
 280.000000 0.090130 0.560771 0.839336 0.009811
 281.000000 0.098530 0.604209 1.054452 0.011351
 282.000000 0.076822 0.642389 1.260865 0.007387
 283.000000 0.086076 0.605742 1.079511 0.013005
 284.000000 0.108403 0.593974 1.105510 0.020267
 285.000000 0.074967 0.610690 1.139132 0.011573
 286.000000 0.084070 0.584638 0.912536 0.013951
 287.000000 0.077201 0.619039 1.205966 0.009151
 288.000000 0.072057 0.620666 1.195698 0.007686
 289.000000 0.065105 0.614750 1.189548 0.005884
 290.000000 0.060233 0.681574 1.593064 0.010831
 291.000000 0.065721 0.686659 1.348591 0.012107
 292.000000 0.151043 0.655041 1.285206 0.012191
 293.000000 0.174380 0.651240 1.187247 0.032996
 294.000000 0.078264 0.666217 1.153271 0.009610
 295.000000 0.073885 0.647993 1.092669 0.009219
 296.000000 0.085738 0.628584 1.092478 0.010417
 297.000000 0.095750 0.636569 1.352074 0.012795
 298.000000 0.137893 0.668941 1.685633 0.013695
 299.000000 0.173364 0.679338 1.624548 0.051191
 300.000000 0.077954 0.755377 1.810983 0.005836
 301.000000 0.081911 0.754218 1.790627 0.007576
 302.000000 0.063377 0.756464 1.885739 0.006925
 303.000000 0.049732 0.749617 1.877975 0.007639
 304.000000 0.082152 0.725386 1.760158 0.019045
 305.000000 0.127891 0.696412 1.746414 0.035906
 306.000000 0.106918 0.693864 1.640843 0.039379
 307.000000 0.113045 0.712299 1.703335 0.041066
 308.000000 0.232932 0.672585 1.714245 0.136328
 309.000000 0.185722 0.666488 1.648032 0.044350
 310.000000 0.197563 0.628323 1.541322 0.058351
 311.000000 0.176612 0.630305 1.477447 0.023001
 312.000000 0.207762 0.652993 1.417051 0.051072
 313.000000 0.148514 0.691758 1.696296 0.023941
 314.000000 0.086580 0.726542 1.804269 0.009483
 315.000000 0.096170 0.702628 1.675094 0.012376
 316.000000 0.138223 0.686939 1.698474 0.017918
 317.000000 0.135462 0.647659 1.418122 0.020179
 318.000000 0.114091 0.655435 1.430477 0.018054
 319.000000 0.148097 0.645902 1.460954 0.032257
 320.000000 0.115571 0.700061 1.716018 0.020660
 321.000000 0.177029 0.668046 1.414729 0.102557
 322.000000 0.190518 0.673678 1.384700 0.063007
 323.000000 0.170237 0.614718 1.202386 0.391550
 324.000000 0.127132 0.630654 1.180381 0.377425
 325.000000 0.110271 0.636415 1.133208 0.073299
 326.000000 0.098130 0.619599 0.991787 0.119196
 327.000000 0.105253 0.610365 0.916370 0.078712
 328.000000 0.090919 0.626205 0.949481 0.158460
 329.000000 0.093642 0.604220 0.858329 0.074057
 330.000000 0.112300 0.649238 1.085473 0.136175
 331.000000 0.157542 0.638669 1.169865 0.373433
 332.000000 0.078813 0.659119 1.237959 0.007178
 333.000000 0.098694 0.631344 0.989212 0.037838
 334.000000 0.095202 0.617283 0.935085 0.451375
 335.000000 0.116463 0.602066 0.812938 0.228710
 336.000000 0.110505 0.597912 0.841236 0.145450
 337.000000 0.115606 0.625657 0.928118 0.440849
 338.000000 0.251503 0.564414 0.785824 0.886230
 339.000000 0.136264 0.592717 0.870006 0.400941
 340.000000 0.120487 0.602589 0.838779 0.488200
 341.000000 0.120140 0.605465 0.968669 0.239856
 342.000000 0.109948 0.627279 1.132850 0.339518
 343.000000 0.103823 0.616095 1.002190 0.102672
 344.000000 0.114642 0.631488 1.160508 0.025223
 345.000000 0.140553 0.666974 1.454607 0.051612
 346.000000 0.169852 0.650190 1.466506 0.050348
 347.000000 0.204457 0.608689 1.243291 0.044620
 348.000000 0.233112 0.599654 1.268136 0.060984
 349.000000 0.165364 0.582034 1.012466 0.182908
 350.000000 0.224763 0.568392 1.061269 0.137227
 351.000000 0.240718 0.577533 1.034805 0.667997
 352.000000 0.178865 0.622209 1.255747 0.615963
 353.000000 0.293874 0.599941 1.392613 0.752392
 354.000000 0.330664 0.575882 1.129099 0.780806
 355.000000 0.258772 0.591533 1.231359 0.838810
 356.000000 0.162002 0.585691 1.169226 0.084069
 357.000000 0.277792 0.581471 1.246088 0.298076
 358.000000 0.264438 0.610735 1.363221 0.236964
 359.000000 0.249307 0.588266 1.190368 0.379645
 360.000000 0.325805 0.590251 1.384069 0.180246
 361.000000 0.195631 0.635542 1.326543 0.613060
 362.000000 0.299062 0.627805 1.259768 0.850415
 363.000000 0.137288 0.638904 1.314078 0.721314
 364.000000 0.272205 0.606819 1.269358 0.777634
 365.000000 0.160510 0.598645 1.335605 0.838458
 366.000000 0.164186 0.575333 1.195788 0.192080
 367.000000 0.285487 0.601970 1.423452 0.501443
 368.000000 0.231271 0.591428 1.347329 0.504289
 369.000000 0.358558 0.578655 1.387937 0.797100
 370.000000 0.209229 0.643634 1.682284 0.016974
 371.000000 0.098914 0.710011 1.931200 0.007187
 372.000000 0.106758 0.705235 1.863506 0.018362
 373.000000 0.077027 0.732197 1.981212 0.009387
 374.000000 0.067590 0.763150 2.156181 0.006207
 375.000000 0.060595 0.764104 2.083014 0.007104
 376.000000 0.053368 0.773025 2.107618 0.003809
 377.000000 0.061525 0.762703 2.148334 0.006142
 378.000000 0.043706 0.796797 2.248163 0.006036
 379.000000 0.100328 0.735823 1.963139 0.016299
 380.000000 0.093096 0.744571 2.047952 0.012154
 381.000000 0.049380 0.801781 2.226914 0.007676
 382.000000 0.068068 0.790619 2.211943 0.010921
 383.000000 0.033669 0.796010 2.181510 0.003407
 384.000000 0.039470 0.813258 2.219167 0.005603
 385.000000 0.041309 0.836365 2.352077 0.004016
 386.000000 0.036924 0.845807 2.268399 0.003369
 387.000000 0.024304 0.901371 2.511771 0.002583
 388.000000 0.025218 0.896113 2.521409 0.002822
 389.000000 0.048240 0.837158 2.325943 0.007429
 390.000000 0.024988 0.837692 2.217240 0.002736
 391.000000 0.056787 0.765128 1.850715 0.007645
 392.000000 0.042152 0.782136 1.915643 0.008647
 393.000000 0.044249 0.769527 1.884763 0.004531
 394.000000 0.056141 0.777540 2.123927 0.007091
 395.000000 0.047123 0.805639 2.154156 0.005705
 396.000000 0.062966 0.776534 2.141330 0.011018
 397.000000 0.051167 0.782847 2.134914 0.004940
 398.000000 0.081421 0.779471 2.102363 0.008201
 399.000000 0.101861 0.735134 1.779497 0.010961
 400.000000 0.061485 0.758214 1.882612 0.007891
 401.000000 0.050984 0.802444 2.172155 0.006276
 402.000000 0.026374 0.848650 2.295827 0.002392
 403.000000 0.050840 0.811110 2.231743 0.005443
 404.000000 0.071632 0.752411 2.093921 0.010323
 405.000000 0.095678 0.709820 1.931289 0.009829
 406.000000 0.064216 0.746919 2.074139 0.005345
 407.000000 0.075675 0.726611 1.933830 0.008866
 408.000000 0.070198 0.730783 1.894240 0.011597
 409.000000 0.114789 0.713148 1.889425 0.016834
 410.000000 0.170103 0.671327 1.653611 0.048320
 411.000000 0.125555 0.680128 1.536719 0.021078
 412.000000 0.216330 0.649746 1.600248 0.051517
 413.000000 0.128801 0.663705 1.439317 0.044635
 414.000000 0.122439 0.675538 1.406708 0.050666
 415.000000 0.144573 0.668131 1.471533 0.042062
 416.000000 0.194811 0.678504 1.686424 0.086124
 417.000000 0.213620 0.669862 1.532478 0.059738
 418.000000 0.155261 0.711884 1.747799 0.036695
 419.000000 0.113801 0.726113 1.924503 0.017735
 420.000000 0.059761 0.781955 2.211527 0.005166
 421.000000 0.039586 0.792580 2.166356 0.003072
 422.000000 0.061509 0.731506 1.852033 0.004782
 423.000000 0.085046 0.674621 1.537640 0.007248
 424.000000 0.118100 0.673662 1.662742 0.009250
 425.000000 0.104022 0.680613 1.635363 0.011809
 426.000000 0.044439 0.759040 1.904135 0.004803
 427.000000 0.145404 0.707506 1.900956 0.024044
 428.000000 0.153497 0.633000 1.441714 0.024379
 429.000000 0.098074 0.728279 1.864548 0.039737
 430.000000 0.097462 0.698488 1.792697 0.011573
 431.000000 0.167055 0.681907 1.787130 0.069940
 432.000000 0.052198 0.753938 1.939182 0.003710
 433.000000 0.094158 0.747379 1.960088 0.021124
 434.000000 0.058283 0.785089 2.012435 0.006364
 435.000000 0.103561 0.776658 2.115999 0.026164
 436.000000 0.078933 0.766032 2.054438 0.014540
 437.000000 0.060380 0.754903 1.851537 0.008952
 438.000000 0.069191 0.767332 1.890630 0.009922
 439.000000 0.103832 0.763947 1.890101 0.040619
 440.000000 0.082895 0.729179 1.812776 0.009073
 441.000000 0.100441 0.697209 1.723010 0.018753
 442.000000 0.107133 0.671928 1.477437 0.028694
 443.000000 0.148733 0.645302 1.446054 0.045035
 444.000000 0.090411 0.706016 1.668732 0.012642
 445.000000 0.141748 0.662244 1.533292 0.042198
 446.000000 0.145017 0.639488 1.423583 0.066086
 447.000000 0.140904 0.644808 1.403958 0.024897
 448.000000 0.128644 0.624497 1.213582 0.020641
 449.000000 0.091856 0.679704 1.659786 0.011362
 450.000000 0.124723 0.670107 1.596141 0.023652
 451.000000 0.122241 0.668801 1.564681 0.026879
 452.000000 0.117906 0.639893 1.402508 0.041876
 453.000000 0.164486 0.665171 1.557943 0.040726
 454.000000 0.100503 0.678239 1.642154 0.021165
 455.000000 0.120536 0.668480 1.560714 0.022623
 456.000000 0.198647 0.661466 1.677729 0.030411
 457.000000 0.317295 0.605988 1.472194 0.054011
 458.000000 0.469140 0.590771 1.480660 0.110825
 459.000000 0.382714 0.639581 1.652548 0.082436
 460.000000 0.399732 0.594026 1.385614 0.071547
 461.000000 0.271726 0.627116 1.605269 0.053358
 462.000000 0.319650 0.609700 1.539879 0.115384
 463.000000 0.270876 0.618727 1.459419 0.025703
 464.000000 0.212917 0.642308 1.449881 0.043067
 465.000000 0.335414 0.614885 1.431715 0.076416
 466.000000 0.117265 0.687993 1.650854 0.025842
 467.000000 0.127754 0.686106 1.682409 0.015182
 468.000000 0.312945 0.623357 1.465767 0.059775
 469.000000 0.254828 0.643293 1.564660 0.049780
 470.000000 0.250577 0.632279 1.583578 0.064871
 471.000000 0.427713 0.613751 1.378845 0.079110
 472.000000 0.488011 0.591994 1.384963 0.208536
 473.000000 0.391087 0.583222 1.199889 0.421089
 474.000000 0.369248 0.604746 1.290890 0.104610
 475.000000 0.175904 0.653624 1.486340 0.038331
 476.000000 0.218773 0.646295 1.602369 0.106921
 477.000000 0.421075 0.639781 1.717770 0.152823
 478.000000 0.246983 0.653224 1.739569 0.048639
 479.000000 0.322030 0.672882 1.770327 0.298426
 480.000000 0.110646 0.678808 1.589195 0.021411
 481.000000 0.110297 0.662552 1.377428 0.016637
 482.000000 0.068328 0.707830 1.439689 0.008055
 483.000000 0.066612 0.730516 1.583215 0.013035
 484.000000 0.049767 0.725201 1.497573 0.007510
 485.000000 0.032784 0.726725 1.463277 0.004417
 486.000000 0.035668 0.735579 1.519412 0.005297
 487.000000 0.037265 0.716344 1.245567 0.008191
 488.000000 0.057155 0.738514 1.401026 0.013941
 489.000000 0.073378 0.766433 1.542708 0.083989
 490.000000 0.088139 0.757513 1.683060 0.012604
 491.000000 0.033462 0.838630 1.857433 0.002223
 492.000000 0.047393 0.739668 1.431358 0.003161
 493.000000 0.075747 0.732372 1.619561 0.021008
 494.000000 0.052106 0.785730 1.810517 0.011688
 495.000000 0.072478 0.772759 1.954835 0.019199
 496.000000 0.069551 0.770599 1.797526 0.018512
 497.000000 0.055112 0.749196 1.809103 0.026444
 498.000000 0.105677 0.795773 2.111067 0.040148
 499.000000 0.156686 0.725072 1.994634 0.065305
 500.000000 0.122412 0.723878 1.933884 0.081848
