#! FIELDS time alpha rg e2e hbond
 0.000000 0.070806 0.624817 1.020355 0.003111
 1.000000 0.075547 0.645391 1.232837 0.003538
 2.000000 0.067954 0.691626 1.218792 0.003149
 3.000000 0.094608 0.691430 1.047599 0.004576
 4.000000 0.105878 0.686471 0.993224 0.009045
 5.000000 0.096314 0.681287 0.951986 0.005027
 6.000000 0.095683 0.683501 1.094711 0.005104
 7.000000 0.076824 0.663482 1.048004 0.003811
 8.000000 0.095621 0.663561 0.937030 0.004279
 9.000000 0.088799 0.657246 0.981064 0.004746
 10.000000 0.095702 0.657519 0.969459 0.006414
 11.000000 0.084979 0.705930 1.151449 0.005468
 12.000000 0.060993 0.693439 1.150897 0.003310
 13.000000 0.069531 0.731803 1.491713 0.004233
 14.000000 0.120864 0.667028 1.180883 0.018355
 15.000000 0.061879 0.648191 1.133660 0.003373
 16.000000 0.085971 0.657226 1.218915 0.004910
 17.000000 0.105282 0.609438 1.100001 0.004964
 18.000000 0.074398 0.653457 1.111854 0.003174
 19.000000 0.054614 0.710049 1.489857 0.002535
 20.000000 0.037438 0.775864 1.807062 0.001651
 21.000000 0.047626 0.788094 1.874378 0.003034
 22.000000 0.056870 0.765718 1.919935 0.004057
 23.000000 0.056075 0.760398 1.904477 0.003040
 24.000000 0.033543 0.811248 2.098762 0.001676
 25.000000 0.041411 0.786731 1.918526 0.002321
 26.000000 0.038932 0.744076 1.692470 0.002358
 27.000000 0.061405 0.721651 1.347796 0.003384
 28.000000 0.043170 0.800833 1.822160 0.002442
 29.000000 0.055395 0.803602 1.750955 0.003439
 30.000000 0.076474 0.728349 1.463594 0.005063
 31.000000 0.100688 0.701597 1.280136 0.006432
 32.000000 0.052076 0.769547 1.631632 0.003490
 33.000000 0.041982 0.805110 1.737470 0.002702
 34.000000 0.024453 0.870205 2.128177 0.002072
 35.000000 0.033228 0.835252 2.188733 0.003508
 36.000000 0.043940 0.806825 2.069340 0.004634
 37.000000 0.073738 0.801896 1.843506 0.005905
 38.000000 0.036660 0.814234 2.088559 0.003324
 39.000000 0.023721 0.861460 2.327267 0.002155
 40.000000 0.019276 0.887311 2.356850 0.002000
 41.000000 0.044419 0.809645 1.931761 0.003226
 42.000000 0.063865 0.828250 1.948941 0.004322
 43.000000 0.044196 0.813905 2.103998 0.008457
 44.000000 0.040865 0.800839 2.132191 0.005900
 45.000000 0.020157 0.882525 2.441065 0.001692
 46.000000 0.016030 0.919182 2.705185 0.001624
 47.000000 0.020127 0.887912 2.586833 0.001449
 48.000000 0.020394 0.880709 2.491335 0.002545
 49.000000 0.026397 0.830144 2.303764 0.002898
 50.000000 0.022149 0.821952 2.064396 0.003752
 51.000000 0.021836 0.892393 2.508976 0.003150
 52.000000 0.029803 0.837811 2.283892 0.003580
 53.000000 0.032402 0.816375 2.114596 0.003428
 54.000000 0.030489 0.815023 2.155201 0.004917
 55.000000 0.041542 0.740479 1.739824 0.004332
 56.000000 0.036183 0.788003 2.039487 0.004996
 57.000000 0.025633 0.828796 2.235483 0.002333
 58.000000 0.026230 0.875609 2.473933 0.003605
 59.000000 0.036609 0.801170 2.162758 0.003808
 60.000000 0.063160 0.784684 2.199428 0.010656
 61.000000 0.035162 0.799974 2.182410 0.003378
 62.000000 0.035866 0.802298 2.089108 0.004684
 63.000000 0.027919 0.836370 2.206673 0.002461
 64.000000 0.028737 0.841355 2.163488 0.005466
 65.000000 0.028158 0.864601 2.280485 0.004271
 66.000000 0.035579 0.814466 2.120458 0.003871
 67.000000 0.033748 0.830842 2.174062 0.003370
 68.000000 0.029727 0.825837 2.135496 0.003529
 69.000000 0.017531 0.869806 2.301523 0.001277
 70.000000 0.042123 0.815947 2.114828 0.003867
 71.000000 0.049111 0.778739 1.820660 0.007565
 72.000000 0.028966 0.811566 1.994396 0.002179
 73.000000 0.038678 0.803530 2.090219 0.003794
 74.000000 0.031713 0.840238 2.362256 0.004738
 75.000000 0.025500 0.862664 2.244205 0.002114
 76.000000 0.030830 0.808363 2.067217 0.002459
 77.000000 0.043601 0.760891 1.928257 0.003149
 78.000000 0.043397 0.793007 1.913876 0.006350
 79.000000 0.028209 0.830859 2.196424 0.002825
 80.000000 0.028507 0.806210 2.061778 0.002567
 81.000000 0.020279 0.864984 2.292104 0.001754
 82.000000 0.043199 0.836206 2.294251 0.005236
 83.000000 0.029606 0.887218 2.529175 0.002828
 84.000000 0.019416 0.909117 2.612740 0.001958
 85.000000 0.019874 0.878509 2.501190 0.001748
 86.000000 0.036851 0.815013 2.187862 0.003030
 87.000000 0.023870 0.806655 2.025679 0.002225
 88.000000 0.030385 0.810131 1.997586 0.003758
 89.000000 0.047324 0.789994 2.090617 0.004106
 90.000000 0.049724 0.783871 1.944335 0.005399
 91.000000 0.043829 0.770363 1.956379 0.005088
 92.000000 0.035498 0.770454 1.910408 0.004362
 93.000000 0.040877 0.797524 2.072327 0.005223
 94.000000 0.038450 0.801469 2.216639 0.003390
 95.000000 0.030624 0.841893 2.331541 0.002033
 96.000000 0.022233 0.879522 2.464793 0.001850
 97.000000 0.022931 0.852153 2.369648 0.001890
 98.000000 0.041046 0.814628 2.262735 0.003591
 99.000000 0.019168 0.882805 2.445314 0.001986
 100.000000 0.035020 0.831809 2.253062 0.003262
 101.000000 0.024656 0.897583 2.596982 0.002993
 102.000000 0.021476 0.881198 2.497570 0.002369
 103.000000 0.026197 0.853644 2.304433 0.002234
 104.000000 0.032733 0.844779 2.291038 0.002612
 105.000000 0.051455 0.798240 1.990832 0.011884
 106.000000 0.056517 0.813373 2.165057 0.005836
 107.000000 0.033763 0.858441 2.383274 0.003020
 108.000000 0.030119 0.876454 2.510784 0.002823
 109.000000 0.023244 0.877533 2.445922 0.002246
 110.000000 0.033218 0.826324 2.153636 0.003640
 111.000000 0.061240 0.768059 1.960460 0.006609
 112.000000 0.043034 0.758763 1.926658 0.005439
 113.000000 0.052702 0.760591 1.773104 0.010324
 114.000000 0.061459 0.731722 1.610388 0.005420
 115.000000 0.043865 0.760593 1.730800 0.004135
 116.000000 0.034129 0.796226 2.030469 0.003990
 117.000000 0.042540 0.768073 1.746568 0.005759
 118.000000 0.029224 0.800551 1.992924 0.002760
 119.000000 0.035592 0.789164 1.912370 0.002549
 120.000000 0.043690 0.755533 1.714484 0.003475
 121.000000 0.045356 0.769857 1.925275 0.005377
 122.000000 0.050199 0.791128 1.988352 0.006991
 123.000000 0.029523 0.804727 2.064125 0.002735
 124.000000 0.037052 0.811172 2.166135 0.003616
 125.000000 0.039715 0.817549 2.159095 0.003663
 126.000000 0.051489 0.769221 1.911836 0.004130
 127.000000 0.030311 0.834397 2.203222 0.002668
 128.000000 0.030458 0.817612 2.196894 0.002902
 129.000000 0.019495 0.859260 2.329332 0.002622
 130.000000 0.012678 0.876894 2.153164 0.001042
 131.000000 0.011593 0.889866 2.308666 0.001058
 132.000000 0.012630 0.894962 2.315494 0.001038
 133.000000 0.010482 0.924690 2.417496 0.001090
 134.000000 0.012211 0.928058 2.463184 0.001106
 135.000000 0.011106 0.942792 2.622854 0.001224
 136.000000 0.016247 0.902865 2.365290 0.001251
 137.000000 0.012609 0.928725 2.448837 0.001114
 138.000000 0.009724 0.969863 2.675612 0.000912
 139.000000 0.018070 0.924597 2.618481 0.001794
 140.000000 0.034560 0.866259 2.542609 0.002816
 141.000000 0.018448 0.908137 2.636921 0.001941
 142.000000 0.012902 0.944339 2.652105 0.001156
 143.000000 0.013548 0.914560 2.621606 0.001534
 144.000000 0.020015 0.918839 2.664339 0.002382
 145.000000 0.015958 0.926578 2.629140 0.001390
 146.000000 0.011695 0.957781 2.824040 0.001338
 147.000000 0.008218 0.999119 2.933867 0.000926
 148.000000 0.011868 0.972124 2.810123 0.001180
 149.000000 0.010446 0.984976 2.815066 0.000938
 150.000000 0.010027 0.986559 2.915482 0.001076
 151.000000 0.008294 0.996597 2.850066 0.000751
 152.000000 0.008294 0.997627 2.895628 0.000789
 153.000000 0.011264 0.955370 2.756184 0.001094
 154.000000 0.014763 0.940064 2.685767 0.001324
 155.000000 0.012595 0.941925 2.617400 0.001284
 156.000000 0.014320 0.899815 2.443429 0.001560
 157.000000 0.035716 0.836673 2.249712 0.003675
 158.000000 0.013759 0.907845 2.427889 0.001219
 159.000000 0.016378 0.883264 2.415787 0.001345
 160.000000 0.013931 0.903322 2.593107 0.001241
 161.000000 0.016035 0.878602 2.405030 0.001319
 162.000000 0.017534 0.861511 2.230162 0.001417
 163.000000 0.019577 0.822650 2.095333 0.001585
 164.000000 0.015909 0.884651 2.215061 0.001243
 165.000000 0.013451 0.893965 2.243195 0.001331
 166.000000 0.018095 0.827152 1.959399 0.001525
 167.000000 0.012720 0.880075 2.289919 0.001121
 168.000000 0.015995 0.832577 1.949095 0.001293
 169.000000 0.018527 0.841900 2.100887 0.001351
 170.000000 0.018277 0.859093 2.342509 0.001343
 171.000000 0.018469 0.835614 2.131884 0.001507
 172.000000 0.014876 0.914153 2.430914 0.001066
 173.000000 0.011543 0.954893 2.720170 0.000825
 174.000000 0.012284 0.928113 2.451188 0.001035
 175.000000 0.016283 0.878636 2.096918 0.001193
 176.000000 0.013931 0.896063 2.301833 0.001177
 177.000000 0.016306 0.902716 2.531648 0.001404
 178.000000 0.012713 0.924198 2.574904 0.001066
 179.000000 0.011077 0.944311 2.690440 0.001055
 180.000000 0.013783 0.908307 2.435523 0.001129
 181.000000 0.011823 0.928873 2.551904 0.001112
 182.000000 0.011509 0.953377 2.556837 0.001094
 183.000000 0.010219 0.944435 2.482536 0.000826
 184.000000 0.011643 0.932269 2.581613 0.001102
 185.000000 0.014271 0.871573 2.127929 0.001143
 186.000000 0.013769 0.864746 2.142406 0.001028
 187.000000 0.012939 0.863107 2.133527 0.001175
 188.000000 0.017915 0.866090 2.229504 0.001804
 189.000000 0.013211 0.914367 2.444577 0.001187
 190.000000 0.017202 0.884088 2.419171 0.001490
 191.000000 0.016813 0.910415 2.457112 0.001481
 192.000000 0.014236 0.927702 2.452834 0.001416
 193.000000 0.020536 0.885847 2.399738 0.001822
 194.000000 0.014569 0.913492 2.465258 0.001223
 195.000000 0.013307 0.926389 2.563408 0.001360
 196.000000 0.014773 0.963465 2.748817 0.001290
 197.000000 0.011744 0.967379 2.754948 0.001129
 198.000000 0.016817 0.936572 2.675692 0.001921
 199.000000 0.015025 0.942779 2.734944 0.001720
 200.000000 0.012354 0.960448 2.826816 0.001208
 201.000000 0.012944 0.962282 2.781683 0.001197
 202.000000 0.020549 0.920568 2.683351 0.001873
 203.000000 0.019070 0.911365 2.586218 0.001742
 204.000000 0.017251 0.927713 2.600489 0.001659
 205.000000 0.015059 0.936464 2.674053 0.001451
 206.000000 0.009700 0.959917 2.688585 0.000785
 207.000000 0.014095 0.925220 2.523549 0.001330
 208.000000 0.009468 0.993603 2.865830 0.000934
 209.000000 0.012177 0.949758 2.720214 0.000988
 210.000000 0.010863 0.984497 2.849041 0.001054
 211.000000 0.011545 0.980127 2.854957 0.001065
 212.000000 0.011741 0.958399 2.860035 0.001287
 213.000000 0.027689 0.869983 2.581123 0.002984
 214.000000 0.034660 0.850270 2.312092 0.003302
 215.000000 0.050762 0.793792 2.006626 0.007880
 216.000000 0.038466 0.828093 2.184644 0.003616
 217.000000 0.024363 0.865450 2.404362 0.002042
 218.000000 0.038717 0.818397 2.040424 0.003164
 219.000000 0.032132 0.835558 2.221423 0.003493
 220.000000 0.019673 0.864276 2.317355 0.001960
 221.000000 0.023794 0.841883 2.366705 0.002699
 222.000000 0.022928 0.863145 2.405113 0.002319
 223.000000 0.022673 0.875318 2.475426 0.002198
 224.000000 0.036414 0.864494 2.459172 0.003235
 225.000000 0.023225 0.876933 2.476819 0.002308
 226.000000 0.022923 0.870224 2.286155 0.002241
 227.000000 0.030039 0.843929 2.235061 0.002339
 228.000000 0.024350 0.835191 2.080438 0.002303
 229.000000 0.025297 0.843236 2.043774 0.002601
 230.000000 0.040185 0.840915 2.130185 0.009968
 231.000000 0.022713 0.864880 2.325231 0.002557
 232.000000 0.040495 0.811801 2.091159 0.005008
 233.000000 0.032034 0.849064 2.205944 0.002824
 234.000000 0.038322 0.834103 2.245265 0.003711
 235.000000 0.027824 0.860513 2.163789 0.002426
 236.000000 0.029785 0.804976 1.783223 0.004334
 237.000000 0.033226 0.813111 1.770506 0.004590
 238.000000 0.019706 0.842099 2.038288 0.001774
 239.000000 0.023365 0.813677 1.988292 0.002483
 240.000000 0.036332 0.811997 1.869468 0.009170
 241.000000 0.022450 0.808668 1.874371 0.002032
 242.000000 0.026825 0.778385 1.670924 0.002691
 243.000000 0.036324 0.777233 1.713737 0.004689
 244.000000 0.022793 0.824983 2.046345 0.002506
 245.000000 0.033344 0.793879 1.919121 0.003032
 246.000000 0.024897 0.873039 2.333000 0.003110
 247.000000 0.027416 0.847613 2.291453 0.003440
 248.000000 0.020916 0.894345 2.535574 0.002420
 249.000000 0.023622 0.888745 2.466828 0.002468
 250.000000 0.050210 0.830289 2.213318 0.008922
 251.000000 0.025815 0.838027 2.335350 0.002632
 252.000000 0.029974 0.866319 2.375813 0.004897
 253.000000 0.024769 0.898401 2.517385 0.003126
 254.000000 0.032520 0.869630 2.410485 0.003336
 255.000000 0.048305 0.834804 2.240616 0.005689
 256.000000 0.029498 0.868836 2.485921 0.003324
 257.000000 0.043074 0.785822 1.930972 0.004018
 258.000000 0.034905 0.816440 1.902775 0.003352
 259.000000 0.023899 0.810839 1.670979 0.002749
 260.000000 0.015000 0.847814 1.907815 0.001773
 261.000000 0.026734 0.796559 1.695791 0.003207
 262.000000 0.019630 0.815408 1.819977 0.002814
 263.000000 0.020659 0.847767 2.050501 0.002675
 264.000000 0.033114 0.803103 1.845598 0.005498
 265.000000 0.027887 0.842153 2.004981 0.002500
 266.000000 0.014338 0.909166 2.389259 0.001365
 267.000000 0.015051 0.879511 2.147530 0.001296
 268.000000 0.013122 0.902248 2.396914 0.001220
 269.000000 0.011691 0.934835 2.673867 0.001275
 270.000000 0.011017 0.964753 2.836763 0.000998
 271.000000 0.028757 0.859607 2.438856 0.002769
 272.000000 0.023818 0.877501 2.446522 0.002314
 273.000000 0.021578 0.881002 2.346321 0.002236
 274.000000 0.019900 0.890972 2.524251 0.002585
 275.000000 0.017730 0.888941 2.500578 0.001547
 276.000000 0.017534 0.887874 2.552428 0.001871
 277.000000 0.014867 0.912744 2.653025 0.001430
 278.000000 0.014823 0.905825 2.628558 0.001210
 279.000000 0.013903 0.915834 2.609955 0.001632
 280.000000 0.019141 0.868223 2.358511 0.001648
 281.000000 0.014736 0.918184 2.527837 0.001498
 282.000000 0.012442 0.932330 2.634844 0.001281
 283.000000 0.007357 0.999584 2.875831 0.000939
 284.000000 0.009218 0.991959 2.881962 0.000936
 285.000000 0.011434 0.953196 2.747339 0.001246
 286.000000 0.009324 0.968302 2.767156 0.000949
 287.000000 0.011069 0.961975 2.731988 0.001141
 288.000000 0.011300 0.959841 2.763492 0.001159
 289.000000 0.017463 0.914036 2.626108 0.001865
 290.000000 0.013349 0.948360 2.742404 0.001314
 291.000000 0.018937 0.929293 2.748539 0.001890
 292.000000 0.009728 0.989381 2.918413 0.000914
 293.000000 0.013051 0.961108 2.824203 0.001172
 294.000000 0.012618 0.963977 2.808690 0.001138
 295.000000 0.018052 0.925792 2.690227 0.001872
 296.000000 0.013136 0.936745 2.671576 0.001189
 297.000000 0.016251 0.921550 2.589094 0.001537
 298.000000 0.013198 0.903362 2.479820 0.001095
 299.000000 0.010625 0.943343 2.574831 0.000967
 300.000000 0.012959 0.934134 2.652943 0.001250
 301.000000 0.011425 0.937920 2.657792 0.000940
 302.000000 0.007746 0.999937 2.744930 0.000694
 303.000000 0.012308 0.942811 2.644720 0.001094
 304.000000 0.017208 0.885667 2.419156 0.001548
 305.000000 0.016245 0.886626 2.355120 0.001325
 306.000000 0.018102 0.889109 2.400066 0.001851
 307.000000 0.018985 0.889698 2.477427 0.001850
 308.000000 0.015970 0.941787 2.715892 0.001548
 309.000000 0.012482 0.949248 2.704585 0.001420
 310.000000 0.012675 0.947699 2.708637 0.001384
 311.000000 0.013989 0.949495 2.752767 0.001441
 312.000000 0.011497 0.964605 2.760376 0.001043
 313.000000 0.012975 0.944677 2.525968 0.001391
 314.000000 0.014021 0.942113 2.579096 0.001205
 315.000000 0.015518 0.893708 2.452402 0.001346
 316.000000 0.013579 0.902820 2.480077 0.001243
 317.000000 0.012347 0.907305 2.462550 0.001078
 318.000000 0.013677 0.858957 2.187396 0.001060
 319.000000 0.015087 0.871966 1.900137 0.002547
 320.000000 0.018921 0.859099 1.867755 0.004628
 321.000000 0.025926 0.830779 1.809487 0.008651
 322.000000 0.017764 0.868515 2.030913 0.004242
 323.000000 0.017801 0.879475 2.068648 0.003256
 324.000000 0.022126 0.865430 2.177978 0.003005
 325.000000 0.010477 0.943693 2.428166 0.000757
 326.000000 0.020485 0.876684 2.230260 0.003852
 327.000000 0.015605 0.898295 2.362380 0.001728
 328.000000 0.028685 0.857032 2.310789 0.005635
 329.000000 0.023954 0.877552 2.410694 0.002958
 330.000000 0.022164 0.876669 2.290030 0.003516
 331.000000 0.022348 0.891706 2.218396 0.006807
 332.000000 0.029331 0.841567 1.929032 0.007675
 333.000000 0.018739 0.894629 2.295051 0.003402
 334.000000 0.026790 0.877354 1.992833 0.018088
 335.000000 0.025282 0.860360 2.114431 0.004204
 336.000000 0.030854 0.872661 2.110391 0.011756
 337.000000 0.027993 0.859716 2.153193 0.004734
 338.000000 0.028048 0.841526 1.940826 0.008486
 339.000000 0.024725 0.859451 2.034805 0.004904
 340.000000 0.020325 0.877946 2.300885 0.003266
 341.000000 0.012828 0.921888 2.427158 0.001657
 342.000000 0.016103 0.885564 2.235484 0.001907
 343.000000 0.017085 0.884715 2.316544 0.002703
 344.000000 0.017262 0.877051 2.237522 0.003027
 345.000000 0.015485 0.862430 2.058361 0.002618
 346.000000 0.029768 0.777324 1.562855 0.003328
 347.000000 0.033549 0.754666 1.435053 0.003465
 348.000000 0.050613 0.717213 1.336535 0.004860
 349.000000 0.052500 0.725806 1.371893 0.005952
 350.000000 0.047087 0.741664 1.462625 0.006481
 351.000000 0.029476 0.778748 1.635412 0.004335
 352.000000 0.030037 0.782673 1.670612 0.004762
 353.000000 0.041587 0.748045 1.493697 0.004578
 354.000000 0.037941 0.760303 1.610249 0.004818
 355.000000 0.032993 0.795450 1.982506 0.003526
 356.000000 0.037535 0.783461 2.045608 0.003853
 357.000000 0.016636 0.826446 1.969998 0.002161
 358.000000 0.023516 0.836781 2.244787 0.003047
 359.000000 0.038471 0.808178 1.900922 0.003525
 360.000000 0.019103 0.846229 1.966314 0.001924
 361.000000 0.027663 0.808456 1.793752 0.002496
 362.000000 0.027664 0.799271 1.770293 0.003421
 363.000000 0.036659 0.767167 1.675158 0.004856
 364.000000 0.035053 0.748497 1.483202 0.005603
 365.000000 0.044539 0.741948 1.548312 0.006893
 366.000000 0.037065 0.731988 1.434821 0.003715
 367.000000 0.047622 0.736572 1.475538 0.010994
 368.000000 0.031282 0.754411 1.572634 0.003797
 369.000000 0.061190 0.721612 1.573974 0.006562
 370.000000 0.033297 0.758007 1.639210 0.003684
 371.000000 0.041929 0.742927 1.685303 0.005404
 372.000000 0.036326 0.777731 1.850976 0.010831
 373.000000 0.024897 0.800349 1.942964 0.004911
 374.000000 0.041978 0.738345 1.612999 0.005646
 375.000000 0.027361 0.803568 2.048679 0.002690
 376.000000 0.024062 0.786244 1.834540 0.002619
 377.000000 0.042721 0.752624 1.807981 0.006079
 378.000000 0.037758 0.762957 2.034590 0.005321
 379.000000 0.032708 0.785835 2.049588 0.004831
 380.000000 0.030115 0.792354 2.015867 0.004576
 381.000000 0.041815 0.781154 1.992421 0.004968
 382.000000 0.037712 0.741331 1.662586 0.003745
 383.000000 0.027096 0.813103 1.898446 0.002532
 384.000000 0.029767 0.805657 1.856920 0.001723
 385.000000 0.032703 0.806535 2.004545 0.001904
 386.000000 0.033660 0.805546 1.893840 0.002416
 387.000000 0.044541 0.771689 1.689000 0.003245
 388.000000 0.032856 0.774275 1.931102 0.002377
 389.000000 0.023482 0.855340 2.340037 0.002126
 390.000000 0.029398 0.839549 2.253990 0.001983
 391.000000 0.028394 0.823935 1.968386 0.002650
 392.000000 0.029719 0.825002 2.192214 0.001987
 393.000000 0.015663 0.909760 2.377372 0.002007
 394.000000 0.028756 0.841576 2.160385 0.002104
 395.000000 0.020289 0.890039 2.433844 0.002251
 396.000000 0.019384 0.860991 2.090790 0.001686
 397.000000 0.014873 0.902495 2.212618 0.001271
 398.000000 0.021639 0.870928 2.113564 0.001850
 399.000000 0.028899 0.812208 1.718118 0.003610
 400.000000 0.021389 0.822353 1.760639 0.001913
 401.000000 0.018775 0.848512 1.854819 0.001795
 402.000000 0.027182 0.785892 1.499228 0.001767
 403.000000 0.025972 0.783442 1.512017 0.002475
 404.000000 0.025936 0.813380 1.869286 0.002581
 405.000000 0.025298 0.791270 1.639174 0.001919
 406.000000 0.026127 0.773331 1.639544 0.001452
 407.000000 0.024549 0.808887 1.786324 0.001776
 408.000000 0.021418 0.834733 1.847432 0.002328
 409.000000 0.027462 0.785234 1.567393 0.002391
 410.000000 0.035081 0.743020 1.512603 0.003322
 411.000000 0.045092 0.673763 0.967802 0.004441
 412.000000 0.035583 0.752579 1.509165 0.003721
 413.000000 0.021981 0.800297 1.747641 0.002140
 414.000000 0.037940 0.761573 1.548954 0.005296
 415.000000 0.030953 0.801615 1.922070 0.002853
 416.000000 0.032106 0.760447 1.672014 0.002796
 417.000000 0.045941 0.758293 1.656917 0.004068
 418.000000 0.032183 0.778395 1.794239 0.003491
 419.000000 0.033379 0.747080 1.603063 0.002570
 420.000000 0.035618 0.716846 1.441540 0.003772
 421.000000 0.042685 0.712249 1.500201 0.003826
 422.000000 0.052338 0.663101 1.282814 0.004016
 423.000000 0.028842 0.747464 1.536444 0.002677
 424.000000 0.040707 0.732194 1.550732 0.004563
 425.000000 0.025759 0.785376 1.969267 0.002680
 426.000000 0.042664 0.757377 1.867009 0.004459
 427.000000 0.036384 0.770934 1.873483 0.002259
 428.000000 0.036020 0.803090 1.977673 0.003238
 429.000000 0.025784 0.836916 2.143476 0.002773
 430.000000 0.034088 0.786671 1.857310 0.002209
 431.000000 0.025053 0.803245 1.915349 0.002365
 432.000000 0.038519 0.786765 1.987876 0.004194
 433.000000 0.027544 0.817013 1.924852 0.003107
 434.000000 0.018960 0.880977 2.327068 0.002262
 435.000000 0.041477 0.824072 2.342963 0.003944
 436.000000 0.025052 0.852879 2.359767 0.003144
 437.000000 0.025361 0.847943 2.332261 0.002489
 438.000000 0.027886 0.862520 2.430808 0.003049
 439.000000 0.023974 0.866739 2.363401 0.002007
 440.000000 0.022616 0.878155 2.476066 0.002085
 441.000000 0.021746 0.887438 2.536564 0.002529
 442.000000 0.016057 0.918316 2.602143 0.001963
 443.000000 0.014550 0.928545 2.597058 0.001686
 444.000000 0.012195 0.924906 2.501635 0.001488
 445.000000 0.009764 0.952641 2.609632 0.001001
 446.000000 0.009896 0.961720 2.562540 0.000878
 447.000000 0.011447 0.960821 2.495337 0.000938
 448.000000 0.012852 0.920152 2.417898 0.001443
 449.000000 0.011791 0.943463 2.497142 0.001117
 450.000000 0.011034 0.928767 2.550473 0.000943
 451.000000 0.018414 0.880182 2.380794 0.002017
 452.000000 0.048165 0.817327 2.197824 0.005966
 453.000000 0.041210 0.811391 2.164697 0.005213
 454.000000 0.061236 0.796720 2.107262 0.006693
 455.000000 0.019579 0.908354 2.543079 0.002665
 456.000000 0.015580 0.938499 2.701249 0.001768
 457.000000 0.015628 0.945367 2.710790 0.001575
 458.000000 0.013429 0.945388 2.671569 0.001468
 459.000000 0.016748 0.926460 2.652914 0.001653
 460.000000 0.016954 0.930896 2.714848 0.001698
 461.000000 0.013532 0.948873 2.791758 0.001188
 462.000000 0.016805 0.936472 2.710285 0.001515
 463.000000 0.014950 0.939596 2.632145 0.001157
 464.000000 0.014256 0.952593 2.682021 0.001289
 465.000000 0.015525 0.930474 2.667954 0.001586
 466.000000 0.008484 0.991498 2.821433 0.000786
 467.000000 0.011764 0.954582 2.752266 0.001048
 468.000000 0.014050 0.957403 2.803065 0.001272
 469.000000 0.017629 0.926942 2.688854 0.001842
 470.000000 0.019018 0.892923 2.492989 0.001911
 471.000000 0.017587 0.897757 2.564033 0.001560
 472.000000 0.010339 0.976008 2.753778 0.000931
 473.000000 0.012914 0.930103 2.625949 0.001242
 474.000000 0.009307 0.991375 2.819999 0.000816
 475.000000 0.012159 0.916557 2.534685 0.001013
 476.000000 0.010827 0.956790 2.756284 0.001024
 477.000000 0.013453 0.926788 2.699707 0.001123
 478.000000 0.012825 0.952786 2.704064 0.001117
 479.000000 0.012881 0.950419 2.767304 0.001316
 480.000000 0.014157 0.936520 2.680886 0.001539
 481.000000 0.012452 0.962806 2.782580 0.001268
 482.000000 0.013421 0.942203 2.745948 0.001334
 483.000000 0.011386 0.955752 2.688507 0.001123
 484.000000 0.013521 0.937732 2.657906 0.001406
 485.000000 0.012871 0.941227 2.715117 0.001349
 486.000000 0.015553 0.931860 2.689879 0.001377
 487.000000 0.015036 0.931797 2.676195 0.001300
 488.000000 0.015900 0.930526 2.669547 0.001427
 489.000000 0.013495 0.940452 2.625548 0.001241
 490.000000 0.013833 0.941755 2.700231 0.001218
 491.000000 0.012226 0.961404 2.718792 0.001045
 492.000000 0.010717 0.971589 2.737461 0.000867
 493.000000 0.018901 0.926125 2.618505 0.001817
 494.000000 0.017028 0.943558 2.737563 0.001653
 495.000000 0.010592 0.984800 2.871742 0.001095
 496.000000 0.013263 0.949881 2.754889 0.001334
 497.000000 0.017750 0.937542 2.750938 0.002104
 498.000000 0.015687 0.938148 2.698938 0.001391
 499.000000 0.013839 0.935758 2.723489 0.001315
 500.000000 0.016371 0.905456 2.589147 0.001758
