#! FIELDS time alpha rg e2e hbond
 0.000000 0.035451 0.836793 2.401513 0.007705
 1.000000 0.032387 0.841929 2.439604 0.007439
 2.000000 0.029173 0.865220 2.458361 0.004214
 3.000000 0.039237 0.812131 2.243029 0.004635
 4.000000 0.035573 0.844055 2.318527 0.004109
 5.000000 0.043456 0.801700 2.090539 0.004711
 6.000000 0.052550 0.757171 2.056459 0.004907
 7.000000 0.035633 0.804762 2.192092 0.004248
 8.000000 0.014919 0.883585 2.314370 0.001782
 9.000000 0.029523 0.847058 2.359962 0.004068
 10.000000 0.022010 0.854576 2.315205 0.002058
 11.000000 0.018440 0.887930 2.453809 0.002115
 12.000000 0.022714 0.862586 2.439642 0.003891
 13.000000 0.023108 0.887523 2.517107 0.002140
 14.000000 0.024944 0.868254 2.474833 0.002964
 15.000000 0.019239 0.881055 2.487743 0.002097
 16.000000 0.025280 0.870033 2.458523 0.002720
 17.000000 0.030961 0.852703 2.459545 0.001962
 18.000000 0.045667 0.791832 2.162303 0.003455
 19.000000 0.024197 0.878297 2.452151 0.001440
 20.000000 0.020860 0.878866 2.403179 0.002758
 21.000000 0.060973 0.798937 2.177501 0.009778
 22.000000 0.043800 0.781753 2.032726 0.008186
 23.000000 0.095245 0.767987 2.119737 0.011546
 24.000000 0.065218 0.753109 1.854332 0.011303
 25.000000 0.105909 0.759940 1.962452 0.012964
 26.000000 0.108322 0.737002 1.854311 0.008191
 27.000000 0.061025 0.739772 1.815987 0.007970
 28.000000 0.106262 0.705244 1.780476 0.020340
 29.000000 0.069840 0.739628 1.810835 0.009618
 30.000000 0.068349 0.711610 1.715739 0.006802
 31.000000 0.065633 0.718435 1.643828 0.007646
 32.000000 0.057654 0.750575 1.841623 0.004639
 33.000000 0.050894 0.712945 1.434957 0.004417
 34.000000 0.055669 0.698988 1.533857 0.004614
 35.000000 0.083154 0.689212 1.672700 0.004577
 36.000000 0.069436 0.703822 1.536853 0.005501
 37.000000 0.047423 0.768277 1.907579 0.003445
 38.000000 0.054072 0.706203 1.458615 0.004894
 39.000000 0.093165 0.647791 1.076165 0.007141
 40.000000 0.066930 0.679170 1.274462 0.005829
 41.000000 0.051567 0.705508 1.326986 0.003745
 42.000000 0.049595 0.709540 1.351138 0.004861
 43.000000 0.034970 0.735250 1.514519 0.004024
 44.000000 0.045609 0.705177 1.450083 0.005233
 45.000000 0.037211 0.740205 1.691854 0.004202
 46.000000 0.044906 0.772365 1.853514 0.005599
 47.000000 0.038946 0.751410 1.705190 0.003779
 48.000000 0.054768 0.686119 1.307693 0.003779
 49.000000 0.038447 0.746456 1.600188 0.002404
 50.000000 0.027912 0.806500 2.013716 0.002469
 51.000000 0.043416 0.773861 1.799754 0.003368
 52.000000 0.047696 0.755595 1.745343 0.003982
 53.000000 0.047113 0.736843 1.623482 0.005584
 54.000000 0.038537 0.765674 1.897047 0.002771
 55.000000 0.028795 0.802109 1.967905 0.004156
 56.000000 0.026979 0.830162 2.140359 0.004602
 57.000000 0.032087 0.807165 2.045806 0.006145
 58.000000 0.033333 0.789415 1.829270 0.006866
 59.000000 0.046118 0.728260 1.555905 0.006218
 60.000000 0.035017 0.735649 1.544241 0.004994
 61.000000 0.023019 0.828942 2.129862 0.003525
 62.000000 0.033206 0.806056 2.110268 0.003559
 63.000000 0.027661 0.819698 2.147407 0.002386
 64.000000 0.035748 0.804112 2.086897 0.003430
 65.000000 0.055548 0.733261 1.629037 0.008377
 66.000000 0.063220 0.791771 2.099491 0.006353
 67.000000 0.037449 0.805112 2.126344 0.010340
 68.000000 0.028299 0.846880 2.228946 0.003956
 69.000000 0.042598 0.792492 2.023008 0.004402
 70.000000 0.056996 0.766802 1.926387 0.007749
 71.000000 0.030786 0.824493 2.154644 0.006286
 72.000000 0.036926 0.797594 2.077420 0.005261
 73.000000 0.031138 0.784188 1.914772 0.005124
 74.000000 0.045941 0.772552 1.929030 0.004941
 75.000000 0.034698 0.827042 2.201706 0.003672
 76.000000 0.045798 0.762174 1.806064 0.011909
 77.000000 0.039905 0.793791 1.968271 0.013691
 78.000000 0.041770 0.831840 2.257341 0.007744
 79.000000 0.025268 0.883330 2.526121 0.003121
 80.000000 0.021687 0.881551 2.431911 0.002962
 81.000000 0.021814 0.892006 2.499089 0.004106
 82.000000 0.015021 0.914186 2.554899 0.002309
 83.000000 0.011425 0.956074 2.708218 0.001812
 84.000000 0.011960 0.932619 2.564836 0.001407
 85.000000 0.016651 0.923111 2.593722 0.001372
 86.000000 0.017827 0.897500 2.408930 0.002331
 87.000000 0.017106 0.906832 2.449829 0.001939
 88.000000 0.018783 0.890252 2.488685 0.002232
 89.000000 0.030628 0.857744 2.485790 0.002657
 90.000000 0.022123 0.868482 2.360511 0.002143
 91.000000 0.027192 0.822738 2.196065 0.003295
 92.000000 0.029933 0.848238 2.350224 0.003504
 93.000000 0.024156 0.856328 2.387306 0.001868
 94.000000 0.018905 0.888151 2.485815 0.002142
 95.000000 0.016933 0.895562 2.551688 0.002300
 96.000000 0.020142 0.879086 2.486516 0.002360
 97.000000 0.022168 0.897347 2.607737 0.002850
 98.000000 0.017412 0.919495 2.688482 0.002013
 99.000000 0.015078 0.932166 2.737883 0.001735
 100.000000 0.018814 0.908684 2.620878 0.002055
 101.000000 0.020659 0.897757 2.610811 0.002498
 102.000000 0.021721 0.875047 2.371318 0.002858
 103.000000 0.021582 0.873446 2.359262 0.003271
 104.000000 0.026326 0.853374 2.265131 0.003303
 105.000000 0.038332 0.792606 1.994328 0.003415
 106.000000 0.033650 0.824764 2.223088 0.011132
 107.000000 0.021041 0.882068 2.476704 0.003908
 108.000000 0.018361 0.907947 2.663223 0.001848
 109.000000 0.021050 0.882032 2.517177 0.001994
 110.000000 0.016663 0.908874 2.543909 0.001768
 111.000000 0.018483 0.892563 2.399935 0.004395
 112.000000 0.027918 0.817085 2.164645 0.003902
 113.000000 0.048609 0.751579 1.935433 0.004663
 114.000000 0.030628 0.775835 1.911013 0.006100
 115.000000 0.044746 0.789812 2.049054 0.003604
 116.000000 0.034453 0.796212 2.109012 0.005947
 117.000000 0.030525 0.781831 1.910971 0.004003
 118.000000 0.040140 0.749521 1.847525 0.010186
 119.000000 0.024784 0.807961 1.994527 0.002284
 120.000000 0.043634 0.738524 1.820223 0.004409
 121.000000 0.028371 0.746675 1.697931 0.004459
 122.000000 0.027471 0.784188 1.737680 0.002890
 123.000000 0.051555 0.713605 1.610101 0.007793
 124.000000 0.041438 0.724912 1.600560 0.007655
 125.000000 0.040570 0.779474 1.933424 0.005782
 126.000000 0.047473 0.753371 1.806109 0.005221
 127.000000 0.033990 0.721376 1.485499 0.003475
 128.000000 0.052011 0.726900 1.667377 0.008445
 129.000000 0.039487 0.709773 1.466554 0.003919
 130.000000 0.031734 0.789825 1.873855 0.004525
 131.000000 0.022932 0.822439 1.955579 0.003315
 132.000000 0.029831 0.780536 1.871028 0.003973
 133.000000 0.023962 0.809900 2.079663 0.003475
 134.000000 0.026453 0.814838 2.121581 0.002447
 135.000000 0.020733 0.838711 2.209633 0.002372
 136.000000 0.023623 0.842831 2.248754 0.002671
 137.000000 0.027694 0.807233 2.082745 0.002249
 138.000000 0.025852 0.803547 1.998332 0.003808
 139.000000 0.019028 0.831238 1.996209 0.004330
 140.000000 0.015591 0.836624 2.043691 0.003188
 141.000000 0.028098 0.794559 1.882060 0.004656
 142.000000 0.028973 0.787316 1.845866 0.003076
 143.000000 0.024865 0.853527 2.246134 0.003385
 144.000000 0.026611 0.835114 2.239044 0.002533
 145.000000 0.023968 0.812103 1.988814 0.005807
 146.000000 0.022356 0.807603 2.023592 0.003193
 147.000000 0.033358 0.797864 2.057301 0.006011
 148.000000 0.029576 0.806706 2.146008 0.002810
 149.000000 0.022937 0.815906 2.171716 0.003567
 150.000000 0.024890 0.844292 2.243024 0.004656
 151.000000 0.032945 0.809867 2.256675 0.003461
 152.000000 0.027447 0.816986 2.250670 0.002984
 153.000000 0.023222 0.857414 2.361794 0.002909
 154.000000 0.019211 0.881126 2.436352 0.003279
 155.000000 0.014457 0.881514 2.405639 0.002040
 156.000000 0.017536 0.818651 2.060144 0.002763
 157.000000 0.013055 0.873352 2.276693 0.001831
 158.000000 0.024914 0.809678 2.010871 0.003170
 159.000000 0.038289 0.750444 1.687591 0.005255
 160.000000 0.038376 0.678471 1.231330 0.003661
 161.000000 0.038314 0.671567 1.123742 0.005443
 162.000000 0.035725 0.758419 1.853999 0.005612
 163.000000 0.016641 0.830399 2.022733 0.002567
 164.000000 0.027640 0.827027 2.213446 0.005349
 165.000000 0.017291 0.919857 2.598128 0.003237
 166.000000 0.025248 0.843367 2.246479 0.004508
 167.000000 0.022448 0.837130 2.097715 0.005492
 168.000000 0.017566 0.848547 2.127606 0.003719
 169.000000 0.029220 0.813438 2.137615 0.003550
 170.000000 0.027819 0.797993 2.004919 0.003326
 171.000000 0.031640 0.776724 1.894761 0.012012
 172.000000 0.024652 0.828459 2.156866 0.002291
 173.000000 0.025597 0.845982 2.300758 0.002694
 174.000000 0.030660 0.848826 2.289253 0.003829
 175.000000 0.025231 0.830031 2.207533 0.002602
 176.000000 0.014428 0.894575 2.346426 0.002726
 177.000000 0.013877 0.900516 2.405596 0.001816
 178.000000 0.011992 0.910260 2.363345 0.001242
 179.000000 0.016196 0.859242 2.135690 0.001691
 180.000000 0.019688 0.843328 2.206599 0.001868
 181.000000 0.028937 0.821814 1.983292 0.006325
 182.000000 0.028195 0.815699 2.068581 0.002664
 183.000000 0.024245 0.821327 2.100249 0.002676
 184.000000 0.040895 0.812089 2.079964 0.004118
 185.000000 0.033549 0.795746 2.009158 0.006945
 186.000000 0.033021 0.815990 2.070592 0.003865
 187.000000 0.028903 0.853321 2.307283 0.003196
 188.000000 0.031707 0.810741 2.063655 0.002876
 189.000000 0.017428 0.891024 2.379733 0.002592
 190.000000 0.026098 0.846557 2.294994 0.002344
 191.000000 0.016306 0.863672 2.114161 0.001680
 192.000000 0.043651 0.784045 1.819905 0.003770
 193.000000 0.018129 0.858007 2.219652 0.001844
 194.000000 0.018317 0.907351 2.551350 0.001676
 195.000000 0.016596 0.917383 2.537896 0.002045
 196.000000 0.017983 0.902470 2.556968 0.001855
 197.000000 0.012405 0.950708 2.680878 0.001180
 198.000000 0.007665 1.009984 2.857809 0.000771
 199.000000 0.011787 0.958028 2.837665 0.001282
 200.000000 0.008569 1.003188 2.912124 0.000823
 201.000000 0.010406 0.962653 2.733203 0.001133
 202.000000 0.008888 0.977827 2.814472 0.001181
 203.000000 0.014474 0.913901 2.624568 0.001945
 204.000000 0.012876 0.935515 2.560918 0.001281
 205.000000 0.011632 0.945302 2.587048 0.001491
 206.000000 0.009719 0.959947 2.648527 0.001045
 207.000000 0.014902 0.933172 2.537876 0.001649
 208.000000 0.010078 0.960554 2.760665 0.001291
 209.000000 0.010281 0.965845 2.776935 0.000970
 210.000000 0.012382 0.971645 2.832747 0.001443
 211.000000 0.012864 0.955726 2.782570 0.001282
 212.000000 0.014492 0.945395 2.689714 0.001530
 213.000000 0.014034 0.936458 2.716785 0.001312
 214.000000 0.015803 0.928059 2.650674 0.001805
 215.000000 0.018873 0.915254 2.647900 0.002079
 216.000000 0.011919 0.946518 2.601860 0.001097
 217.000000 0.011280 0.957685 2.665122 0.001401
 218.000000 0.014826 0.932033 2.608281 0.001923
 219.000000 0.013801 0.903963 2.533681 0.001787
 220.000000 0.018765 0.845615 2.272698 0.002185
 221.000000 0.021501 0.805853 1.832658 0.002529
 222.000000 0.016309 0.854121 2.133473 0.001507
 223.000000 0.016326 0.865188 2.356950 0.001731
 224.000000 0.015505 0.894482 2.430772 0.002217
 225.000000 0.017773 0.889278 2.483422 0.002561
 226.000000 0.021956 0.893073 2.500519 0.002973
 227.000000 0.015308 0.906999 2.390866 0.001441
 228.000000 0.017111 0.873702 2.269724 0.002090
 229.000000 0.017098 0.853601 2.079745 0.001702
 230.000000 0.018626 0.850811 1.973045 0.001885
 231.000000 0.014486 0.897402 2.318999 0.001591
 232.000000 0.010594 0.946833 2.588489 0.001031
 233.000000 0.012883 0.939084 2.552034 0.001178
 234.000000 0.016839 0.911937 2.535589 0.001711
 235.000000 0.014539 0.907162 2.526891 0.001477
 236.000000 0.016856 0.904402 2.461884 0.002228
 237.000000 0.014618 0.913689 2.665209 0.001552
 238.000000 0.016604 0.933369 2.675547 0.001567
 239.000000 0.010886 0.956359 2.720286 0.001291
 240.000000 0.018190 0.896574 2.343363 0.001792
 241.000000 0.015617 0.908506 2.388531 0.001474
 242.000000 0.018796 0.868485 2.291161 0.001801
 243.000000 0.018791 0.860509 2.113751 0.002345
 244.000000 0.013955 0.924881 2.478909 0.001836
 245.000000 0.013986 0.934319 2.579708 0.001777
 246.000000 0.016669 0.898686 2.309286 0.001638
 247.000000 0.017296 0.868199 2.094675 0.001550
 248.000000 0.015863 0.902740 2.418041 0.001728
 249.000000 0.013366 0.930118 2.436347 0.001646
 250.000000 0.018321 0.909580 2.584662 0.002115
 251.000000 0.013443 0.958275 2.721904 0.001749
 252.000000 0.014067 0.926418 2.640692 0.001932
 253.000000 0.014756 0.939693 2.709720 0.001516
 254.000000 0.015250 0.921970 2.641324 0.001512
 255.000000 0.012993 0.929823 2.534380 0.001466
 256.000000 0.016115 0.924474 2.633052 0.001318
 257.000000 0.011943 0.952409 2.783207 0.001220
 258.000000 0.011315 0.979021 2.837156 0.001099
 259.000000 0.011360 0.962638 2.749889 0.001076
 260.000000 0.013658 0.939476 2.631400 0.001115
 261.000000 0.012125 0.961211 2.736636 0.001121
 262.000000 0.013210 0.944394 2.721972 0.001185
 263.000000 0.018288 0.920573 2.639706 0.001666
 264.000000 0.018043 0.946836 2.757173 0.001583
 265.000000 0.017469 0.938188 2.724977 0.001513
 266.000000 0.010596 0.961785 2.737445 0.001205
 267.000000 0.011631 0.974953 2.873738 0.001092
 268.000000 0.008320 1.005864 2.841487 0.000822
 269.000000 0.012324 0.952400 2.797920 0.001340
 270.000000 0.017290 0.883634 2.422941 0.001883
 271.000000 0.011164 0.943816 2.591109 0.000934
 272.000000 0.012367 0.942999 2.668273 0.001093
 273.000000 0.014865 0.933577 2.685138 0.001392
 274.000000 0.016858 0.913957 2.585485 0.001504
 275.000000 0.015308 0.942152 2.769930 0.001288
 276.000000 0.019136 0.927280 2.731583 0.001745
 277.000000 0.012452 0.974895 2.798149 0.001236
 278.000000 0.011044 0.977942 2.747378 0.000920
 279.000000 0.011872 0.955543 2.781126 0.001255
 280.000000 0.016889 0.934744 2.726804 0.001876
 281.000000 0.011474 0.966541 2.777339 0.001061
 282.000000 0.014957 0.940214 2.721897 0.001477
 283.000000 0.016423 0.924153 2.562041 0.002106
 284.000000 0.018265 0.910858 2.542023 0.001881
 285.000000 0.015924 0.919243 2.628363 0.001340
 286.000000 0.012751 0.945272 2.726397 0.001230
 287.000000 0.011876 0.941960 2.711669 0.001064
 288.000000 0.014924 0.929722 2.716098 0.001441
 289.000000 0.015195 0.937043 2.680049 0.001384
 290.000000 0.013044 0.953569 2.792191 0.001461
 291.000000 0.011164 0.968032 2.801771 0.001029
 292.000000 0.013245 0.957255 2.768224 0.001543
 293.000000 0.014869 0.944248 2.790604 0.001483
 294.000000 0.013777 0.954854 2.740121 0.001388
 295.000000 0.013172 0.958441 2.795239 0.001336
 296.000000 0.013972 0.949441 2.781733 0.001229
 297.000000 0.012517 0.963908 2.769472 0.001227
 298.000000 0.014255 0.947010 2.735132 0.001463
 299.000000 0.015188 0.921551 2.546609 0.001453
 300.000000 0.015522 0.940698 2.728422 0.001340
 301.000000 0.013509 0.958800 2.821225 0.001336
 302.000000 0.014918 0.941877 2.758787 0.001629
 303.000000 0.010532 0.963109 2.725741 0.000919
 304.000000 0.012434 0.954763 2.753040 0.001120
 305.000000 0.013733 0.943365 2.716043 0.001315
 306.000000 0.012237 0.950913 2.701390 0.001021
 307.000000 0.014368 0.920968 2.452498 0.001263
 308.000000 0.014847 0.947971 2.630233 0.001377
 309.000000 0.015868 0.925551 2.590678 0.001598
 310.000000 0.015438 0.920849 2.643672 0.001490
 311.000000 0.009661 0.978030 2.764116 0.000947
 312.000000 0.010734 0.936700 2.556677 0.001011
 313.000000 0.013180 0.871693 2.330868 0.001048
 314.000000 0.018026 0.808895 1.980878 0.001528
 315.000000 0.023339 0.758422 1.649778 0.001829
 316.000000 0.021871 0.762740 1.648925 0.001688
 317.000000 0.020727 0.768146 1.735237 0.001655
 318.000000 0.015168 0.827375 1.986639 0.001114
 319.000000 0.012145 0.879189 2.307010 0.001013
 320.000000 0.014790 0.851979 2.240040 0.001304
 321.000000 0.020209 0.822594 2.158637 0.001601
 322.000000 0.020381 0.776348 1.748464 0.001391
 323.000000 0.020275 0.787405 1.813029 0.001329
 324.000000 0.018850 0.806017 1.837670 0.001480
 325.000000 0.025394 0.783203 1.846728 0.001977
 326.000000 0.032069 0.786495 1.915816 0.003587
 327.000000 0.038185 0.804497 1.957277 0.004796
 328.000000 0.027008 0.821085 2.047781 0.002614
 329.000000 0.044980 0.795748 1.885657 0.003431
 330.000000 0.048750 0.785432 1.864064 0.009296
 331.000000 0.040844 0.799659 1.932717 0.003436
 332.000000 0.050925 0.796816 1.921152 0.006596
 333.000000 0.039519 0.784431 1.852204 0.003250
 334.000000 0.024658 0.811075 1.931033 0.003025
 335.000000 0.024389 0.829565 2.006844 0.002137
 336.000000 0.036337 0.825287 2.013213 0.003346
 337.000000 0.060386 0.790484 1.856466 0.009521
 338.000000 0.055467 0.793342 1.941118 0.006644
 339.000000 0.065820 0.791277 1.864600 0.010442
 340.000000 0.083171 0.723480 1.493968 0.011620
 341.000000 0.026751 0.820430 1.869549 0.002338
 342.000000 0.035677 0.797279 1.883408 0.003706
 343.000000 0.027442 0.840830 2.152735 0.003764
 344.000000 0.036652 0.826482 2.244966 0.003219
 345.000000 0.035250 0.827492 2.140614 0.003528
 346.000000 0.018931 0.854365 2.232456 0.001624
 347.000000 0.032949 0.816927 2.138281 0.003199
 348.000000 0.044778 0.748805 1.723656 0.003835
 349.000000 0.056158 0.756342 1.714289 0.011443
 350.000000 0.048468 0.779207 1.854011 0.006298
 351.000000 0.037822 0.792549 1.923014 0.005220
 352.000000 0.048163 0.758232 1.698110 0.003898
 353.000000 0.065939 0.735616 1.677118 0.007039
 354.000000 0.036505 0.785357 1.868076 0.008466
 355.000000 0.024902 0.806107 1.919986 0.003234
 356.000000 0.027077 0.777922 1.869390 0.002225
 357.000000 0.037534 0.743839 1.418046 0.004445
 358.000000 0.038727 0.741475 1.431544 0.002711
 359.000000 0.034290 0.791790 1.843382 0.004358
 360.000000 0.024469 0.811234 1.910335 0.002208
 361.000000 0.022440 0.822188 2.026568 0.001905
 362.000000 0.016292 0.862420 2.255461 0.001819
 363.000000 0.025384 0.811314 2.063998 0.003520
 364.000000 0.020346 0.826643 2.145856 0.002026
 365.000000 0.018024 0.872612 2.286592 0.002205
 366.000000 0.018950 0.897669 2.578382 0.002063
 367.000000 0.020975 0.895924 2.584574 0.002894
 368.000000 0.017450 0.926458 2.619490 0.002985
 369.000000 0.021754 0.878072 2.345769 0.002821
 370.000000 0.021123 0.879206 2.479747 0.002571
 371.000000 0.020019 0.899143 2.526399 0.002437
 372.000000 0.016954 0.898985 2.460185 0.002221
 373.000000 0.015455 0.918652 2.622561 0.002458
 374.000000 0.018962 0.889036 2.571198 0.003718
 375.000000 0.028853 0.869391 2.460243 0.003634
 376.000000 0.015205 0.912217 2.572914 0.002205
 377.000000 0.031380 0.863743 2.407149 0.007533
 378.000000 0.015597 0.921063 2.531469 0.002995
 379.000000 0.020285 0.860997 2.289309 0.003717
 380.000000 0.025861 0.838745 2.263362 0.004787
 381.000000 0.058640 0.743306 1.767569 0.009076
 382.000000 0.034713 0.799282 2.022884 0.003548
 383.000000 0.041576 0.749976 1.836407 0.005008
 384.000000 0.041900 0.782137 1.983653 0.005374
 385.000000 0.065134 0.775118 2.022426 0.008334
 386.000000 0.031352 0.821055 2.060164 0.006161
 387.000000 0.081343 0.772782 1.985202 0.014905
 388.000000 0.045795 0.803817 2.180445 0.007070
 389.000000 0.012316 0.924917 2.521240 0.001607
 390.000000 0.019109 0.899809 2.546369 0.001571
 391.000000 0.016906 0.892370 2.443203 0.001894
 392.000000 0.039629 0.824173 2.138615 0.006211
 393.000000 0.067172 0.790743 2.073102 0.009637
 394.000000 0.044948 0.837141 2.268602 0.006717
 395.000000 0.050237 0.852294 2.211869 0.006745
 396.000000 0.036705 0.907587 2.464634 0.004501
 397.000000 0.069726 0.845826 2.332811 0.007105
 398.000000 0.050143 0.819766 2.306189 0.004239
 399.000000 0.025964 0.872380 2.392577 0.002434
 400.000000 0.017823 0.931378 2.653142 0.001739
 401.000000 0.016145 0.941618 2.723403 0.001573
 402.000000 0.013188 0.952176 2.694748 0.001276
 403.000000 0.020644 0.897400 2.509215 0.001579
 404.000000 0.033615 0.826666 2.250682 0.002294
 405.000000 0.020520 0.884610 2.471697 0.001952
 406.000000 0.032570 0.811760 2.042224 0.004136
 407.000000 0.023450 0.870417 2.371649 0.001857
 408.000000 0.030381 0.840414 2.304457 0.003331
 409.000000 0.024954 0.862477 2.400948 0.002064
 410.000000 0.021400 0.862790 2.350060 0.001484
 411.000000 0.025417 0.851633 2.311728 0.001606
 412.000000 0.016403 0.908704 2.588363 0.001462
 413.000000 0.025331 0.863263 2.402937 0.001959
 414.000000 0.032969 0.828847 2.255390 0.002980
 415.000000 0.021877 0.881336 2.440732 0.001632
 416.000000 0.027878 0.884559 2.452939 0.002590
 417.000000 0.014268 0.938987 2.678898 0.001369
 418.000000 0.013403 0.940787 2.670069 0.001252
 419.000000 0.022217 0.899845 2.572309 0.002174
 420.000000 0.016937 0.924779 2.630991 0.001622
 421.000000 0.019119 0.911525 2.597004 0.001590
 422.000000 0.016585 0.929373 2.610407 0.001395
 423.000000 0.017507 0.909691 2.550238 0.001487
 424.000000 0.014528 0.929667 2.611531 0.001210
 425.000000 0.015173 0.937956 2.712622 0.001408
 426.000000 0.009999 0.943856 2.666563 0.001068
 427.000000 0.010112 0.964291 2.784125 0.000898
 428.000000 0.014793 0.953562 2.784015 0.001329
 429.000000 0.011529 0.965260 2.797077 0.001145
 430.000000 0.009846 0.982399 2.764505 0.000910
 431.000000 0.009291 0.975961 2.812970 0.000838
 432.000000 0.010731 0.978086 2.879947 0.000990
 433.000000 0.014674 0.934394 2.679632 0.001378
 434.000000 0.015709 0.908100 2.663335 0.001369
 435.000000 0.011209 0.952053 2.763275 0.001347
 436.000000 0.010100 0.975869 2.819595 0.000967
 437.000000 0.013428 0.953614 2.691032 0.001180
 438.000000 0.012980 0.933816 2.731922 0.001269
 439.000000 0.010585 0.963044 2.746937 0.001040
 440.000000 0.015114 0.943519 2.529345 0.001065
 441.000000 0.021476 0.899079 2.441438 0.002457
 442.000000 0.020100 0.885215 2.336003 0.002031
 443.000000 0.026485 0.851785 2.215981 0.002464
 444.000000 0.035497 0.841227 2.255188 0.003889
 445.000000 0.037210 0.849807 2.330273 0.005821
 446.000000 0.018630 0.917506 2.551588 0.002091
 447.000000 0.013767 0.939692 2.637008 0.001252
 448.000000 0.015363 0.916136 2.539961 0.001265
 449.000000 0.014044 0.911878 2.539266 0.001236
 450.000000 0.013499 0.910576 2.514994 0.001168
 451.000000 0.021976 0.864887 2.278760 0.001999
 452.000000 0.012773 0.952442 2.680086 0.001284
 453.000000 0.019151 0.927805 2.680732 0.001792
 454.000000 0.017836 0.940161 2.725357 0.001653
 455.000000 0.017097 0.926947 2.682986 0.001703
 456.000000 0.015656 0.945288 2.719859 0.001311
 457.000000 0.010229 0.971178 2.797417 0.000993
 458.000000 0.019547 0.930025 2.664180 0.001903
 459.000000 0.012695 0.971901 2.799490 0.001200
 460.000000 0.010949 0.955820 2.767115 0.001033
 461.000000 0.009016 0.987843 2.867804 0.000932
 462.000000 0.012523 0.951511 2.751752 0.001199
 463.000000 0.018153 0.911291 2.442514 0.001674
 464.000000 0.012882 0.958791 2.643548 0.001066
 465.000000 0.013874 0.930164 2.549185 0.001382
 466.000000 0.014355 0.935430 2.556859 0.001229
 467.000000 0.012231 0.974272 2.754154 0.001113
 468.000000 0.008926 0.967834 2.631964 0.000804
 469.000000 0.017980 0.910390 2.511197 0.001645
 470.000000 0.010227 0.967403 2.727479 0.001007
 471.000000 0.009445 0.975227 2.824395 0.000939
 472.000000 0.013983 0.932430 2.626823 0.001266
 473.000000 0.011375 0.943277 2.718310 0.001011
 474.000000 0.014219 0.922975 2.658654 0.001376
 475.000000 0.014591 0.930189 2.614951 0.001288
 476.000000 0.018304 0.881185 2.405247 0.002272
 477.000000 0.012650 0.939443 2.617519 0.001713
 478.000000 0.011040 0.953112 2.613782 0.001400
 479.000000 0.010150 0.937088 2.602169 0.000979
 480.000000 0.016021 0.829914 2.084515 0.001114
 481.000000 0.018505 0.827122 2.045055 0.001373
 482.000000 0.014251 0.874573 2.355029 0.001043
 483.000000 0.011173 0.929076 2.551786 0.000973
 484.000000 0.013500 0.929850 2.662150 0.001343
 485.000000 0.012452 0.937742 2.617188 0.001146
 486.000000 0.011860 0.951175 2.670074 0.001047
 487.000000 0.015902 0.911414 2.563998 0.001563
 488.000000 0.014637 0.931354 2.689762 0.001435
 489.000000 0.017455 0.909781 2.611352 0.001959
 490.000000 0.015704 0.911691 2.633304 0.001530
 491.000000 0.011221 0.947394 2.681288 0.001000
 492.000000 0.018534 0.888193 2.521903 0.001354
 493.000000 0.013807 0.936328 2.748640 0.001347
 494.000000 0.014198 0.920119 2.613873 0.001432
 495.000000 0.018874 0.926641 2.671682 0.001788
 496.000000 0.019093 0.897032 2.528267 0.001985
 497.000000 0.013912 0.933797 2.622429 0.001281
 498.000000 0.014963 0.943886 2.702755 0.001460
 499.000000 0.013710 0.942598 2.769020 0.001107
 500.000000 0.011465 0.973539 2.846575 0.001052
