#! FIELDS time alpha rg e2e hbond
 0.000000 0.019357 0.926348 2.700011 0.002964
 1.000000 0.015091 0.942896 2.716868 0.001182
 2.000000 0.014349 0.931859 2.624451 0.001124
 3.000000 0.021878 0.866192 2.325883 0.002181
 4.000000 0.021372 0.902891 2.492512 0.002613
 5.000000 0.017008 0.914910 2.591292 0.002235
 6.000000 0.014097 0.954256 2.710725 0.001641
 7.000000 0.018948 0.914678 2.703688 0.001963
 8.000000 0.019118 0.916735 2.676336 0.002158
 9.000000 0.017794 0.919055 2.656933 0.001907
 10.000000 0.019790 0.895438 2.565894 0.001712
 11.000000 0.020764 0.853565 2.186679 0.001549
 12.000000 0.027657 0.820068 2.131446 0.002004
 13.000000 0.030614 0.833016 2.216895 0.002751
 14.000000 0.021323 0.851037 2.307572 0.002071
 15.000000 0.029766 0.858400 2.362583 0.003225
 16.000000 0.029302 0.871077 2.493217 0.002462
 17.000000 0.014982 0.933110 2.671172 0.001569
 18.000000 0.014373 0.954582 2.774035 0.001724
 19.000000 0.013158 0.953552 2.770367 0.001681
 20.000000 0.019944 0.908761 2.576279 0.001996
 21.000000 0.020242 0.898305 2.539778 0.002463
 22.000000 0.019162 0.915403 2.607582 0.001965
 23.000000 0.018704 0.909868 2.630059 0.002229
 24.000000 0.016328 0.891751 2.406738 0.001639
 25.000000 0.020975 0.872837 2.348091 0.002298
 26.000000 0.017014 0.906948 2.506088 0.001652
 27.000000 0.019281 0.915740 2.675792 0.002431
 28.000000 0.015740 0.925416 2.655052 0.001477
 29.000000 0.013262 0.939327 2.688782 0.001390
 30.000000 0.013701 0.924822 2.625311 0.001163
 31.000000 0.008806 0.988305 2.823592 0.000873
 32.000000 0.014970 0.904240 2.476937 0.001153
 33.000000 0.014386 0.935200 2.712012 0.001554
 34.000000 0.014727 0.919769 2.604988 0.001206
 35.000000 0.011981 0.943058 2.660595 0.001344
 36.000000 0.015856 0.864583 2.283620 0.001168
 37.000000 0.013654 0.893302 2.382458 0.001110
 38.000000 0.015528 0.914217 2.566520 0.001553
 39.000000 0.016630 0.930235 2.648399 0.001874
 40.000000 0.013806 0.962072 2.784595 0.001418
 41.000000 0.016060 0.929954 2.689284 0.001927
 42.000000 0.017325 0.924633 2.692041 0.001732
 43.000000 0.025100 0.884674 2.578604 0.002661
 44.000000 0.022823 0.872971 2.455696 0.003218
 45.000000 0.042656 0.849269 2.421951 0.009315
 46.000000 0.064982 0.819953 2.315104 0.013979
 47.000000 0.052630 0.799737 2.167069 0.007741
 48.000000 0.063944 0.787022 2.111524 0.016018
 49.000000 0.031893 0.833187 2.183670 0.002479
 50.000000 0.056579 0.778952 2.011415 0.005119
 51.000000 0.025048 0.836873 2.122638 0.003782
 52.000000 0.046781 0.806644 2.097255 0.005234
 53.000000 0.051563 0.788401 2.043676 0.005580
 54.000000 0.023653 0.869454 2.325171 0.002592
 55.000000 0.012235 0.924944 2.598810 0.001107
 56.000000 0.018805 0.887677 2.565414 0.001805
 57.000000 0.017797 0.908079 2.583299 0.001556
 58.000000 0.028876 0.875112 2.467842 0.003867
 59.000000 0.017079 0.872972 2.416925 0.001502
 60.000000 0.020362 0.879750 2.364422 0.002608
 61.000000 0.033463 0.820515 2.202502 0.003787
 62.000000 0.025930 0.818356 2.120416 0.002343
 63.000000 0.021037 0.821642 2.126532 0.001800
 64.000000 0.023202 0.844391 2.263376 0.003045
 65.000000 0.014035 0.913289 2.554335 0.001469
 66.000000 0.020969 0.891594 2.535494 0.002261
 67.000000 0.012059 0.953769 2.645076 0.001571
 68.000000 0.013050 0.898930 2.498036 0.001728
 69.000000 0.023571 0.849992 2.358954 0.002905
 70.000000 0.026466 0.836151 2.263337 0.002082
 71.000000 0.033187 0.840550 2.331864 0.003771
 72.000000 0.037807 0.831260 2.305202 0.004125
 73.000000 0.016922 0.911278 2.536964 0.001765
 74.000000 0.032105 0.839359 2.272277 0.004096
 75.000000 0.027681 0.875291 2.491778 0.003068
 76.000000 0.033964 0.858799 2.445454 0.004006
 77.000000 0.017365 0.927423 2.664036 0.001689
 78.000000 0.025997 0.856766 2.431615 0.002286
 79.000000 0.022313 0.887121 2.446354 0.002796
 80.000000 0.017776 0.878280 2.215733 0.003729
 81.000000 0.028533 0.847411 2.180284 0.003688
 82.000000 0.051795 0.797942 2.129704 0.004738
 83.000000 0.048020 0.798863 2.057500 0.007410
 84.000000 0.045917 0.802970 1.978784 0.006687
 85.000000 0.036511 0.814037 2.204360 0.005890
 86.000000 0.041771 0.824644 2.344030 0.003650
 87.000000 0.045619 0.795738 1.998154 0.003615
 88.000000 0.028417 0.815673 2.034006 0.003370
 89.000000 0.019382 0.830796 2.106603 0.001772
 90.000000 0.012513 0.915590 2.423878 0.001319
 91.000000 0.018032 0.862842 2.060618 0.001383
 92.000000 0.029875 0.822302 1.949422 0.002015
 93.000000 0.021278 0.839245 1.864066 0.001429
 94.000000 0.021516 0.839938 1.897215 0.001318
 95.000000 0.022806 0.841816 2.043967 0.001869
 96.000000 0.025378 0.849578 2.303332 0.001901
 97.000000 0.052027 0.769481 1.993541 0.004413
 98.000000 0.023698 0.858375 2.204233 0.001547
 99.000000 0.022194 0.864469 2.273182 0.002092
 100.000000 0.031794 0.788269 1.834769 0.003174
 101.000000 0.028372 0.766307 1.843871 0.002558
 102.000000 0.019078 0.858967 2.239867 0.002109
 103.000000 0.018438 0.884830 2.418128 0.001460
 104.000000 0.026540 0.815635 2.170887 0.002614
 105.000000 0.033064 0.819261 1.998442 0.002578
 106.000000 0.037938 0.809492 1.810661 0.003009
 107.000000 0.054999 0.746413 1.474888 0.005319
 108.000000 0.035723 0.780977 1.771133 0.004106
 109.000000 0.025257 0.823560 2.073048 0.002262
 110.000000 0.042275 0.791909 2.107793 0.005695
 111.000000 0.035760 0.798512 2.084051 0.003509
 112.000000 0.010220 0.936873 2.557599 0.001037
 113.000000 0.017095 0.884311 2.359778 0.001896
 114.000000 0.017652 0.868172 2.225902 0.001711
 115.000000 0.019903 0.808616 1.923177 0.001781
 116.000000 0.026837 0.742783 1.404264 0.001450
 117.000000 0.072148 0.700858 1.387205 0.005110
 118.000000 0.069858 0.661380 1.152544 0.006741
 119.000000 0.113954 0.603353 0.717324 0.014883
 120.000000 0.074425 0.645401 0.964001 0.005677
 121.000000 0.078746 0.659301 1.106294 0.006924
 122.000000 0.087488 0.634514 0.737985 0.010297
 123.000000 0.081102 0.642112 0.947496 0.020719
 124.000000 0.075817 0.653084 1.054526 0.011821
 125.000000 0.072754 0.685789 1.167927 0.008029
 126.000000 0.094051 0.635299 0.865098 0.011441
 127.000000 0.110870 0.613197 0.544678 0.009594
 128.000000 0.074653 0.625016 0.586915 0.007491
 129.000000 0.098414 0.605789 0.590562 0.023196
 130.000000 0.095403 0.623012 0.722133 0.011662
 131.000000 0.083080 0.620256 0.694981 0.009232
 132.000000 0.091716 0.631559 0.817476 0.015022
 133.000000 0.083446 0.636672 0.915746 0.011886
 134.000000 0.090004 0.624941 0.860753 0.009246
 135.000000 0.075068 0.666696 1.094622 0.010471
 136.000000 0.068579 0.645402 0.925141 0.007792
 137.000000 0.091537 0.641361 0.964341 0.012528
 138.000000 0.074888 0.668431 1.142160 0.009154
 139.000000 0.086794 0.644488 1.010935 0.008854
 140.000000 0.044972 0.726487 1.436234 0.003860
 141.000000 0.051921 0.737148 1.541831 0.005930
 142.000000 0.071427 0.697976 1.495248 0.006330
 143.000000 0.089270 0.662478 1.209182 0.010734
 144.000000 0.065094 0.691642 1.489795 0.005673
 145.000000 0.062435 0.712383 1.600757 0.005787
 146.000000 0.039797 0.733516 1.640093 0.002497
 147.000000 0.063463 0.744519 1.955618 0.005573
 148.000000 0.056786 0.772609 2.099265 0.007124
 149.000000 0.054283 0.752842 1.867274 0.010631
 150.000000 0.057829 0.762713 1.977970 0.010821
 151.000000 0.072212 0.756088 1.930276 0.014859
 152.000000 0.063798 0.718781 1.725237 0.008160
 153.000000 0.102771 0.701147 1.771435 0.133983
 154.000000 0.113140 0.692180 1.576924 0.062951
 155.000000 0.196777 0.573927 0.950966 0.631025
 156.000000 0.146475 0.589676 1.064074 0.818555
 157.000000 0.157473 0.587767 1.178043 0.426023
 158.000000 0.189387 0.569196 1.015213 0.237628
 159.000000 0.121316 0.586404 1.045852 0.351268
 160.000000 0.241359 0.556549 1.043542 0.831713
 161.000000 0.298365 0.566869 1.238497 0.380887
 162.000000 0.423671 0.570325 1.391978 0.842184
 163.000000 0.302377 0.565075 1.280537 0.803875
 164.000000 0.194381 0.625317 1.533765 0.462979
 165.000000 0.217792 0.590253 1.191087 0.103819
 166.000000 0.186061 0.599707 1.348907 0.362470
 167.000000 0.205122 0.573202 1.239405 0.790308
 168.000000 0.270279 0.568698 1.328664 0.773288
 169.000000 0.286335 0.596106 1.439200 0.795776
 170.000000 0.211076 0.583573 1.310259 0.372004
 171.000000 0.258392 0.582893 1.441270 0.701427
 172.000000 0.303459 0.595430 1.471079 0.722987
 173.000000 0.262892 0.586540 1.478243 0.890109
 174.000000 0.221606 0.583986 1.481569 0.876132
 175.000000 0.267037 0.587659 1.394946 0.505879
 176.000000 0.201525 0.583008 1.388037 0.786123
 177.000000 0.169704 0.594646 1.382382 0.855993
 178.000000 0.188839 0.586158 1.239285 0.785011
 179.000000 0.192161 0.583640 1.254651 0.855033
 180.000000 0.241156 0.576398 1.179042 0.798066
 181.000000 0.279184 0.578468 1.355022 0.761638
 182.000000 0.357926 0.587350 1.345762 0.669412
 183.000000 0.358943 0.552065 1.283144 0.358053
 184.000000 0.253985 0.551471 1.082849 0.047482
 185.000000 0.294507 0.561498 1.201321 0.079140
 186.000000 0.242199 0.571921 1.159822 0.126859
 187.000000 0.170637 0.610166 1.123917 0.023691
 188.000000 0.247172 0.593085 1.260149 0.057708
 189.000000 0.187541 0.605071 1.246474 0.024139
 190.000000 0.124690 0.630533 1.322206 0.025446
 191.000000 0.141833 0.610276 1.237718 0.031725
 192.000000 0.086255 0.638211 1.285146 0.011655
 193.000000 0.097955 0.625734 1.183448 0.010252
 194.000000 0.142009 0.635582 1.274380 0.021369
 195.000000 0.074839 0.695081 1.491127 0.006243
 196.000000 0.044450 0.724948 1.545891 0.004786
 197.000000 0.064202 0.742149 1.799292 0.008811
 198.000000 0.024573 0.810117 2.037275 0.002495
 199.000000 0.021816 0.825723 2.117942 0.002262
 200.000000 0.040360 0.750603 1.763240 0.003241
 201.000000 0.026905 0.826475 2.202379 0.002499
 202.000000 0.017683 0.857703 2.271562 0.001594
 203.000000 0.029008 0.824965 2.155000 0.002898
 204.000000 0.020501 0.835752 2.095308 0.001708
 205.000000 0.033928 0.785226 1.977915 0.003254
 206.000000 0.025583 0.772894 1.840588 0.001819
 207.000000 0.022503 0.786026 1.798909 0.001619
 208.000000 0.032650 0.779184 1.939023 0.002634
 209.000000 0.039872 0.756030 1.777654 0.002838
 210.000000 0.044807 0.729646 1.622239 0.003472
 211.000000 0.039219 0.734088 1.703057 0.002110
 212.000000 0.043408 0.689505 1.305763 0.002377
 213.000000 0.035871 0.772377 1.672780 0.002515
 214.000000 0.028714 0.784013 1.784084 0.001930
 215.000000 0.033744 0.801351 1.883186 0.002476
 216.000000 0.038423 0.785358 1.738350 0.002789
 217.000000 0.025602 0.781126 1.607143 0.003109
 218.000000 0.026978 0.747019 1.516561 0.001585
 219.000000 0.025344 0.768969 1.347336 0.001444
 220.000000 0.028101 0.769407 1.562360 0.001873
 221.000000 0.039179 0.783266 1.865909 0.002567
 222.000000 0.043834 0.759564 1.901085 0.003930
 223.000000 0.028722 0.774659 1.787764 0.002459
 224.000000 0.015739 0.877728 2.332767 0.001415
 225.000000 0.031882 0.792865 1.840085 0.002897
 226.000000 0.026281 0.799742 1.911592 0.002092
 227.000000 0.027821 0.788907 1.947307 0.002013
 228.000000 0.024010 0.755302 1.685234 0.001620
 229.000000 0.032108 0.815760 2.036354 0.004924
 230.000000 0.026241 0.827786 2.139343 0.002014
 231.000000 0.022392 0.836779 1.935605 0.002546
 232.000000 0.032291 0.868367 2.404843 0.004226
 233.000000 0.019929 0.879312 2.458243 0.002110
 234.000000 0.021317 0.892809 2.587581 0.001469
 235.000000 0.019490 0.910890 2.581306 0.001486
 236.000000 0.019715 0.899969 2.471829 0.001874
 237.000000 0.034345 0.866234 2.342451 0.004266
 238.000000 0.048443 0.785178 1.918954 0.005717
 239.000000 0.036514 0.794719 1.857824 0.003182
 240.000000 0.024647 0.827698 2.098042 0.002838
 241.000000 0.028924 0.837497 2.113072 0.002974
 242.000000 0.030779 0.822057 2.060783 0.001911
 243.000000 0.050883 0.787234 2.089457 0.007073
 244.000000 0.043601 0.783990 2.051036 0.002902
 245.000000 0.046608 0.826559 2.300104 0.004681
 246.000000 0.028294 0.862738 2.359199 0.002689
 247.000000 0.017799 0.897504 2.442745 0.001722
 248.000000 0.016524 0.869016 2.301381 0.001209
 249.000000 0.018644 0.853670 2.237393 0.001309
 250.000000 0.016526 0.868474 2.263988 0.001448
 251.000000 0.011563 0.915158 2.445762 0.001383
 252.000000 0.021170 0.869484 2.413849 0.001951
 253.000000 0.019111 0.856901 2.271222 0.001558
 254.000000 0.025805 0.786096 1.879743 0.002109
 255.000000 0.031295 0.785218 1.841444 0.003265
 256.000000 0.026868 0.805700 2.005100 0.002139
 257.000000 0.026309 0.780407 1.724499 0.002721
 258.000000 0.045417 0.725940 1.535341 0.003272
 259.000000 0.030837 0.787816 1.796434 0.003932
 260.000000 0.017484 0.841569 2.118657 0.002255
 261.000000 0.021292 0.859570 2.171415 0.002483
 262.000000 0.024765 0.804870 1.924696 0.002133
 263.000000 0.017840 0.838774 2.097400 0.001189
 264.000000 0.016268 0.829274 2.146322 0.001223
 265.000000 0.026937 0.814756 2.103935 0.002215
 266.000000 0.024329 0.854361 2.303612 0.001820
 267.000000 0.029674 0.841617 2.396237 0.002713
 268.000000 0.047340 0.785979 2.206293 0.004076
 269.000000 0.039189 0.803149 2.067690 0.002930
 270.000000 0.045442 0.767878 2.018495 0.004087
 271.000000 0.030152 0.805085 2.115064 0.002007
 272.000000 0.044990 0.767574 1.857885 0.004772
 273.000000 0.035658 0.822844 2.157672 0.004674
 274.000000 0.048404 0.765688 1.847625 0.003557
 275.000000 0.054911 0.757425 1.911483 0.004107
 276.000000 0.051862 0.762759 1.893314 0.006485
 277.000000 0.022995 0.846290 2.143480 0.002053
 278.000000 0.022232 0.855825 2.339477 0.003041
 279.000000 0.026095 0.843749 2.304925 0.002883
 280.000000 0.032485 0.835293 2.361055 0.002821
 281.000000 0.022491 0.864352 2.359494 0.003207
 282.000000 0.016978 0.902415 2.604019 0.001261
 283.000000 0.059887 0.750461 1.884608 0.003842
 284.000000 0.046481 0.786065 2.040204 0.003575
 285.000000 0.041528 0.801852 2.061156 0.003406
 286.000000 0.034547 0.822587 2.184747 0.002838
 287.000000 0.034384 0.827302 2.250824 0.004130
 288.000000 0.030572 0.810964 2.134007 0.003579
 289.000000 0.041051 0.797710 2.125085 0.009900
 290.000000 0.046922 0.813069 2.114014 0.024842
 291.000000 0.054014 0.777449 1.924409 0.017207
 292.000000 0.028034 0.836793 2.252139 0.004228
 293.000000 0.043211 0.825965 2.252748 0.012774
 294.000000 0.015287 0.916753 2.456067 0.004203
 295.000000 0.047701 0.835897 2.259673 0.019468
 296.000000 0.022754 0.879637 2.366607 0.003362
 297.000000 0.027199 0.861440 2.360422 0.003813
 298.000000 0.027171 0.842946 2.175849 0.005177
 299.000000 0.023994 0.876452 2.408783 0.003445
 300.000000 0.019318 0.872563 2.331481 0.002492
 301.000000 0.016944 0.881584 2.293018 0.002357
 302.000000 0.028093 0.857860 2.367123 0.003474
 303.000000 0.034726 0.818747 2.130203 0.003650
 304.000000 0.065221 0.774597 1.873880 0.011995
 305.000000 0.049651 0.761582 1.712789 0.008331
 306.000000 0.022195 0.846082 2.075522 0.003309
 307.000000 0.065036 0.735505 1.649290 0.011186
 308.000000 0.073621 0.737522 1.871901 0.011509
 309.000000 0.075746 0.702648 1.537424 0.011130
 310.000000 0.102480 0.689263 1.641628 0.019318
 311.000000 0.061941 0.711959 1.735710 0.007630
 312.000000 0.103021 0.669771 1.530335 0.017802
 313.000000 0.081653 0.678430 1.525573 0.008648
 314.000000 0.052122 0.768547 1.759497 0.010712
 315.000000 0.052973 0.799653 1.917595 0.008630
 316.000000 0.073370 0.711071 1.274736 0.018251
 317.000000 0.041294 0.745450 1.488521 0.009234
 318.000000 0.043491 0.746940 1.571620 0.009664
 319.000000 0.063237 0.689040 1.274021 0.016176
 320.000000 0.070062 0.728637 1.550198 0.013210
 321.000000 0.049456 0.751863 1.677006 0.007906
 322.000000 0.044767 0.722570 1.442976 0.007608
 323.000000 0.048995 0.752713 1.774234 0.008739
 324.000000 0.042624 0.754560 1.780441 0.006407
 325.000000 0.049880 0.763397 1.793304 0.005969
 326.000000 0.070485 0.732411 1.788438 0.012040
 327.000000 0.042444 0.753711 1.549721 0.005948
 328.000000 0.051735 0.706819 1.311424 0.006731
 329.000000 0.066435 0.662733 0.994683 0.009551
 330.000000 0.040264 0.722212 1.267764 0.005401
 331.000000 0.054393 0.692884 1.282002 0.006586
 332.000000 0.045386 0.753174 1.643939 0.006131
 333.000000 0.061433 0.719142 1.623784 0.011425
 334.000000 0.057759 0.692019 1.313941 0.008756
 335.000000 0.057547 0.695218 1.422035 0.009734
 336.000000 0.069149 0.690750 1.444213 0.010649
 337.000000 0.110436 0.656504 1.464167 0.022939
 338.000000 0.099196 0.671921 1.500915 0.014115
 339.000000 0.079209 0.690024 1.491451 0.010804
 340.000000 0.117069 0.649487 1.346347 0.016393
 341.000000 0.079650 0.727918 1.600688 0.018487
 342.000000 0.086081 0.714404 1.650473 0.014556
 343.000000 0.114937 0.719214 1.707565 0.028481
 344.000000 0.078891 0.741010 1.650153 0.020295
 345.000000 0.058436 0.761540 1.616015 0.012142
 346.000000 0.043399 0.801203 1.797974 0.005349
 347.000000 0.064228 0.762456 1.732458 0.010993
 348.000000 0.057137 0.761044 1.427995 0.014551
 349.000000 0.063279 0.747071 1.525292 0.019597
 350.000000 0.059774 0.754718 1.475763 0.015860
 351.000000 0.067722 0.745202 1.567128 0.013116
 352.000000 0.051221 0.804061 1.834674 0.007373
 353.000000 0.059243 0.749709 1.571170 0.011553
 354.000000 0.053538 0.769110 1.510624 0.010989
 355.000000 0.076128 0.750181 1.465462 0.019410
 356.000000 0.070857 0.734823 1.624712 0.013396
 357.000000 0.070341 0.763345 1.680788 0.022179
 358.000000 0.084894 0.733137 1.672795 0.022959
 359.000000 0.058338 0.777957 1.854615 0.010085
 360.000000 0.070735 0.757774 1.843074 0.016221
 361.000000 0.078118 0.760233 1.999909 0.015862
 362.000000 0.054047 0.767386 2.027051 0.012381
 363.000000 0.023450 0.860359 2.291421 0.003707
 364.000000 0.061851 0.795134 1.955906 0.012233
 365.000000 0.043020 0.804640 2.118602 0.007202
 366.000000 0.075255 0.744201 1.821450 0.011664
 367.000000 0.034204 0.797995 1.895262 0.004704
 368.000000 0.038728 0.804488 1.776892 0.004087
 369.000000 0.024475 0.846141 2.147048 0.002852
 370.000000 0.026132 0.793025 1.939047 0.002378
 371.000000 0.027822 0.817104 2.040238 0.003580
 372.000000 0.075219 0.791353 1.992946 0.018733
 373.000000 0.067267 0.806047 2.178947 0.009390
 374.000000 0.038178 0.842411 2.088977 0.005058
 375.000000 0.044715 0.798361 1.765335 0.007969
 376.000000 0.041093 0.810599 1.804989 0.005451
 377.000000 0.055469 0.798081 2.096067 0.009746
 378.000000 0.042450 0.824502 2.269459 0.007550
 379.000000 0.020809 0.903404 2.542007 0.002519
 380.000000 0.034854 0.845809 2.292734 0.005457
 381.000000 0.029669 0.849642 2.271259 0.004034
 382.000000 0.031988 0.868899 2.416909 0.004487
 383.000000 0.045202 0.825153 2.128986 0.006655
 384.000000 0.046701 0.842502 2.166591 0.010254
 385.000000 0.035459 0.830538 2.114917 0.004992
 386.000000 0.045389 0.823521 2.020088 0.007307
 387.000000 0.030855 0.842257 2.030864 0.006466
 388.000000 0.041462 0.801041 2.086792 0.005620
 389.000000 0.042293 0.798192 2.139874 0.006006
 390.000000 0.044062 0.807003 2.038572 0.007381
 391.000000 0.024336 0.877430 2.445013 0.003246
 392.000000 0.033465 0.829085 2.107978 0.003478
 393.000000 0.039996 0.829490 2.298379 0.005200
 394.000000 0.036060 0.860069 2.285814 0.006263
 395.000000 0.049249 0.797509 2.097953 0.008874
 396.000000 0.048523 0.781762 1.951259 0.008788
 397.000000 0.026840 0.855098 2.313494 0.003107
 398.000000 0.023363 0.885257 2.437682 0.004131
 399.000000 0.019082 0.898054 2.574151 0.002754
 400.000000 0.025496 0.851189 2.397944 0.002365
 401.000000 0.031388 0.840967 2.373496 0.003618
 402.000000 0.020223 0.904210 2.629253 0.002098
 403.000000 0.016781 0.925633 2.645144 0.001469
 404.000000 0.021064 0.897262 2.480878 0.001750
 405.000000 0.022941 0.893804 2.531414 0.002658
 406.000000 0.039501 0.789605 1.900672 0.007884
 407.000000 0.040851 0.828413 2.085202 0.004057
 408.000000 0.030146 0.840288 2.107289 0.002548
 409.000000 0.032739 0.851863 2.277785 0.004630
 410.000000 0.051545 0.823500 2.258051 0.005822
 411.000000 0.036678 0.836765 2.306561 0.007526
 412.000000 0.032394 0.853408 2.295244 0.003515
 413.000000 0.036301 0.852766 2.182479 0.003813
 414.000000 0.037001 0.859653 2.270336 0.002674
 415.000000 0.025886 0.857888 2.307660 0.003836
 416.000000 0.017130 0.915091 2.599591 0.001868
 417.000000 0.020763 0.880670 2.415628 0.002327
 418.000000 0.024515 0.887750 2.496090 0.005626
 419.000000 0.014495 0.924947 2.545403 0.001767
 420.000000 0.024027 0.856319 2.363805 0.002594
 421.000000 0.055483 0.766248 2.120676 0.005912
 422.000000 0.056439 0.764445 1.910985 0.002744
 423.000000 0.023016 0.859483 2.410386 0.002031
 424.000000 0.019311 0.888706 2.478424 0.001293
 425.000000 0.018864 0.878872 2.291904 0.001917
 426.000000 0.031924 0.847609 2.182249 0.002978
 427.000000 0.027388 0.844439 2.180362 0.002154
 428.000000 0.027081 0.840247 2.105594 0.002958
 429.000000 0.017695 0.879769 2.305179 0.001941
 430.000000 0.018577 0.867585 2.302378 0.001499
 431.000000 0.023655 0.842146 2.148118 0.002182
 432.000000 0.023988 0.838323 2.182172 0.002767
 433.000000 0.023771 0.875947 2.417662 0.003015
 434.000000 0.024315 0.864134 2.410232 0.003895
 435.000000 0.015620 0.905143 2.548451 0.002464
 436.000000 0.019267 0.880117 2.462922 0.003329
 437.000000 0.030057 0.824692 2.303753 0.003292
 438.000000 0.038256 0.806134 2.188841 0.005323
 439.000000 0.025367 0.847882 2.333046 0.002546
 440.000000 0.021933 0.877829 2.312799 0.002121
 441.000000 0.015615 0.916312 2.559038 0.001488
 442.000000 0.015875 0.923465 2.620369 0.001565
 443.000000 0.016341 0.936129 2.613891 0.002157
 444.000000 0.020170 0.902640 2.639344 0.002658
 445.000000 0.023970 0.893650 2.574360 0.002750
 446.000000 0.026612 0.891001 2.521980 0.004074
 447.000000 0.032270 0.852920 2.386241 0.003987
 448.000000 0.027181 0.876232 2.314991 0.002324
 449.000000 0.026439 0.874403 2.287715 0.002296
 450.000000 0.021629 0.892322 2.443926 0.002123
 451.000000 0.019583 0.898391 2.421756 0.002014
 452.000000 0.017625 0.919050 2.477522 0.001779
 453.000000 0.018896 0.910912 2.622367 0.002407
 454.000000 0.017905 0.914649 2.602316 0.001758
 455.000000 0.019281 0.896096 2.524955 0.002256
 456.000000 0.019686 0.911333 2.570738 0.002755
 457.000000 0.026991 0.873049 2.445584 0.003304
 458.000000 0.021857 0.869091 2.407021 0.002574
 459.000000 0.026870 0.859083 2.480001 0.003002
 460.000000 0.020988 0.887035 2.523933 0.002995
 461.000000 0.011378 0.945396 2.686942 0.001187
 462.000000 0.010955 0.951833 2.725844 0.001283
 463.000000 0.016506 0.889750 2.518105 0.001891
 464.000000 0.017909 0.890108 2.470960 0.002433
 465.000000 0.015997 0.926095 2.655340 0.001655
 466.000000 0.014723 0.911490 2.511810 0.001496
 467.000000 0.012677 0.946955 2.686183 0.001404
 468.000000 0.015466 0.893654 2.398888 0.001840
 469.000000 0.015587 0.909299 2.445748 0.001510
 470.000000 0.019238 0.869108 2.271705 0.001543
 471.000000 0.016732 0.899426 2.390406 0.001292
 472.000000 0.018630 0.882682 2.341283 0.001738
 473.000000 0.020846 0.881189 2.371754 0.001989
 474.000000 0.022439 0.884188 2.424382 0.001887
 475.000000 0.015292 0.946533 2.756568 0.001988
 476.000000 0.016435 0.928414 2.574023 0.001474
 477.000000 0.026045 0.874543 2.395836 0.002398
 478.000000 0.018703 0.906387 2.555623 0.002187
 479.000000 0.019078 0.905268 2.492115 0.002258
 480.000000 0.028614 0.830354 2.226548 0.002911
 481.000000 0.021451 0.859603 2.251932 0.002294
 482.000000 0.017281 0.872556 2.272677 0.001918
 483.000000 0.019400 0.879496 2.492717 0.001982
 484.000000 0.013604 0.884899 2.263237 0.001409
 485.000000 0.012956 0.900793 2.391155 0.001177
 486.000000 0.012822 0.943810 2.720284 0.001343
 487.000000 0.017797 0.895618 2.523495 0.002090
 488.000000 0.012131 0.919367 2.535638 0.001451
 489.000000 0.017876 0.879931 2.325693 0.001739
 490.000000 0.022095 0.893294 2.613759 0.002849
 491.000000 0.017559 0.924030 2.732216 0.002078
 492.000000 0.017162 0.921482 2.701119 0.001809
 493.000000 0.015344 0.936911 2.733891 0.001646
 494.000000 0.018160 0.920017 2.692415 0.001812
 495.000000 0.017652 0.904553 2.598324 0.001605
 496.000000 0.013209 0.941319 2.718896 0.001179
 497.000000 0.012052 0.947704 2.737066 0.001107
 498.000000 0.012790 0.947367 2.638858 0.001205
 499.000000 0.016864 0.928842 2.640826 0.001616
 500.000000 0.014205 0.940143 2.744580 0.001804
