#! FIELDS time alpha rg e2e hbond
 0.000000 0.138548 0.538382 0.832181 0.011295
 1.000000 0.122883 0.555951 1.094826 0.013503
 2.000000 0.142616 0.552679 1.196686 0.013709
 3.000000 0.121510 0.546292 1.135928 0.010924
 4.000000 0.141586 0.543369 1.212371 0.014794
 5.000000 0.130583 0.539507 1.027888 0.009951
 6.000000 0.139207 0.545847 1.153174 0.010316
 7.000000 0.110865 0.544844 1.110068 0.021286
 8.000000 0.113072 0.538984 1.087047 0.014802
 9.000000 0.098457 0.527677 1.191277 0.012820
 10.000000 0.103175 0.526113 1.144729 0.016086
 11.000000 0.097045 0.531109 1.120322 0.015944
 12.000000 0.107814 0.530061 1.164195 0.020264
 13.000000 0.086966 0.591840 1.350568 0.006479
 14.000000 0.098131 0.571415 1.143216 0.010840
 15.000000 0.095935 0.559437 1.200777 0.014789
 16.000000 0.078174 0.609447 1.226311 0.012026
 17.000000 0.073606 0.592070 1.122460 0.010176
 18.000000 0.087737 0.583030 1.118192 0.014883
 19.000000 0.069101 0.609846 1.059343 0.010823
 20.000000 0.073957 0.599404 1.043219 0.014151
 21.000000 0.071421 0.631668 1.226741 0.021353
 22.000000 0.066897 0.636493 1.256161 0.010751
 23.000000 0.100447 0.624283 1.114914 0.008042
 24.000000 0.070273 0.599483 0.816005 0.005764
 25.000000 0.088283 0.623700 1.062505 0.006957
 26.000000 0.057166 0.647110 1.119967 0.004699
 27.000000 0.071045 0.633229 0.996531 0.007078
 28.000000 0.085781 0.626822 0.887294 0.005958
 29.000000 0.082107 0.633256 0.896846 0.005439
 30.000000 0.095976 0.603411 0.653138 0.006854
 31.000000 0.064622 0.637862 0.963537 0.004115
 32.000000 0.095189 0.617871 1.005335 0.009483
 33.000000 0.106542 0.617817 0.848434 0.018060
 34.000000 0.135222 0.591533 0.750964 0.020147
 35.000000 0.137604 0.622898 1.153597 0.014710
 36.000000 0.142104 0.623223 1.190471 0.015293
 37.000000 0.143032 0.599685 1.156888 0.025493
 38.000000 0.209333 0.563246 1.014040 0.026160
 39.000000 0.139480 0.548855 0.777188 0.011702
 40.000000 0.116144 0.589684 1.006103 0.011414
 41.000000 0.131994 0.599361 0.999095 0.015880
 42.000000 0.108648 0.604143 0.957823 0.018906
 43.000000 0.069793 0.653059 1.230011 0.009311
 44.000000 0.063139 0.666926 1.267423 0.004552
 45.000000 0.083249 0.675798 1.375867 0.007313
 46.000000 0.075072 0.672151 1.332998 0.009101
 47.000000 0.089268 0.714178 1.524692 0.018847
 48.000000 0.062710 0.739379 1.610177 0.018555
 49.000000 0.074236 0.715371 1.402451 0.022649
 50.000000 0.087899 0.728073 1.474250 0.016851
 51.000000 0.067767 0.712445 1.270935 0.020463
 52.000000 0.098615 0.697860 1.300301 0.022062
 53.000000 0.078574 0.702392 1.425812 0.005840
 54.000000 0.067585 0.760473 1.848901 0.007771
 55.000000 0.053736 0.773296 2.009663 0.011451
 56.000000 0.073718 0.770680 2.012652 0.012124
 57.000000 0.077511 0.779706 1.983612 0.010828
 58.000000 0.097334 0.769567 2.139582 0.012404
 59.000000 0.096296 0.734414 1.933098 0.013929
 60.000000 0.065775 0.783670 2.111646 0.013092
 61.000000 0.075804 0.781399 2.025788 0.013750
 62.000000 0.069022 0.762954 2.002073 0.012884
 63.000000 0.088735 0.741168 1.899157 0.013004
 64.000000 0.088442 0.733348 1.852419 0.018919
 65.000000 0.057176 0.739802 1.763782 0.022879
 66.000000 0.057878 0.742973 1.817635 0.011907
 67.000000 0.081150 0.685003 1.529557 0.024450
 68.000000 0.116299 0.698851 1.487476 0.148349
 69.000000 0.152307 0.691629 1.560656 0.149015
 70.000000 0.310462 0.702039 1.523899 0.314096
 71.000000 0.172001 0.676213 1.353068 0.319458
 72.000000 0.157229 0.682038 1.399295 0.176452
 73.000000 0.182157 0.699424 1.445858 0.057681
 74.000000 0.263233 0.720811 1.745985 0.288526
 75.000000 0.426057 0.721709 1.829121 0.448712
 76.000000 0.317069 0.722865 1.686879 0.156725
 77.000000 0.269926 0.720271 1.774447 0.152381
 78.000000 0.316815 0.717801 1.680438 0.226668
 79.000000 0.289128 0.729690 1.865468 0.138150
 80.000000 0.208417 0.758759 1.883432 0.059482
 81.000000 0.255461 0.739647 1.956284 0.226795
 82.000000 0.313087 0.710143 1.861039 0.279265
 83.000000 0.275248 0.722764 1.937700 0.069672
 84.000000 0.133736 0.677757 1.649215 0.113999
 85.000000 0.106543 0.692557 1.614443 0.071814
 86.000000 0.286475 0.693910 1.700620 0.540755
 87.000000 0.289456 0.689889 1.820303 0.800398
 88.000000 0.295679 0.752078 2.126181 0.146053
 89.000000 0.123769 0.748796 2.033250 0.030698
 90.000000 0.091501 0.776354 2.175274 0.019632
 91.000000 0.221940 0.737529 2.083710 0.121646
 92.000000 0.158984 0.794836 2.240168 0.044800
 93.000000 0.108011 0.752896 1.864967 0.033659
 94.000000 0.233749 0.720394 1.734185 0.157118
 95.000000 0.249700 0.706566 1.734765 0.531979
 96.000000 0.377128 0.693917 1.844730 0.283662
 97.000000 0.328474 0.720180 1.845333 0.243061
 98.000000 0.272286 0.726616 1.893543 0.182223
 99.000000 0.280349 0.689866 1.809368 0.581166
 100.000000 0.361756 0.699539 1.799815 0.196528
 101.000000 0.447327 0.659315 1.677422 0.071405
 102.000000 0.442700 0.629011 1.599966 0.306215
 103.000000 0.450116 0.659998 1.779677 0.087038
 104.000000 0.389218 0.706573 1.886786 0.492582
 105.000000 0.360177 0.708058 1.909953 0.305606
 106.000000 0.318893 0.705454 1.773084 0.424551
 107.000000 0.153776 0.725280 1.837494 0.126637
 108.000000 0.203470 0.699266 1.812351 0.334890
 109.000000 0.265764 0.690812 1.856230 0.416825
 110.000000 0.211011 0.739499 1.974086 0.062831
 111.000000 0.451042 0.700903 1.896541 0.442224
 112.000000 0.316443 0.692180 1.791350 0.183942
 113.000000 0.404836 0.719199 1.877359 0.180052
 114.000000 0.266060 0.714884 1.843846 0.276017
 115.000000 0.255727 0.729692 1.944392 0.543980
 116.000000 0.390930 0.709090 1.795638 0.376285
 117.000000 0.199993 0.736531 1.904548 0.078918
 118.000000 0.134713 0.804508 2.150807 0.027433
 119.000000 0.175244 0.794935 2.219044 0.052439
 120.000000 0.305515 0.712442 1.841685 0.492880
 121.000000 0.324330 0.702672 1.773287 0.724319
 122.000000 0.282838 0.690714 1.683960 0.400612
 123.000000 0.283602 0.692321 1.670733 0.764566
 124.000000 0.222885 0.684651 1.428539 0.358260
 125.000000 0.234730 0.705275 1.537607 0.305507
 126.000000 0.207192 0.673056 1.444541 0.693075
 127.000000 0.256299 0.725355 1.858810 0.229256
 128.000000 0.232898 0.713747 1.865445 0.112470
 129.000000 0.251679 0.742604 1.929196 0.230059
 130.000000 0.220396 0.704246 1.808987 0.388375
 131.000000 0.257631 0.731255 1.936834 0.124615
 132.000000 0.321643 0.724854 1.959102 0.309218
 133.000000 0.172259 0.780653 2.131598 0.044959
 134.000000 0.177206 0.776635 2.146480 0.113230
 135.000000 0.045972 0.819253 2.330499 0.007161
 136.000000 0.071887 0.804779 2.261483 0.008238
 137.000000 0.026101 0.832997 2.382451 0.002404
 138.000000 0.019397 0.893586 2.555249 0.001390
 139.000000 0.066454 0.781166 2.257446 0.005838
 140.000000 0.053361 0.793190 2.252580 0.003125
 141.000000 0.037976 0.810108 2.278830 0.002184
 142.000000 0.077226 0.753719 2.117518 0.004167
 143.000000 0.068107 0.774261 2.147640 0.003149
 144.000000 0.063859 0.759193 1.930310 0.005136
 145.000000 0.062458 0.753620 2.053689 0.004036
 146.000000 0.049500 0.766659 2.123777 0.002982
 147.000000 0.038634 0.779256 2.095980 0.002574
 148.000000 0.066639 0.715503 1.789203 0.004883
 149.000000 0.039745 0.756849 1.963372 0.002500
 150.000000 0.044428 0.761177 1.919413 0.002682
 151.000000 0.040687 0.815987 2.129679 0.002929
 152.000000 0.029005 0.815850 2.131152 0.001697
 153.000000 0.020322 0.882204 2.395646 0.001340
 154.000000 0.024298 0.872527 2.421830 0.001985
 155.000000 0.034953 0.844196 2.412223 0.002656
 156.000000 0.056967 0.779722 2.206089 0.003941
 157.000000 0.047319 0.809133 2.302521 0.004409
 158.000000 0.023800 0.850132 2.404339 0.001794
 159.000000 0.046692 0.809698 2.274806 0.003909
 160.000000 0.035562 0.800338 2.251136 0.002988
 161.000000 0.041507 0.784016 2.071584 0.002406
 162.000000 0.046089 0.758787 2.004011 0.003209
 163.000000 0.046482 0.791800 2.204036 0.004386
 164.000000 0.021185 0.851139 2.252245 0.001820
 165.000000 0.019881 0.826523 1.905396 0.001657
 166.000000 0.022691 0.835971 2.132165 0.001977
 167.000000 0.015060 0.879651 2.294544 0.001130
 168.000000 0.022242 0.847058 2.187547 0.002044
 169.000000 0.021476 0.871141 2.387718 0.002417
 170.000000 0.011487 0.931549 2.602379 0.001219
 171.000000 0.011347 0.948805 2.601230 0.001033
 172.000000 0.012996 0.908868 2.501232 0.001374
 173.000000 0.026416 0.828607 2.229031 0.002550
 174.000000 0.034927 0.835924 2.337236 0.004413
 175.000000 0.017028 0.874061 2.420909 0.001792
 176.000000 0.023117 0.869648 2.334231 0.003444
 177.000000 0.019042 0.873411 2.364864 0.001906
 178.000000 0.014889 0.918688 2.572135 0.001607
 179.000000 0.014800 0.914074 2.590390 0.001314
 180.000000 0.012054 0.961046 2.722350 0.001008
 181.000000 0.011857 0.953331 2.730689 0.001253
 182.000000 0.016517 0.924779 2.629949 0.002036
 183.000000 0.025831 0.856706 2.479427 0.003316
 184.000000 0.024241 0.881164 2.499449 0.002506
 185.000000 0.036392 0.827057 2.345442 0.002413
 186.000000 0.012780 0.911884 2.469118 0.000974
 187.000000 0.011643 0.946319 2.599810 0.001016
 188.000000 0.014091 0.903249 2.441834 0.001501
 189.000000 0.019168 0.888711 2.453188 0.002054
 190.000000 0.019440 0.893526 2.483486 0.001636
 191.000000 0.031254 0.848540 2.342291 0.003187
 192.000000 0.030600 0.867108 2.369298 0.004185
 193.000000 0.023764 0.871808 2.334022 0.002682
 194.000000 0.026128 0.859600 2.271305 0.001771
 195.000000 0.038571 0.830804 2.232389 0.003584
 196.000000 0.043804 0.818278 2.155540 0.003697
 197.000000 0.027824 0.863463 2.355268 0.004596
 198.000000 0.034177 0.810591 2.148083 0.002541
 199.000000 0.033488 0.833678 2.255711 0.003826
 200.000000 0.042044 0.831129 2.233034 0.007746
 201.000000 0.036431 0.826621 2.265006 0.003837
 202.000000 0.018935 0.861289 2.224297 0.001577
 203.000000 0.034414 0.792009 1.913028 0.003335
 204.000000 0.041115 0.784555 1.865723 0.006316
 205.000000 0.039819 0.784532 1.726377 0.009471
 206.000000 0.033782 0.785510 1.713908 0.006839
 207.000000 0.035954 0.775119 1.611710 0.012118
 208.000000 0.034222 0.788223 1.728194 0.007316
 209.000000 0.023198 0.825036 2.058747 0.001869
 210.000000 0.019380 0.854150 2.006337 0.001548
 211.000000 0.041242 0.730074 1.584414 0.003015
 212.000000 0.033284 0.751015 1.713361 0.003131
 213.000000 0.027859 0.724431 1.441420 0.001727
 214.000000 0.023987 0.784348 1.679685 0.001646
 215.000000 0.031686 0.764356 1.619179 0.001874
 216.000000 0.045522 0.801061 1.982741 0.005816
 217.000000 0.025251 0.837447 2.129746 0.003207
 218.000000 0.023688 0.816808 2.047987 0.003034
 219.000000 0.026019 0.836024 2.171614 0.002169
 220.000000 0.035377 0.804089 2.094806 0.002439
 221.000000 0.043255 0.764778 1.822578 0.004101
 222.000000 0.043880 0.717945 1.557530 0.004192
 223.000000 0.053896 0.680754 1.296900 0.005417
 224.000000 0.054408 0.660377 1.089328 0.005431
 225.000000 0.063745 0.685327 1.323602 0.015739
 226.000000 0.051773 0.689660 1.326171 0.004916
 227.000000 0.067937 0.676315 1.298291 0.007114
 228.000000 0.030166 0.761305 1.685425 0.003289
 229.000000 0.029129 0.813397 2.038571 0.002767
 230.000000 0.021362 0.865252 2.331487 0.002229
 231.000000 0.015640 0.889866 2.448852 0.001277
 232.000000 0.022210 0.881956 2.425610 0.002160
 233.000000 0.019835 0.888636 2.529224 0.001796
 234.000000 0.027400 0.817145 2.071211 0.002009
 235.000000 0.032028 0.806986 1.968237 0.003675
 236.000000 0.040809 0.743029 1.716778 0.004048
 237.000000 0.024945 0.835417 2.081470 0.002213
 238.000000 0.026536 0.816112 2.113641 0.001832
 239.000000 0.034808 0.807246 2.052148 0.003688
 240.000000 0.028390 0.772386 1.861440 0.002252
 241.000000 0.042065 0.807057 2.143191 0.003859
 242.000000 0.038883 0.785748 2.066203 0.004005
 243.000000 0.037108 0.809287 2.238957 0.003476
 244.000000 0.019563 0.885048 2.428083 0.001331
 245.000000 0.018543 0.900456 2.483497 0.001747
 246.000000 0.019962 0.890739 2.501040 0.001889
 247.000000 0.021311 0.905846 2.605349 0.002257
 248.000000 0.017765 0.902470 2.432226 0.001627
 249.000000 0.020936 0.853575 2.170909 0.001978
 250.000000 0.028417 0.844127 2.131521 0.002281
 251.000000 0.024218 0.850123 2.189304 0.002090
 252.000000 0.051416 0.785949 2.046023 0.006238
 253.000000 0.064219 0.745416 1.727609 0.008567
 254.000000 0.073313 0.740706 1.880862 0.008049
 255.000000 0.070861 0.783900 2.159778 0.005320
 256.000000 0.041346 0.816461 2.273199 0.003122
 257.000000 0.050978 0.810739 2.189026 0.008015
 258.000000 0.052542 0.809451 2.082748 0.008263
 259.000000 0.034768 0.834866 2.251284 0.004414
 260.000000 0.068113 0.772278 1.902741 0.008469
 261.000000 0.057174 0.807023 2.148299 0.007498
 262.000000 0.081194 0.748402 1.916367 0.006989
 263.000000 0.029416 0.868310 2.399622 0.002462
 264.000000 0.035668 0.834139 2.139067 0.002325
 265.000000 0.046574 0.831133 2.271811 0.003660
 266.000000 0.038240 0.833342 2.388466 0.005706
 267.000000 0.109014 0.755769 1.990717 0.013277
 268.000000 0.090464 0.778280 2.061247 0.011760
 269.000000 0.078503 0.775200 2.059505 0.008045
 270.000000 0.083927 0.753850 1.792544 0.012539
 271.000000 0.071248 0.788429 2.109484 0.010562
 272.000000 0.074296 0.768426 1.918320 0.014132
 273.000000 0.081623 0.768222 2.047036 0.013288
 274.000000 0.064873 0.806933 2.156950 0.012963
 275.000000 0.039167 0.826218 2.156287 0.003402
 276.000000 0.053368 0.824310 2.244945 0.008312
 277.000000 0.038766 0.776781 1.681754 0.004203
 278.000000 0.041957 0.775827 1.827701 0.004249
 279.000000 0.017761 0.839936 1.923719 0.001457
 280.000000 0.024359 0.803082 1.838584 0.002564
 281.000000 0.028311 0.790810 1.803820 0.002081
 282.000000 0.027685 0.752589 1.508943 0.002584
 283.000000 0.032061 0.748657 1.722558 0.003512
 284.000000 0.052002 0.740496 1.792572 0.012176
 285.000000 0.054314 0.755280 1.911892 0.008452
 286.000000 0.026135 0.805696 2.103488 0.003872
 287.000000 0.028926 0.813606 2.202409 0.002847
 288.000000 0.039297 0.770665 2.014304 0.003534
 289.000000 0.034988 0.776302 1.945932 0.004808
 290.000000 0.018196 0.851305 2.250733 0.002560
 291.000000 0.023059 0.830614 2.234525 0.003758
 292.000000 0.026535 0.810065 2.143595 0.003627
 293.000000 0.026322 0.863376 2.478128 0.003515
 294.000000 0.025851 0.867711 2.404349 0.002836
 295.000000 0.027983 0.853535 2.343454 0.002223
 296.000000 0.027142 0.854867 2.236233 0.002435
 297.000000 0.034955 0.798155 1.780892 0.004522
 298.000000 0.043959 0.752287 1.805130 0.005860
 299.000000 0.046278 0.765639 1.782446 0.002961
 300.000000 0.041195 0.753247 1.491931 0.003039
 301.000000 0.056812 0.715261 1.376023 0.010162
 302.000000 0.040327 0.737305 1.350968 0.006149
 303.000000 0.035398 0.779186 1.885749 0.003084
 304.000000 0.049000 0.768460 1.887810 0.005834
 305.000000 0.038389 0.775624 1.949285 0.005058
 306.000000 0.037481 0.792356 2.012812 0.002804
 307.000000 0.030352 0.827430 2.164768 0.002212
 308.000000 0.032704 0.833863 2.291933 0.003735
 309.000000 0.024238 0.859975 2.338754 0.002135
 310.000000 0.020871 0.866908 2.415701 0.001883
 311.000000 0.024252 0.841676 2.158209 0.002215
 312.000000 0.027582 0.832727 2.160461 0.002383
 313.000000 0.035358 0.802087 2.134510 0.003893
 314.000000 0.030673 0.800885 2.033430 0.003091
 315.000000 0.031152 0.817000 2.104959 0.006252
 316.000000 0.044227 0.760781 1.680076 0.010976
 317.000000 0.053175 0.726260 1.564081 0.007424
 318.000000 0.040614 0.758142 1.756211 0.003165
 319.000000 0.038779 0.807985 2.114082 0.002662
 320.000000 0.035620 0.798666 1.856175 0.002626
 321.000000 0.027306 0.797671 1.893852 0.001872
 322.000000 0.039877 0.774180 1.773107 0.004139
 323.000000 0.018820 0.852288 2.172706 0.001820
 324.000000 0.019409 0.866757 2.285199 0.002377
 325.000000 0.025545 0.883089 2.429044 0.003013
 326.000000 0.021678 0.891373 2.579080 0.002639
 327.000000 0.026574 0.849855 2.368151 0.003208
 328.000000 0.023523 0.886638 2.529633 0.002292
 329.000000 0.048459 0.777772 2.020762 0.003231
 330.000000 0.045021 0.789094 2.140690 0.002847
 331.000000 0.020480 0.893695 2.513996 0.001921
 332.000000 0.030126 0.840121 2.336331 0.002635
 333.000000 0.024885 0.882133 2.504813 0.002574
 334.000000 0.027590 0.848333 2.311433 0.002476
 335.000000 0.023380 0.860767 2.394230 0.002194
 336.000000 0.026738 0.857539 2.356562 0.002581
 337.000000 0.016268 0.917417 2.617174 0.001310
 338.000000 0.019081 0.892720 2.505760 0.001787
 339.000000 0.019604 0.895748 2.535316 0.001760
 340.000000 0.016078 0.892008 2.467556 0.001358
 341.000000 0.026481 0.854368 2.295518 0.002603
 342.000000 0.027458 0.842861 2.309224 0.002215
 343.000000 0.040048 0.809265 2.130057 0.004666
 344.000000 0.036353 0.787650 1.848057 0.003191
 345.000000 0.046250 0.769630 1.907443 0.005433
 346.000000 0.023891 0.838344 2.129412 0.002727
 347.000000 0.024984 0.860545 2.431504 0.002500
 348.000000 0.028667 0.843488 2.240905 0.002953
 349.000000 0.032591 0.804947 2.126542 0.003200
 350.000000 0.035128 0.846345 2.434209 0.003972
 351.000000 0.026079 0.881034 2.555560 0.002262
 352.000000 0.054901 0.826696 2.387032 0.004137
 353.000000 0.102085 0.769535 2.079021 0.009788
 354.000000 0.111675 0.805495 2.272600 0.018983
 355.000000 0.130430 0.816289 2.312019 0.026184
 356.000000 0.057388 0.814533 2.265697 0.006204
 357.000000 0.116408 0.789203 2.047363 0.019261
 358.000000 0.109324 0.780512 2.086613 0.017346
 359.000000 0.073226 0.792683 2.096779 0.011544
 360.000000 0.065978 0.834366 2.357615 0.006815
 361.000000 0.068889 0.826623 2.343951 0.010885
 362.000000 0.024758 0.891025 2.585434 0.001685
 363.000000 0.028125 0.872293 2.478599 0.001863
 364.000000 0.023732 0.900801 2.601386 0.003148
 365.000000 0.026631 0.882810 2.578795 0.002029
 366.000000 0.037187 0.846192 2.361005 0.003623
 367.000000 0.044120 0.845699 2.325607 0.008212
 368.000000 0.028272 0.865702 2.385849 0.002320
 369.000000 0.019496 0.920439 2.644384 0.002107
 370.000000 0.018544 0.898332 2.569802 0.002055
 371.000000 0.020195 0.875852 2.368341 0.001865
 372.000000 0.023333 0.867911 2.382491 0.002821
 373.000000 0.023545 0.884797 2.526024 0.003341
 374.000000 0.026757 0.880220 2.555972 0.002765
 375.000000 0.018881 0.910972 2.618751 0.001893
 376.000000 0.011499 0.948398 2.687412 0.001251
 377.000000 0.011911 0.930605 2.575613 0.001116
 378.000000 0.011638 0.934023 2.616272 0.000991
 379.000000 0.016482 0.906375 2.510468 0.001252
 380.000000 0.014458 0.933830 2.658954 0.001230
 381.000000 0.014787 0.935467 2.707593 0.001453
 382.000000 0.015886 0.944279 2.760800 0.001618
 383.000000 0.012250 0.963610 2.837355 0.000931
 384.000000 0.014866 0.949398 2.745216 0.001693
 385.000000 0.013080 0.947419 2.686833 0.001068
 386.000000 0.015568 0.921951 2.482111 0.001549
 387.000000 0.016149 0.915919 2.515153 0.001839
 388.000000 0.014827 0.946725 2.709100 0.001626
 389.000000 0.015041 0.929373 2.750887 0.001322
 390.000000 0.017561 0.935651 2.772947 0.001733
 391.000000 0.013693 0.941747 2.696827 0.001435
 392.000000 0.013448 0.948905 2.722699 0.001264
 393.000000 0.018597 0.912669 2.601496 0.001927
 394.000000 0.019921 0.895164 2.512490 0.001890
 395.000000 0.017691 0.924041 2.646649 0.001808
 396.000000 0.016713 0.924419 2.635107 0.001429
 397.000000 0.014832 0.936943 2.561436 0.001221
 398.000000 0.014855 0.943106 2.687346 0.001445
 399.000000 0.014276 0.948675 2.669817 0.001141
 400.000000 0.014411 0.924208 2.564083 0.001265
 401.000000 0.016215 0.940710 2.687492 0.001462
 402.000000 0.013040 0.958540 2.712847 0.001453
 403.000000 0.012567 0.951868 2.688976 0.001367
 404.000000 0.014514 0.940179 2.695064 0.001460
 405.000000 0.012304 0.968383 2.794780 0.001103
 406.000000 0.013237 0.955847 2.785525 0.001471
 407.000000 0.015507 0.933983 2.699790 0.001566
 408.000000 0.013748 0.937643 2.749416 0.001263
 409.000000 0.021783 0.900591 2.558014 0.001643
 410.000000 0.016953 0.940352 2.744187 0.001557
 411.000000 0.012727 0.943750 2.733629 0.001136
 412.000000 0.013882 0.957499 2.768796 0.001426
 413.000000 0.017129 0.916524 2.553769 0.001707
 414.000000 0.015490 0.914278 2.590730 0.001775
 415.000000 0.015622 0.920076 2.644618 0.001743
 416.000000 0.014259 0.936678 2.738514 0.001324
 417.000000 0.016030 0.933071 2.685444 0.001499
 418.000000 0.009771 0.967757 2.715740 0.000892
 419.000000 0.018225 0.904842 2.473553 0.001730
 420.000000 0.016808 0.928166 2.659379 0.001928
 421.000000 0.012768 0.945145 2.761280 0.001302
 422.000000 0.010647 0.958894 2.768617 0.001237
 423.000000 0.009357 0.978255 2.775098 0.001042
 424.000000 0.015994 0.931159 2.680710 0.001844
 425.000000 0.011529 0.973185 2.798935 0.000853
 426.000000 0.013393 0.949704 2.711670 0.001186
 427.000000 0.009606 0.982235 2.806937 0.000907
 428.000000 0.009644 0.985430 2.813533 0.000871
 429.000000 0.014145 0.938923 2.743766 0.001258
 430.000000 0.013312 0.945473 2.805751 0.001377
 431.000000 0.013345 0.941036 2.671374 0.001366
 432.000000 0.013293 0.948050 2.750833 0.001206
 433.000000 0.013788 0.926057 2.645604 0.001512
 434.000000 0.012444 0.922053 2.580185 0.001184
 435.000000 0.014591 0.870610 2.331208 0.001455
 436.000000 0.015602 0.876555 2.315053 0.001386
 437.000000 0.015199 0.903399 2.509585 0.001586
 438.000000 0.014870 0.922430 2.565353 0.001648
 439.000000 0.012669 0.946239 2.638795 0.001306
 440.000000 0.014281 0.913643 2.542467 0.001312
 441.000000 0.013175 0.955362 2.829416 0.001346
 442.000000 0.014384 0.939363 2.793168 0.001361
 443.000000 0.016180 0.910904 2.599372 0.001568
 444.000000 0.015974 0.928318 2.694077 0.001557
 445.000000 0.013174 0.957083 2.781845 0.001445
 446.000000 0.012028 0.948890 2.733762 0.001166
 447.000000 0.014104 0.944272 2.723673 0.001333
 448.000000 0.011527 0.924040 2.598697 0.001121
 449.000000 0.011783 0.955137 2.718084 0.001080
 450.000000 0.011376 0.954432 2.724764 0.001058
 451.000000 0.012704 0.911673 2.510532 0.001207
 452.000000 0.011653 0.944191 2.708137 0.000972
 453.000000 0.017451 0.877737 2.375231 0.001270
 454.000000 0.016034 0.898394 2.517182 0.001258
 455.000000 0.014972 0.925046 2.626789 0.001244
 456.000000 0.018523 0.872356 2.412178 0.001666
 457.000000 0.009084 0.957097 2.637362 0.001175
 458.000000 0.008018 0.995891 2.842918 0.000759
 459.000000 0.012546 0.931899 2.595373 0.001426
 460.000000 0.010370 0.962620 2.729144 0.001160
 461.000000 0.010802 0.927844 2.531641 0.000918
 462.000000 0.008805 0.980491 2.763675 0.000754
 463.000000 0.010728 0.938149 2.586857 0.000941
 464.000000 0.014693 0.869803 2.293863 0.001346
 465.000000 0.013934 0.876292 2.251213 0.001479
 466.000000 0.012383 0.894235 2.408158 0.000955
 467.000000 0.012514 0.889152 2.437542 0.001216
 468.000000 0.010716 0.920628 2.448749 0.001149
 469.000000 0.027615 0.862696 2.451435 0.002063
 470.000000 0.025343 0.850072 2.364428 0.002240
 471.000000 0.023222 0.874578 2.469868 0.001920
 472.000000 0.035051 0.837610 2.316947 0.003119
 473.000000 0.045045 0.790114 2.152987 0.004682
 474.000000 0.048631 0.795320 2.143968 0.009377
 475.000000 0.045221 0.780731 2.095912 0.003509
 476.000000 0.035712 0.828308 2.340700 0.002557
 477.000000 0.036388 0.816905 2.253710 0.003025
 478.000000 0.032030 0.815235 2.176094 0.002425
 479.000000 0.047411 0.805183 2.236082 0.003609
 480.000000 0.037397 0.752060 1.966484 0.007231
 481.000000 0.057354 0.677120 1.559669 0.009658
 482.000000 0.036150 0.742632 1.726445 0.004115
 483.000000 0.036003 0.742719 1.807748 0.006643
 484.000000 0.025943 0.806571 2.222220 0.002704
 485.000000 0.028856 0.834357 2.348969 0.002090
 486.000000 0.034875 0.731583 1.836685 0.005363
 487.000000 0.034028 0.749941 1.898670 0.002470
 488.000000 0.026592 0.793780 2.079262 0.002478
 489.000000 0.031563 0.772001 1.914495 0.002526
 490.000000 0.038611 0.742593 1.526121 0.003224
 491.000000 0.030019 0.707665 1.373808 0.002715
 492.000000 0.048030 0.686309 1.294525 0.003183
 493.000000 0.033469 0.702909 1.297339 0.003059
 494.000000 0.021073 0.801464 1.879877 0.001794
 495.000000 0.024806 0.799309 1.962881 0.002844
 496.000000 0.021545 0.799808 1.925238 0.002050
 497.000000 0.017249 0.823215 2.037932 0.001437
 498.000000 0.020730 0.839087 2.248073 0.001962
 499.000000 0.013789 0.899388 2.421132 0.001139
 500.000000 0.014210 0.883258 2.310378 0.001328
