#! FIELDS time alpha rg e2e hbond
 0.000000 0.254153 0.726484 2.146637 0.138116
 1.000000 0.277350 0.732337 2.150820 0.051775
 2.000000 0.594856 0.706951 2.140583 0.302913
 3.000000 0.602622 0.673123 1.890547 0.345624
 4.000000 0.262685 0.729717 2.094077 0.086125
 5.000000 0.196347 0.741221 2.096054 0.035029
 6.000000 0.197084 0.735828 2.077144 0.046568
 7.000000 0.171613 0.746404 2.101631 0.039156
 8.000000 0.120949 0.724353 1.739870 0.028498
 9.000000 0.132106 0.727706 1.878115 0.029690
 10.000000 0.168079 0.715756 1.804366 0.035557
 11.000000 0.268872 0.661771 1.473414 0.054243
 12.000000 0.415723 0.627770 1.268809 0.060902
 13.000000 0.585448 0.619025 1.189922 0.272232
 14.000000 0.627324 0.666428 1.498159 0.173176
 15.000000 0.323454 0.628908 1.278985 0.234815
 16.000000 0.365721 0.637757 1.339394 0.102254
 17.000000 0.452282 0.613423 1.179418 0.851953
 18.000000 0.545699 0.637280 1.440602 0.138634
 19.000000 0.953651 0.641403 1.403929 0.238869
 20.000000 0.727257 0.616299 1.389726 0.343321
 21.000000 0.407173 0.636133 1.327315 0.105151
 22.000000 0.321503 0.654657 1.565694 0.066247
 23.000000 0.454236 0.659027 1.672642 0.212197
 24.000000 0.428361 0.681541 1.836282 0.675113
 25.000000 0.407017 0.637710 1.537928 0.801055
 26.000000 0.666609 0.647736 1.811768 0.776276
 27.000000 0.658352 0.666755 1.893604 0.689425
 28.000000 0.691110 0.633893 1.760898 0.884570
 29.000000 0.317495 0.578430 1.404727 0.954267
 30.000000 0.412569 0.621063 1.677443 0.827114
 31.000000 0.438141 0.623748 1.544606 0.260158
 32.000000 0.320107 0.631021 1.502766 0.797091
 33.000000 0.372956 0.613504 1.199604 0.691887
 34.000000 0.361638 0.593892 1.167965 0.816216
 35.000000 0.573151 0.608224 1.049938 0.408890
 36.000000 0.685702 0.640030 1.497584 0.343490
 37.000000 0.462032 0.628242 1.474374 0.453262
 38.000000 0.405880 0.629205 1.434658 0.577576
 39.000000 0.396191 0.629662 1.495356 0.071627
 40.000000 0.194755 0.621820 1.213238 0.036691
 41.000000 0.763024 0.615544 1.338173 0.277974
 42.000000 0.497541 0.614137 1.315252 0.644541
 43.000000 0.377096 0.683814 1.724799 0.184671
 44.000000 0.264049 0.702060 1.695174 0.131838
 45.000000 0.152423 0.698918 1.783915 0.161300
 46.000000 0.159989 0.658097 1.450724 0.190982
 47.000000 0.157663 0.659718 1.434647 0.105829
 48.000000 0.073250 0.689332 1.457005 0.010689
 49.000000 0.073557 0.719301 1.624428 0.008481
 50.000000 0.071777 0.703819 1.551455 0.008230
 51.000000 0.066635 0.750940 1.818532 0.006795
 52.000000 0.064093 0.774233 1.914314 0.009236
 53.000000 0.048281 0.777500 1.942637 0.007747
 54.000000 0.048309 0.797361 2.194325 0.005558
 55.000000 0.031639 0.814942 2.165251 0.003091
 56.000000 0.025096 0.813748 2.088112 0.002283
 57.000000 0.048198 0.795461 2.167970 0.003797
 58.000000 0.056708 0.768809 2.080345 0.004536
 59.000000 0.061941 0.746186 1.957218 0.003619
 60.000000 0.048832 0.781284 2.161529 0.003028
 61.000000 0.098058 0.752675 2.110547 0.007231
 62.000000 0.082000 0.759102 2.070725 0.003127
 63.000000 0.055060 0.797413 2.308951 0.003473
 64.000000 0.069312 0.793657 2.243324 0.003472
 65.000000 0.060805 0.786670 2.192513 0.003906
 66.000000 0.089586 0.752313 2.031459 0.006615
 67.000000 0.060637 0.753466 1.976445 0.003422
 68.000000 0.037622 0.768254 1.867062 0.003681
 69.000000 0.058514 0.735173 1.663228 0.004921
 70.000000 0.067974 0.698151 1.390143 0.006410
 71.000000 0.046676 0.754087 1.738928 0.005062
 72.000000 0.085196 0.708475 1.606036 0.009369
 73.000000 0.091472 0.726035 1.829840 0.007713
 74.000000 0.091552 0.765073 2.114760 0.003501
 75.000000 0.038545 0.811531 2.171683 0.002521
 76.000000 0.034949 0.831618 2.311124 0.002517
 77.000000 0.042081 0.772603 1.883663 0.004048
 78.000000 0.050059 0.764257 1.872743 0.003939
 79.000000 0.047361 0.749253 1.815315 0.003863
 80.000000 0.050353 0.730316 1.564138 0.003155
 81.000000 0.050804 0.676071 1.176876 0.004798
 82.000000 0.046936 0.691474 1.308817 0.003595
 83.000000 0.085758 0.679430 1.338360 0.003755
 84.000000 0.067004 0.733048 1.890492 0.004217
 85.000000 0.080560 0.688610 1.535363 0.005779
 86.000000 0.032144 0.753119 1.714476 0.002812
 87.000000 0.035001 0.746788 1.798672 0.002374
 88.000000 0.052840 0.700162 1.438400 0.007119
 89.000000 0.056435 0.699556 1.475062 0.004701
 90.000000 0.048627 0.764322 1.843013 0.003321
 91.000000 0.059747 0.760778 1.887350 0.003277
 92.000000 0.108471 0.710590 1.729774 0.005207
 93.000000 0.083443 0.683418 1.513652 0.005289
 94.000000 0.059108 0.673635 1.233530 0.005674
 95.000000 0.056830 0.676692 1.245279 0.003567
 96.000000 0.061562 0.695622 1.372419 0.004314
 97.000000 0.054540 0.682641 1.186395 0.004104
 98.000000 0.065556 0.623162 0.975077 0.009087
 99.000000 0.076032 0.636095 0.904297 0.005547
 100.000000 0.066724 0.641418 0.926386 0.005983
 101.000000 0.061109 0.633046 0.809597 0.008675
 102.000000 0.062824 0.627086 0.852429 0.008775
 103.000000 0.062681 0.657028 0.925548 0.005821
 104.000000 0.077975 0.674268 1.299488 0.005033
 105.000000 0.074351 0.706082 1.582652 0.006897
 106.000000 0.073127 0.690423 1.447822 0.006579
 107.000000 0.051280 0.725649 1.591336 0.003446
 108.000000 0.044152 0.746696 1.571472 0.004231
 109.000000 0.031242 0.820183 2.013616 0.002368
 110.000000 0.032489 0.776039 1.799175 0.002764
 111.000000 0.025215 0.771497 1.644887 0.002225
 112.000000 0.075781 0.722600 1.552699 0.009282
 113.000000 0.077567 0.706126 1.554055 0.007517
 114.000000 0.039297 0.772339 1.969665 0.003555
 115.000000 0.033479 0.761809 1.822744 0.003489
 116.000000 0.031666 0.767759 1.787724 0.003072
 117.000000 0.044490 0.730175 1.641147 0.005934
 118.000000 0.052310 0.737614 1.808019 0.005452
 119.000000 0.051093 0.749360 1.949622 0.004953
 120.000000 0.043811 0.749680 1.754493 0.005205
 121.000000 0.020846 0.815436 1.990369 0.002153
 122.000000 0.051611 0.755857 1.842814 0.005710
 123.000000 0.051875 0.757245 1.892634 0.005799
 124.000000 0.047419 0.776770 2.006658 0.003994
 125.000000 0.050112 0.764623 1.989872 0.007832
 126.000000 0.064971 0.683592 1.507052 0.005349
 127.000000 0.050089 0.760568 1.982428 0.005455
 128.000000 0.044606 0.769989 2.045791 0.006343
 129.000000 0.095357 0.663314 1.572304 0.009272
 130.000000 0.081890 0.648086 1.529000 0.010683
 131.000000 0.064301 0.688563 1.588955 0.004708
 132.000000 0.071727 0.683811 1.554931 0.006034
 133.000000 0.053081 0.713648 1.622026 0.005431
 134.000000 0.040207 0.773806 1.921526 0.002590
 135.000000 0.015730 0.886732 2.380835 0.001998
 136.000000 0.032538 0.770799 1.748708 0.004182
 137.000000 0.025976 0.755116 1.490060 0.002862
 138.000000 0.032349 0.766657 1.741378 0.003454
 139.000000 0.040870 0.737525 1.767421 0.003901
 140.000000 0.026646 0.826033 2.107567 0.002283
 141.000000 0.032587 0.826959 2.269641 0.003488
 142.000000 0.031033 0.825450 2.162465 0.002373
 143.000000 0.043700 0.807040 2.178652 0.002585
 144.000000 0.018526 0.883151 2.399421 0.001439
 145.000000 0.028168 0.824006 2.195343 0.002603
 146.000000 0.047999 0.761489 1.898558 0.003796
 147.000000 0.036902 0.793994 2.038024 0.003521
 148.000000 0.026808 0.850292 2.244716 0.002653
 149.000000 0.030849 0.826811 2.259862 0.002496
 150.000000 0.022690 0.856760 2.330715 0.001828
 151.000000 0.027109 0.850156 2.248592 0.002307
 152.000000 0.045659 0.818035 2.145463 0.004670
 153.000000 0.036121 0.813571 2.125673 0.003084
 154.000000 0.021910 0.894819 2.414664 0.002954
 155.000000 0.046652 0.827394 2.229678 0.003715
 156.000000 0.046973 0.831790 2.318402 0.008260
 157.000000 0.035322 0.853071 2.345652 0.003665
 158.000000 0.025412 0.864736 2.342349 0.002662
 159.000000 0.032904 0.846724 2.316187 0.004484
 160.000000 0.029854 0.842488 2.240408 0.003551
 161.000000 0.031063 0.783666 1.837578 0.004928
 162.000000 0.024266 0.838246 2.094467 0.002781
 163.000000 0.039248 0.766557 1.938105 0.003410
 164.000000 0.057175 0.740314 1.920627 0.005187
 165.000000 0.048110 0.776911 2.063387 0.005253
 166.000000 0.047710 0.789548 2.168524 0.004583
 167.000000 0.037220 0.805795 2.184944 0.004812
 168.000000 0.035101 0.789003 1.990035 0.003864
 169.000000 0.035808 0.758452 1.821672 0.003598
 170.000000 0.042835 0.740894 1.760713 0.005380
 171.000000 0.029192 0.791761 1.907084 0.002215
 172.000000 0.035617 0.780327 1.769305 0.004364
 173.000000 0.029595 0.762029 1.601813 0.002929
 174.000000 0.036762 0.730710 1.356814 0.004813
 175.000000 0.051738 0.727086 1.567970 0.007956
 176.000000 0.047351 0.712526 1.364733 0.008225
 177.000000 0.028930 0.792154 1.759324 0.003290
 178.000000 0.034806 0.774797 1.759830 0.005370
 179.000000 0.046992 0.739250 1.711533 0.003278
 180.000000 0.042298 0.752198 1.591630 0.007204
 181.000000 0.056937 0.743400 1.601280 0.009209
 182.000000 0.057838 0.728510 1.664245 0.003955
 183.000000 0.041339 0.773292 1.847001 0.004044
 184.000000 0.028559 0.799847 1.971899 0.002861
 185.000000 0.041147 0.779968 2.029677 0.003692
 186.000000 0.016229 0.909788 2.600329 0.001461
 187.000000 0.019451 0.891211 2.463842 0.002556
 188.000000 0.028523 0.857387 2.418354 0.003259
 189.000000 0.023811 0.889987 2.520057 0.001906
 190.000000 0.027531 0.858066 2.343473 0.002237
 191.000000 0.020566 0.887621 2.506512 0.001425
 192.000000 0.013474 0.948753 2.726538 0.001607
 193.000000 0.018688 0.893105 2.474053 0.002333
 194.000000 0.017194 0.879955 2.281919 0.001671
 195.000000 0.019861 0.870045 2.318873 0.002115
 196.000000 0.028592 0.838882 2.198222 0.003307
 197.000000 0.016164 0.906612 2.535164 0.001902
 198.000000 0.011315 0.976164 2.816372 0.001425
 199.000000 0.021456 0.922872 2.634191 0.002626
 200.000000 0.012526 0.973829 2.763730 0.001770
 201.000000 0.015149 0.912431 2.557580 0.001754
 202.000000 0.016076 0.890398 2.343555 0.001422
 203.000000 0.024332 0.873860 2.467339 0.002272
 204.000000 0.027825 0.860353 2.422799 0.002528
 205.000000 0.021117 0.851236 2.260035 0.001999
 206.000000 0.014834 0.897436 2.432386 0.001655
 207.000000 0.014170 0.926162 2.581933 0.001923
 208.000000 0.014159 0.907947 2.436344 0.001505
 209.000000 0.015763 0.871051 2.228148 0.001960
 210.000000 0.015487 0.880333 2.305547 0.001611
 211.000000 0.027875 0.837466 2.302580 0.002450
 212.000000 0.026234 0.862117 2.410867 0.002076
 213.000000 0.021364 0.861450 2.320458 0.001767
 214.000000 0.022628 0.815900 1.927567 0.003142
 215.000000 0.027018 0.821807 2.092714 0.001774
 216.000000 0.022283 0.865771 2.406793 0.001845
 217.000000 0.023085 0.860385 2.420168 0.001593
 218.000000 0.025240 0.842634 2.285371 0.001488
 219.000000 0.026745 0.846014 2.377282 0.001668
 220.000000 0.024452 0.856039 2.272077 0.001961
 221.000000 0.031522 0.834559 2.256009 0.002464
 222.000000 0.026680 0.843773 2.290082 0.002203
 223.000000 0.026139 0.845986 2.305161 0.002567
 224.000000 0.022625 0.856572 2.399038 0.001502
 225.000000 0.018918 0.878393 2.529020 0.001345
 226.000000 0.032092 0.823070 2.275897 0.002893
 227.000000 0.032373 0.832913 2.281588 0.002381
 228.000000 0.037329 0.820713 2.198152 0.003320
 229.000000 0.039346 0.796078 1.942705 0.003057
 230.000000 0.036350 0.793292 1.913850 0.003475
 231.000000 0.043475 0.795716 2.037596 0.004586
 232.000000 0.024261 0.838454 2.184750 0.002281
 233.000000 0.018144 0.914104 2.525389 0.002741
 234.000000 0.021200 0.871052 2.474128 0.002024
 235.000000 0.017156 0.900471 2.533151 0.001514
 236.000000 0.012945 0.911870 2.488348 0.001093
 237.000000 0.009194 0.966442 2.762788 0.000800
 238.000000 0.011043 0.932232 2.523897 0.001046
 239.000000 0.009201 0.970008 2.743834 0.001014
 240.000000 0.008641 0.974707 2.735659 0.000814
 241.000000 0.010080 0.946808 2.646959 0.000878
 242.000000 0.011799 0.929673 2.573096 0.001036
 243.000000 0.014572 0.925911 2.665092 0.001387
 244.000000 0.013468 0.928291 2.650294 0.001176
 245.000000 0.013042 0.922660 2.498150 0.001354
 246.000000 0.017166 0.894491 2.338847 0.001625
 247.000000 0.019587 0.870947 2.131840 0.001297
 248.000000 0.019587 0.885795 2.126075 0.001735
 249.000000 0.014565 0.947944 2.572366 0.001240
 250.000000 0.019510 0.903863 2.285446 0.001406
 251.000000 0.027369 0.851427 1.836736 0.002071
 252.000000 0.017150 0.860206 2.076076 0.001519
 253.000000 0.024380 0.827717 1.951282 0.002550
 254.000000 0.025015 0.819264 1.710712 0.002009
 255.000000 0.040725 0.768726 1.657966 0.003840
 256.000000 0.035871 0.781210 1.594216 0.002873
 257.000000 0.018540 0.859096 2.045264 0.001603
 258.000000 0.017793 0.882769 2.228456 0.001216
 259.000000 0.025835 0.879487 2.281355 0.001826
 260.000000 0.023543 0.877094 2.287268 0.002245
 261.000000 0.022610 0.872249 2.192440 0.002234
 262.000000 0.022755 0.882125 2.226575 0.002062
 263.000000 0.019086 0.911406 2.398830 0.001509
 264.000000 0.018122 0.904082 2.452173 0.002367
 265.000000 0.020036 0.896374 2.362679 0.001847
 266.000000 0.017009 0.907815 2.448031 0.001932
 267.000000 0.018870 0.895026 2.313558 0.001842
 268.000000 0.026114 0.887479 2.510834 0.002541
 269.000000 0.026779 0.888533 2.352058 0.002630
 270.000000 0.014687 0.914356 2.405736 0.001580
 271.000000 0.021531 0.895291 2.329281 0.001667
 272.000000 0.024395 0.871253 2.220888 0.001868
 273.000000 0.019074 0.895948 2.159468 0.001417
 274.000000 0.021985 0.876125 2.125760 0.001694
 275.000000 0.018273 0.915879 2.404165 0.001734
 276.000000 0.021165 0.898814 2.360805 0.001695
 277.000000 0.015415 0.933533 2.609231 0.001475
 278.000000 0.010962 0.967940 2.659525 0.000928
 279.000000 0.015360 0.938795 2.619045 0.001393
 280.000000 0.012928 0.957008 2.762593 0.001209
 281.000000 0.013896 0.923904 2.599006 0.001210
 282.000000 0.010137 0.958789 2.775233 0.000978
 283.000000 0.009937 0.966450 2.801586 0.000935
 284.000000 0.010051 0.970358 2.804351 0.001023
 285.000000 0.011466 0.966575 2.813277 0.001161
 286.000000 0.009820 0.962048 2.716745 0.000788
 287.000000 0.011159 0.956224 2.739461 0.001119
 288.000000 0.011184 0.972567 2.807692 0.001076
 289.000000 0.012309 0.946450 2.711129 0.001080
 290.000000 0.011694 0.957590 2.727080 0.001200
 291.000000 0.014775 0.890141 2.421046 0.001339
 292.000000 0.014350 0.907812 2.542652 0.001396
 293.000000 0.010873 0.952577 2.673264 0.000905
 294.000000 0.011303 0.920918 2.495702 0.001213
 295.000000 0.014825 0.929176 2.691212 0.001570
 296.000000 0.010736 0.961856 2.769477 0.001061
 297.000000 0.008188 1.002309 2.871648 0.000836
 298.000000 0.015254 0.934673 2.685129 0.001339
 299.000000 0.014853 0.944423 2.709928 0.001191
 300.000000 0.012400 0.954316 2.656978 0.001060
 301.000000 0.012464 0.948439 2.689949 0.001112
 302.000000 0.012111 0.924011 2.542259 0.001273
 303.000000 0.016492 0.843851 2.075558 0.001562
 304.000000 0.018990 0.887536 2.300879 0.001778
 305.000000 0.015420 0.873460 2.251765 0.001256
 306.000000 0.013971 0.894972 2.324076 0.001292
 307.000000 0.017292 0.863014 2.120635 0.001239
 308.000000 0.014391 0.864012 1.993213 0.000984
 309.000000 0.018160 0.831504 2.014191 0.001399
 310.000000 0.013584 0.913158 2.407887 0.001071
 311.000000 0.013568 0.894380 2.248093 0.001022
 312.000000 0.013837 0.897496 2.341448 0.001278
 313.000000 0.015895 0.922672 2.644966 0.001540
 314.000000 0.013204 0.939763 2.681155 0.001193
 315.000000 0.011041 0.954900 2.654313 0.000971
 316.000000 0.016305 0.930733 2.677705 0.001512
 317.000000 0.017663 0.936581 2.747219 0.001692
 318.000000 0.012278 0.957577 2.812575 0.001216
 319.000000 0.012747 0.952116 2.765483 0.001330
 320.000000 0.012511 0.961177 2.819559 0.001239
 321.000000 0.021891 0.914174 2.652132 0.002385
 322.000000 0.017385 0.928165 2.647676 0.001545
 323.000000 0.016892 0.938556 2.732848 0.001712
 324.000000 0.014858 0.937229 2.704846 0.001414
 325.000000 0.017354 0.931019 2.684306 0.001778
 326.000000 0.013311 0.966664 2.833560 0.001115
 327.000000 0.011561 0.950594 2.746170 0.000977
 328.000000 0.016366 0.923136 2.579045 0.001875
 329.000000 0.012867 0.940357 2.598121 0.001295
 330.000000 0.014108 0.912866 2.508499 0.001169
 331.000000 0.012391 0.940596 2.639031 0.001107
 332.000000 0.012307 0.936988 2.704801 0.001300
 333.000000 0.015542 0.920294 2.675017 0.001452
 334.000000 0.014920 0.928838 2.654711 0.001357
 335.000000 0.011714 0.968157 2.771604 0.001238
 336.000000 0.014393 0.945534 2.773030 0.001585
 337.000000 0.011455 0.961830 2.717440 0.001021
 338.000000 0.013758 0.959239 2.827292 0.001168
 339.000000 0.013611 0.957240 2.775868 0.001316
 340.000000 0.016681 0.939033 2.777616 0.001745
 341.000000 0.017109 0.905115 2.615428 0.001754
 342.000000 0.012046 0.942509 2.704540 0.001241
 343.000000 0.010847 0.957543 2.685036 0.001014
 344.000000 0.013933 0.947696 2.749954 0.001229
 345.000000 0.015070 0.938464 2.781774 0.001422
 346.000000 0.017442 0.931657 2.711870 0.001760
 347.000000 0.016135 0.919060 2.664850 0.001582
 348.000000 0.014734 0.935703 2.700237 0.001534
 349.000000 0.019164 0.915724 2.651597 0.002051
 350.000000 0.013030 0.958881 2.781428 0.001216
 351.000000 0.015084 0.944223 2.747667 0.001543
 352.000000 0.016366 0.943245 2.695467 0.001789
 353.000000 0.016367 0.947097 2.774389 0.001473
 354.000000 0.015187 0.949657 2.787148 0.001694
 355.000000 0.015718 0.923982 2.692818 0.001466
 356.000000 0.014085 0.945900 2.745518 0.001431
 357.000000 0.013745 0.947436 2.797318 0.001267
 358.000000 0.013047 0.955507 2.795024 0.001227
 359.000000 0.013943 0.950625 2.742176 0.001350
 360.000000 0.016907 0.929594 2.665073 0.001565
 361.000000 0.014105 0.920179 2.537858 0.001288
 362.000000 0.015203 0.896810 2.376954 0.001280
 363.000000 0.014002 0.903641 2.464832 0.001350
 364.000000 0.015507 0.894654 2.527327 0.001389
 365.000000 0.013245 0.931359 2.633946 0.001294
 366.000000 0.013119 0.935674 2.666190 0.001363
 367.000000 0.009730 0.972648 2.767233 0.001018
 368.000000 0.008767 1.001165 2.865877 0.000971
 369.000000 0.008683 0.991093 2.826928 0.001020
 370.000000 0.012240 0.950913 2.807810 0.001136
 371.000000 0.010400 0.985421 2.822021 0.001019
 372.000000 0.014686 0.937217 2.651023 0.001338
 373.000000 0.011346 0.971721 2.802265 0.001232
 374.000000 0.014603 0.946285 2.666672 0.001582
 375.000000 0.009683 0.963693 2.632291 0.000928
 376.000000 0.010505 0.972462 2.765933 0.000934
 377.000000 0.012728 0.934383 2.601069 0.001239
 378.000000 0.015684 0.855468 2.162790 0.001218
 379.000000 0.014714 0.891439 2.460229 0.001319
 380.000000 0.013891 0.902506 2.455224 0.001464
 381.000000 0.015887 0.886382 2.464817 0.001437
 382.000000 0.015415 0.907160 2.501327 0.001170
 383.000000 0.012252 0.941575 2.671572 0.001269
 384.000000 0.020503 0.896197 2.520432 0.002157
 385.000000 0.014367 0.910235 2.483679 0.001730
 386.000000 0.014974 0.920843 2.584589 0.001561
 387.000000 0.015601 0.913343 2.459099 0.001772
 388.000000 0.014903 0.903471 2.309442 0.002348
 389.000000 0.017628 0.901051 2.387394 0.002065
 390.000000 0.018753 0.881501 2.360919 0.001897
 391.000000 0.013929 0.879965 2.304100 0.001163
 392.000000 0.014954 0.860686 2.276725 0.002292
 393.000000 0.018458 0.872929 2.323519 0.002117
 394.000000 0.012395 0.902807 2.345107 0.001525
 395.000000 0.012639 0.918229 2.546542 0.001823
 396.000000 0.010329 0.948307 2.697684 0.001043
 397.000000 0.014891 0.922995 2.513789 0.001459
 398.000000 0.016742 0.916870 2.460354 0.001622
 399.000000 0.016516 0.875533 2.314709 0.001218
 400.000000 0.017957 0.888391 2.369015 0.001762
 401.000000 0.013497 0.920373 2.426756 0.001170
 402.000000 0.013927 0.938418 2.626708 0.001451
 403.000000 0.014949 0.929047 2.525933 0.001951
 404.000000 0.015511 0.918179 2.495343 0.001571
 405.000000 0.012365 0.931928 2.440035 0.001114
 406.000000 0.023728 0.863792 2.339150 0.002243
 407.000000 0.013088 0.938558 2.589389 0.001338
 408.000000 0.019502 0.905174 2.621789 0.002638
 409.000000 0.014316 0.947360 2.763226 0.001543
 410.000000 0.011994 0.950828 2.718510 0.001229
 411.000000 0.014675 0.950030 2.758329 0.001364
 412.000000 0.015515 0.923584 2.631194 0.001415
 413.000000 0.017603 0.919001 2.613057 0.001958
 414.000000 0.016358 0.915584 2.563428 0.001702
 415.000000 0.012692 0.946886 2.741262 0.001261
 416.000000 0.012375 0.943228 2.727012 0.001089
 417.000000 0.016727 0.916980 2.633611 0.001942
 418.000000 0.012737 0.930380 2.599048 0.001035
 419.000000 0.010451 0.956352 2.724722 0.001066
 420.000000 0.012043 0.931009 2.523195 0.000864
 421.000000 0.012739 0.940742 2.633151 0.001158
 422.000000 0.015717 0.931022 2.729092 0.001331
 423.000000 0.015688 0.930522 2.704156 0.001711
 424.000000 0.021741 0.880307 2.413781 0.002530
 425.000000 0.014752 0.890354 2.473867 0.001202
 426.000000 0.013394 0.909670 2.482483 0.001036
 427.000000 0.012916 0.936634 2.644841 0.001098
 428.000000 0.015274 0.933553 2.654292 0.001503
 429.000000 0.013277 0.955519 2.776313 0.001289
 430.000000 0.011984 0.963499 2.829552 0.001180
 431.000000 0.010246 0.976930 2.719352 0.000880
 432.000000 0.015210 0.912419 2.495558 0.001197
 433.000000 0.016312 0.923806 2.527732 0.001317
 434.000000 0.014840 0.942621 2.604221 0.001250
 435.000000 0.019013 0.927315 2.587935 0.001991
 436.000000 0.015201 0.921880 2.442639 0.001413
 437.000000 0.013630 0.945731 2.644512 0.001468
 438.000000 0.014353 0.923761 2.567795 0.001270
 439.000000 0.010078 0.978960 2.769746 0.000908
 440.000000 0.013253 0.945860 2.759738 0.001162
 441.000000 0.011443 0.951890 2.759209 0.001100
 442.000000 0.012618 0.937937 2.682133 0.001205
 443.000000 0.014076 0.916080 2.426440 0.001162
 444.000000 0.014796 0.928922 2.601469 0.001372
 445.000000 0.017930 0.931594 2.684079 0.001903
 446.000000 0.013870 0.942221 2.663018 0.001567
 447.000000 0.014298 0.946952 2.728662 0.001212
 448.000000 0.012590 0.948796 2.732975 0.001200
 449.000000 0.011424 0.950608 2.729613 0.001084
 450.000000 0.016182 0.926623 2.697085 0.001243
 451.000000 0.011716 0.926290 2.579854 0.000909
 452.000000 0.014375 0.911099 2.499753 0.001333
 453.000000 0.010869 0.932611 2.608112 0.000907
 454.000000 0.012258 0.942397 2.679550 0.000991
 455.000000 0.015214 0.901114 2.468058 0.001248
 456.000000 0.014716 0.932427 2.693206 0.001280
 457.000000 0.012005 0.946188 2.774922 0.000970
 458.000000 0.016054 0.925528 2.620979 0.001604
 459.000000 0.017510 0.933944 2.717712 0.001797
 460.000000 0.017894 0.932307 2.692713 0.001704
 461.000000 0.016059 0.933663 2.724689 0.001770
 462.000000 0.015279 0.936436 2.739828 0.001818
 463.000000 0.010171 0.988165 2.946637 0.000989
 464.000000 0.022955 0.903303 2.629950 0.001921
 465.000000 0.015692 0.932969 2.689333 0.001336
 466.000000 0.015726 0.932109 2.700112 0.001714
 467.000000 0.015870 0.914407 2.571051 0.001885
 468.000000 0.012487 0.955477 2.697546 0.001175
 469.000000 0.015679 0.901312 2.431259 0.001634
 470.000000 0.011527 0.938633 2.700051 0.001150
 471.000000 0.010696 0.933054 2.605088 0.001083
 472.000000 0.015451 0.875120 2.314125 0.001590
 473.000000 0.012078 0.905220 2.352166 0.001021
 474.000000 0.015583 0.857435 2.110104 0.001185
 475.000000 0.017769 0.877418 2.378175 0.001529
 476.000000 0.016140 0.933876 2.694107 0.001480
 477.000000 0.015286 0.933006 2.645423 0.001433
 478.000000 0.012941 0.957643 2.816190 0.001382
 479.000000 0.013935 0.939668 2.691445 0.001391
 480.000000 0.014690 0.933473 2.738780 0.001178
 481.000000 0.017695 0.925375 2.689752 0.001893
 482.000000 0.012010 0.959931 2.777655 0.001346
 483.000000 0.011799 0.953761 2.716436 0.001478
 484.000000 0.012869 0.942548 2.644010 0.001804
 485.000000 0.013394 0.955954 2.722289 0.001846
 486.000000 0.009341 0.985939 2.816948 0.000788
 487.000000 0.009513 0.991562 2.832505 0.000920
 488.000000 0.008343 0.996211 2.840283 0.000973
 489.000000 0.007731 0.993587 2.866750 0.000806
 490.000000 0.009631 0.976503 2.802522 0.000974
 491.000000 0.017651 0.930803 2.670136 0.001779
 492.000000 0.014668 0.958929 2.772488 0.001562
 493.000000 0.015625 0.948794 2.766039 0.001464
 494.000000 0.011414 0.959419 2.752767 0.000970
 495.000000 0.010022 0.973794 2.772916 0.001105
 496.000000 0.012310 0.966578 2.747655 0.001111
 497.000000 0.011497 0.957731 2.760975 0.000983
 498.000000 0.015977 0.900985 2.476575 0.001406
 499.000000 0.012806 0.919927 2.494800 0.001090
 500.000000 0.016189 0.922457 2.561207 0.001732
