#! FIELDS time alpha rg e2e hbond
 0.000000 0.026445 0.853864 2.033197 0.009608
 1.000000 0.045036 0.781825 1.910008 0.020897
 2.000000 0.035993 0.816468 2.118749 0.004901
 3.000000 0.032309 0.807651 1.751182 0.014594
 4.000000 0.031602 0.808266 1.856759 0.009251
 5.000000 0.034683 0.769197 1.705102 0.009684
 6.000000 0.033494 0.813955 1.959570 0.007609
 7.000000 0.035995 0.797157 1.906016 0.011257
 8.000000 0.041543 0.753232 1.823566 0.007780
 9.000000 0.040827 0.758714 1.665756 0.011678
 10.000000 0.046525 0.736313 1.361503 0.018047
 11.000000 0.046445 0.738945 1.579804 0.011040
 12.000000 0.042952 0.762171 1.788506 0.008130
 13.000000 0.030421 0.794228 1.931184 0.006666
 14.000000 0.035341 0.814131 1.951519 0.012814
 15.000000 0.036130 0.806690 1.896166 0.006595
 16.000000 0.037372 0.772919 1.992642 0.006199
 17.000000 0.030989 0.813303 2.162620 0.004008
 18.000000 0.026873 0.875804 2.467055 0.003399
 19.000000 0.024956 0.867817 2.340268 0.001929
 20.000000 0.031305 0.842944 2.261475 0.002642
 21.000000 0.025798 0.865333 2.310928 0.005412
 22.000000 0.032673 0.847397 2.260231 0.006605
 23.000000 0.025456 0.863904 2.101129 0.006570
 24.000000 0.026999 0.832846 1.854997 0.012633
 25.000000 0.028516 0.839828 1.798424 0.014396
 26.000000 0.033169 0.786799 1.874353 0.008213
 27.000000 0.033983 0.809272 1.985024 0.008828
 28.000000 0.029276 0.852656 2.322646 0.006512
 29.000000 0.027641 0.852597 2.171334 0.008542
 30.000000 0.025704 0.872083 2.373177 0.009031
 31.000000 0.025555 0.879163 2.309269 0.005515
 32.000000 0.023032 0.883802 2.470951 0.004680
 33.000000 0.031107 0.846879 2.257801 0.005374
 34.000000 0.040681 0.851871 2.333375 0.005226
 35.000000 0.024931 0.889895 2.392547 0.001897
 36.000000 0.019392 0.862759 2.324208 0.001478
 37.000000 0.019311 0.894814 2.557402 0.001918
 38.000000 0.015418 0.921620 2.628175 0.001381
 39.000000 0.016556 0.914333 2.655341 0.001479
 40.000000 0.015895 0.903683 2.510722 0.001760
 41.000000 0.013805 0.913868 2.422722 0.001647
 42.000000 0.015839 0.905261 2.409615 0.001905
 43.000000 0.013868 0.942221 2.713335 0.001877
 44.000000 0.013005 0.919561 2.604492 0.001248
 45.000000 0.017263 0.915635 2.511513 0.001592
 46.000000 0.022288 0.899192 2.368483 0.001813
 47.000000 0.022544 0.842521 2.284697 0.001671
 48.000000 0.030456 0.816423 2.172905 0.003511
 49.000000 0.023540 0.860119 2.335641 0.002819
 50.000000 0.033549 0.783133 1.977141 0.003877
 51.000000 0.021972 0.829573 2.167318 0.003252
 52.000000 0.057298 0.737686 1.719247 0.009691
 53.000000 0.051107 0.730103 1.724375 0.011816
 54.000000 0.046817 0.752119 1.850188 0.016385
 55.000000 0.052947 0.741864 1.769833 0.010223
 56.000000 0.041042 0.733618 1.514060 0.008687
 57.000000 0.038650 0.732202 1.572710 0.004281
 58.000000 0.065264 0.685680 1.351722 0.007887
 59.000000 0.051606 0.697670 1.300616 0.008632
 60.000000 0.034610 0.770002 1.560521 0.005316
 61.000000 0.039229 0.748845 1.633033 0.003366
 62.000000 0.041111 0.764372 1.798035 0.004523
 63.000000 0.031530 0.778682 1.722926 0.003149
 64.000000 0.021684 0.848607 2.152636 0.002400
 65.000000 0.030848 0.787493 1.912656 0.003351
 66.000000 0.047167 0.766631 1.917152 0.003996
 67.000000 0.037492 0.782913 2.005535 0.003644
 68.000000 0.034359 0.793985 2.010883 0.003214
 69.000000 0.022850 0.857133 2.196755 0.003102
 70.000000 0.023972 0.884487 2.474903 0.002149
 71.000000 0.024242 0.849632 2.105975 0.002354
 72.000000 0.021669 0.867507 2.155861 0.002538
 73.000000 0.019036 0.890566 2.465050 0.002892
 74.000000 0.025327 0.853208 2.369713 0.002971
 75.000000 0.035367 0.759026 1.750541 0.003124
 76.000000 0.039248 0.734965 1.519490 0.005606
 77.000000 0.046468 0.670864 1.176451 0.003748
 78.000000 0.067610 0.647358 0.951639 0.006484
 79.000000 0.051348 0.669684 1.238464 0.003778
 80.000000 0.054268 0.715833 1.476685 0.006282
 81.000000 0.046578 0.739972 1.652693 0.004000
 82.000000 0.039259 0.739005 1.547810 0.004366
 83.000000 0.034454 0.728715 1.281922 0.003211
 84.000000 0.028576 0.759544 1.456156 0.002710
 85.000000 0.041627 0.710330 1.277504 0.002979
 86.000000 0.042482 0.707681 1.298478 0.005545
 87.000000 0.047994 0.646245 0.760805 0.004228
 88.000000 0.033053 0.707349 0.995887 0.002773
 89.000000 0.072959 0.637190 0.819612 0.004704
 90.000000 0.033820 0.714817 1.229439 0.002435
 91.000000 0.056035 0.667324 1.021398 0.003552
 92.000000 0.068724 0.596279 0.512981 0.005504
 93.000000 0.070156 0.603061 0.549536 0.009704
 94.000000 0.058696 0.602851 0.665454 0.005777
 95.000000 0.054893 0.616542 0.753938 0.003702
 96.000000 0.055290 0.610025 0.639800 0.005148
 97.000000 0.068693 0.584048 0.421988 0.005476
 98.000000 0.058898 0.595963 0.470900 0.006151
 99.000000 0.071880 0.585597 0.622567 0.008591
 100.000000 0.080617 0.581262 0.905719 0.015136
 101.000000 0.106422 0.581391 1.052517 0.011518
 102.000000 0.109762 0.555779 0.642984 0.009687
 103.000000 0.099002 0.572080 0.803162 0.005337
 104.000000 0.095775 0.576955 0.660261 0.006208
 105.000000 0.101626 0.559272 0.668636 0.021237
 106.000000 0.081712 0.615394 1.145709 0.009362
 107.000000 0.103112 0.600142 1.039530 0.012937
 108.000000 0.093026 0.580961 0.848793 0.007195
 109.000000 0.079559 0.612306 1.103335 0.005410
 110.000000 0.061780 0.655283 1.187203 0.003892
 111.000000 0.086326 0.656733 1.446146 0.004757
 112.000000 0.062234 0.687483 1.489025 0.003539
 113.000000 0.084222 0.699829 1.553075 0.006118
 114.000000 0.070544 0.693478 1.513355 0.004275
 115.000000 0.064977 0.709833 1.662580 0.004450
 116.000000 0.044630 0.734521 1.799356 0.003792
 117.000000 0.103334 0.716243 1.905037 0.005352
 118.000000 0.052002 0.780600 2.226053 0.002505
 119.000000 0.070741 0.724460 1.894764 0.002512
 120.000000 0.121634 0.682581 1.725747 0.012077
 121.000000 0.099448 0.696366 1.797384 0.007224
 122.000000 0.094237 0.692446 1.581535 0.006075
 123.000000 0.074998 0.749904 1.990426 0.005241
 124.000000 0.067377 0.713411 1.604288 0.003567
 125.000000 0.112838 0.670227 1.567777 0.007943
 126.000000 0.057733 0.728533 1.737269 0.003762
 127.000000 0.069963 0.706484 1.652799 0.006228
 128.000000 0.055474 0.717803 1.817002 0.003499
 129.000000 0.034903 0.795925 2.047588 0.002941
 130.000000 0.054158 0.747251 2.053453 0.002752
 131.000000 0.048394 0.754398 2.029458 0.003950
 132.000000 0.029789 0.785468 2.122414 0.002541
 133.000000 0.043219 0.755387 1.987573 0.004556
 134.000000 0.054382 0.712866 1.609963 0.003208
 135.000000 0.044775 0.732427 1.638737 0.003932
 136.000000 0.029713 0.763129 1.597129 0.002269
 137.000000 0.030281 0.785311 1.846007 0.002560
 138.000000 0.030401 0.819277 1.971102 0.002928
 139.000000 0.029477 0.815158 2.086484 0.002489
 140.000000 0.026423 0.802701 1.850133 0.002940
 141.000000 0.029963 0.797959 2.022208 0.002545
 142.000000 0.031242 0.801571 1.890171 0.003882
 143.000000 0.039228 0.808622 2.049091 0.004397
 144.000000 0.023468 0.790317 1.838015 0.001928
 145.000000 0.030333 0.804224 2.015640 0.002643
 146.000000 0.034202 0.835341 2.201603 0.002835
 147.000000 0.032848 0.804773 1.909268 0.002468
 148.000000 0.027134 0.828024 2.100970 0.001732
 149.000000 0.047794 0.811521 2.074470 0.003558
 150.000000 0.025299 0.859164 2.265140 0.002846
 151.000000 0.035582 0.820552 2.203238 0.003071
 152.000000 0.074367 0.784600 2.199381 0.006988
 153.000000 0.048925 0.792520 2.139083 0.005233
 154.000000 0.035882 0.857505 2.400723 0.003938
 155.000000 0.035767 0.857595 2.433137 0.003184
 156.000000 0.031366 0.878144 2.461854 0.003356
 157.000000 0.030504 0.850047 2.345659 0.002537
 158.000000 0.024199 0.876953 2.320263 0.003274
 159.000000 0.026069 0.853300 2.151607 0.003217
 160.000000 0.019179 0.896548 2.182931 0.003087
 161.000000 0.023325 0.863461 2.191120 0.002651
 162.000000 0.031326 0.803664 1.733410 0.002667
 163.000000 0.032821 0.808255 1.803823 0.003513
 164.000000 0.036730 0.762183 1.713151 0.002441
 165.000000 0.054360 0.763421 1.991788 0.003680
 166.000000 0.054340 0.756122 1.919200 0.007077
 167.000000 0.039170 0.796804 1.913386 0.003576
 168.000000 0.043467 0.791712 1.972946 0.003111
 169.000000 0.033954 0.761622 1.956258 0.002639
 170.000000 0.019120 0.836924 2.172155 0.001968
 171.000000 0.025875 0.810241 2.088826 0.002244
 172.000000 0.028912 0.838387 2.398267 0.002510
 173.000000 0.021086 0.856343 2.334736 0.001881
 174.000000 0.025820 0.856990 2.410070 0.002324
 175.000000 0.031183 0.830531 2.255061 0.004046
 176.000000 0.041989 0.791938 2.266267 0.003551
 177.000000 0.047620 0.784735 2.202677 0.003580
 178.000000 0.041826 0.804387 2.249757 0.004399
 179.000000 0.045645 0.803629 2.223319 0.004730
 180.000000 0.041975 0.809325 2.319957 0.003818
 181.000000 0.035348 0.792893 2.123772 0.002540
 182.000000 0.033227 0.825378 2.365199 0.002590
 183.000000 0.028192 0.854702 2.394853 0.001822
 184.000000 0.037988 0.792827 2.165629 0.002962
 185.000000 0.030565 0.816171 2.306112 0.002727
 186.000000 0.035287 0.823575 2.302968 0.003236
 187.000000 0.029617 0.777331 2.009586 0.001949
 188.000000 0.057185 0.724150 1.931277 0.006932
 189.000000 0.051432 0.733090 1.868873 0.003954
 190.000000 0.061278 0.711559 1.808069 0.003304
 191.000000 0.060724 0.702514 1.770098 0.004326
 192.000000 0.082643 0.683986 1.575031 0.006802
 193.000000 0.072075 0.673448 1.568771 0.005527
 194.000000 0.090460 0.637246 1.179630 0.003737
 195.000000 0.071349 0.675032 1.292211 0.003142
 196.000000 0.050275 0.719287 1.375913 0.003350
 197.000000 0.071995 0.686787 1.324479 0.007746
 198.000000 0.060619 0.717871 1.635701 0.004386
 199.000000 0.092785 0.706702 1.469697 0.006701
 200.000000 0.062010 0.734680 1.505673 0.003423
 201.000000 0.039037 0.744632 1.535567 0.002340
 202.000000 0.066769 0.751068 1.480371 0.003780
 203.000000 0.079437 0.725659 1.348648 0.002886
 204.000000 0.064386 0.726587 1.260743 0.002025
 205.000000 0.119296 0.624618 0.870041 0.009709
 206.000000 0.091102 0.661946 0.951114 0.003770
 207.000000 0.094337 0.630801 0.789365 0.006134
 208.000000 0.067655 0.654407 0.878249 0.007131
 209.000000 0.034083 0.715831 1.255179 0.002630
 210.000000 0.035769 0.712487 1.229919 0.002139
 211.000000 0.085629 0.620689 0.915909 0.006451
 212.000000 0.257099 0.632641 1.167415 0.054619
 213.000000 0.236156 0.602533 1.065133 0.141298
 214.000000 0.192772 0.536917 0.715287 0.726701
 215.000000 0.234453 0.536532 0.590167 0.824982
 216.000000 0.248434 0.588103 0.898977 0.553435
 217.000000 0.300825 0.652976 1.501027 0.577396
 218.000000 0.361317 0.698048 1.802529 0.228932
 219.000000 0.322848 0.700609 1.828090 0.117592
 220.000000 0.280868 0.731061 1.911721 0.058055
 221.000000 0.282399 0.733473 2.068959 0.045231
 222.000000 0.295178 0.650404 1.615863 0.827434
 223.000000 0.327438 0.620596 1.563721 0.573445
 224.000000 0.341564 0.639101 1.518341 0.363984
 225.000000 0.318347 0.667333 1.681094 0.105733
 226.000000 0.373283 0.644276 1.650848 0.211998
 227.000000 0.387654 0.664880 1.821086 0.438584
 228.000000 0.234917 0.627962 1.613673 0.161616
 229.000000 0.363918 0.623819 1.665116 0.223940
 230.000000 0.417683 0.604651 1.476952 0.650273
 231.000000 0.542995 0.649591 1.635831 0.363624
 232.000000 0.282559 0.667956 1.592525 0.048966
 233.000000 0.313911 0.589572 1.250691 0.824611
 234.000000 0.488359 0.590649 1.260378 0.670002
 235.000000 0.501163 0.566635 1.157731 0.876344
 236.000000 0.397272 0.580000 1.049123 0.102744
 237.000000 0.468678 0.570321 1.271379 0.760739
 238.000000 0.400451 0.583947 1.197231 0.766253
 239.000000 0.271592 0.612133 1.211839 0.576285
 240.000000 0.409818 0.557560 0.963393 0.375541
 241.000000 0.256282 0.618002 1.258609 0.106417
 242.000000 0.330658 0.606066 1.278963 0.730567
 243.000000 0.341213 0.649146 1.456484 0.591933
 244.000000 0.391649 0.658091 1.575470 0.165771
 245.000000 0.550373 0.637110 1.421560 0.152736
 246.000000 0.404280 0.627347 1.427839 0.265739
 247.000000 0.389652 0.643091 1.452486 0.447536
 248.000000 0.235658 0.661985 1.492888 0.171584
 249.000000 0.464751 0.668271 1.536464 0.121608
 250.000000 0.410364 0.640058 1.366924 0.134924
 251.000000 0.260333 0.622657 1.433286 0.218451
 252.000000 0.410229 0.624921 1.339682 0.666889
 253.000000 0.214619 0.560336 1.027911 0.923924
 254.000000 0.220313 0.603537 1.308201 0.794476
 255.000000 0.323383 0.574485 1.257899 0.805140
 256.000000 0.250285 0.604438 1.455210 0.751922
 257.000000 0.442085 0.661936 1.686234 0.636916
 258.000000 0.316486 0.637634 1.557853 0.844499
 259.000000 0.200580 0.646115 1.484713 0.374721
 260.000000 0.223433 0.677115 1.702611 0.281044
 261.000000 0.371342 0.655756 1.778840 0.668819
 262.000000 0.356778 0.683466 1.879114 0.157021
 263.000000 0.379529 0.688211 1.924891 0.246204
 264.000000 0.135137 0.734197 1.936984 0.018935
 265.000000 0.277522 0.701103 1.900284 0.081968
 266.000000 0.307248 0.634931 1.415253 0.083683
 267.000000 0.282587 0.673293 1.574909 0.112602
 268.000000 0.279664 0.676870 1.660219 0.093246
 269.000000 0.381311 0.659279 1.716873 0.278862
 270.000000 0.218955 0.661101 1.683162 0.208641
 271.000000 0.403462 0.686484 1.814694 0.308376
 272.000000 0.428610 0.650990 1.679432 0.923028
 273.000000 0.284319 0.659177 1.480916 0.075598
 274.000000 0.550274 0.621535 1.374752 0.723900
 275.000000 0.299097 0.567976 1.050931 0.797650
 276.000000 0.256662 0.577387 1.105382 0.364941
 277.000000 0.253667 0.628445 1.346054 0.561202
 278.000000 0.131355 0.601726 1.027604 0.386961
 279.000000 0.301559 0.613056 1.196994 0.360409
 280.000000 0.195400 0.653831 1.394283 0.472551
 281.000000 0.143824 0.640054 1.106097 0.670573
 282.000000 0.133469 0.673290 1.450571 0.374312
 283.000000 0.263819 0.689782 1.641898 0.472374
 284.000000 0.259146 0.712739 1.879649 0.263584
 285.000000 0.373503 0.703221 1.910798 0.076497
 286.000000 0.242599 0.661537 1.797523 0.099961
 287.000000 0.201254 0.669709 1.703589 0.092164
 288.000000 0.221441 0.699624 1.936410 0.145519
 289.000000 0.243905 0.670075 1.703395 0.076512
 290.000000 0.477896 0.651420 1.726709 0.617470
 291.000000 0.395809 0.679866 1.806615 0.271378
 292.000000 0.406809 0.698249 1.899552 0.319142
 293.000000 0.358453 0.735319 2.099115 0.130140
 294.000000 0.290764 0.708690 1.890715 0.061219
 295.000000 0.452498 0.682147 1.757034 0.279054
 296.000000 0.364626 0.686624 1.784053 0.125821
 297.000000 0.308141 0.714119 1.910784 0.143131
 298.000000 0.292788 0.722155 2.047540 0.272406
 299.000000 0.253866 0.735302 2.108637 0.200022
 300.000000 0.335964 0.743245 2.124068 0.152397
 301.000000 0.373537 0.697501 1.958989 0.279431
 302.000000 0.576139 0.686679 1.991087 0.404971
 303.000000 0.500013 0.669857 1.929022 0.788002
 304.000000 0.694916 0.660198 1.882957 0.630199
 305.000000 0.519157 0.690802 1.954078 0.236673
 306.000000 0.560296 0.671486 1.962711 0.203634
 307.000000 0.422287 0.703265 2.022189 0.706851
 308.000000 0.507327 0.700196 2.028786 0.662521
 309.000000 0.286780 0.757165 2.215696 0.090269
 310.000000 0.377570 0.717534 2.016473 0.091601
 311.000000 0.336309 0.669170 1.779237 0.030281
 312.000000 0.292965 0.662785 1.623932 0.048235
 313.000000 0.347698 0.657288 1.567450 0.156843
 314.000000 0.371626 0.653590 1.676635 0.402384
 315.000000 0.411362 0.609120 1.273645 0.426208
 316.000000 0.303713 0.592548 1.202142 0.454753
 317.000000 0.318741 0.621338 1.380329 0.504081
 318.000000 0.375931 0.620058 1.480758 0.407053
 319.000000 0.350839 0.613695 1.533758 0.504347
 320.000000 0.374515 0.607319 1.322833 0.757376
 321.000000 0.399272 0.649353 1.641829 0.691166
 322.000000 0.478619 0.695097 1.916094 0.180724
 323.000000 0.285098 0.686297 1.823930 0.484514
 324.000000 0.262199 0.697205 1.886683 0.364113
 325.000000 0.335712 0.694586 1.869493 0.167112
 326.000000 0.302762 0.647230 1.541703 0.594389
 327.000000 0.297442 0.625505 1.352015 0.845050
 328.000000 0.302139 0.637881 1.412796 0.769126
 329.000000 0.372433 0.633707 1.440446 0.780158
 330.000000 0.216645 0.663268 1.464079 0.806510
 331.000000 0.245099 0.655359 1.423219 0.655864
 332.000000 0.255577 0.675997 1.447315 0.754880
 333.000000 0.256176 0.698370 1.684973 0.730903
 334.000000 0.364855 0.662772 1.364234 0.140403
 335.000000 0.278815 0.632874 1.219011 0.240441
 336.000000 0.204628 0.645212 1.182631 0.662684
 337.000000 0.235114 0.632386 1.216234 0.717444
 338.000000 0.300438 0.636270 1.214127 0.462521
 339.000000 0.284187 0.655678 1.270880 0.249159
 340.000000 0.220627 0.643557 1.453587 0.493016
 341.000000 0.231734 0.640811 1.250840 0.612681
 342.000000 0.212644 0.645195 1.462167 0.817922
 343.000000 0.181240 0.692612 1.747352 0.341714
 344.000000 0.375293 0.682472 1.811876 0.203778
 345.000000 0.243248 0.672421 1.764355 0.740865
 346.000000 0.336254 0.629528 1.504703 0.786086
 347.000000 0.575594 0.662076 1.812013 0.704243
 348.000000 0.431399 0.648788 1.714509 0.848811
 349.000000 0.525978 0.656023 1.800622 0.468854
 350.000000 0.443307 0.699836 1.893604 0.619330
 351.000000 0.396984 0.706441 1.934488 0.157745
 352.000000 0.237496 0.719296 2.003414 0.103131
 353.000000 0.217948 0.748992 2.114414 0.080089
 354.000000 0.259787 0.687409 1.747919 0.449621
 355.000000 0.347025 0.685016 1.827306 0.385519
 356.000000 0.386752 0.650771 1.679891 0.854006
 357.000000 0.389855 0.657463 1.696091 0.669587
 358.000000 0.230131 0.625493 1.401751 0.035838
 359.000000 0.649714 0.619652 1.593242 0.868883
 360.000000 1.204967 0.643020 1.793259 0.966873
 361.000000 1.391212 0.637257 1.763711 1.278426
 362.000000 1.217024 0.668598 1.896129 1.014260
 363.000000 1.636285 0.611121 1.753738 1.639819
 364.000000 1.386916 0.646652 1.872848 1.355466
 365.000000 1.381507 0.666641 1.920690 1.144883
 366.000000 1.299606 0.654807 1.902977 1.157704
 367.000000 1.473762 0.655926 1.930089 1.472985
 368.000000 1.321515 0.649776 1.822639 1.400817
 369.000000 1.368189 0.646516 1.858924 1.373286
 370.000000 1.578301 0.626975 1.799638 1.353800
 371.000000 1.509257 0.654115 1.912801 1.337440
 372.000000 1.521538 0.638434 1.821443 1.221633
 373.000000 1.498306 0.633688 1.729394 1.303332
 374.000000 1.467443 0.641859 1.886472 1.495260
 375.000000 1.376654 0.639048 1.903541 1.108104
 376.000000 1.327287 0.641288 1.758328 0.921395
 377.000000 1.348461 0.691900 2.023436 0.544688
 378.000000 1.354018 0.670110 1.922747 0.894282
 379.000000 1.453033 0.653941 1.841817 1.308667
 380.000000 1.452242 0.656310 1.863323 1.503077
 381.000000 1.347861 0.655605 1.890283 1.101264
 382.000000 1.395553 0.668125 1.899064 0.924462
 383.000000 1.366513 0.711315 2.099184 1.382167
 384.000000 1.430117 0.687708 1.967853 0.656345
 385.000000 1.170126 0.735959 2.173703 0.514595
 386.000000 1.275829 0.706958 2.123658 0.336302
 387.000000 1.241170 0.706931 2.049729 0.420429
 388.000000 1.072330 0.687049 1.913955 0.132773
 389.000000 1.335646 0.636773 1.793629 1.421258
 390.000000 1.329709 0.652732 1.848678 0.801766
 391.000000 1.261633 0.642036 1.752957 0.991474
 392.000000 1.360868 0.662397 1.922471 0.899055
 393.000000 1.468083 0.623472 1.832864 1.400168
 394.000000 1.415432 0.627552 1.802981 1.002968
 395.000000 1.250138 0.627128 1.670320 0.760329
 396.000000 1.454286 0.622237 1.762854 1.628213
 397.000000 1.402167 0.644287 1.855906 1.292530
 398.000000 1.443027 0.674914 1.942818 0.815913
 399.000000 1.515948 0.674709 1.926348 0.832101
 400.000000 1.578494 0.656449 1.828106 1.340298
 401.000000 1.250755 0.702591 2.008006 0.271636
 402.000000 1.311971 0.684358 1.952782 0.620985
 403.000000 1.312662 0.695447 2.017199 1.055230
 404.000000 1.275938 0.704025 2.042120 0.808764
 405.000000 1.211348 0.655217 1.667173 0.133857
 406.000000 1.357971 0.646889 1.752616 1.489254
 407.000000 1.328241 0.672147 1.895995 0.779550
 408.000000 1.268117 0.672949 1.835728 0.679311
 409.000000 1.295886 0.656726 1.805692 1.158396
 410.000000 0.900668 0.671727 1.777314 0.890628
 411.000000 0.778290 0.725443 2.049245 0.237601
 412.000000 0.738825 0.722242 2.017249 0.174804
 413.000000 0.844849 0.726190 2.113491 0.267568
 414.000000 1.457447 0.676716 1.966079 0.335465
 415.000000 1.226733 0.691004 2.007834 0.348857
 416.000000 1.500304 0.678616 2.032052 0.939915
 417.000000 0.959928 0.729896 2.202858 0.240120
 418.000000 1.198669 0.716898 2.102423 0.446473
 419.000000 1.417088 0.695409 2.007349 0.950279
 420.000000 1.323067 0.697374 1.992260 0.309487
 421.000000 0.193915 0.772092 2.243473 0.031280
 422.000000 0.186563 0.763169 2.201570 0.025964
 423.000000 1.317187 0.702428 1.994031 0.314291
 424.000000 1.287311 0.704824 1.978342 0.554654
 425.000000 0.413183 0.727645 1.882412 0.049896
 426.000000 0.195768 0.713775 1.713047 0.020896
 427.000000 0.443864 0.699761 1.867567 0.056388
 428.000000 0.597195 0.704147 1.776392 0.064604
 429.000000 1.376714 0.659231 1.675983 0.464970
 430.000000 1.423992 0.655411 1.685250 0.276110
 431.000000 1.217748 0.688218 1.914710 0.220530
 432.000000 1.440740 0.675768 1.924015 1.396807
 433.000000 1.404473 0.649053 1.862429 1.350842
 434.000000 1.294836 0.662198 1.915091 1.010043
 435.000000 1.317873 0.678211 1.972977 0.521570
 436.000000 1.463052 0.656867 1.938747 1.432565
 437.000000 1.308456 0.686797 1.997246 0.507128
 438.000000 1.329601 0.683427 2.008555 0.510406
 439.000000 1.477512 0.623965 1.623961 1.201292
 440.000000 1.383756 0.647676 1.786780 1.087269
 441.000000 1.333099 0.676635 1.847808 0.974913
 442.000000 1.387099 0.670841 1.888113 1.318117
 443.000000 1.313835 0.664011 1.841978 1.137289
 444.000000 1.335639 0.689700 2.004266 0.993557
 445.000000 1.364667 0.663706 1.833573 0.833779
 446.000000 1.238325 0.668084 1.815832 1.108483
 447.000000 1.160096 0.690872 1.930013 0.410746
 448.000000 1.368251 0.691312 1.995262 1.152564
 449.000000 1.179750 0.725711 2.056875 0.249580
 450.000000 1.175840 0.736395 2.106709 0.349391
 451.000000 1.375039 0.725505 2.182837 0.744448
 452.000000 1.050529 0.727170 2.117873 0.296391
 453.000000 1.386670 0.694076 2.049240 0.518836
 454.000000 1.414137 0.669753 1.933932 0.879803
 455.000000 1.302758 0.660290 1.890090 0.408833
 456.000000 1.305360 0.643074 1.798891 1.251082
 457.000000 1.274824 0.657740 1.846004 1.074548
 458.000000 1.329484 0.663450 1.800080 0.429853
 459.000000 0.260426 0.699743 1.858086 0.032382
 460.000000 0.539397 0.711874 1.865735 0.102028
 461.000000 1.320220 0.707505 2.043028 0.362695
 462.000000 1.485085 0.671367 1.999076 1.261728
 463.000000 1.347893 0.634967 1.784556 0.956522
 464.000000 0.980317 0.626482 1.772184 1.323265
 465.000000 1.126860 0.625128 1.826749 1.322461
 466.000000 1.201209 0.611987 1.719526 0.952481
 467.000000 1.402036 0.646852 1.859957 0.834052
 468.000000 1.405539 0.687492 2.044976 0.914818
 469.000000 1.376660 0.634740 1.903027 1.206710
 470.000000 1.093698 0.662141 1.888870 1.438165
 471.000000 0.947189 0.643707 1.808605 1.109154
 472.000000 0.510786 0.587917 1.561302 0.826178
 473.000000 1.125704 0.571353 1.579753 0.922557
 474.000000 1.297773 0.627061 1.830862 1.373002
 475.000000 0.745853 0.632565 1.725229 0.999024
 476.000000 0.998918 0.656107 1.800191 1.279122
 477.000000 1.091526 0.633971 1.762182 0.908655
 478.000000 0.461977 0.659685 1.722961 0.068476
 479.000000 0.477430 0.592388 1.453319 0.360701
 480.000000 0.549629 0.629796 1.771199 0.492896
 481.000000 0.607525 0.671970 1.844405 0.870867
 482.000000 0.306840 0.696748 1.821626 0.216111
 483.000000 0.267205 0.732184 1.791815 0.138915
 484.000000 0.405544 0.706186 1.771556 0.162356
 485.000000 0.342444 0.700608 1.710492 0.174956
 486.000000 0.315768 0.716564 1.786818 0.126141
 487.000000 0.312341 0.704943 1.829067 0.559768
 488.000000 0.134589 0.723395 1.978038 0.031111
 489.000000 0.169067 0.709745 1.937353 0.049913
 490.000000 0.121076 0.743500 2.084084 0.023841
 491.000000 0.155810 0.767361 2.248152 0.040665
 492.000000 0.190428 0.765952 2.256561 0.017785
 493.000000 0.049083 0.854494 2.432859 0.008126
 494.000000 0.019137 0.915172 2.617481 0.002045
 495.000000 0.018139 0.916158 2.586077 0.002038
 496.000000 0.017630 0.911747 2.652176 0.001651
 497.000000 0.027684 0.859541 2.457452 0.002872
 498.000000 0.023534 0.884636 2.478639 0.002411
 499.000000 0.022848 0.882342 2.483460 0.002597
 500.000000 0.029651 0.850835 2.396423 0.002138
