#! FIELDS time alpha rg e2e hbond
 0.000000 0.004911 1.077877 3.190237 0.000460
 1.000000 0.004924 1.071943 3.167257 0.000481
 2.000000 0.004854 1.068129 3.105594 0.000498
 3.000000 0.007921 1.005300 2.968055 0.000807
 4.000000 0.007033 1.019845 2.923888 0.000741
 5.000000 0.010521 0.958157 2.733886 0.001258
 6.000000 0.015099 0.904319 2.521240 0.001695
 7.000000 0.011606 0.959629 2.708007 0.001238
 8.000000 0.015865 0.922108 2.563546 0.001586
 9.000000 0.012757 0.942156 2.698487 0.001109
 10.000000 0.016147 0.927543 2.689733 0.001558
 11.000000 0.015541 0.900170 2.617779 0.001554
 12.000000 0.015542 0.945324 2.796457 0.001592
 13.000000 0.019244 0.894423 2.643266 0.002387
 14.000000 0.034403 0.871995 2.575060 0.003827
 15.000000 0.075262 0.814671 2.371266 0.031712
 16.000000 0.020968 0.884243 2.502668 0.002933
 17.000000 0.028622 0.864969 2.523702 0.002824
 18.000000 0.049490 0.826827 2.398614 0.008365
 19.000000 0.067921 0.815294 2.423902 0.020648
 20.000000 0.046830 0.853165 2.457519 0.005935
 21.000000 0.023738 0.888310 2.543107 0.002386
 22.000000 0.025342 0.886620 2.585242 0.002420
 23.000000 0.039763 0.857057 2.410884 0.003658
 24.000000 0.038600 0.857452 2.398943 0.004211
 25.000000 0.046327 0.853783 2.514896 0.005832
 26.000000 0.181484 0.809290 2.408234 0.023481
 27.000000 0.147555 0.769373 2.225519 0.026463
 28.000000 0.156600 0.760626 2.282873 0.024282
 29.000000 0.115832 0.789561 2.318792 0.013272
 30.000000 0.182136 0.745371 2.035407 0.033023
 31.000000 0.196538 0.721159 2.087066 0.035546
 32.000000 0.313089 0.700451 1.936130 0.041838
 33.000000 0.145469 0.739043 2.090507 0.023579
 34.000000 0.207094 0.728860 1.998862 0.068109
 35.000000 0.148445 0.746541 2.110442 0.022257
 36.000000 0.293311 0.714192 1.962058 0.059722
 37.000000 0.176133 0.747421 2.154280 0.040763
 38.000000 0.169238 0.775992 2.246650 0.020583
 39.000000 0.151925 0.768658 2.163587 0.018950
 40.000000 0.103352 0.761857 2.198524 0.011102
 41.000000 0.086625 0.755654 2.132250 0.010340
 42.000000 0.081028 0.754188 2.153655 0.006909
 43.000000 0.082063 0.754579 2.073109 0.009107
 44.000000 0.043479 0.823906 2.269339 0.004226
 45.000000 0.064655 0.768044 2.156021 0.009623
 46.000000 0.079273 0.752350 2.043700 0.009659
 47.000000 0.043733 0.790883 2.263532 0.007860
 48.000000 0.124821 0.699909 1.933194 0.016120
 49.000000 0.175066 0.664314 1.700103 0.018838
 50.000000 0.124202 0.716800 1.967573 0.012011
 51.000000 0.106417 0.728148 1.964130 0.012998
 52.000000 0.191872 0.694627 1.926529 0.022175
 53.000000 0.119258 0.704850 1.885187 0.013530
 54.000000 0.164262 0.686965 1.894695 0.017718
 55.000000 0.134715 0.668674 1.790367 0.013704
 56.000000 0.172397 0.649889 1.697352 0.021447
 57.000000 0.184078 0.619545 1.479103 0.055458
 58.000000 0.184224 0.630225 1.604883 0.023488
 59.000000 0.374234 0.616836 1.581337 0.055704
 60.000000 0.128608 0.690521 1.854045 0.013858
 61.000000 0.117586 0.722019 1.993754 0.013323
 62.000000 0.088716 0.726615 2.034140 0.010572
 63.000000 0.351781 0.626727 1.645960 0.037013
 64.000000 0.134688 0.659098 1.704071 0.015102
 65.000000 0.195800 0.650813 1.654904 0.022978
 66.000000 0.270929 0.612360 1.565296 0.036156
 67.000000 0.178458 0.650105 1.667637 0.020239
 68.000000 0.168985 0.667106 1.713619 0.016852
 69.000000 0.162816 0.675079 1.728297 0.016777
 70.000000 0.137781 0.683057 1.733709 0.015373
 71.000000 0.087288 0.723258 1.933916 0.010693
 72.000000 0.123801 0.749333 1.848954 0.022188
 73.000000 0.061948 0.760420 1.846386 0.008910
 74.000000 0.088465 0.695540 1.606046 0.011108
 75.000000 0.135968 0.704308 1.696391 0.015890
 76.000000 0.110913 0.738132 1.927081 0.015701
 77.000000 0.169011 0.699360 1.649340 0.019737
 78.000000 0.117330 0.728682 1.950887 0.018363
 79.000000 0.170231 0.682483 1.863195 0.018075
 80.000000 0.177965 0.750992 2.114866 0.021449
 81.000000 0.157603 0.780078 2.258636 0.024871
 82.000000 0.148577 0.800154 2.248979 0.022532
 83.000000 0.104976 0.753669 2.097424 0.013771
 84.000000 0.284262 0.707599 1.962733 0.050275
 85.000000 0.218288 0.683931 1.802383 0.026457
 86.000000 0.283449 0.665453 1.554191 0.083567
 87.000000 0.368025 0.688153 1.833234 0.062003
 88.000000 0.225969 0.631957 1.474217 0.038765
 89.000000 0.209296 0.595931 1.245763 0.020621
 90.000000 0.233605 0.621854 1.422565 0.023823
 91.000000 0.228202 0.626688 1.489599 0.037062
 92.000000 0.232738 0.605367 1.378227 0.033521
 93.000000 0.234727 0.625265 1.575604 0.030194
 94.000000 0.183785 0.638574 1.442364 0.022023
 95.000000 0.138915 0.643425 1.378479 0.015781
 96.000000 0.178575 0.647196 1.581161 0.026402
 97.000000 0.160865 0.676785 1.606878 0.020842
 98.000000 0.154988 0.675362 1.636356 0.025110
 99.000000 0.159354 0.673371 1.619634 0.017193
 100.000000 0.137695 0.665887 1.561730 0.013787
 101.000000 0.184760 0.689128 1.683103 0.028861
 102.000000 0.217082 0.617211 1.459218 0.028572
 103.000000 0.173218 0.646085 1.529136 0.019939
 104.000000 0.157240 0.649046 1.635146 0.018758
 105.000000 0.240161 0.633413 1.607684 0.031381
 106.000000 0.283592 0.632608 1.562598 0.058579
 107.000000 0.277456 0.587427 1.228800 0.161528
 108.000000 0.169683 0.665899 1.725869 0.018913
 109.000000 0.129684 0.677705 1.814723 0.016954
 110.000000 0.123551 0.669212 1.715588 0.018221
 111.000000 0.156844 0.651315 1.644042 0.021279
 112.000000 0.152706 0.637749 1.610114 0.014328
 113.000000 0.177880 0.639088 1.516173 0.017505
 114.000000 0.132695 0.628143 1.327201 0.030661
 115.000000 0.174776 0.591193 1.098108 0.030475
 116.000000 0.125321 0.623613 1.173398 0.025814
 117.000000 0.212722 0.628410 1.425685 0.031500
 118.000000 0.230661 0.620674 1.450700 0.028389
 119.000000 0.241896 0.584168 1.393776 0.027387
 120.000000 0.210553 0.573301 1.277332 0.024899
 121.000000 0.301840 0.569710 1.380928 0.039737
 122.000000 0.294018 0.577126 1.396460 0.033406
 123.000000 0.177352 0.577987 1.295207 0.023574
 124.000000 0.202796 0.573595 1.365245 0.024210
 125.000000 0.237257 0.619270 1.604149 0.187499
 126.000000 0.375011 0.599792 1.400742 0.798993
 127.000000 0.507764 0.579523 1.246811 0.752227
 128.000000 0.344648 0.631594 1.625101 0.918129
 129.000000 0.505898 0.600089 1.437983 0.489930
 130.000000 0.322809 0.620310 1.558506 0.507821
 131.000000 0.280843 0.571556 1.159129 0.087858
 132.000000 0.140631 0.595220 1.133498 0.015645
 133.000000 0.134609 0.599458 1.288261 0.026984
 134.000000 0.109364 0.609674 1.261544 0.016979
 135.000000 0.064483 0.635391 1.382887 0.005257
 136.000000 0.081656 0.615714 1.213101 0.010218
 137.000000 0.079329 0.611883 1.234077 0.014009
 138.000000 0.073741 0.621645 1.118247 0.011948
 139.000000 0.069060 0.673896 1.349484 0.021008
 140.000000 0.079094 0.649303 1.334888 0.016220
 141.000000 0.066531 0.692173 1.590117 0.016058
 142.000000 0.056906 0.709438 1.419106 0.014601
 143.000000 0.033773 0.754169 1.526263 0.008755
 144.000000 0.045600 0.788204 1.954218 0.028700
 145.000000 0.041200 0.792492 2.110640 0.005741
 146.000000 0.055849 0.755270 1.983484 0.009677
 147.000000 0.029741 0.797478 2.046902 0.007989
 148.000000 0.032258 0.809177 2.206001 0.006808
 149.000000 0.061687 0.777780 2.018703 0.024162
 150.000000 0.067002 0.781236 2.093074 0.018407
 151.000000 0.042616 0.742474 1.926407 0.022182
 152.000000 0.049868 0.729132 1.846719 0.011178
 153.000000 0.076852 0.700243 1.805708 0.013274
 154.000000 0.084190 0.697711 1.720426 0.033147
 155.000000 0.140377 0.704083 1.872060 0.216478
 156.000000 0.236045 0.637083 1.612676 0.269619
 157.000000 0.224945 0.713451 1.837772 0.234414
 158.000000 0.221007 0.719079 1.870901 0.183947
 159.000000 0.186337 0.723377 1.843574 0.825348
 160.000000 0.282442 0.660478 1.716967 0.175067
 161.000000 0.151912 0.667096 1.600597 0.198360
 162.000000 0.130876 0.721924 1.724935 0.789035
 163.000000 0.219579 0.688934 1.722619 0.634165
 164.000000 0.155938 0.672693 1.603009 0.873022
 165.000000 0.159465 0.643742 1.535489 0.854518
 166.000000 0.042975 0.746918 1.823382 0.024079
 167.000000 0.048201 0.761771 1.748284 0.022605
 168.000000 0.031714 0.805916 2.004173 0.004542
 169.000000 0.047378 0.765084 1.720257 0.038307
 170.000000 0.072980 0.711910 1.723910 0.062584
 171.000000 0.096963 0.739303 1.935134 0.032809
 172.000000 0.059585 0.735255 1.926851 0.017667
 173.000000 0.068328 0.738479 1.954431 0.019631
 174.000000 0.061094 0.737140 1.993394 0.015750
 175.000000 0.017438 0.856874 2.325974 0.003092
 176.000000 0.013806 0.911418 2.495681 0.003016
 177.000000 0.025625 0.849514 2.402165 0.004019
 178.000000 0.023253 0.860236 2.391519 0.003610
 179.000000 0.025303 0.851499 2.338131 0.003089
 180.000000 0.024949 0.860788 2.328742 0.003164
 181.000000 0.032682 0.806584 2.109088 0.003855
 182.000000 0.024600 0.830836 2.234552 0.002631
 183.000000 0.029613 0.807945 1.968692 0.004518
 184.000000 0.036549 0.800715 1.947191 0.005942
 185.000000 0.042971 0.785226 1.773977 0.013358
 186.000000 0.040717 0.747877 1.610093 0.008707
 187.000000 0.042372 0.706033 1.464772 0.011043
 188.000000 0.040975 0.715694 1.555224 0.010275
 189.000000 0.040821 0.737570 1.448534 0.027183
 190.000000 0.058133 0.718111 1.387793 0.017724
 191.000000 0.030438 0.781478 1.752408 0.014272
 192.000000 0.029320 0.779619 1.683527 0.005877
 193.000000 0.028318 0.785930 1.669651 0.007131
 194.000000 0.047044 0.736784 1.551159 0.009685
 195.000000 0.022386 0.816652 1.769948 0.004227
 196.000000 0.029049 0.800814 1.692083 0.014640
 197.000000 0.026445 0.853864 2.033197 0.009608
 198.000000 0.030095 0.838916 2.008612 0.013167
 199.000000 0.037566 0.782871 1.816276 0.007074
 200.000000 0.025411 0.859985 2.186451 0.010368
 201.000000 0.024017 0.867791 2.340596 0.005848
 202.000000 0.027795 0.814519 1.989432 0.005942
 203.000000 0.035362 0.820569 2.135290 0.005211
 204.000000 0.026853 0.860891 2.242031 0.008104
 205.000000 0.037396 0.825894 1.905531 0.020949
 206.000000 0.041791 0.817392 1.907215 0.016168
 207.000000 0.034733 0.818554 2.037160 0.007780
 208.000000 0.028268 0.839105 2.168739 0.006506
 209.000000 0.034237 0.823908 2.273625 0.006431
 210.000000 0.028013 0.808899 2.271647 0.004776
 211.000000 0.040251 0.791689 2.168777 0.006690
 212.000000 0.034830 0.810888 2.248654 0.005266
 213.000000 0.044132 0.763986 1.988795 0.010668
 214.000000 0.063055 0.766136 2.042872 0.014104
 215.000000 0.051759 0.799430 2.145683 0.008909
 216.000000 0.037651 0.794818 2.211567 0.005521
 217.000000 0.073769 0.740006 1.874991 0.025483
 218.000000 0.046201 0.775088 1.904204 0.007937
 219.000000 0.041637 0.822033 2.303282 0.005556
 220.000000 0.035117 0.819934 2.267925 0.004359
 221.000000 0.026217 0.847855 2.377367 0.003500
 222.000000 0.037784 0.851059 2.447067 0.007866
 223.000000 0.029644 0.870319 2.497480 0.004114
 224.000000 0.044392 0.817742 2.309719 0.007647
 225.000000 0.025043 0.856385 2.253349 0.003653
 226.000000 0.030483 0.833900 2.284912 0.005698
 227.000000 0.021061 0.860747 2.409316 0.003254
 228.000000 0.027134 0.841473 2.338953 0.005844
 229.000000 0.019605 0.876290 2.429225 0.003083
 230.000000 0.022302 0.875299 2.547799 0.003048
 231.000000 0.028923 0.846975 2.389553 0.005513
 232.000000 0.022378 0.843504 2.284306 0.004457
 233.000000 0.016507 0.884759 2.375383 0.003671
 234.000000 0.041002 0.789303 2.069263 0.008758
 235.000000 0.032713 0.795853 1.886360 0.004446
 236.000000 0.024576 0.815142 2.080452 0.006069
 237.000000 0.029028 0.799927 2.059858 0.005435
 238.000000 0.035074 0.790927 2.109424 0.006305
 239.000000 0.056652 0.784708 2.161994 0.013813
 240.000000 0.044352 0.794765 2.177765 0.010298
 241.000000 0.031272 0.822767 2.194834 0.008634
 242.000000 0.044688 0.810478 2.100448 0.013513
 243.000000 0.033367 0.824328 2.115316 0.010716
 244.000000 0.040153 0.828501 2.096456 0.007621
 245.000000 0.051380 0.762447 1.914146 0.013346
 246.000000 0.041075 0.796988 2.130822 0.013500
 247.000000 0.042609 0.770578 2.004654 0.010015
 248.000000 0.030080 0.827699 2.082376 0.007559
 249.000000 0.029020 0.848128 2.290953 0.005103
 250.000000 0.025768 0.854111 2.203608 0.004214
 251.000000 0.033125 0.825805 2.102706 0.009384
 252.000000 0.037464 0.789917 1.850697 0.005942
 253.000000 0.043759 0.765985 1.930162 0.009963
 254.000000 0.041547 0.791677 2.133576 0.013564
 255.000000 0.036815 0.790593 2.009137 0.008932
 256.000000 0.034635 0.809297 1.967961 0.014840
 257.000000 0.037695 0.792228 2.091546 0.011399
 258.000000 0.030724 0.819198 2.080720 0.005553
 259.000000 0.034882 0.824801 2.100130 0.009223
 260.000000 0.041398 0.835409 2.276896 0.019106
 261.000000 0.028856 0.863644 2.184259 0.008369
 262.000000 0.041373 0.824220 2.130960 0.011772
 263.000000 0.039115 0.790171 1.991740 0.009051
 264.000000 0.042111 0.776680 2.010104 0.011779
 265.000000 0.036145 0.843559 2.212464 0.011106
 266.000000 0.031573 0.838718 2.266777 0.006623
 267.000000 0.056202 0.776180 2.100957 0.016612
 268.000000 0.045246 0.801389 2.064513 0.016499
 269.000000 0.033046 0.835600 2.285835 0.006421
 270.000000 0.038822 0.808134 2.084952 0.010450
 271.000000 0.043177 0.793682 2.165347 0.010233
 272.000000 0.050242 0.774691 1.984255 0.012891
 273.000000 0.043400 0.793610 2.146081 0.008978
 274.000000 0.038449 0.794740 2.098507 0.008225
 275.000000 0.050055 0.787294 2.090880 0.011883
 276.000000 0.037829 0.833919 2.205453 0.009837
 277.000000 0.054453 0.793957 1.909065 0.014702
 278.000000 0.035594 0.845571 2.239508 0.011110
 279.000000 0.033032 0.815381 2.092614 0.005196
 280.000000 0.032432 0.847987 2.423436 0.004052
 281.000000 0.027764 0.836121 2.239192 0.005856
 282.000000 0.050967 0.795643 2.042107 0.013088
 283.000000 0.036010 0.833759 2.378882 0.006124
 284.000000 0.068342 0.780065 1.922152 0.056985
 285.000000 0.064982 0.765420 1.765824 0.060718
 286.000000 0.077077 0.744835 1.504778 0.149149
 287.000000 0.091520 0.700297 1.281467 0.064583
 288.000000 0.076757 0.708348 1.541109 0.017850
 289.000000 0.038390 0.765187 1.745583 0.009649
 290.000000 0.050354 0.795779 1.942879 0.007425
 291.000000 0.059137 0.791430 1.944910 0.047110
 292.000000 0.032108 0.825362 2.096820 0.005661
 293.000000 0.043493 0.807210 2.096269 0.006378
 294.000000 0.050565 0.789285 1.974827 0.008544
 295.000000 0.056692 0.746893 1.702165 0.031067
 296.000000 0.065149 0.774456 1.815268 0.016746
 297.000000 0.086021 0.745579 1.702745 0.034730
 298.000000 0.176444 0.727718 1.676899 0.855609
 299.000000 0.174442 0.746294 1.857922 0.864245
 300.000000 0.114332 0.750602 1.732482 0.699575
 301.000000 0.113480 0.733626 1.638596 0.744164
 302.000000 0.163756 0.757896 1.804649 0.206172
 303.000000 0.105177 0.764321 1.799048 0.231214
 304.000000 0.147946 0.767378 1.903557 0.278044
 305.000000 0.118965 0.775672 1.947504 0.129966
 306.000000 0.149302 0.744857 1.647598 0.313243
 307.000000 0.064866 0.741605 1.606479 0.017678
 308.000000 0.145550 0.691705 1.382039 0.091400
 309.000000 0.106097 0.745308 1.649159 0.862015
 310.000000 0.143014 0.689947 1.352639 0.719774
 311.000000 0.121403 0.762995 1.820400 0.118741
 312.000000 0.131720 0.709421 1.369884 0.667798
 313.000000 0.108639 0.741472 1.530394 0.788191
 314.000000 0.178292 0.670134 1.354346 0.847771
 315.000000 0.169978 0.686014 1.419269 0.853256
 316.000000 0.146991 0.715714 1.589122 0.839007
 317.000000 0.217552 0.740041 1.839587 0.434962
 318.000000 0.335009 0.735498 1.899279 0.342042
 319.000000 0.426053 0.711438 1.895685 0.096175
 320.000000 0.223821 0.662525 1.648638 0.019117
 321.000000 0.330715 0.669985 1.705243 0.230627
 322.000000 0.187644 0.667074 1.725729 0.737763
 323.000000 0.290616 0.659630 1.566317 0.092165
 324.000000 0.807590 0.705980 1.925562 0.264163
 325.000000 0.873187 0.689144 1.869334 0.768392
 326.000000 0.777273 0.711305 1.921849 0.664259
 327.000000 0.314107 0.749013 1.972263 0.825332
 328.000000 0.666770 0.731642 2.000682 0.830877
 329.000000 0.256150 0.739632 1.976528 0.803287
 330.000000 0.121787 0.765068 1.908172 0.839359
 331.000000 0.524231 0.726867 2.004855 0.496310
 332.000000 0.341931 0.750468 2.133815 0.172892
 333.000000 0.410519 0.765613 2.130218 0.822275
 334.000000 0.836679 0.700448 1.912639 0.684477
 335.000000 0.442154 0.767971 2.126651 0.774676
 336.000000 0.534403 0.736006 2.035514 0.547693
 337.000000 0.654475 0.741506 2.136096 0.227911
 338.000000 0.424736 0.716940 2.098685 0.106327
 339.000000 0.878163 0.727727 2.094831 0.202904
 340.000000 1.103244 0.729950 2.045129 0.234007
 341.000000 1.142050 0.690908 1.834174 0.321656
 342.000000 1.314736 0.669887 1.605582 0.339980
 343.000000 1.047858 0.667372 1.571061 0.708751
 344.000000 0.607311 0.727039 1.938452 0.143325
 345.000000 1.286316 0.688554 1.934083 0.454560
 346.000000 1.700809 0.710954 1.978637 0.407451
 347.000000 2.178065 0.690171 1.930140 1.407872
 348.000000 2.097829 0.685032 1.854046 1.643899
 349.000000 2.105456 0.676699 1.803137 2.000207
 350.000000 2.175615 0.647379 1.714555 1.499116
 351.000000 2.059001 0.692648 1.926066 0.797631
 352.000000 2.119430 0.702577 1.872945 1.636578
 353.000000 2.250925 0.666782 1.753961 2.112625
 354.000000 2.206027 0.629631 1.659473 1.653887
 355.000000 2.210829 0.609593 1.633811 1.787366
 356.000000 2.231666 0.634233 1.681998 2.057114
 357.000000 2.145627 0.602177 1.468805 2.223046
 358.000000 2.124369 0.608302 1.606280 2.066476
 359.000000 2.210256 0.633641 1.576846 2.193807
 360.000000 2.343579 0.641617 1.666863 1.949251
 361.000000 2.262113 0.646983 1.878103 1.176398
 362.000000 2.061055 0.671390 1.836366 0.631941
 363.000000 2.320349 0.675035 1.884910 0.662816
 364.000000 2.018316 0.632472 1.536716 0.920423
 365.000000 1.111026 0.635608 1.452222 0.210630
 366.000000 2.223263 0.661752 1.817116 1.822813
 367.000000 2.131934 0.645049 1.624274 1.425239
 368.000000 2.149820 0.605079 1.369668 2.180900
 369.000000 2.191438 0.638692 1.614454 1.213755
 370.000000 2.102195 0.619743 1.343979 0.857091
 371.000000 1.023454 0.611698 1.368827 0.656344
 372.000000 0.363035 0.602714 1.099447 0.413791
 373.000000 0.683694 0.650507 1.604503 0.296978
 374.000000 1.038466 0.632293 1.681342 0.662973
 375.000000 0.941494 0.632670 1.479584 0.470573
 376.000000 2.229089 0.624219 1.659178 1.997775
 377.000000 2.204501 0.623815 1.633773 1.958855
 378.000000 2.170861 0.654791 1.719922 1.884361
 379.000000 2.228702 0.626245 1.676825 1.959506
 380.000000 2.189279 0.684295 1.917037 1.832815
 381.000000 2.171905 0.651656 1.788940 2.441935
 382.000000 1.228042 0.745587 2.162582 0.551217
 383.000000 1.451680 0.722864 2.051398 1.596701
 384.000000 1.602560 0.716343 2.031798 1.106175
 385.000000 1.347646 0.733669 2.084430 1.127395
 386.000000 1.357492 0.737952 2.150207 0.222112
 387.000000 1.103974 0.753835 2.166304 0.324153
 388.000000 1.512787 0.735122 2.100351 1.133343
 389.000000 0.834320 0.776747 2.285917 0.093206
 390.000000 1.147323 0.700502 1.902777 1.495677
 391.000000 0.931281 0.678439 1.700051 1.011308
 392.000000 0.470400 0.677847 1.526680 0.894342
 393.000000 0.662834 0.699490 1.798531 0.556889
 394.000000 0.899060 0.727379 1.986254 0.500984
 395.000000 0.490586 0.727283 1.921362 0.822715
 396.000000 0.396539 0.712465 1.842942 0.228142
 397.000000 1.188107 0.734842 2.084697 0.978304
 398.000000 1.186077 0.755743 2.181594 0.389674
 399.000000 1.165648 0.724637 2.025872 1.492210
 400.000000 1.466937 0.683142 1.787617 0.629976
 401.000000 0.961266 0.713077 1.934368 0.466760
 402.000000 1.564923 0.721795 2.085287 1.045803
 403.000000 1.550940 0.723940 2.062818 1.176760
 404.000000 1.420291 0.744949 2.128837 1.475104
 405.000000 0.838492 0.815563 2.317053 0.175838
 406.000000 1.439721 0.732622 2.080883 1.225150
 407.000000 0.750544 0.776690 2.153995 0.182714
 408.000000 1.238059 0.763159 2.155842 0.615635
 409.000000 1.294337 0.754597 2.163581 0.976641
 410.000000 1.238302 0.753457 2.141618 1.342643
 411.000000 1.098387 0.738420 2.112092 0.328755
 412.000000 1.261175 0.717678 2.009646 1.036733
 413.000000 1.131795 0.712898 1.941019 1.298456
 414.000000 0.853322 0.745968 2.117374 0.081512
 415.000000 1.029601 0.759130 2.192271 0.298497
 416.000000 1.462691 0.720035 2.089315 0.910594
 417.000000 1.159946 0.736555 2.103045 1.386297
 418.000000 1.285796 0.733684 2.072265 1.214624
 419.000000 1.974706 0.710480 2.012527 0.489591
 420.000000 2.176897 0.662926 1.799604 1.917215
 421.000000 2.164320 0.665552 1.866219 1.636704
 422.000000 2.181966 0.628096 1.692942 1.667280
 423.000000 2.192585 0.661155 1.900447 1.885898
 424.000000 2.238466 0.645262 1.825119 1.261270
 425.000000 2.206544 0.620810 1.587210 2.159450
 426.000000 2.171821 0.614996 1.517122 1.916724
 427.000000 2.192982 0.631229 1.650205 1.939039
 428.000000 2.206395 0.673982 1.841270 0.669443
 429.000000 2.177453 0.608459 1.321111 2.337667
 430.000000 2.131493 0.596978 1.289429 2.382166
 431.000000 2.180425 0.636357 1.575003 2.638967
 432.000000 2.037229 0.610676 1.371408 2.024324
 433.000000 2.176872 0.604923 1.539857 1.824119
 434.000000 2.179513 0.647240 1.720677 2.085871
 435.000000 2.154657 0.642060 1.621628 2.051412
 436.000000 2.142888 0.634672 1.609729 2.287435
 437.000000 2.158682 0.604138 1.434937 2.486543
 438.000000 2.223884 0.613013 1.540246 2.263007
 439.000000 2.189290 0.624463 1.595802 2.213164
 440.000000 2.182875 0.616324 1.444266 2.255446
 441.000000 2.165692 0.608540 1.451155 2.407365
 442.000000 2.170390 0.629371 1.432310 1.058145
 443.000000 2.196452 0.646805 1.595163 0.693550
 444.000000 2.140876 0.613476 1.462946 1.944399
 445.000000 2.277983 0.642307 1.696539 1.797112
 446.000000 2.231225 0.644574 1.708067 1.936733
 447.000000 2.105302 0.671936 1.734822 2.071129
 448.000000 2.159957 0.660594 1.741059 1.887012
 449.000000 2.163729 0.651868 1.714597 2.037961
 450.000000 2.157777 0.671793 1.950313 1.868354
 451.000000 1.171577 0.750983 2.097578 0.546134
 452.000000 1.338429 0.748723 2.129424 1.299434
 453.000000 1.444567 0.741784 2.150570 0.975429
 454.000000 1.108440 0.752454 2.111498 0.619528
 455.000000 1.125271 0.742931 2.127533 0.990794
 456.000000 1.323150 0.735819 2.125812 0.830234
 457.000000 1.162685 0.753450 2.116071 1.044478
 458.000000 1.110124 0.774901 2.203720 0.385058
 459.000000 1.218506 0.763387 2.209493 0.557646
 460.000000 1.730440 0.714066 1.989672 0.812072
 461.000000 0.676451 0.744867 2.030458 0.147106
 462.000000 0.516731 0.758642 2.136866 0.071631
 463.000000 0.415669 0.762351 2.189335 0.057648
 464.000000 0.256253 0.773288 2.097666 0.042020
 465.000000 0.078139 0.832546 2.296839 0.012216
 466.000000 0.049392 0.842888 2.313876 0.013777
 467.000000 0.221105 0.783058 2.176008 0.021012
 468.000000 0.267966 0.796932 2.262660 0.035238
 469.000000 0.444939 0.797194 2.250697 0.062650
 470.000000 0.879518 0.727175 1.904561 0.422879
 471.000000 0.435800 0.758351 2.016261 0.033494
 472.000000 0.357592 0.790091 2.076138 0.110036
 473.000000 0.686278 0.759041 2.013403 0.743170
 474.000000 0.504326 0.716571 1.766624 0.238710
 475.000000 0.454584 0.752071 2.002674 0.113324
 476.000000 0.446960 0.715306 1.930402 0.783372
 477.000000 0.320858 0.690125 1.947775 0.058383
 478.000000 0.213745 0.753943 2.127871 0.028751
 479.000000 0.125204 0.789768 2.264572 0.015726
 480.000000 0.110655 0.821969 2.333536 0.011839
 481.000000 0.067076 0.857762 2.470947 0.011320
 482.000000 0.067762 0.829360 2.230545 0.015461
 483.000000 0.032751 0.846411 2.359345 0.005590
 484.000000 0.029691 0.892759 2.541246 0.003436
 485.000000 0.085152 0.776725 1.917971 0.006916
 486.000000 0.073299 0.809407 2.139050 0.004938
 487.000000 0.039597 0.849495 2.168332 0.003552
 488.000000 0.038395 0.832353 2.088091 0.002895
 489.000000 0.060355 0.804276 1.999667 0.004457
 490.000000 0.054424 0.805282 1.859902 0.006340
 491.000000 0.020416 0.894509 2.279064 0.003730
 492.000000 0.039292 0.850666 2.222525 0.003376
 493.000000 0.054058 0.833760 2.207925 0.004423
 494.000000 0.062082 0.782792 1.847664 0.007401
 495.000000 0.086518 0.719525 1.667378 0.007280
 496.000000 0.073394 0.769982 1.857590 0.003799
 497.000000 0.055592 0.761409 1.492024 0.005889
 498.000000 0.077222 0.701813 1.191182 0.006805
 499.000000 0.069893 0.743815 1.351294 0.006526
 500.000000 0.069358 0.694704 1.066447 0.006300
