#! FIELDS time alpha rg e2e hbond
 0.000000 0.047218 0.779128 1.969299 0.005663
 1.000000 0.075225 0.684366 1.715420 0.004214
 2.000000 0.069045 0.687392 1.609300 0.007967
 3.000000 0.041898 0.679407 1.463227 0.006356
 4.000000 0.047229 0.698756 1.515228 0.010836
 5.000000 0.047499 0.708378 1.657842 0.012299
 6.000000 0.080937 0.674032 1.621090 0.011105
 7.000000 0.055585 0.701947 1.649395 0.009516
 8.000000 0.066907 0.692354 1.499153 0.015350
 9.000000 0.074252 0.687933 1.535943 0.012540
 10.000000 0.048113 0.719117 1.663525 0.014235
 11.000000 0.068940 0.700429 1.679377 0.010098
 12.000000 0.094980 0.649197 1.466197 0.011083
 13.000000 0.097524 0.626404 1.274796 0.006861
 14.000000 0.080120 0.645741 1.280410 0.006982
 15.000000 0.109244 0.653877 1.423630 0.007499
 16.000000 0.059764 0.669929 1.483537 0.005516
 17.000000 0.073503 0.673291 1.558892 0.007794
 18.000000 0.069381 0.669913 1.510126 0.005633
 19.000000 0.081723 0.648170 1.486123 0.007284
 20.000000 0.105383 0.625372 1.392381 0.014727
 21.000000 0.085134 0.647156 1.483386 0.010320
 22.000000 0.114152 0.639880 1.476355 0.005813
 23.000000 0.098698 0.638059 1.459938 0.011080
 24.000000 0.100789 0.638271 1.401581 0.009010
 25.000000 0.083401 0.651673 1.407792 0.008216
 26.000000 0.054152 0.683886 1.563815 0.009655
 27.000000 0.074403 0.657834 1.499496 0.007756
 28.000000 0.070434 0.659662 1.481857 0.008548
 29.000000 0.066258 0.684325 1.590691 0.007991
 30.000000 0.111709 0.646367 1.473160 0.008441
 31.000000 0.089985 0.660781 1.576702 0.004819
 32.000000 0.075317 0.652000 1.469795 0.003938
 33.000000 0.082425 0.652278 1.374734 0.007016
 34.000000 0.120136 0.602408 1.245333 0.008410
 35.000000 0.072668 0.652668 1.479798 0.004648
 36.000000 0.066435 0.636169 1.450471 0.007529
 37.000000 0.122156 0.575759 1.051988 0.029719
 38.000000 0.126345 0.572630 0.728938 0.023928
 39.000000 0.098291 0.631926 1.132521 0.005862
 40.000000 0.135849 0.577516 0.733947 0.008831
 41.000000 0.155283 0.567134 0.764324 0.007528
 42.000000 0.142368 0.561646 0.636113 0.010220
 43.000000 0.120102 0.581303 0.643374 0.005861
 44.000000 0.146522 0.557793 0.772685 0.014342
 45.000000 0.192549 0.588710 1.051907 0.013018
 46.000000 0.106797 0.656248 1.336311 0.010988
 47.000000 0.194510 0.605986 1.234184 0.016550
 48.000000 0.097158 0.667329 1.441289 0.010688
 49.000000 0.181612 0.592940 1.013752 0.020904
 50.000000 0.193017 0.571983 0.887878 0.014623
 51.000000 0.172089 0.560565 0.723539 0.016635
 52.000000 0.121279 0.603526 0.923734 0.010962
 53.000000 0.179876 0.601156 0.854204 0.017101
 54.000000 0.163649 0.613051 1.067077 0.020767
 55.000000 0.156170 0.622663 1.204303 0.012951
 56.000000 0.157285 0.641292 1.549882 0.013172
 57.000000 0.096289 0.684491 1.550883 0.007757
 58.000000 0.087810 0.649684 1.317642 0.008119
 59.000000 0.110985 0.646793 1.433646 0.006048
 60.000000 0.129387 0.646495 1.519807 0.006897
 61.000000 0.127603 0.639654 1.418338 0.005308
 62.000000 0.085329 0.682361 1.553397 0.004523
 63.000000 0.081299 0.702619 1.726007 0.005016
 64.000000 0.047697 0.745878 1.831676 0.003894
 65.000000 0.042445 0.776561 1.939745 0.003710
 66.000000 0.071574 0.740122 2.039774 0.014782
 67.000000 0.043888 0.763353 2.008933 0.003413
 68.000000 0.052268 0.764291 2.113112 0.006590
 69.000000 0.123996 0.729541 1.999179 0.019810
 70.000000 0.042317 0.797880 2.222476 0.005426
 71.000000 0.066512 0.769680 2.130638 0.007521
 72.000000 0.082430 0.726680 1.909075 0.007384
 73.000000 0.103541 0.742725 2.087799 0.010232
 74.000000 0.132019 0.661215 1.806865 0.021933
 75.000000 0.168785 0.630905 1.629191 0.027860
 76.000000 0.242393 0.655116 1.754608 0.064026
 77.000000 0.180087 0.631811 1.530957 0.041928
 78.000000 0.118433 0.705988 1.894567 0.017516
 79.000000 0.092185 0.708466 1.903984 0.011837
 80.000000 0.046685 0.743340 1.980659 0.005447
 81.000000 0.060453 0.738098 1.924709 0.006887
 82.000000 0.044070 0.753507 1.982951 0.003297
 83.000000 0.057382 0.733037 1.829214 0.004908
 84.000000 0.051093 0.722839 1.809516 0.004610
 85.000000 0.052263 0.759489 2.004607 0.007134
 86.000000 0.034529 0.821012 2.189208 0.003184
 87.000000 0.051688 0.806077 2.197006 0.005687
 88.000000 0.052383 0.803246 2.229104 0.008300
 89.000000 0.054063 0.796234 2.172702 0.006492
 90.000000 0.037082 0.800706 2.060510 0.003862
 91.000000 0.075927 0.721840 1.629466 0.010282
 92.000000 0.151195 0.664710 1.720578 0.043853
 93.000000 0.151722 0.653122 1.514318 0.024036
 94.000000 0.199874 0.612064 1.231356 0.049969
 95.000000 0.157110 0.613482 1.224069 0.017755
 96.000000 0.109390 0.641761 1.394484 0.014801
 97.000000 0.193613 0.625177 1.520940 0.027231
 98.000000 0.076607 0.717189 1.573659 0.010117
 99.000000 0.101426 0.674630 1.356584 0.017066
 100.000000 0.088991 0.680725 1.478072 0.009431
 101.000000 0.128485 0.637813 1.383874 0.018708
 102.000000 0.140138 0.631015 1.466643 0.022514
 103.000000 0.146652 0.690905 1.788868 0.028665
 104.000000 0.085364 0.741989 1.984380 0.009143
 105.000000 0.065000 0.765912 2.009166 0.012467
 106.000000 0.049976 0.786723 2.022960 0.008425
 107.000000 0.060344 0.724436 1.835062 0.006194
 108.000000 0.064789 0.694578 1.647578 0.004560
 109.000000 0.057019 0.713081 1.526989 0.004743
 110.000000 0.076322 0.694585 1.539833 0.007881
 111.000000 0.162632 0.625536 1.200031 0.029977
 112.000000 0.088686 0.633231 1.082532 0.012263
 113.000000 0.118712 0.606174 0.979595 0.017075
 114.000000 0.171923 0.618521 1.129674 0.041371
 115.000000 0.067243 0.677016 1.288255 0.006197
 116.000000 0.085079 0.658257 1.148862 0.009725
 117.000000 0.102248 0.645140 1.040862 0.016943
 118.000000 0.149199 0.639139 1.199574 0.021484
 119.000000 0.121869 0.658200 1.378725 0.029978
 120.000000 0.124676 0.659897 1.356151 0.023585
 121.000000 0.092336 0.637270 1.298264 0.009252
 122.000000 0.150561 0.661650 1.461084 0.057659
 123.000000 0.099934 0.681152 1.541246 0.020771
 124.000000 0.113083 0.651892 1.362460 0.013935
 125.000000 0.141424 0.673667 1.624782 0.015341
 126.000000 0.134462 0.676343 1.490593 0.055825
 127.000000 0.113640 0.607352 1.030352 0.008566
 128.000000 0.121643 0.590988 0.979668 0.012126
 129.000000 0.164506 0.590751 0.910009 0.026675
 130.000000 0.121739 0.584420 0.791809 0.026003
 131.000000 0.066995 0.639627 0.945709 0.008778
 132.000000 0.053085 0.657199 1.109960 0.007559
 133.000000 0.107173 0.588921 1.023845 0.039678
 134.000000 0.093255 0.622991 1.122306 0.016818
 135.000000 0.133713 0.621743 1.194706 0.014684
 136.000000 0.116358 0.599414 0.932552 0.013545
 137.000000 0.047715 0.664141 1.241926 0.003017
 138.000000 0.065798 0.635352 1.002039 0.004201
 139.000000 0.078572 0.638880 1.000349 0.019639
 140.000000 0.068088 0.618588 0.855595 0.009600
 141.000000 0.058978 0.615835 0.766102 0.008214
 142.000000 0.061938 0.614986 0.873720 0.012251
 143.000000 0.077923 0.622883 0.905306 0.011852
 144.000000 0.146743 0.578410 0.682074 0.037582
 145.000000 0.065666 0.604979 0.663326 0.006398
 146.000000 0.083841 0.579071 0.592529 0.013211
 147.000000 0.111976 0.597002 0.685109 0.018229
 148.000000 0.195766 0.547389 0.498785 0.021087
 149.000000 0.187144 0.534653 0.450984 0.033760
 150.000000 0.167029 0.537797 0.435041 0.017137
 151.000000 0.156878 0.533853 0.506472 0.018047
 152.000000 0.142209 0.553438 0.482654 0.016852
 153.000000 0.158749 0.566991 0.824490 0.017572
 154.000000 0.157267 0.556365 0.736370 0.026764
 155.000000 0.128928 0.569712 0.780602 0.014306
 156.000000 0.213892 0.581504 1.127953 0.059285
 157.000000 0.158691 0.589481 0.860922 0.011534
 158.000000 0.094180 0.620438 0.831479 0.012108
 159.000000 0.114308 0.613934 0.737250 0.013929
 160.000000 0.124235 0.643386 1.046497 0.024079
 161.000000 0.056528 0.658094 1.051998 0.007945
 162.000000 0.077665 0.728843 1.671089 0.012426
 163.000000 0.103605 0.653575 1.374724 0.007538
 164.000000 0.064830 0.657533 1.169865 0.013610
 165.000000 0.065786 0.664071 1.262685 0.009280
 166.000000 0.090211 0.633991 1.271028 0.020025
 167.000000 0.122372 0.600709 1.225813 0.026349
 168.000000 0.070836 0.652388 1.244804 0.009071
 169.000000 0.086981 0.642953 1.257663 0.021956
 170.000000 0.075205 0.679489 1.518823 0.023961
 171.000000 0.064659 0.705565 1.677982 0.009228
 172.000000 0.063925 0.723954 1.795334 0.008115
 173.000000 0.039417 0.762603 1.998884 0.003175
 174.000000 0.057081 0.751648 1.829795 0.011705
 175.000000 0.065651 0.724784 1.582440 0.011689
 176.000000 0.072720 0.695808 1.456573 0.061306
 177.000000 0.075321 0.673815 1.262407 0.024536
 178.000000 0.079610 0.693351 1.358747 0.093043
 179.000000 0.099172 0.656554 1.241369 0.017409
 180.000000 0.102123 0.636440 1.093813 0.018949
 181.000000 0.102327 0.655291 1.208478 0.017614
 182.000000 0.116360 0.639238 1.223062 0.062771
 183.000000 0.129374 0.618019 0.997982 0.026523
 184.000000 0.122959 0.632590 1.221598 0.024029
 185.000000 0.162259 0.624409 1.218222 0.034984
 186.000000 0.110287 0.623006 1.236918 0.014413
 187.000000 0.159234 0.621865 1.308437 0.038166
 188.000000 0.124698 0.630176 1.233823 0.040052
 189.000000 0.095443 0.633982 1.185084 0.032900
 190.000000 0.101571 0.642856 1.236222 0.028794
 191.000000 0.079069 0.661011 1.251637 0.015550
 192.000000 0.103215 0.687899 1.484190 0.058883
 193.000000 0.067081 0.718909 1.677792 0.023783
 194.000000 0.079460 0.720190 1.686420 0.097736
 195.000000 0.084973 0.701325 1.507388 0.009640
 196.000000 0.080921 0.709482 1.525317 0.062313
 197.000000 0.048790 0.728208 1.437816 0.008452
 198.000000 0.061381 0.737860 1.613000 0.010445
 199.000000 0.076512 0.660003 1.271233 0.012300
 200.000000 0.080876 0.654003 1.443182 0.016003
 201.000000 0.080758 0.665212 1.406503 0.014572
 202.000000 0.068770 0.693178 1.407867 0.005708
 203.000000 0.056867 0.719081 1.526082 0.006514
 204.000000 0.059483 0.734000 1.732582 0.008169
 205.000000 0.080123 0.699895 1.540992 0.017266
 206.000000 0.080083 0.679149 1.354528 0.013524
 207.000000 0.061650 0.730706 1.616076 0.017878
 208.000000 0.053509 0.736053 1.682817 0.013634
 209.000000 0.056031 0.733388 1.702883 0.010299
 210.000000 0.061701 0.731252 1.677976 0.009788
 211.000000 0.080285 0.691390 1.605386 0.010796
 212.000000 0.080814 0.690056 1.428358 0.017860
 213.000000 0.067134 0.687998 1.398348 0.009748
 214.000000 0.079320 0.717917 1.559033 0.020370
 215.000000 0.062245 0.692535 1.322168 0.010596
 216.000000 0.083653 0.684575 1.319325 0.012270
 217.000000 0.083740 0.652054 1.144167 0.014994
 218.000000 0.079516 0.683291 1.517975 0.008950
 219.000000 0.075864 0.676456 1.305896 0.016005
 220.000000 0.067220 0.718192 1.559332 0.006236
 221.000000 0.070869 0.730256 1.674549 0.010063
 222.000000 0.062604 0.736614 1.470669 0.011453
 223.000000 0.060180 0.742860 1.563496 0.010866
 224.000000 0.057129 0.733292 1.374699 0.007491
 225.000000 0.061349 0.716999 1.406232 0.008553
 226.000000 0.028255 0.795234 1.909631 0.002334
 227.000000 0.033301 0.796389 1.927630 0.004368
 228.000000 0.022495 0.848241 2.144148 0.002912
 229.000000 0.017044 0.882532 2.292323 0.002350
 230.000000 0.017047 0.900683 2.312928 0.001423
 231.000000 0.027025 0.850674 2.233086 0.003205
 232.000000 0.018677 0.871528 2.347929 0.001631
 233.000000 0.029535 0.844815 2.240023 0.003420
 234.000000 0.014124 0.899002 2.434858 0.002250
 235.000000 0.023941 0.859880 2.327311 0.004213
 236.000000 0.028203 0.835174 2.352976 0.003015
 237.000000 0.035609 0.816918 2.204245 0.003391
 238.000000 0.035544 0.828931 2.159627 0.005769
 239.000000 0.027851 0.853148 2.329617 0.003701
 240.000000 0.020451 0.863860 2.141356 0.002242
 241.000000 0.019794 0.869359 2.314353 0.002900
 242.000000 0.012533 0.951081 2.762311 0.001421
 243.000000 0.018371 0.896429 2.547480 0.002719
 244.000000 0.021112 0.875812 2.452381 0.003580
 245.000000 0.028946 0.832121 2.158524 0.004114
 246.000000 0.043622 0.790971 2.036858 0.006892
 247.000000 0.059634 0.783732 2.051454 0.005907
 248.000000 0.034734 0.781674 1.776161 0.004366
 249.000000 0.037348 0.767793 1.669171 0.003996
 250.000000 0.028770 0.778079 1.691455 0.003138
 251.000000 0.026922 0.794445 1.815972 0.002313
 252.000000 0.022844 0.815318 1.856167 0.001971
 253.000000 0.032566 0.789785 1.792873 0.003486
 254.000000 0.032855 0.781484 2.010801 0.004086
 255.000000 0.022173 0.858831 2.301597 0.002837
 256.000000 0.021970 0.857471 2.279881 0.001636
 257.000000 0.022155 0.886016 2.446623 0.002646
 258.000000 0.017165 0.923462 2.606904 0.002016
 259.000000 0.019606 0.908221 2.583202 0.001920
 260.000000 0.023358 0.883556 2.561012 0.001980
 261.000000 0.052499 0.794382 2.084575 0.005793
 262.000000 0.038108 0.852124 2.420465 0.003957
 263.000000 0.031057 0.884867 2.546163 0.003354
 264.000000 0.034662 0.873487 2.520482 0.004014
 265.000000 0.019611 0.903173 2.597127 0.002458
 266.000000 0.025518 0.868108 2.466493 0.004031
 267.000000 0.025954 0.868726 2.391807 0.003362
 268.000000 0.027552 0.858252 2.376496 0.004314
 269.000000 0.059874 0.777454 2.053851 0.008336
 270.000000 0.042637 0.810621 2.162714 0.006158
 271.000000 0.042869 0.812976 2.145929 0.003942
 272.000000 0.041649 0.787188 2.052512 0.005472
 273.000000 0.055262 0.749535 1.813517 0.010212
 274.000000 0.070528 0.717944 1.585315 0.012249
 275.000000 0.063488 0.760474 1.791826 0.011566
 276.000000 0.038259 0.821412 2.234485 0.005177
 277.000000 0.069917 0.792428 2.160981 0.012727
 278.000000 0.028472 0.829984 2.068457 0.004684
 279.000000 0.033425 0.815952 2.095662 0.004454
 280.000000 0.036841 0.824935 2.191592 0.003182
 281.000000 0.022939 0.865585 2.339522 0.003294
 282.000000 0.031195 0.820201 2.063935 0.005110
 283.000000 0.037787 0.801987 1.996355 0.005478
 284.000000 0.043865 0.760400 1.808869 0.005558
 285.000000 0.030066 0.819612 1.998594 0.003377
 286.000000 0.038048 0.769438 1.756468 0.005017
 287.000000 0.069255 0.730245 1.553299 0.009624
 288.000000 0.040149 0.756015 1.723136 0.003479
 289.000000 0.068829 0.723812 1.702080 0.007800
 290.000000 0.067042 0.726444 1.671749 0.007297
 291.000000 0.079402 0.757353 1.907561 0.011510
 292.000000 0.069044 0.792308 2.089434 0.010655
 293.000000 0.055938 0.790124 2.055416 0.007869
 294.000000 0.049429 0.820391 2.267488 0.006468
 295.000000 0.047011 0.790127 1.991454 0.007392
 296.000000 0.040587 0.783935 1.928912 0.004105
 297.000000 0.051500 0.757679 1.782338 0.004634
 298.000000 0.051615 0.739471 1.754230 0.005019
 299.000000 0.075925 0.699545 1.665061 0.009204
 300.000000 0.069797 0.737635 1.792080 0.006532
 301.000000 0.062757 0.716025 1.613658 0.007768
 302.000000 0.071575 0.714279 1.728570 0.008426
 303.000000 0.068649 0.770486 1.985720 0.014661
 304.000000 0.048365 0.789529 1.900172 0.005508
 305.000000 0.041815 0.793579 2.017902 0.003239
 306.000000 0.034615 0.820367 2.048580 0.004168
 307.000000 0.040578 0.771180 1.969175 0.003905
 308.000000 0.029598 0.828790 2.121948 0.003382
 309.000000 0.036738 0.850317 2.345006 0.003898
 310.000000 0.013611 0.877441 2.179627 0.001210
 311.000000 0.026116 0.820355 2.060328 0.002467
 312.000000 0.043555 0.808949 2.109930 0.007173
 313.000000 0.048163 0.747716 1.808610 0.006300
 314.000000 0.055183 0.718426 1.578937 0.007364
 315.000000 0.056900 0.709949 1.515012 0.007708
 316.000000 0.059335 0.744674 1.739348 0.008984
 317.000000 0.028508 0.791229 1.937691 0.003586
 318.000000 0.046934 0.781094 1.998248 0.007194
 319.000000 0.040178 0.751514 1.771123 0.004636
 320.000000 0.036671 0.731978 1.547215 0.002553
 321.000000 0.066408 0.737854 1.748898 0.009267
 322.000000 0.052861 0.781795 1.879736 0.006954
 323.000000 0.048979 0.742744 1.740837 0.005295
 324.000000 0.065168 0.694464 1.555597 0.005662
 325.000000 0.091523 0.713545 1.675104 0.017364
 326.000000 0.083261 0.707250 1.548153 0.013707
 327.000000 0.049776 0.734795 1.641737 0.004824
 328.000000 0.093737 0.742201 1.798783 0.033182
 329.000000 0.063179 0.749285 1.631349 0.011570
 330.000000 0.054306 0.735304 1.642372 0.005900
 331.000000 0.054955 0.706266 1.516991 0.006075
 332.000000 0.076488 0.675112 1.310110 0.017012
 333.000000 0.076776 0.678417 1.346395 0.016401
 334.000000 0.081920 0.645137 1.184164 0.013779
 335.000000 0.063756 0.656877 1.074607 0.006924
 336.000000 0.058102 0.664696 1.017376 0.005392
 337.000000 0.077782 0.644281 1.053731 0.005822
 338.000000 0.066126 0.669832 0.951215 0.007829
 339.000000 0.049307 0.667489 0.868900 0.004611
 340.000000 0.059927 0.645997 1.110180 0.002757
 341.000000 0.071148 0.615821 0.931498 0.005972
 342.000000 0.088833 0.618667 1.244070 0.010614
 343.000000 0.078143 0.630645 1.214563 0.011319
 344.000000 0.079889 0.583970 0.912522 0.006047
 345.000000 0.070026 0.608038 0.960290 0.009507
 346.000000 0.077350 0.629165 1.068485 0.006673
 347.000000 0.075618 0.618237 0.857795 0.009693
 348.000000 0.087212 0.640913 0.929069 0.009226
 349.000000 0.087369 0.671334 1.329052 0.008031
 350.000000 0.082472 0.669341 1.414156 0.007242
 351.000000 0.089389 0.664988 1.284158 0.014695
 352.000000 0.076151 0.685812 1.398166 0.009467
 353.000000 0.095599 0.653406 1.223069 0.014776
 354.000000 0.064474 0.645008 0.881170 0.007551
 355.000000 0.074785 0.602570 0.634989 0.006152
 356.000000 0.079786 0.606221 0.698062 0.013726
 357.000000 0.083075 0.603997 0.599474 0.006763
 358.000000 0.091906 0.596967 0.626286 0.008334
 359.000000 0.110514 0.579690 0.488830 0.010382
 360.000000 0.100370 0.577886 0.456634 0.012552
 361.000000 0.103043 0.584025 0.574263 0.012886
 362.000000 0.074135 0.620576 0.876127 0.010914
 363.000000 0.097453 0.594547 0.856481 0.011544
 364.000000 0.073363 0.628512 1.177714 0.009432
 365.000000 0.098996 0.591411 0.790557 0.007901
 366.000000 0.095729 0.629258 1.283640 0.009170
 367.000000 0.059657 0.640439 1.222015 0.003246
 368.000000 0.067989 0.623132 0.936049 0.006547
 369.000000 0.065315 0.627916 1.043505 0.007585
 370.000000 0.100623 0.618551 1.185584 0.018247
 371.000000 0.099217 0.610453 1.103767 0.018767
 372.000000 0.159103 0.556609 0.956896 0.027155
 373.000000 0.104553 0.569347 0.865496 0.010799
 374.000000 0.099146 0.577681 0.904136 0.017699
 375.000000 0.101485 0.573027 0.986008 0.030143
 376.000000 0.100812 0.557827 1.019944 0.011993
 377.000000 0.077549 0.587352 0.847288 0.011809
 378.000000 0.078468 0.592304 0.880459 0.014590
 379.000000 0.092362 0.588803 1.053379 0.021165
 380.000000 0.090838 0.612404 1.136074 0.019231
 381.000000 0.102228 0.580430 1.261377 0.014362
 382.000000 0.108661 0.560699 1.160758 0.012439
 383.000000 0.118103 0.583874 1.105888 0.013460
 384.000000 0.096372 0.581680 1.050720 0.015922
 385.000000 0.087253 0.592634 1.066432 0.012439
 386.000000 0.064007 0.656340 1.267652 0.009639
 387.000000 0.099722 0.608501 1.060144 0.015724
 388.000000 0.098442 0.604241 1.150870 0.011319
 389.000000 0.058134 0.692023 1.573840 0.005835
 390.000000 0.069643 0.664402 1.466708 0.006717
 391.000000 0.066997 0.661675 1.456322 0.006499
 392.000000 0.058941 0.718345 1.729666 0.003806
 393.000000 0.032983 0.764833 1.854825 0.002343
 394.000000 0.041494 0.716220 1.465675 0.003235
 395.000000 0.043289 0.727635 1.778025 0.002983
 396.000000 0.073666 0.666080 1.575501 0.005834
 397.000000 0.086760 0.647573 1.557739 0.006991
 398.000000 0.076421 0.647819 1.311657 0.006601
 399.000000 0.100550 0.592669 0.920110 0.010575
 400.000000 0.113383 0.563808 0.880610 0.012741
 401.000000 0.091490 0.596336 1.117920 0.008519
 402.000000 0.092065 0.604488 0.898829 0.010735
 403.000000 0.104763 0.580339 0.993194 0.011359
 404.000000 0.096762 0.615730 1.098434 0.012707
 405.000000 0.072544 0.608054 0.697589 0.007440
 406.000000 0.083861 0.608279 0.987981 0.007506
 407.000000 0.058745 0.650619 0.990465 0.005677
 408.000000 0.087523 0.623308 0.978477 0.012473
 409.000000 0.048151 0.664754 1.170984 0.005735
 410.000000 0.065485 0.638619 0.916813 0.007822
 411.000000 0.084719 0.595087 0.708933 0.009456
 412.000000 0.078881 0.594567 0.629771 0.008098
 413.000000 0.066108 0.640695 0.923516 0.007268
 414.000000 0.082499 0.597235 0.642761 0.007499
 415.000000 0.074250 0.617796 0.745887 0.008179
 416.000000 0.083145 0.625316 0.956842 0.017433
 417.000000 0.036158 0.678467 1.030658 0.003018
 418.000000 0.077966 0.624848 0.773055 0.008142
 419.000000 0.074780 0.623203 0.938495 0.010721
 420.000000 0.086162 0.623646 0.861892 0.008798
 421.000000 0.088269 0.626187 0.899372 0.011180
 422.000000 0.058760 0.640258 0.863668 0.006941
 423.000000 0.092240 0.631317 0.923943 0.014953
 424.000000 0.075772 0.640097 0.903645 0.011279
 425.000000 0.078863 0.643714 0.951452 0.013015
 426.000000 0.054801 0.678710 1.209104 0.007746
 427.000000 0.075161 0.659369 1.004866 0.012857
 428.000000 0.092220 0.628660 1.046156 0.013122
 429.000000 0.088107 0.605288 0.680171 0.011558
 430.000000 0.077275 0.611430 0.671800 0.009415
 431.000000 0.104528 0.596004 0.670994 0.017303
 432.000000 0.085195 0.632525 1.026587 0.011081
 433.000000 0.068130 0.641621 0.960169 0.007975
 434.000000 0.059610 0.646427 0.941334 0.007179
 435.000000 0.091205 0.633363 1.027327 0.015141
 436.000000 0.063519 0.695789 1.326456 0.009437
 437.000000 0.049354 0.680720 1.209204 0.004434
 438.000000 0.097905 0.636649 1.200233 0.012867
 439.000000 0.076261 0.653865 1.181701 0.007301
 440.000000 0.084311 0.627133 1.045540 0.016433
 441.000000 0.086798 0.645690 1.182994 0.012344
 442.000000 0.092908 0.664772 1.408393 0.015832
 443.000000 0.073775 0.656036 1.282603 0.008702
 444.000000 0.137886 0.673385 1.413888 0.018766
 445.000000 0.202808 0.635797 1.292636 0.051917
 446.000000 0.235818 0.613027 1.143550 0.103247
 447.000000 0.233980 0.605965 1.272346 0.112192
 448.000000 0.261818 0.601593 1.011534 0.303965
 449.000000 0.259443 0.632640 1.291847 0.092853
 450.000000 0.372550 0.587024 1.322223 0.161389
 451.000000 0.786632 0.607312 1.316230 0.375135
 452.000000 0.499147 0.625542 1.492068 0.151440
 453.000000 0.345836 0.639093 1.450479 0.083075
 454.000000 0.386588 0.636235 1.595348 0.080651
 455.000000 0.176531 0.727761 1.881725 0.033026
 456.000000 0.388324 0.660328 1.514907 0.063918
 457.000000 0.412296 0.587387 0.940938 0.140671
 458.000000 0.263058 0.630328 1.243628 0.087383
 459.000000 0.279225 0.697789 1.742250 0.080979
 460.000000 0.233071 0.660018 1.438117 0.066853
 461.000000 0.495017 0.635270 1.339328 0.191720
 462.000000 0.130807 0.639668 1.231402 0.023595
 463.000000 0.158277 0.613821 0.998392 0.040564
 464.000000 0.162444 0.630969 1.137099 0.052276
 465.000000 0.242507 0.664558 1.431091 0.065179
 466.000000 0.172325 0.676911 1.364199 0.072028
 467.000000 0.180150 0.617089 0.913431 0.141668
 468.000000 0.122825 0.643398 0.986706 0.036192
 469.000000 0.134484 0.661732 1.208538 0.102876
 470.000000 0.107961 0.660477 1.227206 0.291758
 471.000000 0.139096 0.663652 1.285666 0.119362
 472.000000 0.129854 0.660129 1.481384 0.015272
 473.000000 0.161770 0.701129 1.775497 0.044578
 474.000000 0.038539 0.807977 1.990639 0.003138
 475.000000 0.045825 0.815723 2.184008 0.004544
 476.000000 0.027792 0.863386 2.492072 0.002076
 477.000000 0.029314 0.869322 2.502506 0.002972
 478.000000 0.042871 0.834874 2.352995 0.006194
 479.000000 0.041948 0.823784 2.256303 0.004062
 480.000000 0.052969 0.808332 2.208933 0.005718
 481.000000 0.040242 0.754223 1.890965 0.003247
 482.000000 0.032455 0.793522 2.051537 0.003481
 483.000000 0.034767 0.800889 1.940095 0.003089
 484.000000 0.018028 0.860023 2.160364 0.002316
 485.000000 0.020650 0.898956 2.480249 0.002441
 486.000000 0.024410 0.855243 2.145708 0.004812
 487.000000 0.019843 0.902030 2.329475 0.002489
 488.000000 0.016537 0.912009 2.438706 0.003015
 489.000000 0.024300 0.882832 2.501763 0.003985
 490.000000 0.023297 0.881748 2.548016 0.003839
 491.000000 0.016648 0.921334 2.645085 0.002882
 492.000000 0.020823 0.889942 2.585852 0.004137
 493.000000 0.019252 0.902251 2.632494 0.002881
 494.000000 0.015535 0.921879 2.657615 0.002415
 495.000000 0.017680 0.898678 2.489388 0.002030
 496.000000 0.032213 0.837926 2.327421 0.002913
 497.000000 0.024250 0.838632 2.203531 0.002432
 498.000000 0.042496 0.804514 2.184427 0.003925
 499.000000 0.046469 0.764633 1.914389 0.003846
 500.000000 0.051512 0.771434 2.049971 0.005242
