#! FIELDS time alpha rg e2e hbond
 0.000000 0.025856 0.792887 1.944303 0.004902
 1.000000 0.031847 0.752203 1.798392 0.003366
 2.000000 0.027338 0.829627 2.150430 0.005236
 3.000000 0.053427 0.779646 2.073060 0.009950
 4.000000 0.030792 0.824194 2.154700 0.005404
 5.000000 0.015025 0.912500 2.565410 0.001974
 6.000000 0.025952 0.860627 2.414752 0.002948
 7.000000 0.013004 0.938913 2.715931 0.001565
 8.000000 0.021525 0.876227 2.537567 0.002006
 9.000000 0.013023 0.940453 2.733018 0.001200
 10.000000 0.009997 0.974125 2.752185 0.000960
 11.000000 0.011751 0.929975 2.606428 0.001498
 12.000000 0.016231 0.881645 2.350278 0.001720
 13.000000 0.014662 0.871405 2.299661 0.001706
 14.000000 0.013960 0.924065 2.614107 0.001506
 15.000000 0.012406 0.947222 2.689658 0.001413
 16.000000 0.017496 0.909964 2.545467 0.004131
 17.000000 0.012132 0.952746 2.671133 0.001351
 18.000000 0.012186 0.937824 2.664771 0.001475
 19.000000 0.009060 0.984147 2.755150 0.001820
 20.000000 0.015149 0.929537 2.641936 0.001552
 21.000000 0.011355 0.956228 2.646200 0.002662
 22.000000 0.011069 0.967730 2.710986 0.001621
 23.000000 0.015214 0.930800 2.624980 0.001906
 24.000000 0.019484 0.885123 2.394968 0.002164
 25.000000 0.014637 0.936054 2.592747 0.002325
 26.000000 0.009769 0.966127 2.703789 0.001500
 27.000000 0.015652 0.907127 2.504664 0.003361
 28.000000 0.012636 0.904869 2.458302 0.001659
 29.000000 0.015460 0.865237 2.300983 0.001916
 30.000000 0.014501 0.907086 2.504186 0.001607
 31.000000 0.014622 0.885220 2.298412 0.001282
 32.000000 0.019090 0.855922 2.204847 0.001435
 33.000000 0.019062 0.861161 2.292113 0.002719
 34.000000 0.018506 0.893644 2.389088 0.004748
 35.000000 0.020857 0.895049 2.475503 0.003097
 36.000000 0.015548 0.870337 2.390278 0.001306
 37.000000 0.021846 0.857485 2.388489 0.002929
 38.000000 0.024794 0.846723 2.317450 0.003391
 39.000000 0.021139 0.870768 2.419983 0.002586
 40.000000 0.016046 0.875496 2.466396 0.001680
 41.000000 0.019389 0.852915 2.378245 0.001478
 42.000000 0.024118 0.827741 2.277518 0.002096
 43.000000 0.016281 0.913629 2.553022 0.002703
 44.000000 0.016548 0.899504 2.501284 0.002358
 45.000000 0.016118 0.918417 2.556302 0.002160
 46.000000 0.023497 0.869889 2.441232 0.002645
 47.000000 0.020919 0.884117 2.512596 0.002494
 48.000000 0.021675 0.865247 2.391665 0.002428
 49.000000 0.016333 0.888697 2.341513 0.002314
 50.000000 0.013076 0.914089 2.534788 0.001659
 51.000000 0.016700 0.905553 2.568883 0.001504
 52.000000 0.018500 0.876222 2.399654 0.001674
 53.000000 0.020654 0.846161 2.253350 0.002929
 54.000000 0.027412 0.774577 1.725913 0.003868
 55.000000 0.020855 0.796891 1.916463 0.002340
 56.000000 0.031759 0.801346 2.012773 0.002773
 57.000000 0.048417 0.751271 1.919435 0.002531
 58.000000 0.074076 0.733042 1.767514 0.003602
 59.000000 0.042638 0.762024 1.922245 0.002574
 60.000000 0.053015 0.750334 1.850902 0.003177
 61.000000 0.031351 0.830875 2.293750 0.002568
 62.000000 0.021825 0.863140 2.410340 0.002122
 63.000000 0.018665 0.877062 2.525520 0.001505
 64.000000 0.038938 0.837930 2.379971 0.003370
 65.000000 0.031646 0.812023 2.205447 0.002165
 66.000000 0.058585 0.774426 2.015750 0.003934
 67.000000 0.034412 0.792794 2.146043 0.002342
 68.000000 0.046389 0.785419 2.053579 0.003257
 69.000000 0.038834 0.780884 2.133704 0.002663
 70.000000 0.064919 0.724921 1.821846 0.002622
 71.000000 0.039395 0.774245 1.986428 0.002774
 72.000000 0.040478 0.715819 1.572338 0.004417
 73.000000 0.042675 0.753882 1.835371 0.003435
 74.000000 0.041789 0.765851 1.922220 0.003791
 75.000000 0.025176 0.843720 2.294040 0.002285
 76.000000 0.042766 0.815383 2.197917 0.006553
 77.000000 0.043676 0.797174 2.243873 0.002589
 78.000000 0.039082 0.818085 2.287955 0.002516
 79.000000 0.081022 0.777345 2.166106 0.004008
 80.000000 0.051037 0.822298 2.309413 0.002419
 81.000000 0.015554 0.932178 2.686254 0.001539
 82.000000 0.042401 0.829069 2.316039 0.003386
 83.000000 0.056032 0.785908 2.168886 0.006243
 84.000000 0.064097 0.753640 1.770460 0.003580
 85.000000 0.067087 0.744480 1.821683 0.005534
 86.000000 0.049046 0.780867 2.052405 0.002794
 87.000000 0.049718 0.804647 2.056939 0.004088
 88.000000 0.021987 0.826203 2.158926 0.001520
 89.000000 0.030962 0.835732 2.188924 0.003640
 90.000000 0.048467 0.791909 2.071124 0.003585
 91.000000 0.033405 0.822609 2.104691 0.003437
 92.000000 0.074472 0.783436 1.995676 0.005809
 93.000000 0.039280 0.800745 2.059711 0.003960
 94.000000 0.050479 0.775623 1.968902 0.005183
 95.000000 0.049140 0.759145 1.838769 0.004399
 96.000000 0.037938 0.767518 1.802964 0.004726
 97.000000 0.034516 0.798866 1.995779 0.003015
 98.000000 0.022282 0.840325 2.219057 0.002584
 99.000000 0.025239 0.829431 2.173880 0.002418
 100.000000 0.048351 0.765410 1.957556 0.003794
 101.000000 0.059920 0.773475 2.025986 0.004189
 102.000000 0.064056 0.719164 1.831957 0.005167
 103.000000 0.039416 0.750220 1.875901 0.003433
 104.000000 0.037541 0.759146 1.971794 0.004351
 105.000000 0.062510 0.740167 2.019000 0.003971
 106.000000 0.027524 0.836030 2.384109 0.001782
 107.000000 0.036590 0.814759 2.326174 0.003024
 108.000000 0.045475 0.801566 2.227574 0.005440
 109.000000 0.029983 0.868630 2.360586 0.003796
 110.000000 0.032274 0.823609 2.250683 0.004376
 111.000000 0.030591 0.802636 2.202681 0.002359
 112.000000 0.038843 0.786296 2.195955 0.005193
 113.000000 0.034152 0.835616 2.256619 0.002621
 114.000000 0.072639 0.794407 2.068302 0.006219
 115.000000 0.041811 0.787553 2.061969 0.002466
 116.000000 0.050890 0.776673 1.955175 0.004619
 117.000000 0.044772 0.780747 2.081129 0.004050
 118.000000 0.038151 0.800737 2.131432 0.002714
 119.000000 0.051027 0.809573 2.194091 0.004626
 120.000000 0.075282 0.771434 2.092441 0.007101
 121.000000 0.117887 0.692914 1.613218 0.009296
 122.000000 0.087873 0.674222 1.479813 0.007975
 123.000000 0.100445 0.703732 1.658970 0.008155
 124.000000 0.100531 0.720271 1.830774 0.008235
 125.000000 0.067962 0.719572 1.752296 0.004098
 126.000000 0.069963 0.717202 1.886980 0.005269
 127.000000 0.066121 0.738674 1.870218 0.003299
 128.000000 0.051040 0.722483 1.701344 0.005564
 129.000000 0.037498 0.780304 1.911775 0.005000
 130.000000 0.017913 0.780110 1.689738 0.002271
 131.000000 0.031189 0.763858 1.715656 0.002216
 132.000000 0.033277 0.770395 1.718503 0.004085
 133.000000 0.077922 0.694739 1.560019 0.008214
 134.000000 0.043301 0.752641 1.827346 0.005003
 135.000000 0.031511 0.799751 2.043487 0.005799
 136.000000 0.043876 0.781622 1.987420 0.004718
 137.000000 0.059888 0.744621 1.870208 0.006543
 138.000000 0.036449 0.777543 2.058422 0.004331
 139.000000 0.034623 0.805103 2.178595 0.003627
 140.000000 0.033096 0.801824 2.093095 0.003087
 141.000000 0.021246 0.840480 2.162288 0.002458
 142.000000 0.019165 0.869749 2.339924 0.001934
 143.000000 0.014421 0.913734 2.491358 0.001330
 144.000000 0.018718 0.882333 2.421215 0.002369
 145.000000 0.015498 0.885303 2.346718 0.001296
 146.000000 0.019678 0.879235 2.394750 0.002157
 147.000000 0.017552 0.862228 2.404456 0.001796
 148.000000 0.023456 0.836861 2.285485 0.002254
 149.000000 0.020955 0.845887 2.291624 0.001504
 150.000000 0.034305 0.796792 2.083401 0.002603
 151.000000 0.027688 0.815279 2.189447 0.002135
 152.000000 0.050493 0.747917 1.934497 0.003736
 153.000000 0.088003 0.676905 1.641364 0.012686
 154.000000 0.078150 0.690329 1.619386 0.007481
 155.000000 0.098579 0.720244 1.825654 0.008214
 156.000000 0.067690 0.755800 2.025154 0.006649
 157.000000 0.052209 0.766820 1.965285 0.003190
 158.000000 0.035003 0.816259 2.259384 0.001822
 159.000000 0.041846 0.796637 2.196918 0.002953
 160.000000 0.042694 0.807080 2.070357 0.004675
 161.000000 0.049022 0.789122 1.994229 0.005751
 162.000000 0.032247 0.811971 2.036943 0.002870
 163.000000 0.024681 0.849362 2.181430 0.002086
 164.000000 0.035304 0.792873 1.934172 0.002672
 165.000000 0.023201 0.832757 2.028953 0.002062
 166.000000 0.052706 0.784158 1.937399 0.006491
 167.000000 0.045266 0.779676 2.061966 0.003741
 168.000000 0.018587 0.891424 2.493921 0.001922
 169.000000 0.015234 0.921768 2.598973 0.001775
 170.000000 0.016732 0.927756 2.625835 0.001556
 171.000000 0.015069 0.929010 2.676134 0.001537
 172.000000 0.016284 0.932581 2.746785 0.001859
 173.000000 0.010627 0.963693 2.791209 0.001173
 174.000000 0.014130 0.945059 2.723173 0.001766
 175.000000 0.012816 0.951024 2.713312 0.001610
 176.000000 0.015668 0.936326 2.728710 0.001748
 177.000000 0.023242 0.880902 2.513864 0.003911
 178.000000 0.018488 0.887844 2.487703 0.003343
 179.000000 0.018899 0.887534 2.396066 0.004070
 180.000000 0.020598 0.864290 2.300347 0.008759
 181.000000 0.020189 0.883454 2.404464 0.004519
 182.000000 0.025659 0.878824 2.417531 0.004239
 183.000000 0.021990 0.890116 2.442343 0.003380
 184.000000 0.015536 0.924495 2.615207 0.001125
 185.000000 0.015698 0.926612 2.641704 0.001194
 186.000000 0.024039 0.898882 2.500175 0.002723
 187.000000 0.023728 0.872135 2.471344 0.003200
 188.000000 0.018576 0.900880 2.555563 0.003019
 189.000000 0.019080 0.898927 2.538273 0.003572
 190.000000 0.024256 0.865561 2.381592 0.005056
 191.000000 0.021133 0.859199 2.326991 0.003443
 192.000000 0.020450 0.855343 2.278386 0.002268
 193.000000 0.017794 0.882623 2.297726 0.005252
 194.000000 0.023080 0.853595 2.167131 0.002689
 195.000000 0.025467 0.843924 2.156493 0.003077
 196.000000 0.026112 0.825788 1.886281 0.003506
 197.000000 0.027172 0.801998 1.952741 0.002545
 198.000000 0.016251 0.907944 2.449907 0.002711
 199.000000 0.017983 0.906898 2.502115 0.001919
 200.000000 0.023090 0.855238 2.258573 0.003331
 201.000000 0.018069 0.887015 2.380192 0.002215
 202.000000 0.028448 0.857868 2.339412 0.003717
 203.000000 0.014954 0.900796 2.451055 0.002343
 204.000000 0.021759 0.836958 2.195021 0.002978
 205.000000 0.020031 0.888024 2.527951 0.002651
 206.000000 0.017902 0.892239 2.535358 0.002353
 207.000000 0.018083 0.892859 2.575526 0.001846
 208.000000 0.016605 0.910102 2.630702 0.001720
 209.000000 0.014952 0.908295 2.541244 0.002057
 210.000000 0.015376 0.919863 2.701425 0.001324
 211.000000 0.012824 0.934894 2.666031 0.001387
 212.000000 0.013087 0.926160 2.568441 0.001268
 213.000000 0.011554 0.948650 2.685360 0.000992
 214.000000 0.013715 0.949163 2.744670 0.001266
 215.000000 0.012888 0.942506 2.664834 0.001199
 216.000000 0.013991 0.952518 2.818902 0.001290
 217.000000 0.014184 0.958575 2.790913 0.001371
 218.000000 0.015714 0.929810 2.673812 0.001620
 219.000000 0.018388 0.914207 2.678418 0.001791
 220.000000 0.014633 0.937775 2.719446 0.001399
 221.000000 0.014974 0.914115 2.542728 0.001494
 222.000000 0.013673 0.953135 2.780879 0.001250
 223.000000 0.012285 0.962007 2.781434 0.001132
 224.000000 0.012540 0.965945 2.817814 0.001161
 225.000000 0.012754 0.964409 2.809410 0.001220
 226.000000 0.014240 0.945455 2.756096 0.001339
 227.000000 0.011266 0.971137 2.840095 0.001037
 228.000000 0.012781 0.947292 2.726151 0.001501
 229.000000 0.008627 1.000650 2.882064 0.000833
 230.000000 0.013074 0.920108 2.426507 0.001982
 231.000000 0.015794 0.888848 2.393275 0.002609
 232.000000 0.017472 0.906797 2.436839 0.001887
 233.000000 0.024742 0.893362 2.328180 0.001771
 234.000000 0.016320 0.907378 2.396789 0.001516
 235.000000 0.022964 0.890730 2.514753 0.002415
 236.000000 0.028399 0.837104 2.279626 0.004279
 237.000000 0.023079 0.850403 2.250568 0.002284
 238.000000 0.022612 0.865880 2.310841 0.001694
 239.000000 0.019973 0.885694 2.387980 0.002284
 240.000000 0.018350 0.900584 2.456742 0.002345
 241.000000 0.019313 0.908128 2.501611 0.001987
 242.000000 0.018311 0.897047 2.445015 0.001758
 243.000000 0.016644 0.896464 2.412569 0.001849
 244.000000 0.016871 0.907541 2.554951 0.002122
 245.000000 0.022937 0.880385 2.542083 0.002276
 246.000000 0.018590 0.884069 2.500320 0.001745
 247.000000 0.027207 0.828927 2.230540 0.003515
 248.000000 0.015687 0.898293 2.539302 0.002042
 249.000000 0.014839 0.909016 2.574557 0.001635
 250.000000 0.019071 0.893162 2.547987 0.002512
 251.000000 0.015212 0.910299 2.459251 0.001987
 252.000000 0.021832 0.874981 2.452740 0.002810
 253.000000 0.021380 0.886889 2.529584 0.002187
 254.000000 0.016664 0.914669 2.589095 0.002263
 255.000000 0.015166 0.932659 2.651983 0.001521
 256.000000 0.011597 0.955657 2.711619 0.001171
 257.000000 0.014665 0.925250 2.638901 0.002035
 258.000000 0.015550 0.943798 2.664537 0.002184
 259.000000 0.016016 0.893078 2.485914 0.004483
 260.000000 0.016151 0.907824 2.607096 0.001905
 261.000000 0.015587 0.885534 2.422965 0.002043
 262.000000 0.014750 0.853450 2.207683 0.001708
 263.000000 0.018549 0.842749 2.207918 0.005652
 264.000000 0.015639 0.872541 2.349685 0.002347
 265.000000 0.015506 0.883604 2.329708 0.003137
 266.000000 0.012116 0.909167 2.391545 0.002245
 267.000000 0.022287 0.880068 2.427069 0.004457
 268.000000 0.019569 0.871326 2.489350 0.002273
 269.000000 0.021100 0.837828 2.343277 0.002320
 270.000000 0.020908 0.896606 2.519329 0.006626
 271.000000 0.018507 0.858497 2.351973 0.003884
 272.000000 0.018981 0.899850 2.560973 0.002710
 273.000000 0.013377 0.908063 2.587805 0.002307
 274.000000 0.017926 0.897909 2.570669 0.001886
 275.000000 0.014422 0.879651 2.442091 0.001420
 276.000000 0.012867 0.903144 2.506583 0.001912
 277.000000 0.015361 0.912751 2.616887 0.001662
 278.000000 0.011137 0.958310 2.817086 0.001188
 279.000000 0.010773 0.939322 2.696830 0.000949
 280.000000 0.010132 0.928990 2.556930 0.001114
 281.000000 0.015186 0.902111 2.471314 0.001559
 282.000000 0.017262 0.878314 2.300986 0.002744
 283.000000 0.017582 0.913797 2.542463 0.002719
 284.000000 0.014378 0.903703 2.372352 0.001382
 285.000000 0.016290 0.875202 2.313714 0.001549
 286.000000 0.014016 0.891396 2.260079 0.002266
 287.000000 0.022023 0.852950 2.335878 0.001831
 288.000000 0.016168 0.914047 2.608276 0.001582
 289.000000 0.012959 0.920445 2.576733 0.001300
 290.000000 0.016373 0.890363 2.497688 0.002182
 291.000000 0.020970 0.830347 2.192330 0.001793
 292.000000 0.016483 0.874585 2.277892 0.001182
 293.000000 0.012348 0.917306 2.511679 0.001129
 294.000000 0.014932 0.894700 2.429644 0.001563
 295.000000 0.015681 0.895694 2.578610 0.001644
 296.000000 0.023124 0.864541 2.484799 0.001620
 297.000000 0.021793 0.879166 2.488175 0.003435
 298.000000 0.025735 0.859732 2.389821 0.006027
 299.000000 0.021965 0.871771 2.438187 0.002336
 300.000000 0.014625 0.891978 2.365547 0.001644
 301.000000 0.012095 0.950201 2.744613 0.001350
 302.000000 0.010750 0.958031 2.720767 0.001708
 303.000000 0.015832 0.915040 2.558976 0.003753
 304.000000 0.011818 0.919277 2.530555 0.001598
 305.000000 0.014301 0.844885 2.071128 0.001212
 306.000000 0.018370 0.863529 2.295049 0.002028
 307.000000 0.017870 0.881990 2.460303 0.002142
 308.000000 0.028944 0.819826 2.174323 0.004304
 309.000000 0.023994 0.869033 2.304213 0.002185
 310.000000 0.029599 0.822686 2.187636 0.003293
 311.000000 0.019479 0.856939 2.255425 0.003790
 312.000000 0.037976 0.783685 2.000718 0.017254
 313.000000 0.016311 0.890354 2.421422 0.002342
 314.000000 0.013820 0.905471 2.464883 0.003849
 315.000000 0.013375 0.913244 2.594351 0.002055
 316.000000 0.013528 0.907538 2.503805 0.002981
 317.000000 0.024559 0.859582 2.362602 0.004731
 318.000000 0.022613 0.858610 2.368398 0.003526
 319.000000 0.029881 0.841944 2.274489 0.006688
 320.000000 0.031735 0.869330 2.348580 0.007291
 321.000000 0.025178 0.898314 2.467649 0.003473
 322.000000 0.032456 0.837868 2.361772 0.003911
 323.000000 0.047078 0.794829 2.154717 0.010049
 324.000000 0.027911 0.855518 2.430497 0.002873
 325.000000 0.054132 0.790695 2.229844 0.005256
 326.000000 0.059541 0.760864 1.954255 0.010112
 327.000000 0.033194 0.828423 2.258719 0.004038
 328.000000 0.028600 0.861955 2.374888 0.008328
 329.000000 0.020563 0.899906 2.527382 0.003171
 330.000000 0.042245 0.821095 2.279328 0.007003
 331.000000 0.035545 0.822533 2.349525 0.002580
 332.000000 0.023861 0.873946 2.544851 0.002638
 333.000000 0.033131 0.808418 2.256433 0.003694
 334.000000 0.024213 0.853826 2.432843 0.004091
 335.000000 0.015016 0.892164 2.526327 0.001651
 336.000000 0.010126 0.949883 2.581423 0.001956
 337.000000 0.013333 0.941019 2.625063 0.003456
 338.000000 0.010634 0.937521 2.681796 0.001344
 339.000000 0.013579 0.934736 2.594499 0.001694
 340.000000 0.010984 0.930603 2.648889 0.001125
 341.000000 0.012292 0.925308 2.527132 0.002959
 342.000000 0.017347 0.900319 2.522698 0.004138
 343.000000 0.016398 0.881692 2.490300 0.002264
 344.000000 0.026284 0.813310 2.179364 0.002985
 345.000000 0.033317 0.793533 2.039177 0.006383
 346.000000 0.019531 0.835689 2.186439 0.002205
 347.000000 0.016159 0.879854 2.379252 0.002395
 348.000000 0.024422 0.868068 2.278386 0.005166
 349.000000 0.017617 0.862786 2.372540 0.002182
 350.000000 0.024764 0.845737 2.225841 0.004819
 351.000000 0.019248 0.880752 2.359580 0.001436
 352.000000 0.018137 0.907882 2.433104 0.002307
 353.000000 0.025724 0.864744 2.374404 0.001929
 354.000000 0.019319 0.878570 2.396601 0.002083
 355.000000 0.038144 0.821995 2.194818 0.003974
 356.000000 0.025144 0.848351 2.245182 0.004924
 357.000000 0.022127 0.857826 2.215802 0.001875
 358.000000 0.022309 0.871679 2.460944 0.002983
 359.000000 0.020577 0.885671 2.436111 0.002860
 360.000000 0.018830 0.875867 2.428021 0.001639
 361.000000 0.020230 0.861543 2.289660 0.003278
 362.000000 0.026851 0.813896 1.987825 0.005916
 363.000000 0.024783 0.816932 2.041441 0.002422
 364.000000 0.031590 0.793183 1.794304 0.003194
 365.000000 0.031061 0.840893 2.177655 0.004166
 366.000000 0.017461 0.892397 2.491370 0.002126
 367.000000 0.020742 0.891417 2.415188 0.002210
 368.000000 0.021816 0.892127 2.453543 0.002517
 369.000000 0.022579 0.895400 2.647050 0.002705
 370.000000 0.014523 0.921132 2.593104 0.001633
 371.000000 0.013989 0.927117 2.567351 0.002869
 372.000000 0.022234 0.861874 2.449256 0.002823
 373.000000 0.015685 0.894325 2.351461 0.002542
 374.000000 0.021274 0.877707 2.337118 0.003834
 375.000000 0.020878 0.881253 2.377919 0.002171
 376.000000 0.018406 0.898171 2.523980 0.001619
 377.000000 0.011459 0.976852 2.804994 0.001184
 378.000000 0.014168 0.939697 2.737789 0.001360
 379.000000 0.016651 0.913549 2.639238 0.001553
 380.000000 0.013405 0.952422 2.777512 0.001281
 381.000000 0.014571 0.957319 2.790508 0.001362
 382.000000 0.014228 0.937128 2.669191 0.001369
 383.000000 0.020651 0.918530 2.584990 0.002085
 384.000000 0.015853 0.943961 2.749345 0.001450
 385.000000 0.011111 0.971986 2.878006 0.000927
 386.000000 0.009942 0.989420 2.846265 0.000991
 387.000000 0.009435 0.973101 2.789858 0.000820
 388.000000 0.011305 0.952740 2.740469 0.001189
 389.000000 0.012561 0.930139 2.640485 0.001254
 390.000000 0.011915 0.962789 2.772998 0.001218
 391.000000 0.011652 0.948356 2.669380 0.001225
 392.000000 0.014666 0.923913 2.514715 0.001354
 393.000000 0.016612 0.891693 2.320081 0.001818
 394.000000 0.014464 0.913054 2.496150 0.001427
 395.000000 0.015040 0.911672 2.546183 0.001361
 396.000000 0.012505 0.953864 2.674180 0.001298
 397.000000 0.013810 0.937480 2.697853 0.001088
 398.000000 0.013262 0.941910 2.674559 0.001279
 399.000000 0.012985 0.951202 2.690813 0.001071
 400.000000 0.018899 0.895676 2.329778 0.001596
 401.000000 0.014892 0.927101 2.605634 0.001246
 402.000000 0.016388 0.946392 2.796471 0.001752
 403.000000 0.014401 0.942844 2.709744 0.001218
 404.000000 0.010686 0.963035 2.668169 0.000901
 405.000000 0.017045 0.889500 2.418621 0.001697
 406.000000 0.010793 0.955585 2.592700 0.001669
 407.000000 0.016578 0.872894 2.194230 0.002424
 408.000000 0.031153 0.838758 2.222329 0.004814
 409.000000 0.030125 0.854749 2.302749 0.002620
 410.000000 0.030719 0.829603 2.137919 0.002570
 411.000000 0.021891 0.843696 2.177184 0.001764
 412.000000 0.037097 0.777597 1.865341 0.003591
 413.000000 0.030982 0.814221 2.110017 0.003725
 414.000000 0.022683 0.864538 2.356372 0.003596
 415.000000 0.016753 0.919193 2.567883 0.002508
 416.000000 0.024406 0.844630 2.260751 0.001990
 417.000000 0.033334 0.793456 2.088428 0.003763
 418.000000 0.031960 0.812374 2.113750 0.003461
 419.000000 0.030341 0.839083 2.351000 0.003534
 420.000000 0.014688 0.891306 2.376226 0.001513
 421.000000 0.033283 0.823570 2.290568 0.002512
 422.000000 0.025185 0.895852 2.579089 0.003122
 423.000000 0.015055 0.936455 2.709229 0.001916
 424.000000 0.017554 0.917420 2.646407 0.001527
 425.000000 0.045628 0.823671 2.257798 0.006276
 426.000000 0.022809 0.858930 2.289015 0.001785
 427.000000 0.015912 0.906413 2.464861 0.001920
 428.000000 0.021148 0.875178 2.364557 0.002046
 429.000000 0.036189 0.847638 2.342725 0.003100
 430.000000 0.021235 0.916537 2.565255 0.003109
 431.000000 0.028099 0.872745 2.481819 0.002607
 432.000000 0.016619 0.914160 2.545619 0.001537
 433.000000 0.021721 0.852862 2.228068 0.001917
 434.000000 0.021518 0.868435 2.338920 0.002572
 435.000000 0.034137 0.802324 1.944046 0.005307
 436.000000 0.040458 0.780790 1.809027 0.003788
 437.000000 0.029557 0.766499 1.612289 0.002167
 438.000000 0.053430 0.674309 1.108634 0.007152
 439.000000 0.055210 0.684597 1.260206 0.005397
 440.000000 0.048049 0.720693 1.452935 0.004848
 441.000000 0.041709 0.711410 1.414724 0.003574
 442.000000 0.032323 0.775790 1.721043 0.003212
 443.000000 0.092207 0.724110 1.749327 0.064768
 444.000000 0.044594 0.783962 1.863077 0.006542
 445.000000 0.048356 0.741497 1.577998 0.005028
 446.000000 0.034465 0.808452 2.108966 0.003968
 447.000000 0.030456 0.799597 1.947569 0.003037
 448.000000 0.037867 0.751636 1.617396 0.002775
 449.000000 0.037146 0.808660 2.112582 0.005804
 450.000000 0.037428 0.815363 2.135379 0.003641
 451.000000 0.049987 0.736256 1.790978 0.003646
 452.000000 0.033610 0.781762 1.838222 0.003344
 453.000000 0.024718 0.816529 1.966334 0.003116
 454.000000 0.024535 0.843789 2.232081 0.002521
 455.000000 0.024617 0.838333 2.188868 0.003677
 456.000000 0.032497 0.838701 2.257973 0.003028
 457.000000 0.024585 0.842357 2.307276 0.002096
 458.000000 0.024317 0.842828 2.225529 0.002055
 459.000000 0.035310 0.837316 2.329629 0.003542
 460.000000 0.027513 0.863202 2.364960 0.002910
 461.000000 0.025111 0.845907 2.320635 0.002223
 462.000000 0.023632 0.860819 2.306128 0.003036
 463.000000 0.026341 0.861091 2.269850 0.002451
 464.000000 0.026671 0.860273 2.313272 0.003317
 465.000000 0.033400 0.807133 2.101555 0.002499
 466.000000 0.023798 0.879899 2.509575 0.001818
 467.000000 0.045993 0.828858 2.352525 0.003825
 468.000000 0.046882 0.817787 2.273510 0.003656
 469.000000 0.057084 0.818015 2.203771 0.006891
 470.000000 0.036932 0.832892 2.284810 0.005053
 471.000000 0.065659 0.797839 2.058909 0.010047
 472.000000 0.047731 0.800836 2.110701 0.006483
 473.000000 0.093090 0.725280 1.728607 0.013218
 474.000000 0.135137 0.682391 1.505309 0.017691
 475.000000 0.123062 0.705242 1.581931 0.017663
 476.000000 0.057141 0.771563 1.897878 0.005911
 477.000000 0.092840 0.739246 1.831472 0.007916
 478.000000 0.037645 0.830761 2.112207 0.003242
 479.000000 0.031050 0.850384 2.249569 0.002536
 480.000000 0.061618 0.807546 2.182293 0.007775
 481.000000 0.056559 0.796235 2.087977 0.005557
 482.000000 0.038992 0.840634 2.302591 0.003688
 483.000000 0.038612 0.761632 1.701934 0.004555
 484.000000 0.021228 0.849750 2.165117 0.002091
 485.000000 0.018751 0.891060 2.434699 0.001927
 486.000000 0.023218 0.877477 2.442048 0.002798
 487.000000 0.023942 0.874251 2.403902 0.002747
 488.000000 0.039900 0.860231 2.408644 0.004440
 489.000000 0.035374 0.842924 2.279050 0.003383
 490.000000 0.043808 0.812616 2.182725 0.004980
 491.000000 0.046889 0.817890 2.251880 0.005497
 492.000000 0.035250 0.841904 2.354201 0.005026
 493.000000 0.034687 0.835092 2.259783 0.005197
 494.000000 0.029051 0.836684 2.272478 0.002251
 495.000000 0.027997 0.870855 2.478923 0.002694
 496.000000 0.022529 0.879885 2.505804 0.002414
 497.000000 0.031263 0.831842 2.262473 0.003141
 498.000000 0.020663 0.893915 2.584573 0.002685
 499.000000 0.019312 0.893934 2.512809 0.002070
 500.000000 0.017652 0.910172 2.478663 0.002477
