#! FIELDS time alpha rg e2e hbond
 0.000000 0.332034 0.731144 1.788050 0.842633
 1.000000 0.155951 0.817850 2.190622 0.087553
 2.000000 0.100269 0.819859 1.994237 0.045071
 3.000000 0.378370 0.758520 1.779542 0.644433
 4.000000 0.340219 0.695618 1.690893 0.181643
 5.000000 0.491914 0.701424 1.811383 0.177988
 6.000000 0.077885 0.728886 1.728586 0.014122
 7.000000 0.085804 0.731658 1.771178 0.009739
 8.000000 0.079944 0.767645 1.842489 0.009720
 9.000000 0.204299 0.684035 1.418203 0.024646
 10.000000 0.156667 0.630300 1.176129 0.016214
 11.000000 0.132279 0.594452 1.025826 0.025396
 12.000000 0.112381 0.601389 0.805220 0.012125
 13.000000 0.119208 0.606332 0.861679 0.016492
 14.000000 0.149531 0.603967 0.878347 0.019599
 15.000000 0.082675 0.646804 1.075933 0.008876
 16.000000 0.094140 0.692384 1.463037 0.009959
 17.000000 0.089252 0.698380 1.551832 0.010438
 18.000000 0.191806 0.653304 1.461709 0.030002
 19.000000 0.122223 0.707487 1.755001 0.018019
 20.000000 0.337502 0.712220 1.830360 0.088628
 21.000000 0.050949 0.816914 2.157400 0.006619
 22.000000 0.064859 0.776363 2.104587 0.007862
 23.000000 0.301922 0.738429 1.881232 0.158155
 24.000000 0.275028 0.745382 1.995887 0.142814
 25.000000 0.399508 0.766574 1.969583 0.205797
 26.000000 0.118441 0.810703 2.218841 0.023130
 27.000000 0.267057 0.765809 2.033015 0.033916
 28.000000 0.187626 0.764433 1.947502 0.188766
 29.000000 0.300742 0.740136 1.862844 0.520988
 30.000000 0.234334 0.798305 2.030936 0.211108
 31.000000 0.188859 0.792893 1.991460 0.070803
 32.000000 0.301766 0.789713 2.064168 0.247914
 33.000000 0.278403 0.777301 2.112474 0.193564
 34.000000 0.221372 0.770972 1.952884 0.528880
 35.000000 0.269986 0.776823 2.124816 0.529173
 36.000000 0.277713 0.773621 2.074197 0.340905
 37.000000 0.304096 0.789145 2.150194 0.534701
 38.000000 0.324001 0.777306 2.157290 0.191601
 39.000000 0.276267 0.782330 2.123551 0.085477
 40.000000 0.421687 0.772806 2.147832 0.511739
 41.000000 0.200980 0.793024 2.109435 0.081547
 42.000000 0.349659 0.771084 2.090596 0.139055
 43.000000 0.339298 0.778483 2.136001 0.264146
 44.000000 0.392632 0.740925 2.023298 0.240769
 45.000000 0.206529 0.703067 1.774605 0.909728
 46.000000 0.143503 0.696462 1.729635 0.027095
 47.000000 0.163724 0.683173 1.567080 0.019679
 48.000000 0.135371 0.704793 1.668346 0.017406
 49.000000 0.131286 0.746304 1.964388 0.037012
 50.000000 0.044641 0.806314 1.994785 0.003130
 51.000000 0.057028 0.794568 2.004051 0.007601
 52.000000 0.056579 0.823661 2.155822 0.006070
 53.000000 0.053745 0.771263 1.978047 0.016872
 54.000000 0.107281 0.759756 1.915945 0.019515
 55.000000 0.081118 0.741345 1.804578 0.030165
 56.000000 0.052085 0.727523 1.532003 0.003656
 57.000000 0.061984 0.708723 1.337711 0.009449
 58.000000 0.045155 0.714322 1.424524 0.004208
 59.000000 0.058358 0.665407 1.056923 0.004482
 60.000000 0.056714 0.664645 0.926691 0.005327
 61.000000 0.067409 0.645191 0.904882 0.004702
 62.000000 0.068317 0.622951 0.877933 0.004682
 63.000000 0.060327 0.624459 0.756964 0.007313
 64.000000 0.056256 0.630476 0.753929 0.006115
 65.000000 0.077335 0.618051 0.727335 0.008433
 66.000000 0.058496 0.639330 0.923276 0.005729
 67.000000 0.085773 0.681200 1.238194 0.013149
 68.000000 0.058399 0.671453 1.200803 0.007638
 69.000000 0.071513 0.635551 1.110679 0.010331
 70.000000 0.072148 0.603505 0.764807 0.007984
 71.000000 0.062123 0.618423 0.640338 0.005515
 72.000000 0.073069 0.616298 0.591850 0.007404
 73.000000 0.066196 0.612179 0.648951 0.007207
 74.000000 0.059172 0.628863 0.593631 0.004479
 75.000000 0.070113 0.618601 0.642029 0.005860
 76.000000 0.053427 0.666635 0.997607 0.004770
 77.000000 0.067636 0.658533 0.959783 0.006614
 78.000000 0.080773 0.597686 0.731046 0.005498
 79.000000 0.070888 0.598641 0.846166 0.005849
 80.000000 0.063133 0.612328 0.979468 0.008928
 81.000000 0.063160 0.629906 1.123949 0.006652
 82.000000 0.067579 0.656381 1.334916 0.006742
 83.000000 0.079412 0.671199 1.418083 0.010067
 84.000000 0.087992 0.630687 1.274410 0.018510
 85.000000 0.091458 0.646303 1.298934 0.021534
 86.000000 0.092893 0.702578 1.686142 0.012715
 87.000000 0.073812 0.763341 1.849027 0.009498
 88.000000 0.068878 0.793941 2.012144 0.009829
 89.000000 0.047126 0.765008 1.715766 0.009265
 90.000000 0.065409 0.754161 1.535286 0.009523
 91.000000 0.046822 0.722863 1.407356 0.003334
 92.000000 0.071629 0.717103 1.453032 0.008311
 93.000000 0.058914 0.723318 1.326506 0.004894
 94.000000 0.050183 0.674097 0.999902 0.003870
 95.000000 0.067253 0.650415 1.066008 0.007827
 96.000000 0.061477 0.657473 1.177125 0.009251
 97.000000 0.068001 0.640041 0.974254 0.009012
 98.000000 0.056217 0.649544 0.998184 0.013574
 99.000000 0.054962 0.662333 1.088366 0.008610
 100.000000 0.068541 0.661297 1.213422 0.005519
 101.000000 0.067142 0.657446 1.136189 0.007525
 102.000000 0.081298 0.656827 1.194089 0.009299
 103.000000 0.078540 0.648566 1.055835 0.009710
 104.000000 0.097730 0.640624 0.929540 0.017112
 105.000000 0.089463 0.681736 1.236610 0.011399
 106.000000 0.094192 0.702477 1.293986 0.013427
 107.000000 0.109565 0.678052 1.379133 0.015766
 108.000000 0.108351 0.711371 1.492386 0.011106
 109.000000 0.142927 0.683811 1.453793 0.014864
 110.000000 0.071504 0.747089 1.668084 0.009291
 111.000000 0.086742 0.747714 1.649168 0.012359
 112.000000 0.125069 0.715902 1.607408 0.013793
 113.000000 0.105101 0.719487 1.456624 0.012216
 114.000000 0.056338 0.744768 1.443077 0.009448
 115.000000 0.111383 0.697797 1.303552 0.010857
 116.000000 0.087377 0.685685 1.295356 0.010224
 117.000000 0.075537 0.679675 1.187138 0.012083
 118.000000 0.092214 0.672248 1.041580 0.020231
 119.000000 0.138551 0.644619 1.160234 0.013223
 120.000000 0.068797 0.670005 1.179130 0.008410
 121.000000 0.115815 0.667753 1.285506 0.015775
 122.000000 0.099693 0.707726 1.448725 0.014275
 123.000000 0.094485 0.721301 1.487119 0.014810
 124.000000 0.063539 0.711383 1.463713 0.007933
 125.000000 0.137936 0.716628 1.442650 0.013154
 126.000000 0.096825 0.730664 1.595749 0.012589
 127.000000 0.119791 0.738696 1.668547 0.014023
 128.000000 0.090582 0.737612 1.536027 0.018091
 129.000000 0.106185 0.730777 1.593631 0.011403
 130.000000 0.043069 0.783603 1.813293 0.003646
 131.000000 0.068904 0.757791 1.728121 0.010368
 132.000000 0.109462 0.702506 1.416509 0.018729
 133.000000 0.081146 0.693474 1.313308 0.016460
 134.000000 0.095293 0.683552 1.256142 0.019376
 135.000000 0.080454 0.685002 1.329114 0.011540
 136.000000 0.118936 0.671365 1.190828 0.015734
 137.000000 0.114221 0.683229 1.155195 0.017006
 138.000000 0.089940 0.667507 1.156037 0.014815
 139.000000 0.076670 0.659694 1.150035 0.009649
 140.000000 0.072096 0.682597 1.251122 0.014083
 141.000000 0.087297 0.666220 1.179204 0.013292
 142.000000 0.094306 0.683871 1.288093 0.017181
 143.000000 0.108967 0.653486 1.068715 0.010652
 144.000000 0.136277 0.653889 1.125419 0.012314
 145.000000 0.099589 0.679789 1.303307 0.023981
 146.000000 0.088517 0.715278 1.558380 0.014457
 147.000000 0.109551 0.725105 1.400228 0.018295
 148.000000 0.074171 0.747678 1.698391 0.010358
 149.000000 0.057174 0.767341 1.917543 0.008860
 150.000000 0.063246 0.753659 1.705191 0.008562
 151.000000 0.083166 0.721180 1.664789 0.031933
 152.000000 0.091139 0.724501 1.613981 0.017586
 153.000000 0.088619 0.696258 1.339589 0.012414
 154.000000 0.086976 0.673293 1.143670 0.010224
 155.000000 0.110113 0.705891 1.372710 0.011484
 156.000000 0.091107 0.708447 1.386637 0.011836
 157.000000 0.082921 0.739695 1.483303 0.012343
 158.000000 0.065569 0.721923 1.329890 0.013263
 159.000000 0.082020 0.720396 1.403247 0.012687
 160.000000 0.083329 0.748680 1.584350 0.013775
 161.000000 0.084606 0.747387 1.527744 0.010283
 162.000000 0.080317 0.776979 1.711564 0.008918
 163.000000 0.062247 0.710685 1.317062 0.010399
 164.000000 0.077933 0.720869 1.519475 0.013722
 165.000000 0.054972 0.772549 1.873019 0.005149
 166.000000 0.061572 0.770262 1.893880 0.006544
 167.000000 0.040522 0.799147 2.075056 0.003583
 168.000000 0.064481 0.749941 1.741423 0.007498
 169.000000 0.087020 0.779964 2.058650 0.013004
 170.000000 0.066397 0.830241 2.140143 0.009381
 171.000000 0.164153 0.787799 2.123018 0.056613
 172.000000 0.232764 0.741079 1.892006 0.307346
 173.000000 0.293037 0.702283 1.787027 0.096207
 174.000000 0.250635 0.690611 1.696525 0.060970
 175.000000 0.310682 0.657876 1.662009 0.819770
 176.000000 0.305612 0.725248 1.984649 0.441365
 177.000000 0.367388 0.689883 1.798135 0.376883
 178.000000 0.397507 0.611828 1.524103 0.631577
 179.000000 0.254647 0.653514 1.510259 0.759973
 180.000000 0.398904 0.716721 1.888900 0.557134
 181.000000 1.013696 0.748293 1.932761 0.485551
 182.000000 0.599125 0.743341 1.938427 0.790673
 183.000000 0.624065 0.703898 1.923570 0.181502
 184.000000 0.589311 0.740162 2.014363 0.728093
 185.000000 0.604239 0.751098 2.195605 0.767350
 186.000000 0.566895 0.795974 2.310029 0.521362
 187.000000 0.369277 0.724648 2.019820 0.090744
 188.000000 0.465512 0.725213 1.968823 0.249155
 189.000000 0.760759 0.760517 2.156446 0.243783
 190.000000 1.324191 0.736146 2.018896 0.998355
 191.000000 1.345307 0.679690 1.728780 1.585268
 192.000000 1.405558 0.720457 1.905311 1.377820
 193.000000 1.247727 0.776798 2.087997 1.354168
 194.000000 1.175617 0.784668 2.202490 0.683790
 195.000000 1.229707 0.770169 2.036922 1.180900
 196.000000 1.148710 0.764508 2.085493 0.913186
 197.000000 1.123559 0.790172 2.160543 0.538058
 198.000000 1.305230 0.720249 1.790080 0.940719
 199.000000 0.857658 0.719845 1.928768 0.534967
 200.000000 0.439054 0.694635 1.891941 0.791324
 201.000000 0.244239 0.788457 2.269113 0.111278
 202.000000 0.274247 0.764618 2.170369 0.555367
 203.000000 0.433638 0.748377 2.144173 0.769207
 204.000000 0.255358 0.787127 2.281553 0.153314
 205.000000 0.330288 0.754438 2.052333 0.127819
 206.000000 0.223620 0.744757 1.969752 0.191956
 207.000000 0.251693 0.734312 1.817577 0.495233
 208.000000 0.294604 0.714535 1.731142 0.404790
 209.000000 0.286532 0.714974 1.725653 0.845675
 210.000000 0.309604 0.690963 1.597569 0.256112
 211.000000 0.186259 0.679234 1.285480 0.374685
 212.000000 0.270234 0.653888 1.171004 0.434730
 213.000000 0.342230 0.633923 1.149413 0.849114
 214.000000 0.176680 0.656964 1.096760 0.036358
 215.000000 0.310584 0.692065 1.392484 0.138073
 216.000000 0.375647 0.668288 1.481800 0.183760
 217.000000 0.356501 0.689697 1.507979 0.263957
 218.000000 0.253801 0.660823 1.390426 0.295984
 219.000000 0.257838 0.694595 1.487937 0.624009
 220.000000 0.194459 0.708576 1.682337 0.511000
 221.000000 0.228969 0.696042 1.511156 0.203655
 222.000000 0.317472 0.663688 1.307625 0.764391
 223.000000 0.329470 0.667485 1.437507 0.626742
 224.000000 0.375231 0.689202 1.633053 0.818525
 225.000000 0.456891 0.678862 1.555817 0.805587
 226.000000 0.284168 0.686967 1.588729 0.780384
 227.000000 0.339947 0.651488 1.446832 0.532110
 228.000000 0.159664 0.689887 1.458843 0.389308
 229.000000 0.388249 0.666925 1.598899 0.878974
 230.000000 0.358971 0.677490 1.524986 0.868899
 231.000000 0.513098 0.655984 1.487665 0.526582
 232.000000 0.440143 0.678282 1.651963 0.526195
 233.000000 0.290058 0.673758 1.476295 0.636081
 234.000000 0.239295 0.658665 1.342947 0.414183
 235.000000 0.253488 0.661170 1.408110 0.390847
 236.000000 0.288852 0.666521 1.438092 0.853221
 237.000000 0.471982 0.673453 1.496443 0.786458
 238.000000 0.373102 0.655757 1.601936 0.622894
 239.000000 0.365248 0.721016 1.676362 0.116796
 240.000000 0.320827 0.711794 1.584175 0.114002
 241.000000 0.285886 0.669818 1.339468 0.066387
 242.000000 0.352730 0.689289 1.672824 0.313396
 243.000000 0.247345 0.714197 1.589788 0.054510
 244.000000 0.292323 0.700069 1.684230 0.275292
 245.000000 0.251463 0.720954 1.850249 0.180221
 246.000000 0.482698 0.674153 1.658094 0.251355
 247.000000 0.323910 0.729323 1.774479 0.074156
 248.000000 0.081494 0.777163 1.945492 0.014013
 249.000000 0.080803 0.800279 1.954442 0.013653
 250.000000 0.114025 0.795698 2.227642 0.017723
 251.000000 0.078338 0.799845 2.106550 0.013177
 252.000000 0.113458 0.790716 2.107770 0.022283
 253.000000 0.118780 0.772541 2.073785 0.018960
 254.000000 0.097275 0.768563 2.084519 0.017745
 255.000000 0.090768 0.763533 1.841714 0.015173
 256.000000 0.088471 0.789016 2.128816 0.011031
 257.000000 0.096471 0.784323 2.307079 0.014972
 258.000000 0.129556 0.709997 1.953514 0.015566
 259.000000 0.216887 0.738816 1.992467 0.038053
 260.000000 0.216149 0.725143 1.982326 0.020737
 261.000000 0.103875 0.756392 1.940278 0.025970
 262.000000 0.164237 0.732534 1.769924 0.026686
 263.000000 0.109748 0.764830 1.922421 0.020692
 264.000000 0.071785 0.805190 2.224724 0.009372
 265.000000 0.096225 0.796994 2.279289 0.019961
 266.000000 0.109586 0.749578 2.021734 0.019798
 267.000000 0.120428 0.716351 1.765582 0.014780
 268.000000 0.037800 0.813119 2.070896 0.003757
 269.000000 0.035001 0.825098 2.073766 0.002875
 270.000000 0.026895 0.846791 2.141452 0.002383
 271.000000 0.028639 0.843196 2.130797 0.003005
 272.000000 0.032916 0.849194 2.170904 0.004440
 273.000000 0.065954 0.776540 1.831966 0.004777
 274.000000 0.031030 0.829813 2.022717 0.003976
 275.000000 0.059327 0.770965 1.771864 0.005325
 276.000000 0.094480 0.720418 1.572983 0.010456
 277.000000 0.064493 0.771029 1.951562 0.011284
 278.000000 0.045082 0.812736 2.155961 0.006311
 279.000000 0.027640 0.832740 2.110309 0.002609
 280.000000 0.040600 0.791552 2.045190 0.003768
 281.000000 0.047311 0.713952 1.477952 0.004168
 282.000000 0.055356 0.698112 1.471114 0.005609
 283.000000 0.061210 0.727210 1.758990 0.003906
 284.000000 0.033662 0.757734 1.891572 0.003049
 285.000000 0.035802 0.749200 1.817100 0.002940
 286.000000 0.115694 0.706349 1.835735 0.008715
 287.000000 0.096030 0.684032 1.578960 0.012472
 288.000000 0.097680 0.716251 1.810566 0.009030
 289.000000 0.110203 0.722768 1.822204 0.012090
 290.000000 0.088107 0.772668 1.788633 0.020157
 291.000000 0.081622 0.780953 1.745060 0.013824
 292.000000 0.055283 0.803978 2.052128 0.009561
 293.000000 0.066916 0.757015 1.736140 0.007988
 294.000000 0.076037 0.709757 1.519946 0.016154
 295.000000 0.099385 0.692640 1.394005 0.013106
 296.000000 0.123895 0.686575 1.513068 0.020548
 297.000000 0.104487 0.635673 1.217815 0.010681
 298.000000 0.073894 0.624139 1.104295 0.005393
 299.000000 0.067806 0.646225 1.288384 0.010774
 300.000000 0.072229 0.615784 1.176974 0.010443
 301.000000 0.071577 0.623503 1.153902 0.014278
 302.000000 0.073074 0.651714 1.278044 0.012449
 303.000000 0.075319 0.670793 1.428126 0.011896
 304.000000 0.070189 0.639721 1.228534 0.015249
 305.000000 0.069230 0.621412 1.212798 0.009781
 306.000000 0.060013 0.655068 1.367634 0.010443
 307.000000 0.079299 0.625797 1.258172 0.017047
 308.000000 0.081691 0.625678 1.257008 0.012557
 309.000000 0.080041 0.625703 1.263627 0.011950
 310.000000 0.078128 0.595243 1.111031 0.016266
 311.000000 0.072804 0.609955 1.135023 0.014351
 312.000000 0.072637 0.615798 1.103807 0.014798
 313.000000 0.066606 0.625005 1.109077 0.011502
 314.000000 0.064072 0.654908 1.262159 0.012099
 315.000000 0.076478 0.674253 1.360503 0.017195
 316.000000 0.081770 0.667370 1.262095 0.026004
 317.000000 0.062624 0.667336 1.298853 0.012425
 318.000000 0.064597 0.637021 1.237038 0.010879
 319.000000 0.066374 0.642479 1.238210 0.009081
 320.000000 0.071798 0.629851 1.291730 0.012343
 321.000000 0.065401 0.645847 1.319600 0.010517
 322.000000 0.075889 0.663986 1.353916 0.008062
 323.000000 0.074066 0.662399 1.233782 0.005730
 324.000000 0.077938 0.640668 1.061334 0.011556
 325.000000 0.106234 0.618133 1.035800 0.009482
 326.000000 0.068625 0.619842 1.040975 0.009609
 327.000000 0.108704 0.595366 0.946842 0.009122
 328.000000 0.110204 0.582317 0.729818 0.007807
 329.000000 0.069068 0.619861 1.005010 0.008398
 330.000000 0.092493 0.638165 1.343678 0.006729
 331.000000 0.077991 0.628331 1.154814 0.008124
 332.000000 0.068888 0.662716 1.330435 0.006196
 333.000000 0.079176 0.692123 1.567327 0.005567
 334.000000 0.052086 0.738225 1.787359 0.003918
 335.000000 0.059503 0.734340 1.851208 0.004475
 336.000000 0.041151 0.698256 1.482598 0.005585
 337.000000 0.033457 0.721771 1.550693 0.002469
 338.000000 0.037487 0.723515 1.644801 0.003176
 339.000000 0.026913 0.775008 1.852827 0.002823
 340.000000 0.048956 0.747356 1.979578 0.004024
 341.000000 0.025436 0.801379 2.119015 0.002054
 342.000000 0.082326 0.713060 1.897371 0.008552
 343.000000 0.077633 0.713360 1.898744 0.010291
 344.000000 0.038708 0.801880 2.269883 0.004222
 345.000000 0.033116 0.805464 2.126281 0.003514
 346.000000 0.024044 0.816354 2.117449 0.002479
 347.000000 0.064645 0.716678 1.795801 0.005454
 348.000000 0.032455 0.800333 2.106621 0.002772
 349.000000 0.020419 0.865646 2.354898 0.001994
 350.000000 0.016905 0.869344 2.347210 0.001493
 351.000000 0.033805 0.795204 2.089267 0.002528
 352.000000 0.031093 0.800790 2.035468 0.002829
 353.000000 0.057983 0.765416 1.785674 0.010735
 354.000000 0.038458 0.733542 1.686967 0.003606
 355.000000 0.064972 0.690109 1.599024 0.006560
 356.000000 0.090658 0.723344 1.628258 0.018389
 357.000000 0.113495 0.719209 1.555781 0.012960
 358.000000 0.087200 0.734539 1.651901 0.010447
 359.000000 0.069290 0.785535 2.036229 0.010798
 360.000000 0.057134 0.809647 2.166530 0.007322
 361.000000 0.052412 0.773651 1.867515 0.013704
 362.000000 0.071956 0.754688 1.817427 0.007786
 363.000000 0.045526 0.839490 2.308304 0.006538
 364.000000 0.025808 0.869188 2.483307 0.002343
 365.000000 0.032031 0.849520 2.263278 0.007445
 366.000000 0.022368 0.875985 2.277890 0.002921
 367.000000 0.041916 0.837435 2.349108 0.007978
 368.000000 0.031314 0.875075 2.423226 0.004452
 369.000000 0.021457 0.892200 2.506288 0.002919
 370.000000 0.023185 0.870076 2.387532 0.002570
 371.000000 0.038027 0.848332 2.247295 0.003954
 372.000000 0.015525 0.875052 2.221274 0.001237
 373.000000 0.036500 0.820488 2.096942 0.003244
 374.000000 0.035963 0.813526 2.180384 0.004770
 375.000000 0.040274 0.799608 1.968914 0.004505
 376.000000 0.037605 0.817516 2.176453 0.004101
 377.000000 0.031029 0.858051 2.283567 0.003876
 378.000000 0.023949 0.827274 2.124319 0.002302
 379.000000 0.042335 0.811018 2.001038 0.008438
 380.000000 0.054117 0.773727 1.827220 0.006822
 381.000000 0.059658 0.750069 1.819524 0.005851
 382.000000 0.083624 0.695059 1.677485 0.005666
 383.000000 0.097359 0.736546 1.914114 0.010411
 384.000000 0.096171 0.771705 1.963450 0.012918
 385.000000 0.078313 0.797141 2.091605 0.014241
 386.000000 0.073188 0.783588 2.064697 0.017488
 387.000000 0.103436 0.708886 1.633789 0.016640
 388.000000 0.073769 0.747621 1.717087 0.013302
 389.000000 0.125409 0.697391 1.466442 0.013676
 390.000000 0.140845 0.663193 1.256021 0.029429
 391.000000 0.085103 0.662669 1.254630 0.015866
 392.000000 0.077560 0.664383 1.295061 0.016016
 393.000000 0.063944 0.695057 1.576361 0.023481
 394.000000 0.097269 0.639271 1.239684 0.012794
 395.000000 0.074631 0.676164 1.317913 0.019196
 396.000000 0.065150 0.717694 1.672533 0.005611
 397.000000 0.045122 0.726700 1.697995 0.004191
 398.000000 0.064109 0.772403 1.887917 0.006710
 399.000000 0.036209 0.795434 2.028942 0.003600
 400.000000 0.069540 0.787695 2.142650 0.008806
 401.000000 0.043629 0.802371 2.118467 0.006499
 402.000000 0.068573 0.788214 1.792024 0.008230
 403.000000 0.031022 0.829849 1.959495 0.003565
 404.000000 0.061923 0.770568 1.934859 0.007035
 405.000000 0.059171 0.774012 1.869535 0.007552
 406.000000 0.068017 0.769995 1.901921 0.010341
 407.000000 0.062547 0.723352 1.484799 0.007316
 408.000000 0.067281 0.791049 1.848900 0.010818
 409.000000 0.054215 0.793298 1.695383 0.006370
 410.000000 0.108530 0.734120 1.777956 0.012868
 411.000000 0.068370 0.749001 1.819255 0.007015
 412.000000 0.089013 0.766809 1.962508 0.013691
 413.000000 0.067750 0.767119 1.733243 0.023541
 414.000000 0.062682 0.817681 2.081746 0.010170
 415.000000 0.067385 0.773738 1.860191 0.013177
 416.000000 0.066582 0.770728 1.835390 0.008609
 417.000000 0.053127 0.811294 2.001619 0.010333
 418.000000 0.067428 0.822871 1.990582 0.010962
 419.000000 0.050855 0.779160 1.834983 0.006348
 420.000000 0.032764 0.848129 2.173827 0.005288
 421.000000 0.044982 0.816387 2.053427 0.006169
 422.000000 0.044230 0.789881 1.876107 0.005411
 423.000000 0.041316 0.794956 1.904507 0.003539
 424.000000 0.024556 0.789556 1.776028 0.001601
 425.000000 0.036060 0.788680 2.005770 0.004073
 426.000000 0.048325 0.775631 1.949626 0.003428
 427.000000 0.079379 0.750669 1.868167 0.006891
 428.000000 0.059601 0.769283 1.870061 0.005087
 429.000000 0.040559 0.766598 1.903563 0.003720
 430.000000 0.042586 0.825536 2.282653 0.004099
 431.000000 0.030776 0.835670 2.263944 0.003169
 432.000000 0.086578 0.763586 2.104501 0.006271
 433.000000 0.029647 0.834979 2.311430 0.002372
 434.000000 0.039303 0.818938 2.343315 0.002579
 435.000000 0.038668 0.820520 2.263435 0.001956
 436.000000 0.029780 0.808352 2.104012 0.002710
 437.000000 0.039966 0.788100 2.086171 0.003778
 438.000000 0.045387 0.801639 2.142341 0.003764
 439.000000 0.054998 0.771298 1.942771 0.006764
 440.000000 0.028979 0.793480 1.946428 0.002431
 441.000000 0.050799 0.734716 1.870726 0.003449
 442.000000 0.022206 0.843243 2.312075 0.001629
 443.000000 0.033642 0.809285 2.140399 0.002711
 444.000000 0.040570 0.767726 1.942819 0.003178
 445.000000 0.063059 0.666241 1.195581 0.004235
 446.000000 0.051130 0.710770 1.435014 0.005804
 447.000000 0.042868 0.736330 1.550358 0.003832
 448.000000 0.075683 0.680337 1.270567 0.008667
 449.000000 0.056266 0.732609 1.690127 0.005553
 450.000000 0.053748 0.708584 1.466723 0.006173
 451.000000 0.048993 0.732939 1.603088 0.007008
 452.000000 0.063258 0.711264 1.599192 0.006213
 453.000000 0.087138 0.668690 1.373425 0.013460
 454.000000 0.083664 0.679244 1.476050 0.013093
 455.000000 0.060377 0.698565 1.353975 0.006647
 456.000000 0.045243 0.706433 1.405978 0.004534
 457.000000 0.061816 0.664953 1.186432 0.007621
 458.000000 0.038483 0.706001 1.266565 0.005252
 459.000000 0.032731 0.786671 1.849091 0.003833
 460.000000 0.035856 0.771122 1.740800 0.005983
 461.000000 0.049523 0.731846 1.557534 0.006684
 462.000000 0.044299 0.759993 1.715282 0.004119
 463.000000 0.057190 0.683173 1.290151 0.005802
 464.000000 0.065499 0.716986 1.699413 0.007752
 465.000000 0.028341 0.785199 1.848292 0.002529
 466.000000 0.046944 0.754526 1.855628 0.006050
 467.000000 0.045008 0.769038 1.848545 0.005691
 468.000000 0.031900 0.768640 1.733557 0.004601
 469.000000 0.038862 0.757520 1.641353 0.003154
 470.000000 0.045743 0.739905 1.647278 0.004826
 471.000000 0.060329 0.740131 1.720405 0.009585
 472.000000 0.064468 0.706276 1.558912 0.007406
 473.000000 0.068125 0.707588 1.402953 0.008123
 474.000000 0.058022 0.718470 1.420045 0.007688
 475.000000 0.049624 0.676479 1.184110 0.004137
 476.000000 0.041938 0.682335 1.143417 0.003433
 477.000000 0.045810 0.678792 1.125795 0.003685
 478.000000 0.062517 0.685858 1.381085 0.006009
 479.000000 0.060791 0.684087 1.309969 0.006964
 480.000000 0.072188 0.654808 1.079141 0.011088
 481.000000 0.083435 0.634648 1.062895 0.009676
 482.000000 0.091356 0.628114 1.000069 0.015645
 483.000000 0.088901 0.610577 0.759420 0.011787
 484.000000 0.076127 0.638478 0.844077 0.008156
 485.000000 0.073158 0.628611 0.865238 0.007210
 486.000000 0.082680 0.644158 1.108336 0.017906
 487.000000 0.059815 0.670879 1.115092 0.008148
 488.000000 0.092908 0.625564 0.953488 0.016871
 489.000000 0.069215 0.642627 1.061995 0.007807
 490.000000 0.093259 0.616833 1.004803 0.015136
 491.000000 0.099886 0.604147 1.090537 0.011207
 492.000000 0.105396 0.645371 1.238551 0.018101
 493.000000 0.104059 0.622751 0.959015 0.015550
 494.000000 0.086031 0.644784 0.978026 0.014410
 495.000000 0.067091 0.659058 1.150882 0.007266
 496.000000 0.090933 0.665135 1.433659 0.012059
 497.000000 0.065245 0.698069 1.344377 0.006753
 498.000000 0.069358 0.683334 1.237335 0.013260
 499.000000 0.058686 0.701304 1.252284 0.010266
 500.000000 0.055712 0.670646 1.229375 0.008487
