#! FIELDS time alpha rg e2e hbond
 0.000000 0.021856 0.907117 2.631500 0.001825
 1.000000 0.020157 0.900795 2.599686 0.001928
 2.000000 0.064099 0.761163 2.200342 0.007630
 3.000000 0.041664 0.792842 2.163737 0.005110
 4.000000 0.045894 0.748031 1.989395 0.005027
 5.000000 0.036054 0.807932 2.299665 0.002806
 6.000000 0.037795 0.774536 1.980864 0.001983
 7.000000 0.041055 0.773746 1.905850 0.005183
 8.000000 0.016582 0.869791 2.282310 0.002173
 9.000000 0.026097 0.827853 2.022171 0.002256
 10.000000 0.035471 0.762057 1.623456 0.002902
 11.000000 0.030569 0.796088 1.893770 0.002729
 12.000000 0.029835 0.799282 1.967238 0.002018
 13.000000 0.050974 0.787701 2.052890 0.004946
 14.000000 0.020131 0.841395 2.175375 0.001884
 15.000000 0.015057 0.849189 2.072280 0.001292
 16.000000 0.018474 0.865063 2.301741 0.001825
 17.000000 0.028543 0.862601 2.368467 0.002248
 18.000000 0.024661 0.859614 2.284567 0.002676
 19.000000 0.018280 0.887782 2.418350 0.001503
 20.000000 0.031963 0.855174 2.334133 0.002824
 21.000000 0.048062 0.799059 2.027666 0.004634
 22.000000 0.038964 0.810607 2.170746 0.003335
 23.000000 0.026595 0.855804 2.337260 0.002324
 24.000000 0.023177 0.874124 2.402083 0.002037
 25.000000 0.020085 0.892840 2.470659 0.002102
 26.000000 0.018864 0.904033 2.574871 0.002010
 27.000000 0.031621 0.859018 2.402868 0.003474
 28.000000 0.011253 0.966697 2.763327 0.001081
 29.000000 0.012447 0.939377 2.629574 0.001174
 30.000000 0.013260 0.952952 2.798853 0.001049
 31.000000 0.009967 0.989403 2.819865 0.000806
 32.000000 0.023618 0.916253 2.655598 0.002002
 33.000000 0.013054 0.963432 2.782696 0.001232
 34.000000 0.010459 0.985078 2.866741 0.000973
 35.000000 0.011769 0.965199 2.807568 0.001144
 36.000000 0.011009 0.977290 2.852323 0.001060
 37.000000 0.014557 0.950836 2.740513 0.001225
 38.000000 0.015251 0.940342 2.797205 0.001306
 39.000000 0.018375 0.897565 2.532917 0.001560
 40.000000 0.019733 0.898161 2.534458 0.001863
 41.000000 0.020441 0.901064 2.548438 0.002458
 42.000000 0.017464 0.911724 2.625677 0.001735
 43.000000 0.014282 0.939549 2.684503 0.001558
 44.000000 0.011106 0.981116 2.860034 0.000937
 45.000000 0.014459 0.948706 2.743931 0.001393
 46.000000 0.015227 0.942699 2.727243 0.001471
 47.000000 0.013565 0.954599 2.780543 0.001377
 48.000000 0.015444 0.920687 2.562597 0.001529
 49.000000 0.014313 0.949298 2.684810 0.001456
 50.000000 0.010846 0.966936 2.758234 0.001051
 51.000000 0.011726 0.945727 2.714683 0.000985
 52.000000 0.009603 0.995153 2.853974 0.001019
 53.000000 0.012826 0.926468 2.662271 0.001739
 54.000000 0.015754 0.906924 2.532879 0.001603
 55.000000 0.011538 0.955251 2.645375 0.001231
 56.000000 0.012367 0.956322 2.763106 0.001267
 57.000000 0.017498 0.901158 2.558114 0.001574
 58.000000 0.013538 0.941096 2.636954 0.001488
 59.000000 0.021542 0.868956 2.424036 0.001908
 60.000000 0.013447 0.938369 2.736981 0.001421
 61.000000 0.013499 0.919524 2.618365 0.001285
 62.000000 0.014530 0.946580 2.826338 0.001462
 63.000000 0.012081 0.961149 2.795945 0.001255
 64.000000 0.011618 0.965409 2.816794 0.001162
 65.000000 0.009383 0.998709 2.882081 0.001112
 66.000000 0.016158 0.929669 2.701590 0.001762
 67.000000 0.010857 0.949603 2.722682 0.001079
 68.000000 0.011095 0.938320 2.625515 0.001121
 69.000000 0.014448 0.905650 2.481644 0.001169
 70.000000 0.014228 0.910895 2.554092 0.001249
 71.000000 0.011531 0.936514 2.630618 0.001157
 72.000000 0.016725 0.909037 2.606858 0.001841
 73.000000 0.015998 0.926124 2.618324 0.001936
 74.000000 0.020834 0.902390 2.625873 0.002653
 75.000000 0.032059 0.859713 2.452343 0.003813
 76.000000 0.018153 0.891251 2.522758 0.001583
 77.000000 0.019879 0.900225 2.601821 0.002572
 78.000000 0.015843 0.913124 2.504735 0.002233
 79.000000 0.028650 0.835971 2.122960 0.002146
 80.000000 0.029403 0.829341 2.143065 0.002642
 81.000000 0.022747 0.847641 2.257805 0.002024
 82.000000 0.024511 0.837445 2.024299 0.002214
 83.000000 0.020241 0.843009 2.209266 0.001843
 84.000000 0.021435 0.880615 2.380320 0.003304
 85.000000 0.015250 0.875734 2.361315 0.001452
 86.000000 0.010259 0.954915 2.657893 0.001504
 87.000000 0.008889 0.981378 2.800105 0.000962
 88.000000 0.011492 0.962042 2.715469 0.000940
 89.000000 0.017261 0.903076 2.473743 0.001215
 90.000000 0.020177 0.855518 2.275141 0.001924
 91.000000 0.021314 0.861817 2.184912 0.001596
 92.000000 0.018995 0.877467 2.348379 0.001914
 93.000000 0.014601 0.870803 2.235111 0.001228
 94.000000 0.011998 0.902964 2.355493 0.000987
 95.000000 0.015946 0.894275 2.401768 0.001680
 96.000000 0.016408 0.920175 2.541825 0.001699
 97.000000 0.034624 0.814617 2.120497 0.003077
 98.000000 0.024070 0.851174 2.283000 0.002529
 99.000000 0.024939 0.870859 2.394556 0.002600
 100.000000 0.018774 0.888705 2.436126 0.002060
 101.000000 0.029691 0.830373 2.276372 0.002332
 102.000000 0.022767 0.874602 2.462417 0.002776
 103.000000 0.025848 0.835188 2.267569 0.002106
 104.000000 0.018637 0.924991 2.584759 0.001971
 105.000000 0.028118 0.870265 2.346269 0.002337
 106.000000 0.010911 0.971294 2.696856 0.001289
 107.000000 0.009902 0.976974 2.701134 0.001037
 108.000000 0.015373 0.940388 2.565489 0.002506
 109.000000 0.012228 0.932724 2.518153 0.001680
 110.000000 0.015254 0.937899 2.646967 0.002302
 111.000000 0.015769 0.929286 2.668526 0.002410
 112.000000 0.027445 0.840137 2.307259 0.002600
 113.000000 0.018862 0.881658 2.306800 0.001866
 114.000000 0.029397 0.872669 2.397010 0.003701
 115.000000 0.021713 0.878287 2.381438 0.001914
 116.000000 0.032010 0.811558 2.097956 0.002368
 117.000000 0.018501 0.870447 2.366054 0.001702
 118.000000 0.035437 0.835748 2.204793 0.004309
 119.000000 0.031478 0.810049 2.213179 0.002441
 120.000000 0.028908 0.847946 2.356447 0.002694
 121.000000 0.023401 0.846590 2.246317 0.002382
 122.000000 0.026888 0.843349 2.221873 0.004999
 123.000000 0.023195 0.828631 2.170406 0.002138
 124.000000 0.040022 0.806715 2.243263 0.004111
 125.000000 0.033066 0.796675 1.990302 0.002955
 126.000000 0.036485 0.799980 1.925419 0.005623
 127.000000 0.033837 0.759667 1.759162 0.004759
 128.000000 0.036918 0.766294 1.824695 0.003392
 129.000000 0.052918 0.660975 1.284267 0.003978
 130.000000 0.050214 0.683374 1.440613 0.009218
 131.000000 0.043074 0.697671 1.418017 0.006006
 132.000000 0.051080 0.702221 1.474988 0.004162
 133.000000 0.045868 0.757709 1.687418 0.004728
 134.000000 0.038963 0.798809 2.138941 0.005072
 135.000000 0.056725 0.794767 2.208024 0.009829
 136.000000 0.041878 0.809626 2.163813 0.005375
 137.000000 0.026621 0.835542 2.107007 0.001837
 138.000000 0.034104 0.797974 2.038974 0.003517
 139.000000 0.031180 0.809568 2.119526 0.002734
 140.000000 0.036918 0.762390 1.905846 0.004066
 141.000000 0.034109 0.812453 2.157596 0.004183
 142.000000 0.030393 0.837350 2.361863 0.003002
 143.000000 0.020135 0.870549 2.434462 0.001551
 144.000000 0.024486 0.864870 2.401119 0.003115
 145.000000 0.027824 0.845794 2.350954 0.002648
 146.000000 0.028975 0.849746 2.317868 0.003388
 147.000000 0.035994 0.825104 2.212338 0.004222
 148.000000 0.036748 0.804811 1.969033 0.003250
 149.000000 0.034516 0.771310 1.781655 0.003304
 150.000000 0.071291 0.740470 1.708695 0.009004
 151.000000 0.044296 0.751518 1.586828 0.003530
 152.000000 0.039798 0.785584 2.020049 0.003275
 153.000000 0.025539 0.858995 2.460181 0.001816
 154.000000 0.022560 0.884901 2.510708 0.002428
 155.000000 0.028331 0.825387 2.219504 0.002291
 156.000000 0.025812 0.850086 2.356895 0.002501
 157.000000 0.016283 0.901677 2.559877 0.001522
 158.000000 0.007999 0.982796 2.821998 0.000791
 159.000000 0.006243 1.028650 2.945255 0.000629
 160.000000 0.007538 1.001696 2.878518 0.000610
 161.000000 0.009727 0.950857 2.629161 0.000957
 162.000000 0.010433 0.942430 2.702197 0.001118
 163.000000 0.010961 0.932714 2.618175 0.000962
 164.000000 0.012746 0.950659 2.746187 0.001424
 165.000000 0.010667 0.954453 2.799922 0.001145
 166.000000 0.012336 0.952184 2.707940 0.001357
 167.000000 0.012891 0.957208 2.792733 0.001131
 168.000000 0.013502 0.939461 2.641559 0.001207
 169.000000 0.017010 0.931263 2.552694 0.001526
 170.000000 0.014749 0.947906 2.765650 0.001508
 171.000000 0.016258 0.938979 2.755049 0.001609
 172.000000 0.013858 0.944243 2.803139 0.001241
 173.000000 0.014491 0.947048 2.763960 0.001495
 174.000000 0.018201 0.925185 2.698644 0.001872
 175.000000 0.017849 0.930455 2.693458 0.001996
 176.000000 0.015414 0.932938 2.748804 0.001481
 177.000000 0.017236 0.916292 2.716278 0.001518
 178.000000 0.014674 0.909043 2.503838 0.001505
 179.000000 0.023642 0.870988 2.383381 0.002665
 180.000000 0.020039 0.863555 2.337265 0.001514
 181.000000 0.012954 0.882406 2.279430 0.000983
 182.000000 0.012770 0.886815 2.297345 0.001151
 183.000000 0.011955 0.868315 2.191176 0.000967
 184.000000 0.016967 0.856952 2.254952 0.001316
 185.000000 0.015460 0.846973 2.039221 0.001339
 186.000000 0.010955 0.877369 2.110270 0.000865
 187.000000 0.017186 0.841049 2.137365 0.001193
 188.000000 0.011243 0.892304 2.354400 0.000904
 189.000000 0.013620 0.922768 2.593020 0.001368
 190.000000 0.012851 0.920830 2.567358 0.001114
 191.000000 0.013721 0.921095 2.543273 0.001341
 192.000000 0.012228 0.951331 2.782930 0.001164
 193.000000 0.016508 0.928528 2.699207 0.001547
 194.000000 0.012856 0.944939 2.782964 0.001440
 195.000000 0.010777 0.977511 2.855301 0.000900
 196.000000 0.014602 0.946892 2.707739 0.001481
 197.000000 0.015259 0.927508 2.698138 0.001483
 198.000000 0.011303 0.962993 2.778427 0.001115
 199.000000 0.014495 0.955343 2.762501 0.001682
 200.000000 0.009120 0.991386 2.849777 0.000780
 201.000000 0.012165 0.954596 2.756935 0.001246
 202.000000 0.011378 0.956732 2.761512 0.001044
 203.000000 0.016241 0.903990 2.564226 0.001563
 204.000000 0.010337 0.960121 2.771662 0.000920
 205.000000 0.013170 0.905620 2.481569 0.001066
 206.000000 0.013843 0.871611 2.270632 0.001517
 207.000000 0.016117 0.831084 1.957030 0.001454
 208.000000 0.014438 0.859892 2.249547 0.001309
 209.000000 0.019744 0.832170 2.172097 0.001664
 210.000000 0.014386 0.883849 2.387246 0.001217
 211.000000 0.011199 0.944910 2.666082 0.001137
 212.000000 0.013278 0.896420 2.286491 0.001259
 213.000000 0.012050 0.902917 2.497882 0.000924
 214.000000 0.014800 0.935561 2.614735 0.001433
 215.000000 0.007727 0.990665 2.763782 0.000710
 216.000000 0.012674 0.918132 2.540002 0.001082
 217.000000 0.013420 0.907454 2.526733 0.000981
 218.000000 0.015719 0.904459 2.483693 0.001464
 219.000000 0.017450 0.851907 2.177389 0.001625
 220.000000 0.013642 0.889163 2.327207 0.001205
 221.000000 0.014001 0.924537 2.572869 0.001072
 222.000000 0.011535 0.955117 2.724477 0.001084
 223.000000 0.011497 0.970489 2.806931 0.001059
 224.000000 0.014142 0.940959 2.699037 0.001738
 225.000000 0.011199 0.964901 2.789623 0.001215
 226.000000 0.012672 0.944780 2.744867 0.001168
 227.000000 0.013555 0.918911 2.664449 0.001450
 228.000000 0.012034 0.928786 2.671000 0.001252
 229.000000 0.010140 0.972485 2.744916 0.000943
 230.000000 0.011344 0.957460 2.777835 0.001154
 231.000000 0.015351 0.924550 2.701279 0.001497
 232.000000 0.015909 0.900202 2.514196 0.001438
 233.000000 0.017361 0.863153 2.200839 0.001480
 234.000000 0.013008 0.926098 2.597351 0.001133
 235.000000 0.012794 0.939879 2.678735 0.001327
 236.000000 0.015544 0.941051 2.782296 0.001487
 237.000000 0.016682 0.944442 2.801422 0.001696
 238.000000 0.014653 0.955957 2.783842 0.001302
 239.000000 0.016094 0.932401 2.725489 0.001302
 240.000000 0.019467 0.922757 2.720675 0.001887
 241.000000 0.017500 0.937061 2.725130 0.001680
 242.000000 0.017530 0.924026 2.671855 0.001834
 243.000000 0.014771 0.933626 2.688348 0.001418
 244.000000 0.012583 0.945783 2.705951 0.001145
 245.000000 0.013730 0.925155 2.675988 0.001528
 246.000000 0.017637 0.899624 2.525710 0.001592
 247.000000 0.011568 0.953149 2.701857 0.001075
 248.000000 0.014891 0.917638 2.602625 0.001410
 249.000000 0.009051 0.988601 2.866749 0.000923
 250.000000 0.010568 0.975366 2.876833 0.000952
 251.000000 0.011424 0.981601 2.866552 0.001128
 252.000000 0.010871 0.966930 2.809276 0.001023
 253.000000 0.011068 0.972061 2.779648 0.000970
 254.000000 0.013424 0.940370 2.712576 0.001662
 255.000000 0.011205 0.973796 2.823801 0.001146
 256.000000 0.008718 0.973006 2.615966 0.000815
 257.000000 0.010188 0.962584 2.744853 0.001069
 258.000000 0.008283 0.982818 2.687958 0.000745
 259.000000 0.012283 0.921159 2.621416 0.001355
 260.000000 0.013236 0.915249 2.486872 0.001302
 261.000000 0.010718 0.935157 2.594376 0.000936
 262.000000 0.013381 0.887780 2.479056 0.001387
 263.000000 0.017562 0.894631 2.409060 0.001575
 264.000000 0.013130 0.929987 2.591474 0.001093
 265.000000 0.012205 0.946106 2.576583 0.001071
 266.000000 0.010186 0.955353 2.544644 0.000891
 267.000000 0.009927 0.948375 2.498491 0.000956
 268.000000 0.013117 0.940846 2.639458 0.001199
 269.000000 0.019201 0.899360 2.525252 0.001630
 270.000000 0.015383 0.870569 2.304458 0.001063
 271.000000 0.016602 0.893983 2.547275 0.001444
 272.000000 0.017011 0.911820 2.587111 0.001277
 273.000000 0.017550 0.914134 2.636233 0.001449
 274.000000 0.017875 0.916902 2.633558 0.001408
 275.000000 0.011251 0.949793 2.742060 0.000974
 276.000000 0.011360 0.964382 2.765242 0.001240
 277.000000 0.012423 0.924537 2.477593 0.001184
 278.000000 0.014097 0.933169 2.596679 0.001248
 279.000000 0.012894 0.946113 2.720087 0.001109
 280.000000 0.025426 0.884849 2.538877 0.002147
 281.000000 0.021641 0.875422 2.345328 0.001602
 282.000000 0.013606 0.939092 2.708719 0.001253
 283.000000 0.012275 0.930653 2.553333 0.001285
 284.000000 0.011253 0.947571 2.671457 0.001064
 285.000000 0.009723 0.968668 2.785529 0.001018
 286.000000 0.007166 1.026274 2.977036 0.000671
 287.000000 0.006301 1.033399 2.973384 0.000578
 288.000000 0.013402 0.958661 2.807616 0.001354
 289.000000 0.012619 0.961220 2.706586 0.001063
 290.000000 0.013249 0.950314 2.715290 0.001451
 291.000000 0.020339 0.902531 2.661335 0.002092
 292.000000 0.020146 0.886322 2.440626 0.001726
 293.000000 0.024290 0.886776 2.561480 0.001823
 294.000000 0.022983 0.880039 2.423638 0.002184
 295.000000 0.021280 0.864857 2.321270 0.001165
 296.000000 0.020739 0.871586 2.410389 0.001571
 297.000000 0.026623 0.853226 2.293711 0.001850
 298.000000 0.029266 0.836108 2.307091 0.002595
 299.000000 0.026333 0.861043 2.401149 0.001925
 300.000000 0.024980 0.864652 2.401965 0.003509
 301.000000 0.025618 0.836571 2.234615 0.002629
 302.000000 0.028549 0.812693 2.051184 0.002351
 303.000000 0.022239 0.837937 2.142316 0.002897
 304.000000 0.032443 0.846956 2.315640 0.004743
 305.000000 0.033854 0.811602 2.004481 0.003100
 306.000000 0.028477 0.790772 1.963970 0.003196
 307.000000 0.034319 0.756959 1.727508 0.002500
 308.000000 0.044467 0.767445 1.895918 0.004345
 309.000000 0.029005 0.811889 1.925047 0.002739
 310.000000 0.038616 0.764053 1.893999 0.003838
 311.000000 0.033849 0.783965 1.979216 0.003643
 312.000000 0.037529 0.796640 1.961406 0.003952
 313.000000 0.030796 0.826445 2.159054 0.002990
 314.000000 0.043882 0.770794 2.063150 0.003811
 315.000000 0.028077 0.827681 2.211059 0.002979
 316.000000 0.037757 0.817738 2.207048 0.003040
 317.000000 0.052757 0.769930 1.999826 0.004196
 318.000000 0.036375 0.749557 1.743921 0.004831
 319.000000 0.041355 0.734061 1.725945 0.003994
 320.000000 0.061666 0.698488 1.393279 0.008333
 321.000000 0.052201 0.682161 1.269006 0.005127
 322.000000 0.045059 0.707548 1.353613 0.003679
 323.000000 0.034362 0.718523 1.406273 0.004645
 324.000000 0.031857 0.725710 1.426313 0.002635
 325.000000 0.030667 0.731384 1.335936 0.002597
 326.000000 0.033365 0.757691 1.524131 0.002413
 327.000000 0.056437 0.706518 1.335126 0.005199
 328.000000 0.030470 0.729142 1.508744 0.003004
 329.000000 0.044549 0.652673 1.013730 0.004109
 330.000000 0.056406 0.628324 0.875965 0.005316
 331.000000 0.074468 0.609567 0.898892 0.008121
 332.000000 0.052623 0.692503 1.374377 0.006035
 333.000000 0.048722 0.708248 1.403961 0.006659
 334.000000 0.037219 0.725327 1.509934 0.005301
 335.000000 0.053994 0.684701 1.351448 0.005067
 336.000000 0.035770 0.725223 1.620593 0.002919
 337.000000 0.055743 0.729678 1.630234 0.005657
 338.000000 0.056130 0.734879 1.527012 0.008428
 339.000000 0.068867 0.752101 1.730217 0.010982
 340.000000 0.057048 0.800838 2.130623 0.004016
 341.000000 0.057970 0.791019 2.154572 0.006624
 342.000000 0.046614 0.805166 2.183114 0.004266
 343.000000 0.111829 0.730863 1.981296 0.007539
 344.000000 0.136895 0.716991 1.909491 0.016153
 345.000000 0.076211 0.707197 1.811309 0.006588
 346.000000 0.168124 0.669076 1.624283 0.011440
 347.000000 0.075595 0.664188 1.595223 0.004833
 348.000000 0.059684 0.681554 1.608906 0.005802
 349.000000 0.065191 0.699841 1.855972 0.004760
 350.000000 0.060076 0.709605 1.878516 0.005426
 351.000000 0.103265 0.656278 1.731864 0.007894
 352.000000 0.042517 0.745965 2.010007 0.004083
 353.000000 0.050425 0.741240 2.033000 0.004970
 354.000000 0.048759 0.768080 2.070221 0.003490
 355.000000 0.043625 0.791862 2.168428 0.004856
 356.000000 0.086629 0.702740 1.858290 0.006010
 357.000000 0.081355 0.706401 1.795727 0.003974
 358.000000 0.061870 0.754357 2.079699 0.004286
 359.000000 0.038090 0.785566 2.069591 0.003979
 360.000000 0.084989 0.697174 1.902903 0.004266
 361.000000 0.072730 0.771030 2.142262 0.004502
 362.000000 0.042741 0.823357 2.193808 0.003346
 363.000000 0.057196 0.796101 2.190714 0.005260
 364.000000 0.082746 0.747946 1.927935 0.009175
 365.000000 0.051798 0.761492 1.884831 0.004159
 366.000000 0.065805 0.739361 1.912665 0.004651
 367.000000 0.025437 0.884356 2.419295 0.002082
 368.000000 0.023751 0.879292 2.497615 0.002037
 369.000000 0.031794 0.853041 2.370937 0.002412
 370.000000 0.047594 0.825459 2.343659 0.003694
 371.000000 0.068856 0.796028 2.135038 0.004983
 372.000000 0.040737 0.846713 2.376990 0.003481
 373.000000 0.033348 0.850526 2.402234 0.002827
 374.000000 0.035284 0.856115 2.514600 0.002665
 375.000000 0.065660 0.765850 2.097369 0.005187
 376.000000 0.065544 0.787691 2.237689 0.004308
 377.000000 0.070754 0.779588 2.268958 0.003967
 378.000000 0.055037 0.785063 2.237301 0.004072
 379.000000 0.037615 0.818127 2.184069 0.002485
 380.000000 0.029730 0.831536 2.255488 0.002209
 381.000000 0.032065 0.827323 2.256370 0.002251
 382.000000 0.022988 0.858811 2.344606 0.002235
 383.000000 0.069827 0.789647 2.105070 0.006369
 384.000000 0.032974 0.819131 2.047409 0.003630
 385.000000 0.062053 0.788514 2.059056 0.007119
 386.000000 0.039609 0.810622 2.050217 0.005032
 387.000000 0.026130 0.853284 2.203355 0.004244
 388.000000 0.037017 0.822221 2.175467 0.005800
 389.000000 0.025862 0.858375 2.352401 0.002946
 390.000000 0.029879 0.870693 2.442201 0.003439
 391.000000 0.025763 0.856730 2.383503 0.002555
 392.000000 0.021153 0.869182 2.354732 0.002470
 393.000000 0.043451 0.803157 2.191647 0.004546
 394.000000 0.041959 0.811405 2.231846 0.005559
 395.000000 0.047003 0.813693 2.136875 0.005007
 396.000000 0.031338 0.844340 2.289029 0.003727
 397.000000 0.028264 0.864955 2.320802 0.003543
 398.000000 0.013541 0.930911 2.559854 0.001328
 399.000000 0.018818 0.902890 2.433917 0.001874
 400.000000 0.029064 0.825374 2.014241 0.002393
 401.000000 0.035822 0.847208 2.288476 0.004432
 402.000000 0.026390 0.838618 2.129351 0.002492
 403.000000 0.026311 0.786973 1.871958 0.002513
 404.000000 0.035185 0.780073 1.846395 0.003554
 405.000000 0.043128 0.775514 1.886376 0.004703
 406.000000 0.034007 0.807963 2.013304 0.002739
 407.000000 0.066275 0.759671 1.925609 0.009614
 408.000000 0.040564 0.817051 2.187987 0.004579
 409.000000 0.051642 0.752251 1.790203 0.005711
 410.000000 0.053410 0.766698 1.890226 0.005000
 411.000000 0.066234 0.783806 2.023889 0.010029
 412.000000 0.025589 0.863240 2.370939 0.002581
 413.000000 0.034012 0.836114 2.287159 0.003708
 414.000000 0.039472 0.842289 2.337034 0.003970
 415.000000 0.052230 0.770262 1.999865 0.005073
 416.000000 0.038308 0.770879 1.857912 0.003206
 417.000000 0.066907 0.732199 1.944173 0.014129
 418.000000 0.041686 0.779452 2.037696 0.005939
 419.000000 0.056196 0.753595 1.850128 0.008265
 420.000000 0.034916 0.820550 2.216777 0.004098
 421.000000 0.040180 0.798225 2.085305 0.007069
 422.000000 0.054966 0.729519 1.776459 0.007031
 423.000000 0.039133 0.734671 1.576480 0.004251
 424.000000 0.039330 0.774365 1.880898 0.006277
 425.000000 0.055834 0.737519 1.577912 0.008231
 426.000000 0.070213 0.756994 1.888606 0.013879
 427.000000 0.103889 0.734287 1.919527 0.025718
 428.000000 0.129310 0.704339 1.822062 0.026604
 429.000000 0.058254 0.746215 1.882637 0.009963
 430.000000 0.079553 0.702892 1.730857 0.011586
 431.000000 0.084579 0.683959 1.550223 0.010897
 432.000000 0.098871 0.694181 1.767208 0.008235
 433.000000 0.069621 0.707172 1.796912 0.008994
 434.000000 0.052941 0.726734 1.762486 0.005708
 435.000000 0.058597 0.721082 1.645553 0.009789
 436.000000 0.077677 0.703428 1.678343 0.009480
 437.000000 0.055399 0.705808 1.511433 0.006883
 438.000000 0.072557 0.694404 1.557262 0.009859
 439.000000 0.048070 0.760115 1.771904 0.004680
 440.000000 0.026367 0.817331 1.952958 0.002668
 441.000000 0.032618 0.799953 1.861309 0.003757
 442.000000 0.025458 0.819004 1.971506 0.003147
 443.000000 0.027868 0.836184 2.064053 0.002910
 444.000000 0.025269 0.857300 2.261533 0.003446
 445.000000 0.037554 0.836719 2.077335 0.004891
 446.000000 0.059105 0.793935 2.097485 0.006832
 447.000000 0.027078 0.827712 2.148338 0.003281
 448.000000 0.025861 0.839655 2.234481 0.003547
 449.000000 0.030758 0.866521 2.347117 0.003263
 450.000000 0.061219 0.831244 2.326133 0.009984
 451.000000 0.043461 0.826283 2.207106 0.007554
 452.000000 0.026836 0.849718 2.240766 0.002235
 453.000000 0.021471 0.863752 2.306076 0.001858
 454.000000 0.026209 0.860882 2.349703 0.002792
 455.000000 0.019253 0.862996 2.220126 0.002740
 456.000000 0.045891 0.813785 2.113437 0.005747
 457.000000 0.024039 0.824801 2.018929 0.002169
 458.000000 0.061457 0.762649 1.863748 0.006435
 459.000000 0.072530 0.751336 1.831338 0.009877
 460.000000 0.053073 0.771436 1.922977 0.009062
 461.000000 0.033413 0.789231 1.806351 0.002647
 462.000000 0.041606 0.763753 1.786742 0.005917
 463.000000 0.035537 0.800849 2.063402 0.002464
 464.000000 0.050215 0.792903 2.117342 0.005719
 465.000000 0.051218 0.800524 2.094368 0.007711
 466.000000 0.045941 0.793184 2.087798 0.004220
 467.000000 0.096973 0.759170 1.947381 0.007042
 468.000000 0.048190 0.808945 2.124495 0.004115
 469.000000 0.056017 0.804518 2.139015 0.008398
 470.000000 0.030610 0.875303 2.386872 0.004273
 471.000000 0.038191 0.851086 2.388190 0.004571
 472.000000 0.051291 0.807110 2.280558 0.003776
 473.000000 0.059341 0.810742 2.272693 0.006733
 474.000000 0.028139 0.833053 2.186691 0.003180
 475.000000 0.037208 0.825660 2.106476 0.005538
 476.000000 0.047439 0.815498 2.153092 0.006011
 477.000000 0.043646 0.794956 2.032214 0.006426
 478.000000 0.058088 0.775501 2.000284 0.005818
 479.000000 0.037018 0.806925 2.107016 0.003767
 480.000000 0.037178 0.804608 2.126166 0.003213
 481.000000 0.049396 0.770650 1.955341 0.004795
 482.000000 0.049524 0.756037 1.844227 0.003565
 483.000000 0.043643 0.780857 2.005998 0.004477
 484.000000 0.032604 0.823463 2.174585 0.003596
 485.000000 0.041627 0.797648 2.009625 0.003666
 486.000000 0.023277 0.890810 2.494081 0.002999
 487.000000 0.022960 0.864596 2.384560 0.001789
 488.000000 0.014167 0.930328 2.642805 0.001244
 489.000000 0.016013 0.913707 2.639978 0.001698
 490.000000 0.030610 0.849295 2.438074 0.002383
 491.000000 0.044205 0.822617 2.341831 0.006094
 492.000000 0.026358 0.871688 2.423354 0.002963
 493.000000 0.023708 0.840374 2.230783 0.002521
 494.000000 0.042859 0.788463 2.152980 0.003653
 495.000000 0.040201 0.785158 2.077450 0.004733
 496.000000 0.054401 0.765014 1.933613 0.005179
 497.000000 0.042700 0.765290 1.816423 0.004811
 498.000000 0.027585 0.794603 1.772245 0.003049
 499.000000 0.057922 0.717646 1.378279 0.008674
 500.000000 0.032989 0.800414 1.825206 0.002726
