#! FIELDS time alpha rg e2e hbond
 0.000000 0.065716 0.739383 1.876014 0.003818
 1.000000 0.092721 0.706554 1.604378 0.005160
 2.000000 0.081011 0.713753 1.687639 0.005279
 3.000000 0.087953 0.705390 1.615722 0.004641
 4.000000 0.060162 0.727738 1.704452 0.004197
 5.000000 0.054619 0.759868 1.969696 0.004361
 6.000000 0.043565 0.802899 2.233180 0.003465
 7.000000 0.029217 0.776536 1.961762 0.002547
 8.000000 0.052040 0.746852 1.765445 0.004614
 9.000000 0.043127 0.716900 1.322263 0.003279
 10.000000 0.040214 0.736964 1.648283 0.002600
 11.000000 0.059843 0.714863 1.340154 0.003139
 12.000000 0.053780 0.729297 1.484148 0.002960
 13.000000 0.058936 0.716295 1.288577 0.004630
 14.000000 0.047459 0.727007 1.529586 0.003556
 15.000000 0.058302 0.689949 1.332437 0.003194
 16.000000 0.052468 0.739845 1.451548 0.004195
 17.000000 0.066227 0.716036 1.487008 0.006002
 18.000000 0.060721 0.700469 1.441020 0.006075
 19.000000 0.065453 0.714601 1.565815 0.003614
 20.000000 0.051156 0.730833 1.534672 0.003230
 21.000000 0.044181 0.735376 1.472882 0.003956
 22.000000 0.028886 0.764058 1.591991 0.002597
 23.000000 0.028231 0.726415 1.338253 0.003199
 24.000000 0.036251 0.731042 1.537679 0.003241
 25.000000 0.043470 0.742946 1.551496 0.003093
 26.000000 0.037944 0.738566 1.640018 0.002688
 27.000000 0.031909 0.737782 1.489170 0.002644
 28.000000 0.040685 0.711570 1.439759 0.003361
 29.000000 0.034466 0.730417 1.547951 0.003433
 30.000000 0.040661 0.705352 1.406278 0.004111
 31.000000 0.039496 0.710572 1.482643 0.002309
 32.000000 0.073555 0.666324 1.531462 0.004054
 33.000000 0.077740 0.633971 1.007525 0.005773
 34.000000 0.057188 0.681588 1.344756 0.003464
 35.000000 0.062947 0.654527 1.217340 0.005163
 36.000000 0.086967 0.620967 1.200427 0.004487
 37.000000 0.061320 0.658483 1.206106 0.003875
 38.000000 0.080336 0.606577 0.917319 0.004689
 39.000000 0.057636 0.641511 0.944970 0.006384
 40.000000 0.063671 0.635248 0.751337 0.008395
 41.000000 0.045244 0.665843 0.857068 0.005411
 42.000000 0.036009 0.675493 0.816915 0.003271
 43.000000 0.048634 0.673683 0.923339 0.003703
 44.000000 0.036021 0.709097 1.173746 0.002473
 45.000000 0.036642 0.739740 1.351503 0.002583
 46.000000 0.026172 0.786364 1.563357 0.002709
 47.000000 0.046960 0.721603 1.357307 0.003309
 48.000000 0.056404 0.723020 1.501615 0.005397
 49.000000 0.039822 0.724694 1.266032 0.004395
 50.000000 0.033351 0.750084 1.507217 0.003719
 51.000000 0.047416 0.732366 1.555676 0.005017
 52.000000 0.054012 0.751069 1.874485 0.005407
 53.000000 0.033156 0.806064 2.169711 0.003312
 54.000000 0.031156 0.809828 1.950768 0.003966
 55.000000 0.021670 0.837325 1.916770 0.001745
 56.000000 0.031181 0.760210 1.766018 0.003071
 57.000000 0.063674 0.718026 1.501370 0.014681
 58.000000 0.044967 0.738241 1.790155 0.004374
 59.000000 0.090689 0.670171 1.618635 0.015187
 60.000000 0.058078 0.731229 1.700528 0.008770
 61.000000 0.085606 0.719415 1.756918 0.012029
 62.000000 0.096532 0.717318 1.923376 0.013988
 63.000000 0.071502 0.709973 1.740057 0.011343
 64.000000 0.044475 0.773256 2.045493 0.005525
 65.000000 0.023269 0.812009 2.050340 0.002525
 66.000000 0.056448 0.724900 1.800343 0.008923
 67.000000 0.045706 0.743612 1.900213 0.007610
 68.000000 0.051023 0.740159 1.853569 0.004694
 69.000000 0.060221 0.755219 1.850181 0.009448
 70.000000 0.056371 0.782721 2.084443 0.008085
 71.000000 0.047662 0.771642 2.011848 0.004220
 72.000000 0.042962 0.762030 1.870821 0.004792
 73.000000 0.042820 0.798804 2.030614 0.006161
 74.000000 0.046749 0.743754 1.647359 0.004593
 75.000000 0.034703 0.755718 1.656722 0.003272
 76.000000 0.031167 0.777200 1.771040 0.003718
 77.000000 0.050515 0.713829 1.431083 0.008384
 78.000000 0.036102 0.736305 1.497491 0.005777
 79.000000 0.043723 0.702202 1.335145 0.006392
 80.000000 0.036030 0.720876 1.360292 0.004307
 81.000000 0.038707 0.722238 1.528350 0.005036
 82.000000 0.041289 0.708537 1.450540 0.004619
 83.000000 0.024681 0.774240 1.714022 0.003317
 84.000000 0.031738 0.721429 1.518595 0.003049
 85.000000 0.034003 0.686857 1.154669 0.003810
 86.000000 0.029578 0.769706 1.442492 0.002813
 87.000000 0.033464 0.717152 1.239796 0.003613
 88.000000 0.036161 0.685611 1.312532 0.002782
 89.000000 0.116111 0.604850 1.197333 0.014263
 90.000000 0.106946 0.600433 1.019363 0.009968
 91.000000 0.075785 0.635553 0.935550 0.006631
 92.000000 0.043196 0.696400 1.354137 0.004577
 93.000000 0.043306 0.694613 1.179892 0.004530
 94.000000 0.036848 0.706592 1.215786 0.003600
 95.000000 0.065935 0.686090 1.601235 0.004120
 96.000000 0.076947 0.656679 1.439590 0.006992
 97.000000 0.086172 0.654910 1.562533 0.004746
 98.000000 0.072443 0.696441 1.863511 0.005609
 99.000000 0.091601 0.704269 1.936052 0.008307
 100.000000 0.069525 0.721672 1.990457 0.004503
 101.000000 0.072981 0.726810 1.989780 0.003354
 102.000000 0.110284 0.657904 1.684116 0.009388
 103.000000 0.068264 0.735729 2.059553 0.003986
 104.000000 0.072941 0.666374 1.754569 0.004812
 105.000000 0.107456 0.600893 1.410692 0.007158
 106.000000 0.093087 0.618803 1.454388 0.007017
 107.000000 0.089136 0.687859 1.760557 0.003716
 108.000000 0.099673 0.657511 1.711764 0.004744
 109.000000 0.088165 0.650053 1.416134 0.004262
 110.000000 0.105828 0.617451 1.265928 0.004153
 111.000000 0.148773 0.621536 1.422902 0.011168
 112.000000 0.054588 0.723235 1.768853 0.003404
 113.000000 0.071537 0.712276 1.810300 0.004046
 114.000000 0.049781 0.745479 1.885522 0.002868
 115.000000 0.052894 0.772258 2.072380 0.002675
 116.000000 0.100092 0.719663 1.796299 0.006121
 117.000000 0.065953 0.730925 1.938150 0.004906
 118.000000 0.046053 0.788010 2.212395 0.003266
 119.000000 0.036906 0.803154 2.117913 0.003169
 120.000000 0.027716 0.786700 1.980234 0.002390
 121.000000 0.041756 0.729951 1.689233 0.003582
 122.000000 0.040560 0.716283 1.627555 0.003430
 123.000000 0.027967 0.746178 1.544659 0.001876
 124.000000 0.028123 0.755084 1.500533 0.003296
 125.000000 0.028723 0.776167 1.724583 0.003401
 126.000000 0.046177 0.690394 1.387786 0.003915
 127.000000 0.054389 0.698963 1.360451 0.004702
 128.000000 0.043795 0.717596 1.341409 0.002524
 129.000000 0.057187 0.700884 1.315229 0.004078
 130.000000 0.044590 0.715951 1.454951 0.003018
 131.000000 0.055664 0.701457 1.375636 0.004607
 132.000000 0.053012 0.753240 1.815727 0.003020
 133.000000 0.081385 0.669924 1.207396 0.006963
 134.000000 0.066042 0.686052 1.111446 0.004538
 135.000000 0.081028 0.639255 0.968938 0.009360
 136.000000 0.079371 0.651742 1.058762 0.005419
 137.000000 0.066111 0.656886 0.951973 0.007570
 138.000000 0.068685 0.685486 1.235475 0.004264
 139.000000 0.041782 0.754265 1.665689 0.003444
 140.000000 0.044818 0.751465 1.634485 0.003684
 141.000000 0.037625 0.760966 1.622083 0.002624
 142.000000 0.029684 0.796769 1.962554 0.002182
 143.000000 0.028409 0.790634 1.892820 0.002468
 144.000000 0.040465 0.775069 1.905326 0.004010
 145.000000 0.028372 0.853026 2.404355 0.003237
 146.000000 0.036527 0.817198 2.252394 0.004724
 147.000000 0.026325 0.826322 2.133096 0.002659
 148.000000 0.033540 0.830151 2.268689 0.002732
 149.000000 0.030563 0.831504 2.263777 0.002329
 150.000000 0.046297 0.774643 1.919957 0.003476
 151.000000 0.051603 0.789027 2.192370 0.003731
 152.000000 0.043278 0.797074 2.148434 0.002274
 153.000000 0.067140 0.757766 2.058377 0.004117
 154.000000 0.034708 0.776729 1.960676 0.002636
 155.000000 0.041157 0.723067 1.620799 0.002981
 156.000000 0.058666 0.752897 1.990372 0.003653
 157.000000 0.078263 0.703946 1.661602 0.004974
 158.000000 0.056160 0.723356 1.743241 0.004309
 159.000000 0.051285 0.757876 1.822575 0.003354
 160.000000 0.060169 0.695790 1.611602 0.003747
 161.000000 0.054775 0.719834 1.449238 0.005278
 162.000000 0.058005 0.691207 1.355444 0.005347
 163.000000 0.034138 0.759024 1.573744 0.003701
 164.000000 0.049728 0.724497 1.624635 0.004391
 165.000000 0.036614 0.756506 1.819583 0.002950
 166.000000 0.039755 0.767003 1.888512 0.003557
 167.000000 0.066608 0.754681 1.944823 0.004903
 168.000000 0.020619 0.861869 2.352784 0.002037
 169.000000 0.013195 0.885392 2.376487 0.001569
 170.000000 0.021971 0.839033 2.080811 0.002178
 171.000000 0.025468 0.778434 1.684105 0.002244
 172.000000 0.039951 0.749074 1.528436 0.004672
 173.000000 0.032034 0.775071 1.743949 0.003416
 174.000000 0.023779 0.834425 2.033359 0.002085
 175.000000 0.027461 0.804205 1.900918 0.004031
 176.000000 0.023018 0.823149 1.962521 0.002262
 177.000000 0.038643 0.828899 2.088880 0.005798
 178.000000 0.035924 0.849918 2.228271 0.003866
 179.000000 0.023888 0.881545 2.486427 0.002237
 180.000000 0.024728 0.872027 2.501031 0.002781
 181.000000 0.028424 0.870134 2.364625 0.003581
 182.000000 0.032243 0.846253 2.273275 0.003488
 183.000000 0.030795 0.856488 2.258649 0.002753
 184.000000 0.022162 0.889346 2.473990 0.002127
 185.000000 0.039376 0.818809 2.204088 0.003452
 186.000000 0.043712 0.801433 1.959105 0.003010
 187.000000 0.034566 0.849310 2.243277 0.004360
 188.000000 0.018052 0.895400 2.465180 0.001791
 189.000000 0.015191 0.906634 2.534668 0.001674
 190.000000 0.017485 0.907337 2.524050 0.001816
 191.000000 0.033879 0.858707 2.328475 0.004254
 192.000000 0.018092 0.924285 2.572744 0.001994
 193.000000 0.026791 0.873928 2.309923 0.003267
 194.000000 0.028442 0.867830 2.313359 0.002757
 195.000000 0.021327 0.882923 2.336041 0.002837
 196.000000 0.017273 0.912291 2.519354 0.002259
 197.000000 0.011120 0.939969 2.641058 0.001552
 198.000000 0.011106 0.956411 2.708265 0.001148
 199.000000 0.010510 0.961470 2.716017 0.001134
 200.000000 0.010456 0.975142 2.635769 0.001027
 201.000000 0.012214 0.949765 2.499429 0.001417
 202.000000 0.018774 0.913712 2.582476 0.002165
 203.000000 0.018620 0.908286 2.468045 0.002227
 204.000000 0.012821 0.938895 2.560102 0.001523
 205.000000 0.013764 0.931379 2.478517 0.001460
 206.000000 0.009663 0.972541 2.696955 0.001305
 207.000000 0.012811 0.944003 2.609944 0.001512
 208.000000 0.012431 0.951376 2.665033 0.001375
 209.000000 0.015311 0.929670 2.558928 0.001531
 210.000000 0.014047 0.931475 2.560205 0.001763
 211.000000 0.012984 0.931046 2.549097 0.002020
 212.000000 0.013430 0.937948 2.501318 0.001531
 213.000000 0.009224 0.974889 2.640214 0.000881
 214.000000 0.012276 0.945827 2.610583 0.001316
 215.000000 0.014767 0.933305 2.616629 0.001316
 216.000000 0.012967 0.958504 2.711361 0.001192
 217.000000 0.013753 0.937802 2.628552 0.001361
 218.000000 0.017868 0.901113 2.456408 0.001747
 219.000000 0.018639 0.887002 2.328762 0.001432
 220.000000 0.014517 0.924055 2.553144 0.001313
 221.000000 0.012072 0.919922 2.531974 0.001214
 222.000000 0.014997 0.919366 2.459124 0.001360
 223.000000 0.012540 0.933456 2.482118 0.001358
 224.000000 0.018565 0.905051 2.491656 0.002269
 225.000000 0.018455 0.903086 2.405731 0.001980
 226.000000 0.011776 0.955588 2.649995 0.001101
 227.000000 0.013449 0.939410 2.584925 0.001118
 228.000000 0.013491 0.935953 2.578757 0.001523
 229.000000 0.020590 0.897615 2.462581 0.002836
 230.000000 0.012724 0.954410 2.722551 0.001330
 231.000000 0.016961 0.926416 2.536384 0.001848
 232.000000 0.016176 0.917321 2.639289 0.001722
 233.000000 0.018647 0.916654 2.651296 0.002088
 234.000000 0.015154 0.932593 2.585651 0.001839
 235.000000 0.020267 0.898531 2.447186 0.002452
 236.000000 0.014921 0.921260 2.562853 0.001623
 237.000000 0.019297 0.901620 2.487034 0.003079
 238.000000 0.012688 0.952622 2.744463 0.001474
 239.000000 0.019072 0.914823 2.522517 0.002274
 240.000000 0.012117 0.956167 2.601453 0.001394
 241.000000 0.014254 0.932490 2.544976 0.001594
 242.000000 0.017383 0.896840 2.559801 0.002438
 243.000000 0.015290 0.918694 2.636248 0.001938
 244.000000 0.015585 0.908727 2.566100 0.001907
 245.000000 0.019711 0.895507 2.445091 0.002408
 246.000000 0.016397 0.915430 2.456822 0.001901
 247.000000 0.014877 0.901488 2.548346 0.001775
 248.000000 0.017469 0.907640 2.358321 0.001645
 249.000000 0.020262 0.893585 2.441143 0.002337
 250.000000 0.019460 0.896603 2.391856 0.001711
 251.000000 0.022918 0.835112 2.137127 0.002499
 252.000000 0.017905 0.873347 2.129216 0.002347
 253.000000 0.016538 0.920391 2.420565 0.001721
 254.000000 0.016148 0.898771 2.277277 0.001461
 255.000000 0.012627 0.921562 2.362893 0.001111
 256.000000 0.013394 0.915378 2.390399 0.001512
 257.000000 0.015848 0.923084 2.538659 0.001654
 258.000000 0.012432 0.967328 2.746223 0.001278
 259.000000 0.011021 0.966068 2.702078 0.001308
 260.000000 0.014157 0.946583 2.782070 0.001643
 261.000000 0.017355 0.921163 2.621359 0.001766
 262.000000 0.016777 0.923471 2.646568 0.002116
 263.000000 0.013481 0.943683 2.664136 0.001323
 264.000000 0.016702 0.914540 2.530822 0.002124
 265.000000 0.014598 0.925374 2.485245 0.001290
 266.000000 0.014959 0.906847 2.331256 0.001341
 267.000000 0.016280 0.922200 2.511202 0.001696
 268.000000 0.015137 0.926892 2.591807 0.001480
 269.000000 0.011310 0.971795 2.609033 0.001109
 270.000000 0.012073 0.960430 2.604473 0.001136
 271.000000 0.014035 0.929037 2.631859 0.001880
 272.000000 0.013004 0.925005 2.513618 0.001646
 273.000000 0.015251 0.928534 2.713350 0.001380
 274.000000 0.015954 0.924550 2.607601 0.001546
 275.000000 0.015212 0.940487 2.679968 0.002058
 276.000000 0.013726 0.950684 2.635175 0.001712
 277.000000 0.014500 0.934377 2.601669 0.001739
 278.000000 0.014894 0.909344 2.526219 0.001487
 279.000000 0.013749 0.937937 2.664647 0.001660
 280.000000 0.015415 0.940591 2.726869 0.002026
 281.000000 0.012382 0.947280 2.583106 0.001297
 282.000000 0.015836 0.931296 2.504015 0.001482
 283.000000 0.013082 0.955791 2.669896 0.001204
 284.000000 0.017126 0.922676 2.667626 0.002314
 285.000000 0.008428 0.987428 2.794692 0.000908
 286.000000 0.013182 0.937784 2.646587 0.001466
 287.000000 0.021475 0.901114 2.528873 0.002672
 288.000000 0.016281 0.937339 2.665709 0.001753
 289.000000 0.017845 0.892270 2.218893 0.001724
 290.000000 0.016396 0.919578 2.382966 0.001654
 291.000000 0.021927 0.900336 2.464124 0.002772
 292.000000 0.016602 0.873263 2.292102 0.001602
 293.000000 0.015281 0.870575 2.232372 0.002140
 294.000000 0.025179 0.817186 1.959532 0.002364
 295.000000 0.015260 0.850822 2.129570 0.001603
 296.000000 0.016800 0.808885 1.679138 0.001918
 297.000000 0.023948 0.789669 1.557758 0.002619
 298.000000 0.022055 0.751062 1.262159 0.002532
 299.000000 0.023896 0.754767 1.314957 0.002120
 300.000000 0.017482 0.809094 1.622581 0.001608
 301.000000 0.020271 0.788628 1.485391 0.002631
 302.000000 0.021368 0.863554 2.035549 0.002794
 303.000000 0.019963 0.835420 1.843347 0.002292
 304.000000 0.020919 0.839526 1.863231 0.002471
 305.000000 0.023903 0.860265 2.010063 0.002700
 306.000000 0.029947 0.841358 1.937180 0.005146
 307.000000 0.019250 0.837702 1.831986 0.002415
 308.000000 0.025806 0.825136 1.861639 0.003323
 309.000000 0.020182 0.866009 2.137839 0.002821
 310.000000 0.015941 0.901237 2.382888 0.002597
 311.000000 0.018075 0.869572 2.275056 0.002672
 312.000000 0.013119 0.901060 2.488068 0.001635
 313.000000 0.011912 0.930849 2.529820 0.001277
 314.000000 0.013084 0.913072 2.550372 0.001969
 315.000000 0.015444 0.894679 2.478950 0.001863
 316.000000 0.014614 0.897900 2.520000 0.001419
 317.000000 0.014364 0.932723 2.609857 0.001807
 318.000000 0.015252 0.930140 2.519091 0.001511
 319.000000 0.014336 0.914647 2.516144 0.001269
 320.000000 0.016035 0.912135 2.483967 0.001911
 321.000000 0.012886 0.944663 2.652004 0.001487
 322.000000 0.013133 0.949242 2.561075 0.001353
 323.000000 0.014028 0.923716 2.477966 0.001499
 324.000000 0.014584 0.928754 2.526647 0.001470
 325.000000 0.016639 0.920534 2.416447 0.001724
 326.000000 0.014463 0.933444 2.557501 0.001332
 327.000000 0.017079 0.914587 2.549217 0.001558
 328.000000 0.015999 0.915016 2.479238 0.001706
 329.000000 0.011996 0.953389 2.495252 0.001394
 330.000000 0.018631 0.895807 2.477648 0.002647
 331.000000 0.013081 0.917645 2.544195 0.001376
 332.000000 0.013779 0.927179 2.651211 0.001600
 333.000000 0.013598 0.923397 2.547636 0.001567
 334.000000 0.012294 0.921755 2.557466 0.001462
 335.000000 0.014624 0.901326 2.494696 0.001769
 336.000000 0.010877 0.910187 2.441455 0.001619
 337.000000 0.025523 0.821437 2.185376 0.002697
 338.000000 0.028778 0.788308 2.121390 0.003371
 339.000000 0.042583 0.772216 2.001338 0.004166
 340.000000 0.053435 0.740381 1.807349 0.003690
 341.000000 0.043279 0.766871 1.830604 0.005204
 342.000000 0.061382 0.710127 1.514992 0.008297
 343.000000 0.022048 0.801285 1.657822 0.002558
 344.000000 0.015929 0.902629 2.385756 0.002347
 345.000000 0.013516 0.897586 2.295882 0.002061
 346.000000 0.009910 0.947819 2.509213 0.001179
 347.000000 0.008259 0.998586 2.697278 0.000977
 348.000000 0.012629 0.939012 2.466744 0.001221
 349.000000 0.014908 0.900636 2.293274 0.001988
 350.000000 0.029923 0.831755 2.209397 0.003083
 351.000000 0.021879 0.870253 2.338734 0.002434
 352.000000 0.036062 0.809322 2.172483 0.003461
 353.000000 0.025326 0.849404 2.186160 0.002878
 354.000000 0.032105 0.836012 2.127906 0.002877
 355.000000 0.025318 0.854398 2.157193 0.002965
 356.000000 0.032741 0.803802 1.933470 0.003652
 357.000000 0.022795 0.843761 2.091673 0.003205
 358.000000 0.027939 0.822842 2.024225 0.003446
 359.000000 0.030777 0.837925 2.060607 0.002833
 360.000000 0.024502 0.839476 2.030274 0.001857
 361.000000 0.031163 0.837303 2.090807 0.005559
 362.000000 0.017320 0.893444 2.370081 0.002133
 363.000000 0.016535 0.906248 2.418911 0.002156
 364.000000 0.009780 0.962353 2.671625 0.000988
 365.000000 0.011396 0.945676 2.622354 0.001337
 366.000000 0.011506 0.931801 2.500037 0.001529
 367.000000 0.013561 0.933352 2.613264 0.001596
 368.000000 0.011981 0.934699 2.597332 0.001328
 369.000000 0.013629 0.944219 2.588948 0.001347
 370.000000 0.012404 0.951552 2.620271 0.001404
 371.000000 0.015907 0.920589 2.472595 0.002194
 372.000000 0.027999 0.871864 2.251125 0.003015
 373.000000 0.016394 0.926604 2.542790 0.001681
 374.000000 0.015978 0.914402 2.517158 0.002136
 375.000000 0.011723 0.935333 2.549262 0.001335
 376.000000 0.014698 0.878486 2.212560 0.001759
 377.000000 0.015069 0.897612 2.424136 0.001761
 378.000000 0.020311 0.864733 2.269762 0.002372
 379.000000 0.012230 0.915698 2.398070 0.001450
 380.000000 0.016158 0.896681 2.294508 0.001995
 381.000000 0.017617 0.879935 2.257115 0.001852
 382.000000 0.012176 0.913411 2.381495 0.001568
 383.000000 0.016724 0.882607 2.248163 0.001762
 384.000000 0.014976 0.900671 2.387331 0.001289
 385.000000 0.013104 0.933011 2.438769 0.001504
 386.000000 0.015135 0.911600 2.383372 0.001898
 387.000000 0.014273 0.903368 2.414430 0.001768
 388.000000 0.016101 0.861136 2.074292 0.001764
 389.000000 0.012248 0.919861 2.439528 0.001184
 390.000000 0.015871 0.909222 2.405967 0.001581
 391.000000 0.013622 0.929597 2.400026 0.001184
 392.000000 0.013695 0.930896 2.530534 0.001513
 393.000000 0.013151 0.949906 2.615349 0.001268
 394.000000 0.011403 0.964404 2.845678 0.001119
 395.000000 0.011079 0.955998 2.674436 0.001300
 396.000000 0.012077 0.949995 2.571908 0.001229
 397.000000 0.011870 0.939281 2.607048 0.001212
 398.000000 0.010658 0.948890 2.570845 0.001112
 399.000000 0.015233 0.922127 2.499076 0.001694
 400.000000 0.014515 0.906428 2.357212 0.001683
 401.000000 0.010467 0.955349 2.531625 0.001088
 402.000000 0.012025 0.943526 2.375131 0.001422
 403.000000 0.014829 0.896322 2.230796 0.001496
 404.000000 0.012735 0.937994 2.587263 0.001376
 405.000000 0.016159 0.903298 2.408657 0.001639
 406.000000 0.010173 0.973104 2.714605 0.001052
 407.000000 0.015525 0.914944 2.579052 0.002202
 408.000000 0.013955 0.922690 2.598456 0.001788
 409.000000 0.016308 0.913278 2.450174 0.001927
 410.000000 0.017477 0.876023 2.184152 0.001979
 411.000000 0.014633 0.909174 2.440603 0.001630
 412.000000 0.014545 0.907000 2.328951 0.001632
 413.000000 0.013745 0.917520 2.311564 0.001568
 414.000000 0.015515 0.886292 2.252325 0.001959
 415.000000 0.020223 0.890954 2.339453 0.002291
 416.000000 0.028949 0.861499 2.375297 0.004375
 417.000000 0.014890 0.942425 2.640701 0.002091
 418.000000 0.014859 0.925362 2.527512 0.002407
 419.000000 0.014609 0.933757 2.542900 0.001833
 420.000000 0.011172 0.948074 2.588366 0.001368
 421.000000 0.010353 0.961516 2.627587 0.001187
 422.000000 0.013817 0.897703 2.281693 0.002431
 423.000000 0.018497 0.854367 2.105748 0.002247
 424.000000 0.011757 0.924945 2.279950 0.001897
 425.000000 0.016559 0.888329 2.149396 0.003704
 426.000000 0.018635 0.882465 2.189357 0.005616
 427.000000 0.017451 0.883789 2.250277 0.003549
 428.000000 0.015132 0.909421 2.247636 0.004296
 429.000000 0.020653 0.873048 2.068258 0.003706
 430.000000 0.010143 0.963563 2.619705 0.001508
 431.000000 0.011796 0.935633 2.443812 0.002534
 432.000000 0.012032 0.945546 2.450188 0.001559
 433.000000 0.013709 0.936404 2.446610 0.001964
 434.000000 0.011501 0.944921 2.455161 0.001695
 435.000000 0.020924 0.900845 2.456665 0.003610
 436.000000 0.017520 0.901943 2.456434 0.002491
 437.000000 0.016589 0.910337 2.408375 0.002840
 438.000000 0.015784 0.924771 2.568306 0.001992
 439.000000 0.015965 0.916669 2.587676 0.001627
 440.000000 0.016303 0.921472 2.578178 0.001643
 441.000000 0.012979 0.921855 2.568214 0.001343
 442.000000 0.022458 0.893419 2.574517 0.004725
 443.000000 0.017714 0.911267 2.642992 0.002080
 444.000000 0.014798 0.922752 2.379977 0.001625
 445.000000 0.014660 0.912889 2.439520 0.001631
 446.000000 0.014053 0.877782 2.157617 0.001250
 447.000000 0.014669 0.896055 2.247311 0.001165
 448.000000 0.015214 0.914403 2.545364 0.001813
 449.000000 0.014210 0.924980 2.478439 0.001444
 450.000000 0.013237 0.909276 2.391863 0.001421
 451.000000 0.016731 0.895777 2.439125 0.001968
 452.000000 0.016722 0.913682 2.534968 0.001887
 453.000000 0.016681 0.934223 2.657585 0.001917
 454.000000 0.015329 0.935662 2.639370 0.002161
 455.000000 0.011666 0.949260 2.678020 0.001532
 456.000000 0.013022 0.919118 2.594935 0.001143
 457.000000 0.014437 0.929785 2.542013 0.002004
 458.000000 0.016584 0.917122 2.533196 0.001834
 459.000000 0.016086 0.923617 2.588920 0.002489
 460.000000 0.016308 0.928794 2.551091 0.002513
 461.000000 0.015821 0.897914 2.375247 0.003751
 462.000000 0.019693 0.893978 2.337571 0.006600
 463.000000 0.018458 0.903533 2.535162 0.003498
 464.000000 0.012485 0.935846 2.550079 0.001952
 465.000000 0.020856 0.884223 2.333652 0.006978
 466.000000 0.019190 0.912562 2.567786 0.004523
 467.000000 0.014693 0.928811 2.550737 0.002530
 468.000000 0.015835 0.928555 2.603931 0.002739
 469.000000 0.012208 0.972625 2.788784 0.001263
 470.000000 0.014117 0.930755 2.632983 0.001474
 471.000000 0.012187 0.938737 2.681936 0.001224
 472.000000 0.012658 0.968322 2.752025 0.001198
 473.000000 0.011912 0.964182 2.791484 0.001150
 474.000000 0.014256 0.959685 2.739271 0.001470
 475.000000 0.015579 0.950464 2.718152 0.001796
 476.000000 0.015489 0.942610 2.706448 0.001619
 477.000000 0.020817 0.916565 2.617809 0.001772
 478.000000 0.017108 0.905911 2.547541 0.001491
 479.000000 0.016205 0.939707 2.671670 0.001670
 480.000000 0.011553 0.980490 2.847764 0.001124
 481.000000 0.015556 0.948208 2.738011 0.001527
 482.000000 0.013656 0.954321 2.734665 0.001370
 483.000000 0.015477 0.945095 2.758200 0.001697
 484.000000 0.012180 0.965276 2.774170 0.001181
 485.000000 0.013673 0.933490 2.598477 0.001241
 486.000000 0.021761 0.857613 2.222739 0.003021
 487.000000 0.030113 0.793941 1.850953 0.004256
 488.000000 0.029292 0.777683 1.696534 0.005114
 489.000000 0.024307 0.830554 2.137652 0.004463
 490.000000 0.013693 0.929268 2.550408 0.001830
 491.000000 0.018838 0.859301 2.210809 0.003448
 492.000000 0.016840 0.871727 2.273115 0.003145
 493.000000 0.016129 0.904192 2.475286 0.005004
 494.000000 0.017025 0.900257 2.442835 0.004542
 495.000000 0.025241 0.844256 2.250228 0.004991
 496.000000 0.022346 0.888138 2.395952 0.003989
 497.000000 0.016888 0.880628 2.184698 0.002034
 498.000000 0.012710 0.943615 2.581116 0.001125
 499.000000 0.012546 0.961261 2.672402 0.001261
 500.000000 0.014852 0.921019 2.540247 0.001341
