#! FIELDS time alpha rg e2e hbond
 0.000000 0.128308 0.565435 0.933341 0.288979
 1.000000 0.110320 0.584179 0.924170 0.437000
 2.000000 0.125678 0.583765 0.965317 0.669889
 3.000000 0.134348 0.576119 0.828139 0.396424
 4.000000 0.123541 0.593182 1.041045 0.614599
 5.000000 0.122207 0.581278 0.882743 0.393794
 6.000000 0.117758 0.623726 1.164775 0.420905
 7.000000 0.121886 0.617877 1.215603 0.429148
 8.000000 0.103735 0.636179 1.106274 0.467535
 9.000000 0.143197 0.598505 0.780297 0.273780
 10.000000 0.169776 0.604418 0.796320 0.137701
 11.000000 0.169036 0.601970 0.941264 0.708253
 12.000000 0.145214 0.598911 0.864746 0.058851
 13.000000 0.157853 0.594286 0.995429 0.500895
 14.000000 0.156471 0.611941 0.969678 0.046090
 15.000000 0.163250 0.598180 0.978578 0.522452
 16.000000 0.193147 0.604236 1.086151 0.830297
 17.000000 0.238588 0.581143 0.862061 0.175627
 18.000000 0.183611 0.585639 0.891000 0.081884
 19.000000 0.193809 0.585830 0.667001 0.053020
 20.000000 0.259198 0.594748 0.788032 0.143129
 21.000000 0.200762 0.600726 0.928828 0.094730
 22.000000 0.136080 0.614852 1.091286 0.373735
 23.000000 0.131724 0.615209 1.057973 0.076639
 24.000000 0.127490 0.607810 0.943534 0.128954
 25.000000 0.156672 0.613926 0.767867 0.230720
 26.000000 0.133034 0.623454 0.936448 0.124780
 27.000000 0.123604 0.631667 0.970736 0.134719
 28.000000 0.100914 0.647904 1.040769 0.071573
 29.000000 0.120893 0.643229 1.059978 0.226340
 30.000000 0.150993 0.673781 1.255187 0.087416
 31.000000 0.109024 0.637376 0.976637 0.074615
 32.000000 0.128114 0.643560 1.199401 0.112967
 33.000000 0.130050 0.645530 1.306472 0.465109
 34.000000 0.167677 0.643547 1.277322 0.679042
 35.000000 0.219259 0.640502 1.380228 0.915392
 36.000000 0.130839 0.689261 1.689671 0.172574
 37.000000 0.221440 0.700931 1.794488 0.359872
 38.000000 0.276913 0.687924 1.872603 0.844625
 39.000000 0.161705 0.691311 1.707863 0.362932
 40.000000 0.154850 0.717571 1.763174 0.046218
 41.000000 0.155540 0.701053 1.625583 0.066145
 42.000000 0.150666 0.724425 1.867030 0.048919
 43.000000 0.164040 0.717785 1.911472 0.027127
 44.000000 0.090196 0.749322 1.849310 0.009838
 45.000000 0.119118 0.749339 1.966915 0.021292
 46.000000 0.133462 0.744197 1.984294 0.030197
 47.000000 0.045149 0.817788 2.282519 0.006008
 48.000000 0.098302 0.730832 1.828121 0.018701
 49.000000 0.054229 0.767801 1.949895 0.004729
 50.000000 0.031139 0.806718 2.121901 0.004086
 51.000000 0.028215 0.833481 2.178944 0.004842
 52.000000 0.024967 0.828914 2.068623 0.003370
 53.000000 0.046653 0.796954 2.216789 0.005571
 54.000000 0.040310 0.811371 2.190070 0.004629
 55.000000 0.058895 0.732093 1.806005 0.010028
 56.000000 0.051391 0.767746 1.873297 0.005773
 57.000000 0.066264 0.747814 1.720425 0.012185
 58.000000 0.044574 0.785604 1.834116 0.006856
 59.000000 0.038473 0.789629 1.910619 0.004154
 60.000000 0.069515 0.688373 1.474827 0.010427
 61.000000 0.057978 0.707907 1.439192 0.006440
 62.000000 0.031018 0.751387 1.615223 0.001746
 63.000000 0.035686 0.741620 1.599213 0.002971
 64.000000 0.017137 0.806522 1.846240 0.001085
 65.000000 0.042641 0.731192 1.597306 0.003050
 66.000000 0.051885 0.693084 1.501304 0.003107
 67.000000 0.043987 0.734472 1.606605 0.003505
 68.000000 0.079321 0.670518 1.438287 0.012001
 69.000000 0.061221 0.655300 1.047436 0.004727
 70.000000 0.065889 0.668101 1.123115 0.005482
 71.000000 0.053927 0.662624 1.133956 0.003675
 72.000000 0.055088 0.658537 1.057788 0.004390
 73.000000 0.064702 0.655498 1.170018 0.005092
 74.000000 0.059218 0.715122 1.453545 0.003478
 75.000000 0.038691 0.788347 1.870950 0.002160
 76.000000 0.044170 0.779406 1.850736 0.002249
 77.000000 0.046173 0.741757 1.819246 0.004284
 78.000000 0.055015 0.732358 1.818474 0.004441
 79.000000 0.050411 0.741399 1.659111 0.007668
 80.000000 0.068219 0.685494 1.273649 0.006272
 81.000000 0.065251 0.678673 1.304764 0.006439
 82.000000 0.083505 0.696580 1.689214 0.009751
 83.000000 0.051238 0.771825 2.105896 0.006536
 84.000000 0.067881 0.754001 1.892999 0.007955
 85.000000 0.028025 0.821729 2.175047 0.003133
 86.000000 0.035578 0.800010 2.102157 0.004624
 87.000000 0.027871 0.821533 2.112266 0.002876
 88.000000 0.053868 0.752619 1.873141 0.007840
 89.000000 0.080361 0.727404 1.681610 0.013684
 90.000000 0.075329 0.702324 1.558344 0.014641
 91.000000 0.061638 0.678399 1.291226 0.004881
 92.000000 0.088402 0.632080 1.053889 0.009259
 93.000000 0.075568 0.690715 1.461776 0.011211
 94.000000 0.078620 0.638628 1.034610 0.014024
 95.000000 0.075618 0.677784 1.219927 0.008796
 96.000000 0.072992 0.672783 1.301820 0.007225
 97.000000 0.077878 0.705732 1.500541 0.009541
 98.000000 0.062022 0.671279 1.179003 0.005275
 99.000000 0.054606 0.700371 1.362744 0.005605
 100.000000 0.047611 0.689147 1.299874 0.004207
 101.000000 0.088300 0.687473 1.390386 0.012081
 102.000000 0.081015 0.687478 1.387399 0.014645
 103.000000 0.071713 0.712019 1.504368 0.019335
 104.000000 0.074894 0.717131 1.620626 0.018139
 105.000000 0.073078 0.688406 1.339221 0.015662
 106.000000 0.086113 0.717741 1.795376 0.026551
 107.000000 0.054227 0.760635 1.802678 0.007138
 108.000000 0.070626 0.715584 1.670361 0.012421
 109.000000 0.058322 0.708258 1.424982 0.005425
 110.000000 0.066451 0.745490 1.790964 0.006468
 111.000000 0.079859 0.753936 1.880057 0.014172
 112.000000 0.054407 0.743557 1.730099 0.006892
 113.000000 0.076558 0.681584 1.320828 0.008495
 114.000000 0.069345 0.693187 1.376227 0.009804
 115.000000 0.077406 0.665308 1.225358 0.012415
 116.000000 0.081134 0.737539 1.747503 0.016123
 117.000000 0.062806 0.742703 1.715179 0.008712
 118.000000 0.053752 0.741277 1.714237 0.006198
 119.000000 0.068973 0.729692 1.626731 0.011583
 120.000000 0.067132 0.705637 1.431453 0.010171
 121.000000 0.062054 0.744810 1.703129 0.011756
 122.000000 0.072548 0.686470 1.381148 0.010175
 123.000000 0.081839 0.678081 1.259937 0.013839
 124.000000 0.079827 0.679341 1.345081 0.011287
 125.000000 0.064418 0.677932 1.143214 0.012287
 126.000000 0.070799 0.659982 1.110527 0.006903
 127.000000 0.085847 0.655012 1.035402 0.036848
 128.000000 0.083883 0.641202 0.877498 0.013213
 129.000000 0.076050 0.679605 1.219051 0.012363
 130.000000 0.069013 0.737434 1.701476 0.011727
 131.000000 0.064042 0.778951 1.947492 0.012830
 132.000000 0.061618 0.772143 1.951066 0.008818
 133.000000 0.022400 0.799430 1.842398 0.002263
 134.000000 0.037925 0.765380 1.754139 0.005616
 135.000000 0.041525 0.773582 1.947390 0.003805
 136.000000 0.052974 0.744721 1.858028 0.005977
 137.000000 0.063325 0.727221 1.733376 0.008999
 138.000000 0.063868 0.751674 1.875659 0.010118
 139.000000 0.043872 0.773928 1.948697 0.004636
 140.000000 0.072708 0.661975 1.231020 0.007398
 141.000000 0.064252 0.674148 1.265899 0.008220
 142.000000 0.075928 0.651198 1.191190 0.011427
 143.000000 0.072769 0.638993 0.988041 0.011987
 144.000000 0.070216 0.635897 1.057629 0.011645
 145.000000 0.076415 0.632887 0.959973 0.012345
 146.000000 0.087754 0.640214 1.359398 0.017690
 147.000000 0.080601 0.648158 1.240976 0.025362
 148.000000 0.083597 0.637875 1.240939 0.011624
 149.000000 0.070473 0.654736 1.159928 0.010039
 150.000000 0.076803 0.654612 1.106816 0.009664
 151.000000 0.088885 0.637561 1.145423 0.012080
 152.000000 0.089900 0.633938 1.063761 0.014559
 153.000000 0.086887 0.620406 0.967884 0.007915
 154.000000 0.116893 0.589812 0.601553 0.015844
 155.000000 0.082219 0.597078 0.556023 0.011899
 156.000000 0.080044 0.598625 0.566413 0.015190
 157.000000 0.089517 0.601699 0.527037 0.014784
 158.000000 0.079617 0.607881 0.572162 0.014848
 159.000000 0.082215 0.599398 0.812149 0.017460
 160.000000 0.065896 0.587676 0.579683 0.016409
 161.000000 0.089857 0.591172 0.618982 0.009065
 162.000000 0.093570 0.593683 0.498216 0.011921
 163.000000 0.074395 0.604773 0.552244 0.012574
 164.000000 0.067615 0.621443 0.913282 0.015892
 165.000000 0.070228 0.609316 0.907634 0.015234
 166.000000 0.066363 0.617927 0.810528 0.013736
 167.000000 0.073992 0.599906 0.818092 0.027296
 168.000000 0.071151 0.621184 1.094805 0.013582
 169.000000 0.107405 0.584882 0.691101 0.030443
 170.000000 0.066035 0.603223 0.632487 0.017311
 171.000000 0.076090 0.598984 0.722946 0.020995
 172.000000 0.074337 0.604897 0.679160 0.007156
 173.000000 0.074891 0.600768 0.762162 0.014271
 174.000000 0.079201 0.607847 0.679205 0.021391
 175.000000 0.075347 0.603271 0.773110 0.018310
 176.000000 0.070799 0.607949 0.619054 0.009679
 177.000000 0.091608 0.590953 0.572741 0.015497
 178.000000 0.083697 0.583084 0.863013 0.022434
 179.000000 0.092117 0.608942 1.042638 0.017980
 180.000000 0.077768 0.603841 0.898836 0.009906
 181.000000 0.067874 0.599772 0.751372 0.006417
 182.000000 0.068888 0.588867 0.672484 0.010995
 183.000000 0.057455 0.599081 0.725228 0.012202
 184.000000 0.064346 0.615488 0.654773 0.007155
 185.000000 0.060514 0.617672 0.703364 0.011831
 186.000000 0.078532 0.591895 0.460505 0.013887
 187.000000 0.092161 0.591190 0.445762 0.032069
 188.000000 0.080200 0.590632 0.504332 0.014065
 189.000000 0.068707 0.599697 0.566835 0.013717
 190.000000 0.086842 0.585633 0.457853 0.032073
 191.000000 0.083779 0.586820 0.478811 0.014261
 192.000000 0.083880 0.595614 0.477884 0.021289
 193.000000 0.073408 0.596578 0.479935 0.008239
 194.000000 0.075135 0.601178 0.404786 0.012200
 195.000000 0.076287 0.593206 0.456607 0.026178
 196.000000 0.078697 0.624484 0.732428 0.007022
 197.000000 0.060604 0.626666 0.735808 0.006016
 198.000000 0.081821 0.602317 0.638074 0.008023
 199.000000 0.076978 0.616369 0.749519 0.005318
 200.000000 0.058568 0.619012 0.701331 0.004831
 201.000000 0.074157 0.634509 0.994501 0.011549
 202.000000 0.059672 0.687121 1.322079 0.005520
 203.000000 0.069613 0.676667 1.396749 0.007800
 204.000000 0.039927 0.784098 1.947238 0.007369
 205.000000 0.047938 0.752072 1.797913 0.007392
 206.000000 0.041932 0.751550 1.782607 0.006266
 207.000000 0.043985 0.803245 2.055733 0.007650
 208.000000 0.055160 0.749415 1.768446 0.007144
 209.000000 0.033658 0.768494 1.709259 0.003698
 210.000000 0.031165 0.796647 2.000021 0.003421
 211.000000 0.033257 0.835399 2.350690 0.004084
 212.000000 0.024094 0.866539 2.414017 0.002740
 213.000000 0.028139 0.871248 2.510952 0.003454
 214.000000 0.025482 0.841457 2.213374 0.003242
 215.000000 0.040744 0.777772 2.052678 0.004508
 216.000000 0.045867 0.802194 2.179285 0.005596
 217.000000 0.054516 0.800920 2.192376 0.008113
 218.000000 0.042215 0.779643 2.018392 0.003915
 219.000000 0.047285 0.749805 1.896217 0.005348
 220.000000 0.064771 0.756524 1.996937 0.008500
 221.000000 0.030068 0.803076 2.091766 0.002712
 222.000000 0.046884 0.736810 1.678310 0.003135
 223.000000 0.018244 0.850546 2.189445 0.001941
 224.000000 0.024987 0.823887 2.168677 0.002601
 225.000000 0.016978 0.850566 2.153696 0.001352
 226.000000 0.034359 0.766174 1.889987 0.001842
 227.000000 0.035314 0.734519 1.670691 0.002287
 228.000000 0.034239 0.749696 1.758181 0.001738
 229.000000 0.024092 0.777139 1.677249 0.001759
 230.000000 0.021493 0.797366 1.806211 0.001433
 231.000000 0.027172 0.778030 1.715003 0.002380
 232.000000 0.031005 0.761589 1.585049 0.002693
 233.000000 0.051108 0.751933 1.784407 0.006909
 234.000000 0.046866 0.822906 2.238017 0.006741
 235.000000 0.039585 0.843435 2.379776 0.005286
 236.000000 0.027259 0.850883 2.428768 0.002840
 237.000000 0.028136 0.828736 2.180112 0.004254
 238.000000 0.040333 0.821187 2.222280 0.005094
 239.000000 0.033793 0.853552 2.380073 0.003606
 240.000000 0.024180 0.888526 2.518494 0.002973
 241.000000 0.019055 0.903970 2.527992 0.002733
 242.000000 0.028641 0.833753 2.259092 0.002925
 243.000000 0.038869 0.807393 2.102999 0.005175
 244.000000 0.037825 0.797242 2.034123 0.004666
 245.000000 0.027910 0.822706 2.156753 0.003048
 246.000000 0.053605 0.769207 1.941829 0.006093
 247.000000 0.056755 0.724178 1.629704 0.006176
 248.000000 0.061055 0.688724 1.355591 0.004704
 249.000000 0.036701 0.735698 1.519066 0.002406
 250.000000 0.054465 0.702189 1.348500 0.003337
 251.000000 0.043581 0.764778 1.830475 0.004084
 252.000000 0.033838 0.852371 2.392895 0.005831
 253.000000 0.030208 0.853533 2.351261 0.003490
 254.000000 0.021313 0.893028 2.574822 0.001866
 255.000000 0.022343 0.891656 2.585016 0.002564
 256.000000 0.035118 0.866595 2.557729 0.003697
 257.000000 0.014328 0.945343 2.737031 0.001307
 258.000000 0.011281 0.958464 2.799685 0.000932
 259.000000 0.012784 0.947611 2.681461 0.001252
 260.000000 0.015371 0.920858 2.597781 0.001337
 261.000000 0.012777 0.954477 2.758456 0.001257
 262.000000 0.014383 0.953176 2.796300 0.001431
 263.000000 0.016604 0.904757 2.529987 0.001378
 264.000000 0.018932 0.888226 2.383636 0.002149
 265.000000 0.021272 0.867860 2.350463 0.001740
 266.000000 0.015591 0.886339 2.331120 0.001339
 267.000000 0.010637 0.960167 2.658448 0.000890
 268.000000 0.019122 0.861382 2.283881 0.001714
 269.000000 0.018267 0.878402 2.348377 0.001755
 270.000000 0.013184 0.902173 2.469204 0.001195
 271.000000 0.015388 0.896335 2.496281 0.001238
 272.000000 0.014972 0.891533 2.407169 0.001237
 273.000000 0.016215 0.904427 2.503194 0.001439
 274.000000 0.017183 0.919669 2.639314 0.001722
 275.000000 0.014061 0.941579 2.657842 0.001433
 276.000000 0.011719 0.970502 2.838314 0.001064
 277.000000 0.012836 0.946138 2.720448 0.001030
 278.000000 0.011946 0.965896 2.705403 0.001151
 279.000000 0.013633 0.922205 2.552038 0.001427
 280.000000 0.013543 0.925608 2.555501 0.001110
 281.000000 0.013430 0.921146 2.549832 0.001110
 282.000000 0.013178 0.920252 2.575843 0.001081
 283.000000 0.013160 0.896908 2.241159 0.000976
 284.000000 0.014343 0.911243 2.571006 0.001316
 285.000000 0.015669 0.910802 2.622750 0.001579
 286.000000 0.014538 0.924475 2.600703 0.001590
 287.000000 0.013650 0.939579 2.736089 0.001303
 288.000000 0.016391 0.903838 2.562149 0.001645
 289.000000 0.017530 0.920749 2.604328 0.001920
 290.000000 0.013961 0.939501 2.612315 0.001480
 291.000000 0.015570 0.904802 2.424930 0.001497
 292.000000 0.021261 0.907134 2.563281 0.001866
 293.000000 0.014112 0.942373 2.727808 0.001279
 294.000000 0.013162 0.955371 2.747105 0.001214
 295.000000 0.019178 0.914476 2.638892 0.001809
 296.000000 0.016783 0.911743 2.601232 0.001524
 297.000000 0.017142 0.916407 2.573058 0.001690
 298.000000 0.016780 0.932512 2.667433 0.001863
 299.000000 0.016574 0.911617 2.563415 0.001809
 300.000000 0.013592 0.924217 2.573050 0.001203
 301.000000 0.012258 0.939551 2.573298 0.001373
 302.000000 0.017428 0.903389 2.512751 0.001637
 303.000000 0.012813 0.934167 2.640165 0.001052
 304.000000 0.013401 0.913253 2.504800 0.001220
 305.000000 0.011173 0.937101 2.614690 0.001008
 306.000000 0.010161 0.958291 2.688154 0.001034
 307.000000 0.013343 0.942529 2.751954 0.001286
 308.000000 0.011546 0.935038 2.570892 0.001112
 309.000000 0.014845 0.908279 2.580172 0.001308
 310.000000 0.020351 0.870528 2.382966 0.001830
 311.000000 0.021568 0.851041 2.280446 0.001585
 312.000000 0.024582 0.857730 2.422223 0.001813
 313.000000 0.024481 0.859706 2.424332 0.001719
 314.000000 0.025119 0.859711 2.420585 0.002181
 315.000000 0.027150 0.864549 2.384679 0.002274
 316.000000 0.027061 0.859825 2.402165 0.002548
 317.000000 0.031171 0.854455 2.405912 0.002801
 318.000000 0.030996 0.833019 2.344630 0.002434
 319.000000 0.020726 0.881211 2.449799 0.001597
 320.000000 0.017330 0.911499 2.582903 0.001610
 321.000000 0.013933 0.939583 2.716835 0.001238
 322.000000 0.014835 0.924703 2.562322 0.001843
 323.000000 0.020530 0.871404 2.377760 0.002064
 324.000000 0.015305 0.902529 2.493603 0.001067
 325.000000 0.022074 0.815160 2.028414 0.001205
 326.000000 0.029569 0.827636 2.228625 0.002400
 327.000000 0.025127 0.838189 2.109544 0.002512
 328.000000 0.026325 0.838318 2.211401 0.002422
 329.000000 0.015284 0.874279 2.292285 0.001343
 330.000000 0.019090 0.838994 2.151655 0.001349
 331.000000 0.023041 0.870251 2.391310 0.002457
 332.000000 0.018914 0.862216 2.255672 0.001474
 333.000000 0.026543 0.797559 1.982468 0.001810
 334.000000 0.020759 0.831973 2.202696 0.001911
 335.000000 0.027893 0.809469 2.158324 0.002083
 336.000000 0.015749 0.839774 2.122339 0.001172
 337.000000 0.017275 0.879532 2.201685 0.001470
 338.000000 0.016750 0.847759 2.061660 0.001662
 339.000000 0.015042 0.858882 2.103444 0.001153
 340.000000 0.013329 0.923252 2.474244 0.001414
 341.000000 0.011704 0.956477 2.676816 0.000951
 342.000000 0.014036 0.918353 2.590400 0.001460
 343.000000 0.019672 0.882790 2.474862 0.002085
 344.000000 0.026183 0.840552 2.260461 0.002532
 345.000000 0.030415 0.808664 2.033353 0.001972
 346.000000 0.022663 0.849079 2.282580 0.002068
 347.000000 0.033074 0.821269 2.252085 0.002802
 348.000000 0.021477 0.870673 2.376876 0.002134
 349.000000 0.019404 0.884598 2.464547 0.001454
 350.000000 0.019621 0.895509 2.499944 0.002315
 351.000000 0.016124 0.908866 2.603452 0.001536
 352.000000 0.024745 0.870842 2.519381 0.002631
 353.000000 0.021286 0.881213 2.512520 0.002113
 354.000000 0.007509 0.987465 2.737906 0.000836
 355.000000 0.010222 0.984284 2.831525 0.001258
 356.000000 0.010404 0.977584 2.849721 0.000922
 357.000000 0.007268 1.018621 2.940203 0.000753
 358.000000 0.011141 0.966434 2.819473 0.001328
 359.000000 0.009711 0.988995 2.866615 0.000906
 360.000000 0.011026 0.953506 2.748899 0.001200
 361.000000 0.011863 0.966295 2.770807 0.001191
 362.000000 0.009844 0.983087 2.910350 0.000893
 363.000000 0.010409 0.967416 2.787885 0.001008
 364.000000 0.011097 0.982944 2.858545 0.000996
 365.000000 0.012952 0.974440 2.752277 0.001361
 366.000000 0.013077 0.944644 2.598576 0.001142
 367.000000 0.012564 0.978879 2.824195 0.001142
 368.000000 0.010142 0.977151 2.686824 0.000970
 369.000000 0.015418 0.895745 2.449540 0.001473
 370.000000 0.008702 0.988725 2.799643 0.000855
 371.000000 0.012189 0.919629 2.352654 0.001106
 372.000000 0.013639 0.897132 2.203276 0.001106
 373.000000 0.010683 0.915235 2.238534 0.000947
 374.000000 0.010941 0.938940 2.587764 0.001002
 375.000000 0.010743 0.948107 2.618034 0.000839
 376.000000 0.012849 0.937009 2.604388 0.001162
 377.000000 0.016785 0.927369 2.683544 0.001708
 378.000000 0.021751 0.885330 2.455840 0.002011
 379.000000 0.013641 0.958042 2.719812 0.001333
 380.000000 0.013109 0.974939 2.813255 0.001228
 381.000000 0.009221 1.003267 2.906097 0.000678
 382.000000 0.017561 0.919907 2.690534 0.001753
 383.000000 0.017229 0.907292 2.563239 0.001498
 384.000000 0.017690 0.914375 2.683373 0.001590
 385.000000 0.016592 0.921188 2.681488 0.001444
 386.000000 0.028017 0.868770 2.492019 0.003006
 387.000000 0.019795 0.888994 2.507580 0.001958
 388.000000 0.026811 0.868261 2.365495 0.002382
 389.000000 0.010399 0.950332 2.573187 0.000829
 390.000000 0.013260 0.895686 2.311749 0.001120
 391.000000 0.018628 0.840896 2.066148 0.001403
 392.000000 0.018551 0.837957 2.010248 0.001397
 393.000000 0.012959 0.890063 2.367812 0.000988
 394.000000 0.013119 0.927383 2.611513 0.001105
 395.000000 0.013662 0.936399 2.653848 0.001274
 396.000000 0.014665 0.951240 2.701683 0.001226
 397.000000 0.014890 0.952297 2.780160 0.001583
 398.000000 0.013560 0.940529 2.712137 0.001168
 399.000000 0.012099 0.941655 2.634808 0.001151
 400.000000 0.017655 0.923020 2.668447 0.001668
 401.000000 0.017173 0.919325 2.667863 0.001658
 402.000000 0.016946 0.926034 2.661642 0.001637
 403.000000 0.013168 0.938892 2.527395 0.001123
 404.000000 0.011559 0.952651 2.680203 0.001016
 405.000000 0.009759 0.971041 2.796569 0.000818
 406.000000 0.017564 0.891294 2.460598 0.001556
 407.000000 0.015336 0.915731 2.606246 0.001287
 408.000000 0.014083 0.949050 2.788034 0.001286
 409.000000 0.013207 0.970288 2.816662 0.001180
 410.000000 0.010052 1.001372 2.873169 0.000939
 411.000000 0.015678 0.933146 2.647851 0.001640
 412.000000 0.011569 0.950320 2.720872 0.001081
 413.000000 0.013983 0.948963 2.686584 0.001392
 414.000000 0.011249 0.970078 2.831507 0.001018
 415.000000 0.014797 0.928105 2.718245 0.001347
 416.000000 0.011901 0.958589 2.755877 0.001192
 417.000000 0.012451 0.951945 2.708493 0.001193
 418.000000 0.014686 0.940084 2.728563 0.001236
 419.000000 0.014762 0.957166 2.778509 0.001275
 420.000000 0.015144 0.942882 2.688562 0.001175
 421.000000 0.014066 0.950546 2.792259 0.001410
 422.000000 0.014363 0.953566 2.799339 0.001452
 423.000000 0.014491 0.937727 2.714706 0.001005
 424.000000 0.015717 0.933786 2.666603 0.001292
 425.000000 0.014776 0.936081 2.634988 0.001221
 426.000000 0.014761 0.935908 2.610001 0.001421
 427.000000 0.016189 0.924621 2.622196 0.001638
 428.000000 0.014620 0.943407 2.659358 0.001502
 429.000000 0.012483 0.940517 2.599735 0.001040
 430.000000 0.016427 0.940986 2.619522 0.001404
 431.000000 0.014113 0.943031 2.699738 0.001082
 432.000000 0.013856 0.952556 2.755031 0.001392
 433.000000 0.016169 0.929238 2.730521 0.001273
 434.000000 0.018059 0.926670 2.645152 0.001717
 435.000000 0.014631 0.931624 2.712443 0.001279
 436.000000 0.020902 0.869299 2.354783 0.001974
 437.000000 0.018397 0.880571 2.433076 0.001504
 438.000000 0.016393 0.906980 2.561701 0.001747
 439.000000 0.014352 0.930560 2.717712 0.001360
 440.000000 0.013458 0.949877 2.770444 0.001227
 441.000000 0.013267 0.967824 2.821706 0.001195
 442.000000 0.014556 0.949926 2.786640 0.001359
 443.000000 0.017961 0.925982 2.686394 0.001869
 444.000000 0.016498 0.939829 2.683124 0.001613
 445.000000 0.017706 0.926923 2.669462 0.001658
 446.000000 0.015879 0.937762 2.773892 0.001706
 447.000000 0.010184 0.960860 2.770469 0.001060
 448.000000 0.012212 0.952656 2.698890 0.001179
 449.000000 0.014234 0.915918 2.555924 0.001136
 450.000000 0.014904 0.913057 2.593620 0.001327
 451.000000 0.017751 0.896958 2.498010 0.001705
 452.000000 0.020227 0.879831 2.328758 0.001696
 453.000000 0.016362 0.914672 2.527762 0.001676
 454.000000 0.021401 0.872459 2.390672 0.002482
 455.000000 0.017606 0.899352 2.498229 0.001672
 456.000000 0.013142 0.925528 2.516499 0.001149
 457.000000 0.016046 0.896557 2.291486 0.001351
 458.000000 0.018580 0.869219 2.109153 0.003496
 459.000000 0.020630 0.832725 2.112235 0.002457
 460.000000 0.021027 0.865584 2.104998 0.001530
 461.000000 0.021973 0.849890 2.224397 0.002199
 462.000000 0.018903 0.862818 2.154603 0.001940
 463.000000 0.025647 0.835499 2.124715 0.002842
 464.000000 0.021801 0.878604 2.407964 0.003157
 465.000000 0.024715 0.872676 2.366312 0.006682
 466.000000 0.022295 0.849221 2.215459 0.002559
 467.000000 0.018923 0.862059 2.206511 0.003635
 468.000000 0.012592 0.903202 2.341370 0.001302
 469.000000 0.019693 0.856009 2.171396 0.004391
 470.000000 0.013521 0.891177 2.379108 0.003613
 471.000000 0.015609 0.874672 2.399640 0.001944
 472.000000 0.016561 0.843293 2.129114 0.001909
 473.000000 0.029642 0.855840 2.423452 0.003220
 474.000000 0.018743 0.888756 2.524569 0.001891
 475.000000 0.021824 0.883329 2.566568 0.002036
 476.000000 0.026033 0.850363 2.420528 0.004097
 477.000000 0.017890 0.890046 2.489661 0.002798
 478.000000 0.025988 0.866139 2.424669 0.001715
 479.000000 0.026902 0.815015 2.176199 0.002462
 480.000000 0.019474 0.838018 2.288520 0.001605
 481.000000 0.028750 0.819212 2.291538 0.001844
 482.000000 0.021526 0.849546 2.409923 0.001367
 483.000000 0.017654 0.884740 2.385703 0.002761
 484.000000 0.029494 0.848779 2.427724 0.002372
 485.000000 0.042381 0.793495 2.104503 0.005165
 486.000000 0.024580 0.812583 2.134657 0.002210
 487.000000 0.017812 0.833316 2.152371 0.001746
 488.000000 0.015421 0.849086 2.157486 0.001159
 489.000000 0.013448 0.889205 2.299174 0.002054
 490.000000 0.028744 0.873126 2.376692 0.009326
 491.000000 0.011359 0.931106 2.545549 0.002010
 492.000000 0.014259 0.873012 2.094085 0.001797
 493.000000 0.011123 0.912367 2.407335 0.001184
 494.000000 0.015714 0.888625 2.420673 0.001455
 495.000000 0.010390 0.946672 2.572129 0.001458
 496.000000 0.017476 0.931950 2.662437 0.001832
 497.000000 0.012179 0.949615 2.691060 0.001294
 498.000000 0.017110 0.883427 2.466548 0.001448
 499.000000 0.011795 0.940317 2.678128 0.001486
 500.000000 0.011726 0.948122 2.689614 0.001115
