#! FIELDS time alpha rg e2e hbond
 0.000000 1.093690 0.662141 1.888869 1.438164
 1.000000 1.299688 0.672387 1.928863 1.152937
 2.000000 1.113884 0.660272 1.801519 0.680553
 3.000000 0.243318 0.750385 2.092000 0.070547
 4.000000 0.407774 0.730447 2.027479 0.095240
 5.000000 0.210996 0.753457 2.089088 0.039004
 6.000000 0.257244 0.705476 1.910459 0.059100
 7.000000 0.257487 0.724335 1.979432 0.050952
 8.000000 0.394806 0.706765 1.897691 0.185684
 9.000000 0.474130 0.693044 1.899413 0.629150
 10.000000 0.388049 0.659123 1.798974 0.851905
 11.000000 0.410215 0.730164 2.071269 0.187725
 12.000000 0.407144 0.699220 2.004082 0.657811
 13.000000 0.415202 0.745669 2.153574 0.185767
 14.000000 0.348957 0.723538 2.082395 0.271497
 15.000000 0.133694 0.781796 2.270974 0.035258
 16.000000 0.355674 0.731068 2.109315 0.126437
 17.000000 0.592729 0.680355 1.846134 0.480077
 18.000000 0.324726 0.639756 1.538596 0.830365
 19.000000 0.427748 0.595666 1.306753 0.129601
 20.000000 0.477863 0.613205 1.433599 0.783784
 21.000000 0.300823 0.619353 1.445451 0.230413
 22.000000 0.295202 0.622576 1.401196 0.087547
 23.000000 0.356621 0.618646 1.324503 0.677696
 24.000000 0.335809 0.680954 1.725078 0.535641
 25.000000 0.215661 0.713846 1.677056 0.235176
 26.000000 0.239808 0.714088 1.744723 0.183097
 27.000000 0.278210 0.694774 1.690165 0.113108
 28.000000 0.259893 0.683124 1.767550 0.640691
 29.000000 0.415434 0.674890 1.712380 0.706103
 30.000000 0.252580 0.676536 1.833450 0.397822
 31.000000 0.449154 0.687309 1.973096 0.370756
 32.000000 0.280650 0.741614 2.099449 0.080634
 33.000000 0.379180 0.726001 2.100371 0.248069
 34.000000 0.259184 0.751302 2.102193 0.077536
 35.000000 0.288325 0.731242 2.031637 0.114343
 36.000000 0.421195 0.722174 2.058614 0.346678
 37.000000 0.348738 0.719317 2.002921 0.215705
 38.000000 0.359784 0.652791 1.759646 0.421770
 39.000000 0.228752 0.685163 1.868049 0.425867
 40.000000 0.262256 0.690480 1.916530 0.333107
 41.000000 0.234341 0.683773 1.791518 0.164732
 42.000000 0.108189 0.670277 1.511451 0.320740
 43.000000 0.078862 0.724627 1.866405 0.012032
 44.000000 0.073059 0.711839 1.574942 0.007895
 45.000000 0.121254 0.687680 1.529350 0.204947
 46.000000 0.056517 0.696300 1.351790 0.006922
 47.000000 0.081612 0.671642 1.340391 0.046537
 48.000000 0.080623 0.652813 1.076436 0.005918
 49.000000 0.069521 0.730314 1.699429 0.008112
 50.000000 0.038173 0.738534 1.469043 0.002799
 51.000000 0.075931 0.663912 1.277056 0.006520
 52.000000 0.091357 0.700817 1.631890 0.014028
 53.000000 0.059085 0.745305 1.848224 0.003580
 54.000000 0.048361 0.773544 2.132157 0.004177
 55.000000 0.044114 0.754654 1.934209 0.004007
 56.000000 0.046843 0.747597 1.792105 0.004097
 57.000000 0.058795 0.715479 1.718297 0.004233
 58.000000 0.069905 0.717279 1.797769 0.005192
 59.000000 0.068977 0.699615 1.551651 0.004891
 60.000000 0.067542 0.686919 1.408789 0.005635
 61.000000 0.123495 0.667619 1.476205 0.049486
 62.000000 0.132563 0.678793 1.705174 0.051998
 63.000000 0.207531 0.665283 1.520743 0.133227
 64.000000 0.146327 0.690264 1.619737 0.053236
 65.000000 0.049540 0.717481 1.696160 0.005064
 66.000000 0.069013 0.659002 1.516930 0.004507
 67.000000 0.064327 0.657107 1.233061 0.004584
 68.000000 0.069699 0.625441 1.162109 0.007466
 69.000000 0.077413 0.629441 1.214450 0.014867
 70.000000 0.078049 0.637790 1.258594 0.008518
 71.000000 0.104464 0.633286 1.173919 0.068336
 72.000000 0.076074 0.622343 1.013229 0.007173
 73.000000 0.067689 0.622598 0.900273 0.005920
 74.000000 0.052163 0.650535 0.915765 0.005277
 75.000000 0.046848 0.697437 1.218312 0.003348
 76.000000 0.060442 0.656554 0.955109 0.005497
 77.000000 0.029632 0.748024 1.533000 0.002458
 78.000000 0.039053 0.727437 1.590628 0.003989
 79.000000 0.046919 0.733460 1.599934 0.006431
 80.000000 0.046410 0.729350 1.691940 0.005374
 81.000000 0.077631 0.671242 1.474484 0.012542
 82.000000 0.063154 0.698025 1.602174 0.004723
 83.000000 0.040647 0.757605 1.724827 0.002474
 84.000000 0.038329 0.772484 1.892035 0.004702
 85.000000 0.050236 0.773365 1.936130 0.004964
 86.000000 0.031319 0.816428 2.178895 0.004347
 87.000000 0.034335 0.816798 2.145757 0.003808
 88.000000 0.030422 0.833162 2.224229 0.002243
 89.000000 0.026805 0.807926 2.082187 0.002174
 90.000000 0.027227 0.787994 2.065833 0.002183
 91.000000 0.030060 0.773913 1.924902 0.002630
 92.000000 0.034066 0.764081 1.928462 0.003694
 93.000000 0.041758 0.711744 1.687758 0.004191
 94.000000 0.034873 0.747125 1.861722 0.003610
 95.000000 0.030757 0.793007 2.073204 0.002131
 96.000000 0.017016 0.850672 2.253188 0.001497
 97.000000 0.021569 0.826038 2.080453 0.001955
 98.000000 0.016104 0.839040 2.156108 0.001677
 99.000000 0.029844 0.819554 2.147386 0.002598
 100.000000 0.031380 0.835644 2.323157 0.002486
 101.000000 0.026418 0.811105 2.179684 0.002048
 102.000000 0.026743 0.836379 2.275589 0.002653
 103.000000 0.033268 0.810813 2.196529 0.002000
 104.000000 0.035231 0.808541 2.086480 0.004206
 105.000000 0.025218 0.838251 2.224335 0.001807
 106.000000 0.029828 0.830430 2.257687 0.002749
 107.000000 0.021632 0.832512 2.178641 0.001857
 108.000000 0.034604 0.799633 2.108046 0.004156
 109.000000 0.026336 0.844724 2.282131 0.002147
 110.000000 0.024858 0.872790 2.366934 0.002214
 111.000000 0.038573 0.764344 1.788518 0.003032
 112.000000 0.048533 0.778451 2.049482 0.004477
 113.000000 0.047162 0.754210 1.836223 0.004758
 114.000000 0.067398 0.737512 1.885381 0.007100
 115.000000 0.042823 0.801980 2.060880 0.004806
 116.000000 0.047732 0.772768 1.887266 0.004671
 117.000000 0.032182 0.823168 2.106682 0.002559
 118.000000 0.024381 0.868663 2.349238 0.002282
 119.000000 0.024561 0.870416 2.368305 0.002004
 120.000000 0.034259 0.829284 2.426516 0.002471
 121.000000 0.019903 0.864577 2.263902 0.001870
 122.000000 0.025790 0.841392 2.292627 0.002289
 123.000000 0.025470 0.832813 2.197640 0.002180
 124.000000 0.035757 0.782393 1.854374 0.003727
 125.000000 0.037533 0.752136 1.735749 0.003720
 126.000000 0.027338 0.838472 2.275239 0.002049
 127.000000 0.024340 0.841138 2.174198 0.001892
 128.000000 0.023659 0.831217 2.134858 0.001597
 129.000000 0.027215 0.805594 1.990580 0.001856
 130.000000 0.052008 0.714731 1.580169 0.003396
 131.000000 0.040729 0.730732 1.585089 0.002723
 132.000000 0.036647 0.725001 1.554689 0.002377
 133.000000 0.025876 0.748767 1.580427 0.001911
 134.000000 0.027849 0.829388 2.141707 0.002196
 135.000000 0.022980 0.833245 2.202662 0.001598
 136.000000 0.016833 0.874466 2.382353 0.001288
 137.000000 0.022988 0.880543 2.567763 0.001628
 138.000000 0.024568 0.872854 2.495779 0.001964
 139.000000 0.028518 0.865586 2.555294 0.001840
 140.000000 0.025691 0.897478 2.598728 0.001684
 141.000000 0.016401 0.921130 2.665699 0.001820
 142.000000 0.010587 0.950411 2.739417 0.000886
 143.000000 0.036618 0.856271 2.422133 0.002766
 144.000000 0.058107 0.790029 2.212703 0.006840
 145.000000 0.039772 0.805143 2.215354 0.003803
 146.000000 0.033858 0.817341 2.192810 0.002918
 147.000000 0.034755 0.808528 2.156363 0.002707
 148.000000 0.027457 0.846233 2.310899 0.002236
 149.000000 0.028565 0.855270 2.427089 0.002549
 150.000000 0.028393 0.846079 2.258162 0.002772
 151.000000 0.043316 0.825618 2.238190 0.005461
 152.000000 0.033395 0.812851 2.198859 0.002736
 153.000000 0.030880 0.807959 2.193701 0.002885
 154.000000 0.024297 0.811153 2.023547 0.002592
 155.000000 0.026541 0.816063 1.993625 0.002513
 156.000000 0.030573 0.806330 2.036525 0.003365
 157.000000 0.025761 0.830842 2.156987 0.002239
 158.000000 0.032451 0.811548 2.122913 0.001951
 159.000000 0.056598 0.781412 2.099110 0.003448
 160.000000 0.037210 0.786218 2.103053 0.002289
 161.000000 0.029812 0.809120 2.071811 0.002802
 162.000000 0.040903 0.794132 2.104834 0.002459
 163.000000 0.024155 0.810651 2.138552 0.002009
 164.000000 0.032852 0.752726 1.841357 0.002784
 165.000000 0.023228 0.788362 2.004893 0.001971
 166.000000 0.034686 0.775865 1.966488 0.002996
 167.000000 0.025429 0.829895 2.097275 0.002588
 168.000000 0.027003 0.761244 1.716178 0.001996
 169.000000 0.056931 0.680442 1.380377 0.003487
 170.000000 0.029185 0.760742 1.631994 0.002657
 171.000000 0.024776 0.753450 1.565095 0.003349
 172.000000 0.044694 0.729094 1.748291 0.003296
 173.000000 0.045516 0.714772 1.679149 0.002753
 174.000000 0.040515 0.746950 1.859971 0.003333
 175.000000 0.038627 0.742531 2.009663 0.002876
 176.000000 0.028742 0.797869 2.114363 0.002526
 177.000000 0.026508 0.777081 1.933139 0.002342
 178.000000 0.037786 0.748574 1.826589 0.003479
 179.000000 0.029803 0.758706 1.825594 0.002473
 180.000000 0.040899 0.789164 2.097605 0.004491
 181.000000 0.026377 0.818413 2.150588 0.002546
 182.000000 0.031714 0.813638 2.148763 0.001813
 183.000000 0.037511 0.753403 1.913761 0.002235
 184.000000 0.024037 0.788488 2.039644 0.002255
 185.000000 0.029931 0.798003 1.999638 0.002064
 186.000000 0.027414 0.808008 2.122406 0.002057
 187.000000 0.038285 0.834679 2.406007 0.003523
 188.000000 0.032112 0.834170 2.327243 0.002406
 189.000000 0.038562 0.799188 2.202955 0.002177
 190.000000 0.029248 0.813754 2.151413 0.002879
 191.000000 0.039957 0.827331 2.287411 0.003897
 192.000000 0.029186 0.833404 2.368973 0.003300
 193.000000 0.020189 0.901165 2.598149 0.002495
 194.000000 0.026446 0.875849 2.552236 0.003018
 195.000000 0.028998 0.858503 2.397479 0.002693
 196.000000 0.030733 0.822024 2.121868 0.002184
 197.000000 0.031843 0.866076 2.517809 0.003020
 198.000000 0.036249 0.793081 2.104425 0.002437
 199.000000 0.034563 0.803530 2.122226 0.003439
 200.000000 0.029439 0.836642 2.251065 0.002820
 201.000000 0.059881 0.694021 1.554003 0.004821
 202.000000 0.076365 0.700980 1.632675 0.008638
 203.000000 0.078749 0.661911 1.229568 0.007867
 204.000000 0.096311 0.634359 1.333605 0.011360
 205.000000 0.088279 0.668323 1.340206 0.012286
 206.000000 0.117328 0.704728 1.603740 0.016475
 207.000000 0.109037 0.692422 1.546546 0.015677
 208.000000 0.121114 0.690014 1.420060 0.015118
 209.000000 0.099912 0.668454 1.358347 0.015388
 210.000000 0.069834 0.722824 1.671276 0.008440
 211.000000 0.100514 0.687254 1.495236 0.013113
 212.000000 0.066651 0.729818 1.670863 0.005752
 213.000000 0.084456 0.712757 1.393037 0.006947
 214.000000 0.071220 0.747596 1.732825 0.009584
 215.000000 0.088327 0.729282 1.728359 0.010617
 216.000000 0.132917 0.685438 1.457308 0.013957
 217.000000 0.102750 0.621508 1.061799 0.011299
 218.000000 0.130905 0.629926 1.235831 0.013624
 219.000000 0.112777 0.653715 1.238889 0.018359
 220.000000 0.103011 0.674966 1.467698 0.013769
 221.000000 0.070473 0.703854 1.512189 0.010720
 222.000000 0.166949 0.663579 1.529716 0.022865
 223.000000 0.144378 0.659554 1.490014 0.018208
 224.000000 0.140000 0.658921 1.553430 0.016920
 225.000000 0.178155 0.610514 1.331955 0.029890
 226.000000 0.192315 0.603302 1.051971 0.025833
 227.000000 0.126949 0.639527 1.008527 0.012998
 228.000000 0.142107 0.631298 1.100922 0.019670
 229.000000 0.107412 0.628714 1.161809 0.020756
 230.000000 0.113052 0.651830 1.228870 0.016141
 231.000000 0.085619 0.668596 1.134123 0.013917
 232.000000 0.087832 0.651641 1.007673 0.019377
 233.000000 0.080367 0.655272 1.031475 0.013461
 234.000000 0.116947 0.656041 1.221214 0.018121
 235.000000 0.159492 0.625114 1.070660 0.018554
 236.000000 0.077071 0.675645 1.229831 0.015661
 237.000000 0.063761 0.677479 1.152969 0.008901
 238.000000 0.110124 0.614531 0.850608 0.013817
 239.000000 0.150425 0.609039 0.862784 0.020558
 240.000000 0.100608 0.630934 1.002430 0.014793
 241.000000 0.182976 0.605265 1.246431 0.027025
 242.000000 0.199716 0.583804 1.129461 0.033174
 243.000000 0.185934 0.602209 1.142345 0.024637
 244.000000 0.121264 0.581999 0.937667 0.017429
 245.000000 0.147145 0.633692 1.273680 0.019967
 246.000000 0.113102 0.650981 1.354915 0.014793
 247.000000 0.109784 0.652802 1.439689 0.022079
 248.000000 0.150826 0.610565 1.212983 0.024298
 249.000000 0.156411 0.632423 1.379321 0.018335
 250.000000 0.097197 0.659435 1.193366 0.008212
 251.000000 0.139636 0.623496 1.123859 0.018307
 252.000000 0.097076 0.638102 1.177012 0.016550
 253.000000 0.096375 0.628518 1.089303 0.014402
 254.000000 0.150713 0.580953 0.957366 0.018199
 255.000000 0.131366 0.585399 0.944078 0.030452
 256.000000 0.160441 0.602489 1.004078 0.024706
 257.000000 0.158706 0.595998 1.216349 0.016869
 258.000000 0.154595 0.610624 1.062466 0.015219
 259.000000 0.146570 0.636934 1.355279 0.019064
 260.000000 0.161437 0.634869 1.409420 0.028569
 261.000000 0.183662 0.650448 1.385215 0.018973
 262.000000 0.111214 0.622888 1.102230 0.010659
 263.000000 0.150493 0.586272 0.672400 0.010245
 264.000000 0.125339 0.611919 0.693369 0.010792
 265.000000 0.124028 0.655597 0.961585 0.011062
 266.000000 0.117280 0.647969 0.963571 0.008520
 267.000000 0.085059 0.656465 1.060847 0.005980
 268.000000 0.066757 0.656467 1.051249 0.014858
 269.000000 0.100349 0.648953 1.100690 0.009308
 270.000000 0.115446 0.643698 1.059305 0.007304
 271.000000 0.171387 0.606315 1.033895 0.016871
 272.000000 0.168485 0.602204 1.126274 0.013377
 273.000000 0.146996 0.604815 0.987374 0.009606
 274.000000 0.131696 0.641146 1.135995 0.015845
 275.000000 0.179654 0.644493 1.343825 0.017509
 276.000000 0.322562 0.614043 1.329605 0.064684
 277.000000 0.282645 0.658842 1.577667 0.041671
 278.000000 0.145068 0.666576 1.283470 0.015117
 279.000000 0.161196 0.628904 1.170940 0.013565
 280.000000 0.195826 0.614547 1.139057 0.019371
 281.000000 0.248377 0.602903 1.262156 0.027054
 282.000000 0.210431 0.600407 1.179202 0.036571
 283.000000 0.206632 0.640323 1.338887 0.028778
 284.000000 0.225136 0.632938 1.428674 0.028624
 285.000000 0.167587 0.657103 1.496023 0.020752
 286.000000 0.191639 0.633542 1.262218 0.019439
 287.000000 0.187400 0.625690 1.291019 0.020104
 288.000000 0.163084 0.633242 1.197986 0.016813
 289.000000 0.307238 0.602942 1.318841 0.029976
 290.000000 0.200592 0.610188 1.296502 0.031817
 291.000000 0.271069 0.617559 1.376865 0.032557
 292.000000 0.380501 0.584875 1.341573 0.063752
 293.000000 0.249109 0.568990 1.133083 0.185569
 294.000000 0.157329 0.579493 1.255114 0.085434
 295.000000 0.236115 0.595974 1.315425 0.080686
 296.000000 0.714559 0.598338 1.378569 0.651458
 297.000000 0.976903 0.630721 1.630295 0.785974
 298.000000 0.573075 0.632774 1.569843 0.236136
 299.000000 0.292712 0.676444 1.809807 0.095587
 300.000000 0.272837 0.645243 1.723504 0.033150
 301.000000 0.389061 0.685355 1.881374 0.499733
 302.000000 0.202408 0.674390 1.812680 0.036303
 303.000000 0.135678 0.745616 2.110110 0.025128
 304.000000 0.093424 0.765138 2.229432 0.011571
 305.000000 0.140889 0.698749 1.990370 0.067282
 306.000000 0.100102 0.687068 1.902199 0.007259
 307.000000 0.077040 0.709883 1.913985 0.004529
 308.000000 0.116992 0.665489 1.687194 0.008638
 309.000000 0.177587 0.655741 1.748474 0.028255
 310.000000 0.104054 0.680042 1.852603 0.011621
 311.000000 0.106627 0.688292 1.842841 0.006589
 312.000000 0.083232 0.729632 2.038982 0.006615
 313.000000 0.159057 0.708013 2.000366 0.231179
 314.000000 1.201629 0.751959 2.253051 0.539903
 315.000000 1.020269 0.736751 2.167771 0.372438
 316.000000 0.876596 0.739986 2.187626 0.105632
 317.000000 1.056510 0.721457 2.123858 0.296270
 318.000000 0.317544 0.749660 2.220896 0.082031
 319.000000 0.215920 0.737140 2.133016 0.057920
 320.000000 0.491220 0.767739 2.253062 0.277504
 321.000000 0.536349 0.745345 2.140900 0.264053
 322.000000 0.358241 0.732055 2.030372 0.394397
 323.000000 0.385737 0.731442 1.986956 0.371282
 324.000000 0.274849 0.736988 2.092183 0.163682
 325.000000 0.446499 0.741653 2.125788 0.333989
 326.000000 0.650620 0.770604 2.184579 0.686072
 327.000000 0.301488 0.783598 2.259653 0.218489
 328.000000 0.585328 0.761850 2.183066 0.356181
 329.000000 0.248292 0.771015 2.207327 0.200403
 330.000000 0.449325 0.734299 1.965423 0.681774
 331.000000 0.492149 0.742815 2.092161 0.732523
 332.000000 0.142599 0.780045 2.038951 0.092263
 333.000000 0.291261 0.766023 2.209869 0.098317
 334.000000 0.654813 0.746385 2.172320 0.222530
 335.000000 0.242446 0.742158 2.004497 0.092077
 336.000000 0.385750 0.687799 1.775711 0.193466
 337.000000 0.230952 0.732686 1.789122 0.084027
 338.000000 0.258865 0.678692 1.472984 0.210585
 339.000000 0.211440 0.715501 1.697324 0.128254
 340.000000 0.180996 0.711099 1.730450 0.083641
 341.000000 0.116523 0.758920 2.056731 0.024145
 342.000000 0.180340 0.736385 1.958785 0.046960
 343.000000 0.239924 0.754944 1.744327 0.125290
 344.000000 0.114357 0.744020 1.828272 0.065955
 345.000000 1.023824 0.726871 2.010394 0.555894
 346.000000 1.100203 0.686536 1.957692 0.296973
 347.000000 0.309458 0.727818 1.936851 0.122518
 348.000000 0.275601 0.746921 1.849200 0.103424
 349.000000 0.213346 0.766155 1.879253 0.163159
 350.000000 0.606198 0.736762 1.884150 0.779282
 351.000000 0.696560 0.689818 1.760809 0.843582
 352.000000 0.424915 0.759604 2.099118 0.345428
 353.000000 0.210414 0.754781 1.895792 0.707594
 354.000000 0.146171 0.744554 1.732143 0.024354
 355.000000 0.191036 0.774737 1.989080 0.082497
 356.000000 0.141973 0.751992 1.839611 0.028203
 357.000000 0.431897 0.686641 1.603562 0.173923
 358.000000 0.627325 0.678906 1.592529 0.206504
 359.000000 0.701106 0.694663 1.601221 0.344681
 360.000000 1.227344 0.688975 1.764993 0.572854
 361.000000 1.280050 0.629995 1.468765 1.009775
 362.000000 1.169434 0.630246 1.507508 1.263374
 363.000000 1.338226 0.620587 1.513560 1.473567
 364.000000 1.225866 0.605181 1.481640 1.342445
 365.000000 1.178105 0.628287 1.680095 1.021863
 366.000000 1.237722 0.614201 1.522801 1.176390
 367.000000 1.075383 0.616186 1.575720 0.912948
 368.000000 1.218802 0.587075 1.495798 1.593722
 369.000000 1.305331 0.649741 1.657247 0.946507
 370.000000 1.312915 0.639866 1.648389 0.911312
 371.000000 1.291619 0.639581 1.714805 1.164556
 372.000000 1.278651 0.619314 1.714110 0.995612
 373.000000 1.148713 0.594739 1.475783 1.526136
 374.000000 1.182920 0.627652 1.633529 1.246416
 375.000000 1.271948 0.620349 1.641526 1.429186
 376.000000 1.237208 0.620522 1.569900 0.797842
 377.000000 1.407294 0.638556 1.750910 1.142568
 378.000000 1.282369 0.616584 1.677892 1.600549
 379.000000 1.292271 0.623897 1.691804 1.522757
 380.000000 1.275830 0.617563 1.630503 1.012648
 381.000000 1.232246 0.610378 1.582872 1.012536
 382.000000 1.140902 0.673087 1.780007 0.342852
 383.000000 1.378998 0.658515 1.729463 1.288456
 384.000000 1.206093 0.608265 1.573273 1.146802
 385.000000 1.272380 0.601887 1.577471 1.480047
 386.000000 1.239292 0.608133 1.565710 1.670244
 387.000000 1.166621 0.625989 1.538226 1.373453
 388.000000 1.293972 0.629365 1.549308 1.110178
 389.000000 1.224542 0.644958 1.667275 1.045171
 390.000000 1.178258 0.654264 1.691883 0.455505
 391.000000 0.776292 0.656868 1.641716 0.293464
 392.000000 1.312838 0.651670 1.649265 0.548909
 393.000000 1.248374 0.628086 1.526096 0.693120
 394.000000 1.151133 0.665059 1.746293 0.529355
 395.000000 1.130682 0.659505 1.709558 0.477189
 396.000000 1.354291 0.617485 1.548891 1.208467
 397.000000 1.272635 0.602901 1.575481 1.184901
 398.000000 1.226843 0.604392 1.502219 0.943007
 399.000000 1.185109 0.621032 1.667856 1.017271
 400.000000 1.116188 0.616552 1.507307 0.673393
 401.000000 1.370277 0.642540 1.609878 1.216776
 402.000000 1.246048 0.606216 1.587776 1.506490
 403.000000 1.224087 0.648775 1.649451 0.627920
 404.000000 1.279895 0.629005 1.643870 1.064530
 405.000000 1.175792 0.603871 1.332289 1.454073
 406.000000 1.388399 0.622882 1.566256 0.912752
 407.000000 1.179563 0.628083 1.604650 0.635827
 408.000000 1.308045 0.648562 1.673947 0.793432
 409.000000 1.299131 0.624131 1.609257 1.204234
 410.000000 1.167410 0.614801 1.653314 0.977194
 411.000000 1.173095 0.643984 1.731957 1.459931
 412.000000 1.343628 0.622524 1.633513 1.540801
 413.000000 1.321079 0.663446 1.747854 0.528405
 414.000000 1.208808 0.631845 1.651176 1.280804
 415.000000 1.204277 0.621257 1.594248 1.192489
 416.000000 1.279805 0.605829 1.510130 1.203335
 417.000000 1.348652 0.642403 1.663665 0.669958
 418.000000 0.977871 0.657738 1.574604 0.441628
 419.000000 1.250455 0.669484 1.705871 0.857776
 420.000000 1.148674 0.647004 1.663769 1.311262
 421.000000 1.165320 0.648461 1.571353 0.706478
 422.000000 1.244437 0.621487 1.583364 1.535084
 423.000000 1.269008 0.618396 1.639484 1.039789
 424.000000 1.144302 0.617600 1.638277 0.998119
 425.000000 1.267896 0.610300 1.538802 0.929629
 426.000000 1.206530 0.603240 1.491202 1.685208
 427.000000 1.257241 0.636117 1.620234 1.225259
 428.000000 1.139652 0.608955 1.376660 1.271942
 429.000000 1.123154 0.627126 1.528915 1.441265
 430.000000 1.313066 0.635342 1.538870 1.245907
 431.000000 1.221852 0.628366 1.675327 0.762726
 432.000000 1.235413 0.624998 1.697109 1.630062
 433.000000 1.299842 0.618638 1.657527 1.318882
 434.000000 1.188980 0.628010 1.614341 0.990562
 435.000000 1.234654 0.611625 1.630390 1.265087
 436.000000 1.239884 0.618378 1.656162 1.080039
 437.000000 1.218335 0.624099 1.567328 1.466457
 438.000000 1.309893 0.628029 1.665235 1.586412
 439.000000 1.383948 0.654905 1.778890 1.053859
 440.000000 0.705982 0.680554 1.868105 0.349117
 441.000000 1.263983 0.679630 1.856828 1.092849
 442.000000 1.251334 0.626235 1.592121 1.208035
 443.000000 1.117738 0.661295 1.741931 0.909907
 444.000000 1.185084 0.613308 1.662012 1.056671
 445.000000 1.134740 0.603419 1.553318 1.637829
 446.000000 1.317909 0.616613 1.631370 1.060628
 447.000000 1.187433 0.634756 1.601582 0.412371
 448.000000 1.155433 0.614563 1.608568 1.356333
 449.000000 1.123613 0.634417 1.622483 0.758920
 450.000000 1.027943 0.594975 1.439483 1.425871
 451.000000 1.102378 0.652511 1.447942 0.622776
 452.000000 1.297444 0.659422 1.714593 1.357370
 453.000000 1.262816 0.643104 1.613178 0.832662
 454.000000 1.234623 0.638563 1.673040 0.647901
 455.000000 1.124788 0.594880 1.367149 1.178747
 456.000000 1.403735 0.634681 1.695202 1.064448
 457.000000 1.262393 0.628355 1.633826 1.104934
 458.000000 1.228976 0.613883 1.649844 0.967856
 459.000000 1.244842 0.612242 1.565496 1.722206
 460.000000 1.153849 0.615248 1.641271 1.199111
 461.000000 1.224710 0.597614 1.542087 1.209791
 462.000000 0.525669 0.570199 1.152318 1.022513
 463.000000 0.744888 0.580645 1.162864 0.877815
 464.000000 0.438714 0.557636 1.165475 0.883484
 465.000000 0.412075 0.595656 1.137446 0.908299
 466.000000 0.435235 0.603845 1.156782 0.765789
 467.000000 0.620933 0.585062 1.020268 0.914667
 468.000000 0.697947 0.549598 0.858394 1.338978
 469.000000 1.201026 0.624145 1.394663 1.172964
 470.000000 1.321214 0.613169 1.501248 1.586670
 471.000000 1.395381 0.628226 1.699381 1.472051
 472.000000 1.221332 0.652498 1.794971 0.799960
 473.000000 1.206959 0.627460 1.647804 0.962253
 474.000000 1.146601 0.665694 1.688818 0.841498
 475.000000 1.293853 0.630307 1.685795 1.614209
 476.000000 1.354665 0.629665 1.625326 1.196220
 477.000000 1.273970 0.668609 1.774919 1.387743
 478.000000 1.183954 0.629272 1.492053 1.165439
 479.000000 1.203447 0.621874 1.601487 1.450773
 480.000000 1.076260 0.627836 1.741370 0.365832
 481.000000 1.336192 0.625906 1.562551 0.684778
 482.000000 1.164419 0.643769 1.614407 0.702550
 483.000000 0.720169 0.646843 1.614376 0.248782
 484.000000 1.058560 0.611829 1.504679 1.185230
 485.000000 1.236545 0.613744 1.570008 1.145303
 486.000000 1.271191 0.624122 1.653315 1.248715
 487.000000 1.246289 0.604944 1.595586 1.023597
 488.000000 1.297815 0.619042 1.597602 1.277946
 489.000000 1.220685 0.611315 1.512267 1.284711
 490.000000 1.269647 0.638309 1.759170 1.311736
 491.000000 1.308239 0.671150 1.735300 1.190248
 492.000000 1.144197 0.639849 1.566525 0.441110
 493.000000 1.281502 0.621132 1.698718 1.339394
 494.000000 1.308823 0.652824 1.774213 0.660232
 495.000000 0.828517 0.674690 1.743689 0.227980
 496.000000 1.002501 0.673445 1.704228 0.457883
 497.000000 1.297718 0.645805 1.632779 0.780226
 498.000000 1.137286 0.670478 1.799341 0.549123
 499.000000 1.260207 0.634736 1.701623 1.372783
 500.000000 1.308490 0.633207 1.775209 1.292817
