#! FIELDS time alpha rg e2e hbond
 0.000000 0.004911 1.077877 3.190237 0.000460
 1.000000 0.008985 1.014354 2.966261 0.001071
 2.000000 0.015179 0.923718 2.674531 0.002121
 3.000000 0.010889 0.961571 2.765185 0.000979
 4.000000 0.013852 0.960204 2.711880 0.001231
 5.000000 0.027704 0.869185 2.493265 0.002717
 6.000000 0.023190 0.872883 2.485650 0.002090
 7.000000 0.032782 0.853745 2.377111 0.004245
 8.000000 0.030011 0.837459 2.282002 0.002384
 9.000000 0.015289 0.891058 2.468037 0.001805
 10.000000 0.021015 0.840790 2.327782 0.002177
 11.000000 0.045439 0.801181 2.232592 0.002889
 12.000000 0.027838 0.823443 2.124263 0.002787
 13.000000 0.035913 0.817548 2.137226 0.003860
 14.000000 0.030308 0.829995 2.280917 0.002464
 15.000000 0.016600 0.905195 2.588302 0.001376
 16.000000 0.028063 0.874147 2.530346 0.002033
 17.000000 0.035301 0.847502 2.332354 0.004035
 18.000000 0.047517 0.804744 2.140928 0.005061
 19.000000 0.024761 0.808117 1.937650 0.002623
 20.000000 0.028374 0.810028 2.031054 0.002487
 21.000000 0.031009 0.833623 2.270108 0.002958
 22.000000 0.028588 0.835549 2.165143 0.002623
 23.000000 0.020772 0.881837 2.406660 0.001846
 24.000000 0.036644 0.822503 2.237360 0.003951
 25.000000 0.033810 0.795891 1.945387 0.003557
 26.000000 0.038068 0.798699 1.896442 0.004896
 27.000000 0.030159 0.839402 2.241782 0.003215
 28.000000 0.048475 0.766949 1.814855 0.004303
 29.000000 0.037093 0.801706 2.038407 0.005154
 30.000000 0.044071 0.778270 1.951957 0.005333
 31.000000 0.030257 0.814189 2.046124 0.003237
 32.000000 0.030230 0.803469 2.037257 0.003283
 33.000000 0.016616 0.871321 2.492177 0.002465
 34.000000 0.014444 0.908639 2.498337 0.001656
 35.000000 0.021680 0.862374 2.371633 0.002924
 36.000000 0.035420 0.811668 2.212425 0.004136
 37.000000 0.023515 0.842576 2.250288 0.002421
 38.000000 0.035003 0.815471 2.240228 0.002762
 39.000000 0.025580 0.813470 2.113671 0.001961
 40.000000 0.027278 0.805047 2.117078 0.002403
 41.000000 0.053605 0.760172 2.051268 0.004990
 42.000000 0.027033 0.778234 1.887383 0.002308
 43.000000 0.037119 0.740632 1.703318 0.002440
 44.000000 0.049546 0.705329 1.586000 0.004166
 45.000000 0.085750 0.681953 1.497778 0.023476
 46.000000 0.087610 0.675833 1.359850 0.034062
 47.000000 0.082412 0.679047 1.259463 0.020929
 48.000000 0.070565 0.686055 1.218666 0.008884
 49.000000 0.038583 0.706512 1.454094 0.002656
 50.000000 0.070798 0.674076 1.293894 0.004651
 51.000000 0.107056 0.668146 1.322242 0.063538
 52.000000 0.090235 0.668309 1.186580 0.036269
 53.000000 0.077715 0.670953 1.278919 0.062136
 54.000000 0.094491 0.672310 1.376541 0.047084
 55.000000 0.088515 0.638990 1.236164 0.033997
 56.000000 0.093263 0.615806 1.209147 0.076837
 57.000000 0.094188 0.632187 1.302126 0.091886
 58.000000 0.101432 0.678594 1.623886 0.026838
 59.000000 0.066646 0.665108 1.265285 0.035273
 60.000000 0.100651 0.607642 1.070500 0.026589
 61.000000 0.111493 0.575151 0.889617 0.146066
 62.000000 0.083191 0.661561 1.432823 0.033103
 63.000000 0.122985 0.629225 1.276655 0.034427
 64.000000 0.086446 0.639049 1.174766 0.036907
 65.000000 0.104678 0.617959 1.371955 0.066222
 66.000000 0.105661 0.609020 1.371249 0.045079
 67.000000 0.078849 0.661024 1.573458 0.010705
 68.000000 0.070358 0.702774 1.773391 0.006550
 69.000000 0.113203 0.707611 1.804798 0.013516
 70.000000 0.231052 0.678705 1.579436 0.024786
 71.000000 0.106089 0.744095 1.869522 0.010815
 72.000000 0.089229 0.751762 2.037034 0.009526
 73.000000 0.133017 0.732648 2.034729 0.028029
 74.000000 0.167023 0.702396 1.896750 0.023503
 75.000000 0.153142 0.706709 1.900458 0.024000
 76.000000 0.143044 0.716570 1.920170 0.018404
 77.000000 0.095158 0.769940 2.136913 0.010177
 78.000000 0.173956 0.691463 1.843729 0.013700
 79.000000 0.118661 0.724620 1.904551 0.036756
 80.000000 0.195644 0.752263 2.086049 0.035187
 81.000000 0.160116 0.761228 2.160230 0.016254
 82.000000 0.041377 0.782746 1.870350 0.003389
 83.000000 0.112552 0.749119 1.965392 0.016015
 84.000000 0.165421 0.743750 1.847412 0.015215
 85.000000 0.185472 0.744932 1.843175 0.013176
 86.000000 0.067706 0.814109 2.183149 0.006399
 87.000000 0.090592 0.788150 1.971406 0.007952
 88.000000 0.129823 0.758476 1.938931 0.008829
 89.000000 0.162884 0.762180 2.091424 0.013079
 90.000000 0.244672 0.738555 2.033970 0.029209
 91.000000 0.157034 0.746622 1.946322 0.012940
 92.000000 0.279673 0.727676 1.965121 0.025320
 93.000000 0.227115 0.708109 1.860671 0.028376
 94.000000 0.199890 0.704640 1.816396 0.086118
 95.000000 0.096754 0.692720 1.691796 0.140036
 96.000000 0.072148 0.730931 1.842486 0.008515
 97.000000 0.124841 0.728557 1.944180 0.009237
 98.000000 0.065593 0.754169 1.971393 0.006083
 99.000000 0.040725 0.746899 1.885322 0.002143
 100.000000 0.078510 0.732889 1.886661 0.012891
 101.000000 0.085590 0.714053 1.849351 0.005527
 102.000000 0.084048 0.734242 1.930631 0.006020
 103.000000 0.063332 0.703797 1.588268 0.008062
 104.000000 0.051047 0.715492 1.737565 0.003796
 105.000000 0.142564 0.666988 1.742007 0.013094
 106.000000 0.126674 0.687406 1.780756 0.011043
 107.000000 0.106464 0.667709 1.796257 0.007588
 108.000000 0.100925 0.655969 1.680583 0.014567
 109.000000 0.118433 0.632087 1.487460 0.043878
 110.000000 0.073300 0.710523 1.890014 0.005835
 111.000000 0.112478 0.692738 1.835624 0.012844
 112.000000 0.121145 0.716474 1.741444 0.015804
 113.000000 0.057791 0.713172 1.654338 0.003669
 114.000000 0.086158 0.719981 1.919700 0.006081
 115.000000 0.109435 0.683717 1.709770 0.013085
 116.000000 0.125272 0.660988 1.613997 0.017116
 117.000000 0.102210 0.647877 1.617641 0.022408
 118.000000 0.102457 0.681211 1.743121 0.014288
 119.000000 0.113596 0.658349 1.629833 0.019295
 120.000000 0.166366 0.684756 1.899329 0.016144
 121.000000 0.191005 0.725799 2.057695 0.023929
 122.000000 0.167127 0.740668 2.000401 0.037152
 123.000000 0.070589 0.752960 2.029693 0.005676
 124.000000 0.069949 0.752812 2.119944 0.009320
 125.000000 0.065899 0.777538 2.212205 0.004067
 126.000000 0.031211 0.848672 2.360426 0.002259
 127.000000 0.052599 0.762242 2.065425 0.004772
 128.000000 0.050477 0.752795 1.889620 0.004309
 129.000000 0.032758 0.780829 1.996470 0.002897
 130.000000 0.033826 0.781652 2.060872 0.002621
 131.000000 0.027390 0.809709 2.131944 0.002049
 132.000000 0.038706 0.778268 2.107146 0.003298
 133.000000 0.068919 0.752568 2.087442 0.004277
 134.000000 0.041318 0.775324 1.967277 0.002270
 135.000000 0.028370 0.799451 1.844508 0.002642
 136.000000 0.023724 0.869835 2.241623 0.002255
 137.000000 0.016677 0.894779 2.212238 0.001590
 138.000000 0.021544 0.856275 2.127941 0.002306
 139.000000 0.016492 0.909853 2.388619 0.001441
 140.000000 0.015288 0.895602 2.362222 0.001807
 141.000000 0.016589 0.900064 2.292043 0.001704
 142.000000 0.021689 0.866452 2.302415 0.002375
 143.000000 0.016857 0.913208 2.490383 0.002201
 144.000000 0.013560 0.921680 2.557796 0.001623
 145.000000 0.012987 0.921414 2.489087 0.001609
 146.000000 0.018314 0.903472 2.594772 0.002005
 147.000000 0.014882 0.894820 2.500755 0.001591
 148.000000 0.018336 0.886084 2.475531 0.002424
 149.000000 0.012622 0.928879 2.652340 0.001552
 150.000000 0.015717 0.916269 2.587905 0.002104
 151.000000 0.015683 0.882523 2.443366 0.001671
 152.000000 0.018894 0.852539 2.339994 0.001686
 153.000000 0.020147 0.854580 2.245925 0.001532
 154.000000 0.022235 0.836517 2.200332 0.002756
 155.000000 0.024583 0.842061 2.236445 0.001931
 156.000000 0.022518 0.858471 2.214755 0.001427
 157.000000 0.016552 0.874358 2.340710 0.001615
 158.000000 0.013055 0.904061 2.344820 0.001127
 159.000000 0.017881 0.861851 2.210539 0.001453
 160.000000 0.020250 0.861247 2.255354 0.001832
 161.000000 0.023306 0.858013 2.320638 0.001799
 162.000000 0.024749 0.851878 2.307608 0.001918
 163.000000 0.021585 0.873788 2.389035 0.001900
 164.000000 0.026192 0.862894 2.348240 0.003440
 165.000000 0.029023 0.871493 2.450446 0.003192
 166.000000 0.022290 0.872191 2.413428 0.002209
 167.000000 0.028810 0.846982 2.388360 0.002497
 168.000000 0.041968 0.792910 2.058994 0.002655
 169.000000 0.025341 0.818423 2.129515 0.001749
 170.000000 0.027036 0.830586 2.226509 0.002463
 171.000000 0.030866 0.834494 2.341283 0.001885
 172.000000 0.043880 0.783101 2.046300 0.004230
 173.000000 0.030232 0.792047 2.008917 0.001741
 174.000000 0.015222 0.910445 2.556515 0.001097
 175.000000 0.021639 0.878454 2.492220 0.001495
 176.000000 0.014819 0.911009 2.541987 0.001473
 177.000000 0.019008 0.889573 2.461936 0.001816
 178.000000 0.024297 0.854494 2.212494 0.001828
 179.000000 0.039420 0.833786 2.195196 0.005208
 180.000000 0.024442 0.850872 2.200390 0.002312
 181.000000 0.023394 0.852789 2.318227 0.003131
 182.000000 0.042337 0.792917 2.087016 0.004818
 183.000000 0.029417 0.824861 2.087871 0.003345
 184.000000 0.052975 0.755848 1.685061 0.005604
 185.000000 0.030367 0.782041 1.771002 0.002767
 186.000000 0.039057 0.775174 1.842738 0.002935
 187.000000 0.042505 0.774490 1.679757 0.004671
 188.000000 0.045874 0.756205 1.666096 0.003856
 189.000000 0.042505 0.774659 1.773199 0.004039
 190.000000 0.043767 0.786657 1.906567 0.004870
 191.000000 0.030634 0.825374 2.145036 0.003226
 192.000000 0.025089 0.841814 2.211532 0.003118
 193.000000 0.016934 0.882766 2.288070 0.001983
 194.000000 0.019747 0.896764 2.392980 0.001787
 195.000000 0.020790 0.884551 2.382079 0.002039
 196.000000 0.017807 0.897915 2.538629 0.002053
 197.000000 0.024408 0.861998 2.408399 0.002994
 198.000000 0.033290 0.828107 2.347952 0.003149
 199.000000 0.019386 0.867756 2.430863 0.002075
 200.000000 0.036949 0.806608 2.189028 0.003820
 201.000000 0.036121 0.801893 2.060936 0.008376
 202.000000 0.035696 0.811621 2.181471 0.003584
 203.000000 0.066723 0.767524 1.940723 0.011716
 204.000000 0.039839 0.785721 2.017947 0.003526
 205.000000 0.027419 0.810141 2.151579 0.002087
 206.000000 0.028821 0.797970 1.905948 0.001786
 207.000000 0.019931 0.848209 2.184863 0.001680
 208.000000 0.040633 0.797084 2.170518 0.003874
 209.000000 0.038015 0.793345 1.877786 0.003374
 210.000000 0.033061 0.811094 1.976026 0.002420
 211.000000 0.029448 0.828844 1.980428 0.002638
 212.000000 0.023981 0.855132 2.222183 0.002086
 213.000000 0.016906 0.900104 2.442524 0.001463
 214.000000 0.018570 0.879910 2.393726 0.001447
 215.000000 0.019331 0.868937 2.318357 0.002395
 216.000000 0.028095 0.814789 2.109738 0.003120
 217.000000 0.033366 0.782712 1.994518 0.003085
 218.000000 0.024323 0.808246 1.965688 0.002753
 219.000000 0.025242 0.820738 2.025402 0.002403
 220.000000 0.051390 0.753538 1.847970 0.003373
 221.000000 0.041730 0.751698 1.538810 0.003226
 222.000000 0.052785 0.730524 1.577697 0.003745
 223.000000 0.067867 0.715861 1.531457 0.010705
 224.000000 0.056236 0.745772 1.630301 0.008281
 225.000000 0.031828 0.786526 1.772298 0.002947
 226.000000 0.054332 0.722955 1.566860 0.006861
 227.000000 0.030256 0.757297 1.483117 0.003065
 228.000000 0.039073 0.756660 1.534538 0.004205
 229.000000 0.060088 0.699728 1.231101 0.010461
 230.000000 0.035306 0.783403 1.787505 0.004320
 231.000000 0.031524 0.781887 1.709957 0.002796
 232.000000 0.030087 0.812313 1.888062 0.003285
 233.000000 0.046758 0.751341 1.523439 0.004697
 234.000000 0.056563 0.729571 1.515970 0.007441
 235.000000 0.059683 0.694447 1.349191 0.010359
 236.000000 0.024466 0.767945 1.707679 0.002030
 237.000000 0.025175 0.803967 2.102508 0.001935
 238.000000 0.063754 0.750714 1.750371 0.005715
 239.000000 0.029951 0.812128 2.095347 0.003094
 240.000000 0.039273 0.801162 1.963000 0.004342
 241.000000 0.043742 0.790387 2.029044 0.003811
 242.000000 0.027013 0.820207 2.050204 0.002209
 243.000000 0.037303 0.802538 2.194725 0.004502
 244.000000 0.047939 0.779466 1.909534 0.008709
 245.000000 0.038361 0.800892 2.114622 0.003177
 246.000000 0.025470 0.866312 2.412232 0.001970
 247.000000 0.036401 0.827904 2.236516 0.004265
 248.000000 0.048073 0.790356 2.263327 0.003510
 249.000000 0.036747 0.816554 2.218603 0.002598
 250.000000 0.038379 0.802704 2.196231 0.002384
 251.000000 0.026403 0.856450 2.271529 0.002401
 252.000000 0.033462 0.821408 2.232289 0.002379
 253.000000 0.026133 0.799402 2.004091 0.001928
 254.000000 0.031410 0.810789 2.049170 0.002572
 255.000000 0.047335 0.758462 1.795785 0.003926
 256.000000 0.033088 0.785013 1.833173 0.002760
 257.000000 0.031799 0.793878 1.838233 0.003282
 258.000000 0.023755 0.834414 2.222943 0.002332
 259.000000 0.032139 0.806183 2.080427 0.003154
 260.000000 0.044423 0.750555 1.541125 0.003834
 261.000000 0.026494 0.827269 1.932703 0.002209
 262.000000 0.030753 0.854334 2.282212 0.003068
 263.000000 0.017666 0.882513 2.343825 0.001388
 264.000000 0.022852 0.891785 2.562250 0.002693
 265.000000 0.023260 0.841226 2.288984 0.001962
 266.000000 0.023938 0.844770 2.336476 0.001937
 267.000000 0.022699 0.847930 2.342779 0.001903
 268.000000 0.033942 0.813582 2.141081 0.003095
 269.000000 0.019042 0.878177 2.391403 0.002282
 270.000000 0.018668 0.893825 2.524563 0.002239
 271.000000 0.015665 0.917283 2.564830 0.001383
 272.000000 0.021362 0.883341 2.444137 0.002271
 273.000000 0.017174 0.911476 2.535582 0.001819
 274.000000 0.013299 0.948843 2.620254 0.001835
 275.000000 0.017790 0.922046 2.592561 0.002279
 276.000000 0.018020 0.909505 2.576210 0.002128
 277.000000 0.023815 0.877570 2.458973 0.002547
 278.000000 0.013875 0.938619 2.640812 0.001241
 279.000000 0.010288 0.961062 2.728100 0.001085
 280.000000 0.010248 0.971072 2.838135 0.001122
 281.000000 0.014086 0.947669 2.750543 0.001551
 282.000000 0.016761 0.924460 2.506918 0.002011
 283.000000 0.074795 0.790646 2.259381 0.012624
 284.000000 0.060460 0.837458 2.343670 0.008731
 285.000000 0.109514 0.781974 2.220726 0.024127
 286.000000 0.056207 0.802119 2.210136 0.006884
 287.000000 0.086882 0.798912 2.285160 0.015621
 288.000000 0.104026 0.748477 2.150514 0.016449
 289.000000 0.050266 0.829545 2.384403 0.009006
 290.000000 0.060935 0.827528 2.355052 0.008954
 291.000000 0.051868 0.829822 2.427578 0.008859
 292.000000 0.040084 0.866234 2.475221 0.006772
 293.000000 0.018452 0.923256 2.636706 0.002485
 294.000000 0.015127 0.927409 2.586255 0.001801
 295.000000 0.027551 0.866558 2.357116 0.003408
 296.000000 0.043283 0.842849 2.349821 0.006359
 297.000000 0.036596 0.829165 2.157366 0.007461
 298.000000 0.033640 0.844516 2.219232 0.004460
 299.000000 0.059599 0.804295 2.091399 0.006795
 300.000000 0.022996 0.886126 2.473178 0.004435
 301.000000 0.017236 0.895119 2.472039 0.001829
 302.000000 0.026925 0.869266 2.385575 0.005108
 303.000000 0.055809 0.812341 2.161843 0.010812
 304.000000 0.046906 0.833936 2.090209 0.012157
 305.000000 0.050158 0.778154 1.960752 0.007110
 306.000000 0.049419 0.818456 2.150141 0.010941
 307.000000 0.023135 0.890231 2.443471 0.003979
 308.000000 0.033039 0.844211 2.313724 0.002548
 309.000000 0.037427 0.803437 2.154773 0.004421
 310.000000 0.035510 0.857099 2.330252 0.005095
 311.000000 0.016033 0.933047 2.702965 0.001746
 312.000000 0.017053 0.899523 2.438251 0.002085
 313.000000 0.011699 0.941801 2.520670 0.001345
 314.000000 0.015002 0.924376 2.601961 0.001773
 315.000000 0.014881 0.934126 2.679518 0.001555
 316.000000 0.045389 0.858010 2.422588 0.006842
 317.000000 0.025004 0.877882 2.516182 0.003606
 318.000000 0.022305 0.871241 2.490808 0.002675
 319.000000 0.030787 0.840301 2.320258 0.004899
 320.000000 0.023075 0.847030 2.350123 0.002606
 321.000000 0.035506 0.851233 2.377536 0.006117
 322.000000 0.035082 0.830158 2.282854 0.005517
 323.000000 0.047920 0.830075 2.295640 0.011239
 324.000000 0.028749 0.867133 2.413315 0.006218
 325.000000 0.056253 0.799505 2.176067 0.017539
 326.000000 0.072337 0.750950 2.004348 0.010032
 327.000000 0.049395 0.790324 2.105143 0.009189
 328.000000 0.029931 0.820398 2.210386 0.002391
 329.000000 0.020414 0.866938 2.357675 0.002497
 330.000000 0.045387 0.795722 2.082405 0.004485
 331.000000 0.054112 0.793378 1.954877 0.008596
 332.000000 0.058391 0.776613 1.924514 0.007812
 333.000000 0.056270 0.755293 1.678203 0.008857
 334.000000 0.048162 0.767800 1.937664 0.006554
 335.000000 0.056766 0.776248 1.800336 0.011482
 336.000000 0.064747 0.760418 1.810906 0.016811
 337.000000 0.050851 0.787730 1.904380 0.010399
 338.000000 0.032138 0.852693 2.270073 0.004531
 339.000000 0.050004 0.782843 1.950413 0.005967
 340.000000 0.058641 0.815220 2.122918 0.013122
 341.000000 0.054117 0.768301 2.007102 0.006796
 342.000000 0.081459 0.743505 1.734981 0.015858
 343.000000 0.060126 0.749209 1.694342 0.004468
 344.000000 0.036405 0.774356 1.773691 0.002762
 345.000000 0.057563 0.775109 1.870011 0.008953
 346.000000 0.048653 0.749256 1.634006 0.005434
 347.000000 0.057800 0.729697 1.469352 0.009283
 348.000000 0.047946 0.745767 1.565116 0.009675
 349.000000 0.027448 0.801212 1.685933 0.004681
 350.000000 0.039656 0.816797 2.025654 0.007436
 351.000000 0.046171 0.806832 1.974588 0.009084
 352.000000 0.036458 0.819091 2.146415 0.004737
 353.000000 0.049968 0.784829 1.983591 0.015602
 354.000000 0.024481 0.806299 1.948113 0.001936
 355.000000 0.028312 0.798847 1.846604 0.003956
 356.000000 0.039422 0.791921 1.887905 0.007778
 357.000000 0.031429 0.802581 1.911568 0.006405
 358.000000 0.029980 0.846610 2.193064 0.006254
 359.000000 0.040999 0.799866 2.010572 0.006120
 360.000000 0.063080 0.796757 2.101199 0.014854
 361.000000 0.070068 0.779918 1.953231 0.016737
 362.000000 0.040075 0.793164 2.048302 0.005577
 363.000000 0.039511 0.827638 2.252542 0.007656
 364.000000 0.047826 0.800322 2.219082 0.006804
 365.000000 0.023656 0.874569 2.370762 0.003652
 366.000000 0.021824 0.867264 2.303907 0.005543
 367.000000 0.027194 0.850017 2.313573 0.003493
 368.000000 0.027507 0.845349 2.335857 0.004492
 369.000000 0.042607 0.824765 2.216394 0.008764
 370.000000 0.037159 0.822733 2.168830 0.006720
 371.000000 0.035625 0.831633 2.100882 0.006013
 372.000000 0.031209 0.814765 1.870096 0.004437
 373.000000 0.029401 0.825455 1.935450 0.004001
 374.000000 0.027196 0.828465 2.078342 0.005073
 375.000000 0.041377 0.830559 1.991487 0.007397
 376.000000 0.035178 0.852223 2.194166 0.010747
 377.000000 0.024254 0.855004 2.241797 0.004059
 378.000000 0.015773 0.916562 2.572027 0.001735
 379.000000 0.028596 0.847516 2.185105 0.002838
 380.000000 0.032457 0.859835 2.350089 0.005521
 381.000000 0.025066 0.869152 2.450261 0.002864
 382.000000 0.028229 0.876624 2.471962 0.004368
 383.000000 0.037917 0.843360 2.388617 0.006852
 384.000000 0.033133 0.843962 2.354958 0.005378
 385.000000 0.036804 0.827063 2.372617 0.004191
 386.000000 0.027951 0.853681 2.425903 0.003254
 387.000000 0.026228 0.857401 2.408529 0.002611
 388.000000 0.034808 0.817377 2.295011 0.003323
 389.000000 0.035675 0.822916 2.212917 0.003369
 390.000000 0.049792 0.840354 2.288315 0.007477
 391.000000 0.036365 0.826275 2.257888 0.004579
 392.000000 0.059736 0.788610 2.137910 0.009847
 393.000000 0.057423 0.810144 2.075137 0.013153
 394.000000 0.062610 0.782274 1.991559 0.022068
 395.000000 0.058080 0.767552 1.827174 0.013695
 396.000000 0.047289 0.742584 1.710709 0.011378
 397.000000 0.060458 0.679611 1.389269 0.014743
 398.000000 0.063674 0.711559 1.479084 0.026415
 399.000000 0.074698 0.720650 1.581097 0.021143
 400.000000 0.068434 0.688831 1.476608 0.012688
 401.000000 0.061635 0.690397 1.414775 0.009523
 402.000000 0.060723 0.707529 1.418051 0.008267
 403.000000 0.058647 0.687925 1.421785 0.013074
 404.000000 0.040654 0.699887 1.365204 0.005099
 405.000000 0.047026 0.701124 1.243302 0.010951
 406.000000 0.066895 0.713798 1.469796 0.011586
 407.000000 0.070579 0.685230 1.352696 0.017026
 408.000000 0.055096 0.698648 1.441594 0.007095
 409.000000 0.069972 0.682340 1.472117 0.011073
 410.000000 0.074137 0.669177 1.291112 0.007473
 411.000000 0.094663 0.638097 1.190444 0.009701
 412.000000 0.076833 0.614790 1.097395 0.011299
 413.000000 0.068961 0.611589 1.082407 0.006495
 414.000000 0.054830 0.720985 1.642148 0.007372
 415.000000 0.074657 0.675175 1.358558 0.006275
 416.000000 0.073225 0.668370 1.395040 0.007832
 417.000000 0.080828 0.691545 1.347117 0.013167
 418.000000 0.064393 0.713764 1.608494 0.027205
 419.000000 0.056122 0.706792 1.510183 0.021588
 420.000000 0.073883 0.671870 1.396605 0.011897
 421.000000 0.052827 0.729995 1.618618 0.009964
 422.000000 0.056399 0.710668 1.568097 0.022160
 423.000000 0.045519 0.780189 1.942987 0.005869
 424.000000 0.047943 0.788980 2.012073 0.003937
 425.000000 0.049221 0.770007 1.909527 0.006379
 426.000000 0.058930 0.764041 1.858475 0.012070
 427.000000 0.055487 0.751618 1.729191 0.008623
 428.000000 0.044595 0.817741 2.175554 0.007308
 429.000000 0.063789 0.786534 1.990657 0.025065
 430.000000 0.046483 0.800587 1.940851 0.015104
 431.000000 0.054368 0.787673 1.972326 0.015080
 432.000000 0.054785 0.798387 2.108049 0.008360
 433.000000 0.034369 0.845309 2.326473 0.005727
 434.000000 0.038478 0.788079 2.036005 0.004313
 435.000000 0.045811 0.803412 2.007862 0.008685
 436.000000 0.040601 0.813717 2.139201 0.008174
 437.000000 0.036294 0.817513 2.001742 0.006659
 438.000000 0.056379 0.802284 1.964152 0.012852
 439.000000 0.067978 0.723852 1.637772 0.011009
 440.000000 0.060630 0.778309 1.905479 0.008661
 441.000000 0.063940 0.725822 1.598878 0.014823
 442.000000 0.052194 0.692428 1.490869 0.006307
 443.000000 0.076809 0.708233 1.440510 0.015840
 444.000000 0.055466 0.760709 1.706619 0.010055
 445.000000 0.060790 0.729894 1.626704 0.009395
 446.000000 0.049981 0.712023 1.500375 0.005180
 447.000000 0.097990 0.680276 1.477659 0.008756
 448.000000 0.076164 0.690374 1.435460 0.025454
 449.000000 0.049910 0.701600 1.338854 0.008051
 450.000000 0.066051 0.708398 1.605224 0.017606
 451.000000 0.052219 0.729603 1.559187 0.007742
 452.000000 0.054008 0.688007 1.450314 0.006041
 453.000000 0.048483 0.709835 1.373783 0.005901
 454.000000 0.047850 0.679352 1.297473 0.003509
 455.000000 0.040316 0.723052 1.538092 0.004333
 456.000000 0.023907 0.798379 1.778599 0.002794
 457.000000 0.033477 0.744776 1.663173 0.005130
 458.000000 0.038555 0.807499 1.859199 0.004748
 459.000000 0.018926 0.846688 2.096790 0.002207
 460.000000 0.015487 0.868440 2.120246 0.002291
 461.000000 0.032199 0.767229 1.725887 0.005400
 462.000000 0.037752 0.712505 1.342923 0.004185
 463.000000 0.032409 0.783144 1.783026 0.003422
 464.000000 0.054006 0.787480 2.037198 0.008071
 465.000000 0.030672 0.809450 1.975914 0.004706
 466.000000 0.039806 0.775480 1.740769 0.005138
 467.000000 0.032468 0.754657 1.657559 0.002891
 468.000000 0.049879 0.730759 1.738613 0.005841
 469.000000 0.039615 0.764556 1.887649 0.006426
 470.000000 0.036236 0.764960 1.849679 0.004610
 471.000000 0.064340 0.666932 1.385698 0.007662
 472.000000 0.077798 0.692085 1.510783 0.015233
 473.000000 0.053055 0.731453 1.615822 0.006541
 474.000000 0.059280 0.722010 1.600530 0.007255
 475.000000 0.064607 0.762931 1.928051 0.015362
 476.000000 0.037644 0.778418 1.920134 0.004519
 477.000000 0.048800 0.743333 1.809175 0.007139
 478.000000 0.046900 0.701457 1.303113 0.005053
 479.000000 0.054810 0.678225 1.122780 0.012518
 480.000000 0.060773 0.667284 1.065520 0.009035
 481.000000 0.069440 0.673461 1.130939 0.008588
 482.000000 0.051771 0.727175 1.468012 0.007568
 483.000000 0.059380 0.720458 1.357389 0.012569
 484.000000 0.066770 0.720013 1.364143 0.020187
 485.000000 0.068820 0.736398 1.625849 0.015026
 486.000000 0.061830 0.720703 1.563264 0.012644
 487.000000 0.047299 0.738949 1.568387 0.007131
 488.000000 0.060117 0.747690 1.544253 0.016705
 489.000000 0.050373 0.777800 1.863238 0.010756
 490.000000 0.051617 0.762394 1.929197 0.009185
 491.000000 0.039607 0.758993 1.731518 0.005479
 492.000000 0.045131 0.791642 1.944158 0.010590
 493.000000 0.047405 0.707138 1.507700 0.004296
 494.000000 0.048717 0.670400 1.188347 0.005929
 495.000000 0.046812 0.685846 1.180110 0.006406
 496.000000 0.071831 0.638867 0.885445 0.015692
 497.000000 0.066220 0.634461 0.835207 0.018835
 498.000000 0.062167 0.659770 1.071109 0.013677
 499.000000 0.063853 0.698971 1.353384 0.016658
 500.000000 0.067666 0.673287 1.142139 0.008638
