#! FIELDS time alpha rg e2e hbond
 0.000000 0.056270 0.755294 1.678203 0.008857
 1.000000 0.052131 0.761446 1.703884 0.005490
 2.000000 0.044599 0.755259 1.765818 0.003983
 3.000000 0.042010 0.725786 1.652436 0.003548
 4.000000 0.047818 0.706365 1.580022 0.003762
 5.000000 0.063094 0.694889 1.527711 0.010476
 6.000000 0.034176 0.725442 1.580623 0.003031
 7.000000 0.028564 0.714898 1.495373 0.003579
 8.000000 0.047323 0.673530 1.189506 0.003563
 9.000000 0.043213 0.706798 1.543353 0.003406
 10.000000 0.033104 0.687913 1.320396 0.002945
 11.000000 0.033861 0.704904 1.407595 0.003255
 12.000000 0.022839 0.762235 1.625798 0.002750
 13.000000 0.022119 0.756137 1.645896 0.002077
 14.000000 0.019520 0.804034 1.969886 0.002462
 15.000000 0.021893 0.830746 2.151359 0.002406
 16.000000 0.016579 0.863408 2.286287 0.001943
 17.000000 0.014033 0.900029 2.501491 0.001498
 18.000000 0.018503 0.880757 2.471627 0.001902
 19.000000 0.011509 0.901559 2.481871 0.001070
 20.000000 0.014181 0.888166 2.481594 0.001469
 21.000000 0.024934 0.836077 2.283267 0.001792
 22.000000 0.017142 0.892872 2.517520 0.001795
 23.000000 0.013371 0.928774 2.603872 0.001694
 24.000000 0.014213 0.952752 2.760801 0.001327
 25.000000 0.010301 0.981327 2.863422 0.000966
 26.000000 0.011862 0.959289 2.664349 0.001247
 27.000000 0.027323 0.871411 2.322831 0.003345
 28.000000 0.022032 0.878028 2.334889 0.002361
 29.000000 0.020847 0.911405 2.587346 0.002284
 30.000000 0.030364 0.856522 2.323292 0.007371
 31.000000 0.022106 0.895448 2.472452 0.002878
 32.000000 0.023845 0.880256 2.455414 0.003078
 33.000000 0.019346 0.910062 2.513409 0.001919
 34.000000 0.028385 0.851078 2.368266 0.002809
 35.000000 0.020572 0.889014 2.408816 0.002560
 36.000000 0.028225 0.828766 2.156769 0.003399
 37.000000 0.034305 0.824964 2.228425 0.003560
 38.000000 0.039668 0.824625 2.114953 0.004420
 39.000000 0.031372 0.814121 1.983047 0.003821
 40.000000 0.025743 0.860926 2.302683 0.002471
 41.000000 0.026619 0.833914 2.077740 0.002120
 42.000000 0.032086 0.807567 1.952129 0.004826
 43.000000 0.020482 0.816170 1.953855 0.002410
 44.000000 0.025472 0.815709 2.078777 0.002450
 45.000000 0.028896 0.777390 1.662794 0.002829
 46.000000 0.020458 0.846015 1.984742 0.001354
 47.000000 0.020524 0.808651 1.914541 0.001356
 48.000000 0.029752 0.779605 1.736879 0.002134
 49.000000 0.024664 0.764649 1.557727 0.002218
 50.000000 0.025095 0.771224 1.719250 0.002527
 51.000000 0.024571 0.803311 1.941746 0.002114
 52.000000 0.031679 0.766289 1.698880 0.003425
 53.000000 0.032094 0.792217 1.808142 0.003428
 54.000000 0.030749 0.779845 1.904694 0.002940
 55.000000 0.022608 0.823162 1.992404 0.002070
 56.000000 0.033759 0.763132 1.673613 0.003769
 57.000000 0.044191 0.770658 1.571823 0.006320
 58.000000 0.048997 0.778406 1.664661 0.004317
 59.000000 0.036269 0.767674 1.653439 0.003587
 60.000000 0.035828 0.765951 1.743847 0.002807
 61.000000 0.025365 0.789001 1.834765 0.002206
 62.000000 0.016481 0.870755 2.189729 0.002470
 63.000000 0.021606 0.812682 1.826666 0.003178
 64.000000 0.031032 0.803076 2.046098 0.003771
 65.000000 0.020665 0.841972 2.170601 0.002748
 66.000000 0.024535 0.814834 1.945178 0.003149
 67.000000 0.042730 0.811589 1.848365 0.006808
 68.000000 0.024132 0.852435 2.034437 0.002724
 69.000000 0.024020 0.857925 2.184117 0.002785
 70.000000 0.055824 0.806607 1.970204 0.007662
 71.000000 0.046049 0.795972 1.860496 0.010834
 72.000000 0.049208 0.812674 1.939266 0.005792
 73.000000 0.035303 0.831930 2.168764 0.004927
 74.000000 0.031743 0.849549 2.255897 0.005475
 75.000000 0.021484 0.860774 2.333777 0.001777
 76.000000 0.017043 0.905675 2.551010 0.002723
 77.000000 0.020456 0.876315 2.451117 0.002037
 78.000000 0.011678 0.948147 2.718307 0.001295
 79.000000 0.016336 0.907210 2.523370 0.001484
 80.000000 0.018584 0.868377 2.353577 0.001861
 81.000000 0.027494 0.843745 2.228649 0.003152
 82.000000 0.019808 0.859958 2.415707 0.001789
 83.000000 0.024135 0.821741 2.101766 0.002065
 84.000000 0.032941 0.824656 2.097968 0.004541
 85.000000 0.038419 0.806977 1.987808 0.009447
 86.000000 0.020778 0.828811 2.004933 0.004254
 87.000000 0.022854 0.855870 2.075120 0.002005
 88.000000 0.022857 0.848803 2.087257 0.002094
 89.000000 0.044139 0.825241 2.187981 0.004392
 90.000000 0.034081 0.817461 2.050994 0.003353
 91.000000 0.027166 0.843402 2.200110 0.002957
 92.000000 0.013766 0.915696 2.560287 0.001925
 93.000000 0.009483 0.953460 2.653224 0.001139
 94.000000 0.015895 0.906792 2.491075 0.001435
 95.000000 0.018442 0.896335 2.427594 0.001433
 96.000000 0.012687 0.950724 2.759755 0.001230
 97.000000 0.013572 0.946893 2.729903 0.001425
 98.000000 0.015540 0.931253 2.719874 0.001542
 99.000000 0.015957 0.942651 2.730097 0.001439
 100.000000 0.009665 0.965858 2.728875 0.000827
 101.000000 0.012365 0.926582 2.603166 0.001086
 102.000000 0.013640 0.944813 2.691321 0.001573
 103.000000 0.036493 0.852478 2.358181 0.004979
 104.000000 0.016477 0.921119 2.598931 0.001622
 105.000000 0.022941 0.891214 2.563632 0.002627
 106.000000 0.024258 0.871665 2.420087 0.002793
 107.000000 0.020365 0.918544 2.458249 0.001956
 108.000000 0.036659 0.849010 2.209710 0.003571
 109.000000 0.023298 0.896752 2.581681 0.002554
 110.000000 0.024189 0.883055 2.501961 0.003458
 111.000000 0.016313 0.905656 2.598968 0.001222
 112.000000 0.017877 0.907692 2.684889 0.002223
 113.000000 0.017467 0.867197 2.429056 0.001576
 114.000000 0.023117 0.870019 2.364915 0.002454
 115.000000 0.014509 0.902152 2.479370 0.001429
 116.000000 0.010467 0.920706 2.512449 0.001003
 117.000000 0.014081 0.914128 2.632163 0.001279
 118.000000 0.016830 0.914054 2.635081 0.001619
 119.000000 0.019110 0.854554 2.253684 0.001352
 120.000000 0.021555 0.865563 2.456901 0.001955
 121.000000 0.013261 0.939936 2.687347 0.001555
 122.000000 0.012647 0.952864 2.763249 0.001351
 123.000000 0.017253 0.922375 2.685929 0.002233
 124.000000 0.011354 0.952525 2.746741 0.001460
 125.000000 0.022443 0.867114 2.384683 0.001727
 126.000000 0.014776 0.899382 2.537432 0.001495
 127.000000 0.015828 0.921874 2.663570 0.001191
 128.000000 0.027910 0.860176 2.409502 0.003089
 129.000000 0.025114 0.847611 2.310649 0.002303
 130.000000 0.021927 0.889477 2.479132 0.002170
 131.000000 0.030171 0.847878 2.303594 0.002995
 132.000000 0.028508 0.844916 2.163799 0.002629
 133.000000 0.023380 0.855242 2.039379 0.001558
 134.000000 0.022937 0.813161 1.964559 0.002261
 135.000000 0.028254 0.818274 2.102928 0.002696
 136.000000 0.024473 0.803472 1.982542 0.002595
 137.000000 0.020258 0.872116 2.429309 0.002892
 138.000000 0.012727 0.920755 2.535826 0.001587
 139.000000 0.013036 0.932971 2.659985 0.001616
 140.000000 0.009445 0.952658 2.607100 0.001040
 141.000000 0.010941 0.944980 2.575347 0.001207
 142.000000 0.012020 0.936780 2.644102 0.001496
 143.000000 0.011138 0.965017 2.811825 0.001023
 144.000000 0.019258 0.917506 2.699901 0.002130
 145.000000 0.017586 0.909767 2.596285 0.001920
 146.000000 0.013628 0.931005 2.593912 0.001598
 147.000000 0.012704 0.958041 2.753982 0.001314
 148.000000 0.009208 0.974933 2.807545 0.000720
 149.000000 0.012158 0.953998 2.702456 0.001215
 150.000000 0.018306 0.902596 2.546161 0.001704
 151.000000 0.013526 0.945196 2.754159 0.001270
 152.000000 0.011642 0.966094 2.795780 0.001070
 153.000000 0.013893 0.945757 2.741350 0.001472
 154.000000 0.015083 0.901520 2.504501 0.001340
 155.000000 0.014397 0.885215 2.349871 0.001270
 156.000000 0.015563 0.923231 2.641022 0.001468
 157.000000 0.013507 0.954532 2.748935 0.001362
 158.000000 0.012705 0.961619 2.787576 0.001132
 159.000000 0.016595 0.942170 2.769090 0.001499
 160.000000 0.012012 0.964422 2.751705 0.001121
 161.000000 0.013005 0.953519 2.732158 0.001441
 162.000000 0.015664 0.935617 2.721413 0.001312
 163.000000 0.016047 0.910017 2.523819 0.001547
 164.000000 0.013478 0.900128 2.366970 0.001125
 165.000000 0.017753 0.912975 2.482499 0.001436
 166.000000 0.014219 0.931793 2.527167 0.001326
 167.000000 0.015101 0.914446 2.425840 0.001259
 168.000000 0.013241 0.912980 2.365204 0.001098
 169.000000 0.013798 0.949975 2.710671 0.001120
 170.000000 0.008604 0.989388 2.733149 0.000729
 171.000000 0.012834 0.968709 2.787832 0.001189
 172.000000 0.010844 0.954189 2.708232 0.000951
 173.000000 0.010334 0.971502 2.856290 0.000813
 174.000000 0.017006 0.909095 2.664314 0.001961
 175.000000 0.016368 0.896649 2.614348 0.001376
 176.000000 0.016407 0.917158 2.633595 0.001601
 177.000000 0.019374 0.910945 2.526554 0.002371
 178.000000 0.016643 0.917927 2.474690 0.002583
 179.000000 0.013517 0.956629 2.597955 0.001908
 180.000000 0.013497 0.943535 2.527336 0.001268
 181.000000 0.022333 0.886133 2.336489 0.003137
 182.000000 0.015806 0.936771 2.574097 0.001777
 183.000000 0.013590 0.942145 2.549480 0.001278
 184.000000 0.017111 0.912024 2.459395 0.001853
 185.000000 0.018446 0.898614 2.447553 0.002051
 186.000000 0.013712 0.933124 2.742502 0.001630
 187.000000 0.018959 0.910217 2.555135 0.002544
 188.000000 0.019556 0.888725 2.461345 0.002167
 189.000000 0.021432 0.883227 2.432032 0.002279
 190.000000 0.017858 0.903113 2.474740 0.001909
 191.000000 0.017851 0.884758 2.391713 0.002246
 192.000000 0.014996 0.947120 2.622821 0.001590
 193.000000 0.016521 0.908081 2.434446 0.001873
 194.000000 0.015873 0.922443 2.505990 0.001953
 195.000000 0.021345 0.870248 2.133100 0.002509
 196.000000 0.016827 0.898314 2.350874 0.002510
 197.000000 0.021132 0.853199 1.934533 0.002202
 198.000000 0.018039 0.869883 2.055009 0.001736
 199.000000 0.017802 0.845542 1.877056 0.002065
 200.000000 0.025364 0.804215 1.880190 0.002451
 201.000000 0.015366 0.888834 2.297934 0.001526
 202.000000 0.016300 0.884532 2.274849 0.002050
 203.000000 0.020661 0.863728 2.112831 0.002706
 204.000000 0.017968 0.882149 2.146422 0.001972
 205.000000 0.017952 0.878096 2.258842 0.001951
 206.000000 0.019684 0.895850 2.400144 0.001928
 207.000000 0.013506 0.935269 2.483465 0.001405
 208.000000 0.013016 0.949849 2.659602 0.001308
 209.000000 0.012132 0.955580 2.704205 0.001846
 210.000000 0.015841 0.924293 2.591465 0.002141
 211.000000 0.015999 0.913096 2.528514 0.002556
 212.000000 0.015893 0.930382 2.700953 0.001677
 213.000000 0.012452 0.965085 2.774661 0.001368
 214.000000 0.009386 0.976938 2.868497 0.000864
 215.000000 0.013667 0.937497 2.632681 0.001279
 216.000000 0.018454 0.915880 2.657439 0.002062
 217.000000 0.013608 0.924345 2.657448 0.001335
 218.000000 0.016958 0.920034 2.563172 0.001545
 219.000000 0.017202 0.919566 2.661269 0.001169
 220.000000 0.013093 0.946338 2.800706 0.001240
 221.000000 0.013083 0.960527 2.800741 0.001303
 222.000000 0.015176 0.951309 2.814231 0.001412
 223.000000 0.016765 0.936367 2.715824 0.001648
 224.000000 0.012493 0.939396 2.640003 0.001121
 225.000000 0.019469 0.902240 2.541447 0.002035
 226.000000 0.015894 0.926932 2.711021 0.001282
 227.000000 0.016257 0.924610 2.629125 0.001494
 228.000000 0.017903 0.916441 2.598932 0.001793
 229.000000 0.018003 0.930748 2.688249 0.001787
 230.000000 0.015320 0.925059 2.602300 0.001512
 231.000000 0.018910 0.914922 2.658305 0.002164
 232.000000 0.019594 0.913306 2.629229 0.001749
 233.000000 0.018604 0.914676 2.592795 0.001672
 234.000000 0.014562 0.935789 2.690935 0.001462
 235.000000 0.014406 0.946639 2.742325 0.001449
 236.000000 0.020042 0.901021 2.570574 0.001818
 237.000000 0.013702 0.950269 2.736956 0.001171
 238.000000 0.012029 0.957350 2.779919 0.001205
 239.000000 0.013986 0.925313 2.590557 0.001190
 240.000000 0.016343 0.895057 2.480147 0.001352
 241.000000 0.017201 0.869002 2.276721 0.001390
 242.000000 0.014867 0.880240 2.307507 0.001270
 243.000000 0.022540 0.839377 2.284547 0.001996
 244.000000 0.014669 0.925681 2.638386 0.001306
 245.000000 0.017603 0.893315 2.575319 0.001869
 246.000000 0.016507 0.911590 2.639513 0.001748
 247.000000 0.010133 0.959978 2.740002 0.000872
 248.000000 0.009963 0.973616 2.830754 0.000804
 249.000000 0.012662 0.947765 2.755071 0.001383
 250.000000 0.013336 0.960758 2.741510 0.001552
 251.000000 0.009449 0.985024 2.770459 0.000921
 252.000000 0.010889 0.958486 2.722908 0.001127
 253.000000 0.010237 0.978344 2.731112 0.001035
 254.000000 0.010836 0.949130 2.638073 0.001128
 255.000000 0.009078 0.985080 2.714210 0.000878
 256.000000 0.008512 0.976123 2.746777 0.000751
 257.000000 0.010372 0.933274 2.588653 0.001153
 258.000000 0.019034 0.868052 2.286707 0.002300
 259.000000 0.031499 0.807889 1.947060 0.002762
 260.000000 0.022504 0.844680 2.169624 0.001771
 261.000000 0.032154 0.816563 2.211251 0.003344
 262.000000 0.041970 0.770705 2.088200 0.003101
 263.000000 0.037056 0.781484 1.957820 0.003579
 264.000000 0.034019 0.770539 1.951498 0.003773
 265.000000 0.027924 0.818432 2.063257 0.002797
 266.000000 0.030037 0.801996 1.957015 0.002232
 267.000000 0.038763 0.756043 1.817440 0.003150
 268.000000 0.029505 0.762818 1.723239 0.003332
 269.000000 0.026234 0.798547 1.952950 0.003215
 270.000000 0.064687 0.698486 1.551139 0.006484
 271.000000 0.036746 0.767219 1.821947 0.004324
 272.000000 0.030896 0.756365 1.906937 0.002916
 273.000000 0.030496 0.753360 1.713529 0.004063
 274.000000 0.031475 0.787128 2.073890 0.002830
 275.000000 0.032728 0.777620 1.977087 0.002561
 276.000000 0.021036 0.847663 2.234009 0.001724
 277.000000 0.020756 0.841241 2.293142 0.001816
 278.000000 0.021459 0.868296 2.411485 0.001748
 279.000000 0.027540 0.820947 2.205769 0.002506
 280.000000 0.028129 0.796402 1.990440 0.002171
 281.000000 0.014721 0.914811 2.585192 0.001281
 282.000000 0.011274 0.961437 2.778871 0.001114
 283.000000 0.014778 0.951034 2.772694 0.001516
 284.000000 0.013402 0.951105 2.786844 0.001032
 285.000000 0.012448 0.963119 2.778948 0.001310
 286.000000 0.016957 0.914286 2.616643 0.001599
 287.000000 0.014448 0.940185 2.755345 0.001493
 288.000000 0.015282 0.915622 2.656062 0.001503
 289.000000 0.019445 0.870802 2.393562 0.001553
 290.000000 0.021221 0.868169 2.405527 0.002221
 291.000000 0.019258 0.894769 2.482016 0.003088
 292.000000 0.010365 0.953806 2.720439 0.001195
 293.000000 0.011247 0.950038 2.669847 0.001095
 294.000000 0.013542 0.926002 2.602748 0.001438
 295.000000 0.011557 0.951510 2.682470 0.001239
 296.000000 0.020030 0.875556 2.460053 0.001839
 297.000000 0.012833 0.938809 2.757215 0.001276
 298.000000 0.012113 0.948097 2.694632 0.001189
 299.000000 0.019840 0.884179 2.513644 0.001697
 300.000000 0.014119 0.917835 2.545533 0.001306
 301.000000 0.013394 0.932909 2.661549 0.001167
 302.000000 0.019754 0.876126 2.455200 0.001738
 303.000000 0.013631 0.907889 2.488225 0.001196
 304.000000 0.021003 0.866079 2.378403 0.001851
 305.000000 0.015817 0.907698 2.436839 0.001275
 306.000000 0.016886 0.910586 2.562306 0.001734
 307.000000 0.016350 0.900663 2.479450 0.001588
 308.000000 0.023395 0.890718 2.471512 0.003499
 309.000000 0.029206 0.859781 2.445083 0.004401
 310.000000 0.027894 0.853963 2.429696 0.002543
 311.000000 0.017737 0.904447 2.557059 0.001642
 312.000000 0.027834 0.852636 2.306787 0.002596
 313.000000 0.023262 0.863659 2.385116 0.002029
 314.000000 0.022479 0.904630 2.586951 0.002332
 315.000000 0.020791 0.890366 2.498886 0.002238
 316.000000 0.016586 0.924587 2.644260 0.002193
 317.000000 0.013498 0.941054 2.766338 0.001126
 318.000000 0.019716 0.904045 2.566807 0.002506
 319.000000 0.025152 0.874869 2.482095 0.002416
 320.000000 0.026208 0.884315 2.506436 0.004215
 321.000000 0.030902 0.858177 2.381575 0.002716
 322.000000 0.024263 0.871739 2.436112 0.001940
 323.000000 0.040039 0.835848 2.305372 0.005136
 324.000000 0.037709 0.842209 2.338458 0.006261
 325.000000 0.023659 0.868062 2.468182 0.003239
 326.000000 0.013698 0.927740 2.661558 0.001382
 327.000000 0.021423 0.858190 2.235402 0.001709
 328.000000 0.021117 0.867274 2.193965 0.002535
 329.000000 0.021260 0.878469 2.363549 0.002095
 330.000000 0.014283 0.910070 2.535813 0.001323
 331.000000 0.016302 0.889471 2.486492 0.001607
 332.000000 0.048542 0.813468 2.123014 0.006118
 333.000000 0.025535 0.839986 2.230585 0.002378
 334.000000 0.025115 0.861249 2.360569 0.002714
 335.000000 0.013577 0.903665 2.498819 0.001449
 336.000000 0.013563 0.912117 2.522457 0.001450
 337.000000 0.011563 0.944434 2.672079 0.001251
 338.000000 0.013587 0.887267 2.218814 0.001290
 339.000000 0.017683 0.883173 2.305174 0.002103
 340.000000 0.021418 0.873390 2.370208 0.002093
 341.000000 0.028789 0.839959 2.169080 0.003022
 342.000000 0.016933 0.911212 2.503164 0.001986
 343.000000 0.013376 0.952872 2.690420 0.001505
 344.000000 0.014092 0.913708 2.425515 0.001713
 345.000000 0.014308 0.917290 2.536142 0.001783
 346.000000 0.015637 0.909570 2.478033 0.001987
 347.000000 0.015430 0.899057 2.532099 0.001794
 348.000000 0.019218 0.916911 2.664123 0.002725
 349.000000 0.017301 0.913279 2.596847 0.001635
 350.000000 0.027877 0.867490 2.506789 0.002140
 351.000000 0.019819 0.904486 2.608020 0.001559
 352.000000 0.025170 0.864534 2.479685 0.002069
 353.000000 0.021827 0.891242 2.576995 0.001657
 354.000000 0.017457 0.901677 2.596702 0.001275
 355.000000 0.019288 0.898023 2.531317 0.001894
 356.000000 0.019005 0.902941 2.500010 0.002022
 357.000000 0.017171 0.898803 2.540009 0.001582
 358.000000 0.016400 0.904797 2.522996 0.001687
 359.000000 0.017211 0.908589 2.588230 0.001981
 360.000000 0.026663 0.845593 2.372415 0.001829
 361.000000 0.021340 0.870897 2.295199 0.001622
 362.000000 0.017836 0.897085 2.511392 0.001564
 363.000000 0.020737 0.890900 2.523922 0.001704
 364.000000 0.025463 0.848051 2.270475 0.002070
 365.000000 0.026060 0.858225 2.338543 0.003028
 366.000000 0.028747 0.887686 2.443806 0.002383
 367.000000 0.021545 0.900770 2.528748 0.006298
 368.000000 0.025856 0.853446 2.295231 0.003790
 369.000000 0.021026 0.862057 2.260197 0.001898
 370.000000 0.030944 0.807149 2.003624 0.001876
 371.000000 0.015629 0.897590 2.427848 0.001214
 372.000000 0.027806 0.836119 2.137851 0.005312
 373.000000 0.025016 0.821312 2.055926 0.002795
 374.000000 0.043557 0.775762 1.845578 0.006741
 375.000000 0.052350 0.795059 2.021385 0.009123
 376.000000 0.036116 0.785713 1.865347 0.004171
 377.000000 0.031896 0.817552 2.130548 0.003299
 378.000000 0.042821 0.820474 2.239630 0.006801
 379.000000 0.038231 0.847854 2.323639 0.008137
 380.000000 0.057229 0.793789 2.166903 0.014354
 381.000000 0.048199 0.805686 2.170945 0.008246
 382.000000 0.047167 0.782683 2.189153 0.005526
 383.000000 0.070777 0.711908 1.871444 0.010431
 384.000000 0.059039 0.703516 1.569241 0.009636
 385.000000 0.065585 0.686908 1.564515 0.009756
 386.000000 0.073823 0.663903 1.646980 0.010413
 387.000000 0.083954 0.658970 1.678690 0.010063
 388.000000 0.068985 0.705458 1.815540 0.005594
 389.000000 0.077980 0.722872 1.759983 0.011146
 390.000000 0.087840 0.696590 1.585307 0.016604
 391.000000 0.059047 0.663937 1.359718 0.011888
 392.000000 0.084047 0.629090 1.194205 0.020067
 393.000000 0.094847 0.642505 1.286625 0.012115
 394.000000 0.073868 0.673379 1.240782 0.014382
 395.000000 0.077668 0.659092 1.400250 0.013802
 396.000000 0.051636 0.738759 1.765786 0.009208
 397.000000 0.078189 0.699242 1.554137 0.011434
 398.000000 0.059648 0.665120 1.224715 0.007018
 399.000000 0.103766 0.642240 1.023775 0.021480
 400.000000 0.063102 0.679458 1.136023 0.007162
 401.000000 0.046247 0.739658 1.605321 0.005877
 402.000000 0.060269 0.714886 1.343066 0.009301
 403.000000 0.073659 0.702717 1.495040 0.012418
 404.000000 0.052974 0.746910 1.700234 0.013660
 405.000000 0.042380 0.786614 1.945518 0.011483
 406.000000 0.039829 0.840436 2.265509 0.008436
 407.000000 0.037948 0.831091 2.211057 0.006227
 408.000000 0.039912 0.783842 1.795275 0.005563
 409.000000 0.044704 0.740837 1.604899 0.004762
 410.000000 0.029392 0.768155 1.643506 0.004221
 411.000000 0.055917 0.716797 1.431215 0.012100
 412.000000 0.061056 0.682429 1.216841 0.007467
 413.000000 0.049391 0.707262 1.295625 0.008249
 414.000000 0.049638 0.731063 1.357226 0.008539
 415.000000 0.051253 0.692864 1.138355 0.006886
 416.000000 0.034842 0.736324 1.301528 0.003743
 417.000000 0.049668 0.742360 1.383207 0.012199
 418.000000 0.055321 0.733515 1.503854 0.009332
 419.000000 0.050119 0.698768 1.361575 0.004134
 420.000000 0.037503 0.730377 1.427650 0.003323
 421.000000 0.074067 0.696937 1.335740 0.007866
 422.000000 0.073260 0.701644 1.352001 0.011566
 423.000000 0.076859 0.707910 1.426539 0.010541
 424.000000 0.072251 0.741549 1.617073 0.016520
 425.000000 0.062503 0.727227 1.576446 0.021174
 426.000000 0.054433 0.737190 1.653614 0.010071
 427.000000 0.066538 0.721423 1.624070 0.041008
 428.000000 0.050221 0.731639 1.629088 0.013245
 429.000000 0.061966 0.746908 1.799730 0.019417
 430.000000 0.071995 0.758579 1.945254 0.012268
 431.000000 0.063184 0.785888 1.978975 0.018377
 432.000000 0.067458 0.760605 1.746225 0.008221
 433.000000 0.028080 0.826743 2.042497 0.003076
 434.000000 0.024771 0.825340 2.062708 0.002814
 435.000000 0.022839 0.825345 2.093744 0.002016
 436.000000 0.024954 0.806817 1.923476 0.001948
 437.000000 0.018912 0.795558 1.866953 0.001197
 438.000000 0.026286 0.793753 1.788049 0.002104
 439.000000 0.025607 0.782721 1.607023 0.002250
 440.000000 0.027371 0.768937 1.630927 0.001985
 441.000000 0.019703 0.840048 2.099680 0.001752
 442.000000 0.014645 0.832914 1.825886 0.001138
 443.000000 0.023013 0.766596 1.530509 0.001924
 444.000000 0.029559 0.791387 1.826070 0.003306
 445.000000 0.041861 0.762566 1.856573 0.003806
 446.000000 0.035725 0.783617 1.893395 0.003472
 447.000000 0.026753 0.800662 1.851017 0.003999
 448.000000 0.027666 0.787801 1.846077 0.003186
 449.000000 0.030468 0.785286 1.898408 0.002930
 450.000000 0.025508 0.814055 1.978127 0.002962
 451.000000 0.031737 0.798415 1.896299 0.002850
 452.000000 0.053286 0.810176 2.144488 0.006497
 453.000000 0.048077 0.767144 2.006869 0.004730
 454.000000 0.023408 0.862730 2.387454 0.002231
 455.000000 0.017883 0.877223 2.479077 0.001890
 456.000000 0.028749 0.815001 2.272606 0.003149
 457.000000 0.031066 0.839523 2.348437 0.003268
 458.000000 0.030074 0.843479 2.361612 0.003854
 459.000000 0.047639 0.773132 2.122393 0.004159
 460.000000 0.040294 0.777818 2.099870 0.004460
 461.000000 0.043015 0.774854 2.087550 0.005406
 462.000000 0.038795 0.820715 2.321822 0.004779
 463.000000 0.036176 0.827873 2.377887 0.002867
 464.000000 0.017434 0.920688 2.643349 0.001777
 465.000000 0.009805 0.981899 2.852638 0.000908
 466.000000 0.009937 0.987217 2.820671 0.001055
 467.000000 0.010186 0.987794 2.852456 0.001082
 468.000000 0.015770 0.936330 2.717058 0.001623
 469.000000 0.016469 0.919281 2.593904 0.001762
 470.000000 0.014816 0.943011 2.693736 0.001384
 471.000000 0.027493 0.897797 2.572164 0.003620
 472.000000 0.014375 0.941090 2.761285 0.001434
 473.000000 0.019420 0.921334 2.706328 0.002236
 474.000000 0.014583 0.926656 2.637711 0.001288
 475.000000 0.016724 0.911384 2.553691 0.001573
 476.000000 0.015057 0.921382 2.563731 0.001526
 477.000000 0.017377 0.893146 2.390939 0.001446
 478.000000 0.015636 0.912226 2.448706 0.001757
 479.000000 0.012978 0.919191 2.477153 0.001163
 480.000000 0.012177 0.940102 2.620083 0.001072
 481.000000 0.013257 0.947156 2.754725 0.001225
 482.000000 0.016432 0.939469 2.770238 0.001614
 483.000000 0.010931 0.963185 2.788764 0.000987
 484.000000 0.013282 0.930222 2.625302 0.001253
 485.000000 0.010546 0.938882 2.535405 0.000857
 486.000000 0.015129 0.892620 2.375529 0.001429
 487.000000 0.013324 0.927983 2.641629 0.001323
 488.000000 0.012231 0.948080 2.763752 0.001383
 489.000000 0.010526 0.967665 2.794892 0.001015
 490.000000 0.013468 0.947845 2.741680 0.001423
 491.000000 0.011619 0.960294 2.817194 0.001100
 492.000000 0.010170 0.981455 2.846350 0.000938
 493.000000 0.016540 0.935261 2.787758 0.001468
 494.000000 0.010777 0.966619 2.765728 0.000971
 495.000000 0.012648 0.951524 2.644394 0.001155
 496.000000 0.012172 0.951905 2.723572 0.001179
 497.000000 0.013551 0.947763 2.708093 0.001339
 498.000000 0.016130 0.932177 2.749495 0.001517
 499.000000 0.015697 0.923581 2.624261 0.001437
 500.000000 0.014946 0.940137 2.759990 0.001618
