#! FIELDS time alpha rg e2e hbond
 0.000000 0.088130 0.666611 1.497042 0.010707
 1.000000 0.064923 0.718312 1.843650 0.007357
 2.000000 0.093640 0.711547 1.897987 0.007446
 3.000000 0.037696 0.818015 2.227061 0.002894
 4.000000 0.042534 0.823702 2.220223 0.005801
 5.000000 0.049718 0.819349 2.309305 0.006439
 6.000000 0.028520 0.850394 2.270572 0.004573
 7.000000 0.055602 0.782293 2.057723 0.004973
 8.000000 0.081502 0.790297 2.063381 0.009123
 9.000000 0.085366 0.778372 2.056690 0.009851
 10.000000 0.102784 0.726554 1.873225 0.012890
 11.000000 0.114170 0.744201 1.986493 0.014949
 12.000000 0.103695 0.718738 1.632345 0.017535
 13.000000 0.103471 0.735405 1.794326 0.015522
 14.000000 0.096196 0.698836 1.579785 0.013712
 15.000000 0.095342 0.727341 1.740850 0.011515
 16.000000 0.108201 0.723745 1.795794 0.015113
 17.000000 0.090643 0.720236 1.711525 0.016627
 18.000000 0.085637 0.706807 1.525793 0.010901
 19.000000 0.103129 0.687148 1.446707 0.014136
 20.000000 0.075452 0.701778 1.432315 0.010651
 21.000000 0.062750 0.731271 1.656155 0.007195
 22.000000 0.107322 0.740796 1.900048 0.013026
 23.000000 0.088589 0.746950 1.886039 0.015767
 24.000000 0.102048 0.739045 1.911600 0.019338
 25.000000 0.088398 0.719178 1.716129 0.015696
 26.000000 0.134678 0.721115 1.781722 0.020150
 27.000000 0.092314 0.704577 1.599518 0.014298
 28.000000 0.119269 0.701332 1.729750 0.016091
 29.000000 0.121284 0.690856 1.560523 0.014847
 30.000000 0.216234 0.633766 1.355515 0.769107
 31.000000 0.285875 0.657403 1.545094 0.780766
 32.000000 0.306249 0.650304 1.564833 0.735116
 33.000000 0.167724 0.668738 1.606217 0.380079
 34.000000 0.223829 0.666748 1.526842 0.862143
 35.000000 0.351637 0.695627 1.831519 0.226250
 36.000000 0.336637 0.677086 1.798737 0.398368
 37.000000 0.345694 0.698420 1.748228 0.267298
 38.000000 0.360983 0.737783 2.129641 0.193900
 39.000000 0.258724 0.758560 2.260403 0.079277
 40.000000 0.401233 0.729468 2.145927 0.075195
 41.000000 0.423405 0.699832 2.009715 0.133824
 42.000000 0.343526 0.639448 1.680456 0.426800
 43.000000 0.446116 0.670939 1.893256 0.469210
 44.000000 0.322146 0.659244 1.706895 0.501329
 45.000000 0.230462 0.693562 1.593741 0.189677
 46.000000 0.223676 0.649738 1.498841 0.141672
 47.000000 0.218007 0.607451 1.162826 0.153816
 48.000000 0.395407 0.616809 1.418158 0.541258
 49.000000 0.339149 0.623530 1.428168 0.136536
 50.000000 0.332707 0.646433 1.473263 0.078634
 51.000000 0.397614 0.621011 1.518311 0.336472
 52.000000 0.433765 0.608766 1.428527 0.287719
 53.000000 0.500366 0.581279 1.317958 0.681258
 54.000000 0.450995 0.581783 1.395595 0.894171
 55.000000 0.360306 0.562035 1.152080 0.270854
 56.000000 0.434011 0.582428 1.172625 0.108274
 57.000000 0.405742 0.558901 1.193131 0.170779
 58.000000 0.558656 0.555745 1.212047 0.192932
 59.000000 0.338845 0.576985 1.279105 0.142876
 60.000000 0.304535 0.624872 1.404183 0.121226
 61.000000 0.405687 0.629905 1.519898 0.117543
 62.000000 0.337067 0.589506 1.414247 0.253623
 63.000000 0.357727 0.583466 1.455491 0.614161
 64.000000 0.276670 0.549834 1.119086 0.440313
 65.000000 0.303657 0.572719 1.218107 0.163528
 66.000000 0.453397 0.585103 1.376320 0.869034
 67.000000 0.410886 0.634365 1.582793 0.262982
 68.000000 0.228236 0.646232 1.534992 0.063516
 69.000000 0.336302 0.637038 1.557736 0.183741
 70.000000 0.448975 0.641569 1.645982 0.161482
 71.000000 0.505517 0.621751 1.598483 0.284477
 72.000000 0.743080 0.579553 1.359334 0.582371
 73.000000 0.350395 0.570336 1.392180 0.893509
 74.000000 0.446487 0.554271 1.169953 0.763066
 75.000000 0.266305 0.548164 1.216904 0.741172
 76.000000 0.214502 0.584245 1.004315 0.277166
 77.000000 0.172598 0.573570 0.942245 0.302382
 78.000000 0.113725 0.572130 0.987326 0.671936
 79.000000 0.237140 0.568668 0.901915 0.473517
 80.000000 0.112815 0.570960 0.591002 0.211182
 81.000000 0.131882 0.571833 0.589352 0.468084
 82.000000 0.063869 0.610783 0.499149 0.013650
 83.000000 0.052792 0.610658 0.683038 0.010896
 84.000000 0.050524 0.605613 0.687292 0.012272
 85.000000 0.066071 0.594104 0.583881 0.012607
 86.000000 0.110061 0.593208 0.608472 0.112888
 87.000000 0.071495 0.640160 0.970730 0.022485
 88.000000 0.084136 0.612512 0.674997 0.029003
 89.000000 0.072471 0.590370 0.650324 0.030364
 90.000000 0.093564 0.607310 0.557009 0.015700
 91.000000 0.103682 0.608780 0.713774 0.023108
 92.000000 0.087152 0.606069 0.567371 0.019797
 93.000000 0.110179 0.603040 0.702983 0.017682
 94.000000 0.105667 0.603137 0.864762 0.020223
 95.000000 0.092197 0.586661 0.759607 0.017292
 96.000000 0.087251 0.597390 0.731232 0.008966
 97.000000 0.100277 0.598931 0.827583 0.009987
 98.000000 0.106137 0.600957 1.049292 0.010790
 99.000000 0.114859 0.577895 1.051506 0.009353
 100.000000 0.141028 0.600183 1.254695 0.017289
 101.000000 0.089744 0.638966 1.220230 0.007095
 102.000000 0.099177 0.634859 1.249020 0.014807
 103.000000 0.132776 0.613040 1.085656 0.026985
 104.000000 0.118625 0.612931 1.098200 0.024025
 105.000000 0.110646 0.635404 1.225348 0.013423
 106.000000 0.102672 0.660299 1.341935 0.012743
 107.000000 0.110732 0.655999 1.163853 0.011594
 108.000000 0.133727 0.645334 1.125466 0.015227
 109.000000 0.128840 0.636622 1.119995 0.018345
 110.000000 0.121076 0.656856 1.247448 0.015115
 111.000000 0.081660 0.669342 1.139378 0.009582
 112.000000 0.096673 0.663211 1.081723 0.011087
 113.000000 0.106487 0.684548 1.305706 0.022319
 114.000000 0.083490 0.739424 1.757254 0.010356
 115.000000 0.147884 0.727059 1.811026 0.020511
 116.000000 0.342457 0.694148 1.647552 0.083567
 117.000000 0.340005 0.702485 1.699929 0.178053
 118.000000 0.266802 0.723566 1.937201 0.087769
 119.000000 0.342670 0.675125 1.500393 0.769352
 120.000000 0.182691 0.674317 1.567220 0.764344
 121.000000 0.146082 0.700353 1.757842 0.062850
 122.000000 0.593953 0.656799 1.800083 0.495128
 123.000000 0.225337 0.753620 2.099153 0.034713
 124.000000 0.053537 0.832922 2.351865 0.005843
 125.000000 0.107518 0.776180 2.160629 0.018968
 126.000000 0.079497 0.740897 1.863596 0.007029
 127.000000 0.111968 0.780870 2.173668 0.008497
 128.000000 0.054124 0.811974 2.171568 0.011383
 129.000000 0.341643 0.742745 2.024891 0.193255
 130.000000 0.318306 0.735022 2.069244 0.232503
 131.000000 0.583423 0.751170 2.141463 0.308714
 132.000000 1.184238 0.740410 2.122932 0.179595
 133.000000 1.294094 0.729552 2.120186 0.972626
 134.000000 1.210606 0.729971 2.194906 0.642707
 135.000000 1.398442 0.682131 1.946725 1.271989
 136.000000 1.479122 0.689390 1.977314 1.571863
 137.000000 1.405782 0.705768 2.001878 1.415196
 138.000000 1.319091 0.692111 2.027861 1.424902
 139.000000 1.184055 0.693145 2.032471 1.046809
 140.000000 1.306170 0.659188 1.768239 0.829596
 141.000000 1.334340 0.656837 1.770619 0.872792
 142.000000 1.373879 0.644985 1.664980 1.281520
 143.000000 0.782873 0.671923 1.750239 0.112208
 144.000000 1.167117 0.659792 1.770201 0.915300
 145.000000 1.310687 0.654193 1.723857 0.612925
 146.000000 1.382777 0.661779 1.752454 1.052908
 147.000000 1.407630 0.632757 1.514528 1.281732
 148.000000 1.482198 0.640162 1.653269 1.653918
 149.000000 1.317754 0.613189 1.514722 1.422112
 150.000000 1.004817 0.629871 1.525021 0.945176
 151.000000 1.401753 0.625231 1.591631 1.636466
 152.000000 0.528982 0.668118 1.667173 0.124222
 153.000000 0.503003 0.634186 1.425714 0.219914
 154.000000 0.857416 0.657149 1.648634 0.620517
 155.000000 1.474423 0.667869 1.833603 1.283459
 156.000000 1.440065 0.663257 1.878842 1.385622
 157.000000 1.212195 0.718327 2.030981 0.396258
 158.000000 1.463332 0.687211 1.851513 1.449901
 159.000000 1.231804 0.728721 2.046943 0.561516
 160.000000 1.211430 0.735818 2.156604 0.440487
 161.000000 1.349239 0.717702 2.100296 1.019368
 162.000000 1.289390 0.654728 1.774007 1.511287
 163.000000 1.365280 0.660317 1.781823 0.628572
 164.000000 1.456774 0.631313 1.557520 1.409934
 165.000000 1.328454 0.647216 1.573600 0.985960
 166.000000 1.363214 0.692739 1.920020 1.363322
 167.000000 1.373501 0.657670 1.619236 1.113706
 168.000000 1.310412 0.718821 2.056211 0.366689
 169.000000 1.402320 0.728898 2.117271 1.162791
 170.000000 0.839077 0.755088 2.177671 0.393787
 171.000000 0.407906 0.755574 2.195544 0.429565
 172.000000 0.626235 0.772579 2.244359 0.554153
 173.000000 0.167538 0.785465 2.205637 0.130162
 174.000000 0.426528 0.748583 2.204541 0.307187
 175.000000 0.185895 0.785334 2.297951 0.037887
 176.000000 0.278015 0.774455 2.262507 0.089482
 177.000000 0.557073 0.751072 2.139338 0.292298
 178.000000 0.686235 0.737066 2.118891 0.393543
 179.000000 0.393921 0.754934 2.164412 0.326301
 180.000000 0.637519 0.754471 2.141660 0.502039
 181.000000 0.349607 0.758764 2.137866 0.164896
 182.000000 0.280001 0.757578 2.087681 0.142408
 183.000000 0.085582 0.834929 2.405783 0.021062
 184.000000 0.153114 0.777291 2.177091 0.028780
 185.000000 0.068322 0.783912 2.174932 0.005705
 186.000000 0.077585 0.748675 1.930363 0.006782
 187.000000 0.026473 0.817891 2.219409 0.002799
 188.000000 0.027422 0.776654 2.040092 0.002378
 189.000000 0.051181 0.768009 1.991878 0.003731
 190.000000 0.042331 0.793931 1.997670 0.002849
 191.000000 0.045267 0.805687 1.879205 0.002484
 192.000000 0.046622 0.831870 2.085286 0.003167
 193.000000 0.030896 0.747777 1.476277 0.002485
 194.000000 0.048508 0.779040 1.887136 0.003486
 195.000000 0.054939 0.781840 1.923857 0.003058
 196.000000 0.036577 0.812547 2.024371 0.002567
 197.000000 0.033451 0.829860 2.112797 0.002612
 198.000000 0.039109 0.827867 2.322071 0.002795
 199.000000 0.018112 0.881761 2.309132 0.001567
 200.000000 0.018073 0.903261 2.440651 0.001800
 201.000000 0.021304 0.858153 2.310429 0.002081
 202.000000 0.016474 0.904413 2.457493 0.001414
 203.000000 0.018441 0.897996 2.490807 0.001431
 204.000000 0.020553 0.863574 2.307623 0.002154
 205.000000 0.042694 0.823518 2.280028 0.004150
 206.000000 0.013521 0.902878 2.379496 0.001209
 207.000000 0.008754 0.950978 2.511610 0.001030
 208.000000 0.015392 0.916535 2.592773 0.001539
 209.000000 0.016775 0.881677 2.402989 0.001298
 210.000000 0.025006 0.842582 2.091482 0.003336
 211.000000 0.050248 0.759497 1.798645 0.005464
 212.000000 0.036206 0.821307 2.209926 0.005359
 213.000000 0.034419 0.821773 2.221683 0.004980
 214.000000 0.028869 0.854064 2.270497 0.004277
 215.000000 0.029302 0.830529 2.223234 0.003115
 216.000000 0.024685 0.830011 2.244650 0.003342
 217.000000 0.022656 0.858776 2.303108 0.002124
 218.000000 0.039399 0.815540 2.162010 0.004477
 219.000000 0.031047 0.795409 1.999693 0.002054
 220.000000 0.035007 0.805444 2.111412 0.002638
 221.000000 0.030402 0.807831 2.015664 0.002613
 222.000000 0.068836 0.744313 1.840158 0.009739
 223.000000 0.053814 0.766013 1.884190 0.005808
 224.000000 0.099576 0.706882 1.768494 0.009062
 225.000000 0.083973 0.777664 2.195354 0.010785
 226.000000 0.056924 0.751262 2.000432 0.008443
 227.000000 0.123841 0.699555 1.656210 0.011630
 228.000000 0.143671 0.672532 1.597564 0.016880
 229.000000 0.125176 0.642592 1.220051 0.018055
 230.000000 0.127174 0.657855 1.418623 0.020002
 231.000000 0.123005 0.624270 1.355543 0.018552
 232.000000 0.126887 0.633609 1.333018 0.011903
 233.000000 0.103911 0.681636 1.583765 0.014498
 234.000000 0.108937 0.656660 1.406961 0.016232
 235.000000 0.151776 0.650512 1.458093 0.019665
 236.000000 0.126330 0.682826 1.617926 0.017476
 237.000000 0.101419 0.665592 1.584305 0.014390
 238.000000 0.117085 0.656490 1.526563 0.010191
 239.000000 0.115156 0.659061 1.616293 0.016321
 240.000000 0.075064 0.688910 1.725058 0.010470
 241.000000 0.095341 0.637561 1.409421 0.014654
 242.000000 0.079911 0.694789 1.742256 0.010001
 243.000000 0.082300 0.711276 1.861127 0.013363
 244.000000 0.074914 0.694093 1.772348 0.013292
 245.000000 0.085269 0.691875 1.759014 0.009815
 246.000000 0.102979 0.665268 1.440349 0.014075
 247.000000 0.059453 0.708618 1.657931 0.006947
 248.000000 0.105351 0.690759 1.754960 0.011420
 249.000000 0.071396 0.731324 1.859326 0.011507
 250.000000 0.093696 0.697151 1.716430 0.010488
 251.000000 0.075266 0.724275 1.892001 0.011689
 252.000000 0.083457 0.720168 1.888153 0.009767
 253.000000 0.104445 0.729873 2.019499 0.014125
 254.000000 0.064137 0.734738 1.980786 0.007076
 255.000000 0.081342 0.736139 1.981661 0.008739
 256.000000 0.134920 0.697332 1.758383 0.015411
 257.000000 0.147187 0.676646 1.694498 0.011785
 258.000000 0.173223 0.662972 1.580031 0.018826
 259.000000 0.161818 0.673076 1.684670 0.020484
 260.000000 0.059717 0.681757 1.640069 0.006261
 261.000000 0.116976 0.633224 1.440405 0.012203
 262.000000 0.108096 0.591235 1.254289 0.018082
 263.000000 0.130277 0.585410 1.159340 0.023832
 264.000000 0.101403 0.634689 1.457040 0.026746
 265.000000 0.094366 0.663818 1.345020 0.013539
 266.000000 0.098163 0.654967 1.443492 0.015688
 267.000000 0.091037 0.708621 1.671532 0.009892
 268.000000 0.087427 0.699771 1.606673 0.008214
 269.000000 0.039462 0.740806 1.595546 0.004052
 270.000000 0.024477 0.808688 1.878656 0.002076
 271.000000 0.041442 0.768418 1.780250 0.005268
 272.000000 0.037240 0.785589 1.897043 0.003787
 273.000000 0.022399 0.816483 1.945052 0.002257
 274.000000 0.045641 0.734312 1.503682 0.004710
 275.000000 0.036409 0.774994 1.740077 0.004704
 276.000000 0.046139 0.701291 1.332604 0.004527
 277.000000 0.043504 0.751844 1.703424 0.003683
 278.000000 0.094789 0.697354 1.576602 0.006702
 279.000000 0.077481 0.708401 1.537106 0.004014
 280.000000 0.064695 0.695788 1.341242 0.005114
 281.000000 0.061962 0.755426 1.862129 0.004322
 282.000000 0.084388 0.744434 1.884800 0.006751
 283.000000 0.055778 0.778233 1.950488 0.004611
 284.000000 0.059172 0.744204 1.683244 0.005698
 285.000000 0.072550 0.734983 1.745088 0.005354
 286.000000 0.048903 0.771015 1.829813 0.003920
 287.000000 0.061908 0.790084 2.136391 0.004423
 288.000000 0.026455 0.866008 2.370351 0.002980
 289.000000 0.027104 0.846900 2.270537 0.002950
 290.000000 0.024387 0.840361 2.202766 0.002685
 291.000000 0.039647 0.798789 2.192878 0.002756
 292.000000 0.044790 0.834760 2.381659 0.003188
 293.000000 0.045701 0.823460 2.302967 0.004613
 294.000000 0.022604 0.871904 2.453168 0.002365
 295.000000 0.030056 0.836937 2.269598 0.002715
 296.000000 0.059381 0.750165 1.855429 0.003667
 297.000000 0.044897 0.741233 1.665562 0.003803
 298.000000 0.047823 0.696235 1.450183 0.003336
 299.000000 0.051556 0.695598 1.367223 0.004000
 300.000000 0.074801 0.652932 1.308054 0.004313
 301.000000 0.066501 0.658987 1.444518 0.004168
 302.000000 0.052572 0.680875 1.423734 0.004003
 303.000000 0.059540 0.668505 1.252184 0.005046
 304.000000 0.057024 0.679270 1.196543 0.009896
 305.000000 0.045867 0.759719 1.729964 0.004277
 306.000000 0.065133 0.735954 1.627377 0.005835
 307.000000 0.063416 0.700431 1.302325 0.005029
 308.000000 0.063782 0.683911 1.251237 0.011464
 309.000000 0.060200 0.737507 1.705084 0.004957
 310.000000 0.043195 0.720443 1.588651 0.003193
 311.000000 0.058647 0.712087 1.672703 0.004798
 312.000000 0.050225 0.720684 1.424205 0.005121
 313.000000 0.039390 0.733440 1.539978 0.003497
 314.000000 0.071650 0.710747 1.518518 0.004254
 315.000000 0.034560 0.792453 1.913428 0.003514
 316.000000 0.032711 0.775373 1.901594 0.002710
 317.000000 0.048909 0.766165 1.933528 0.002945
 318.000000 0.080554 0.713347 1.614827 0.004634
 319.000000 0.058401 0.755312 1.753776 0.004425
 320.000000 0.069258 0.753587 1.948469 0.004346
 321.000000 0.058004 0.762709 1.951468 0.003767
 322.000000 0.038401 0.772165 1.927648 0.003596
 323.000000 0.041524 0.749939 1.876398 0.002745
 324.000000 0.042812 0.677701 1.283542 0.003238
 325.000000 0.039204 0.702182 1.299765 0.004962
 326.000000 0.027487 0.735643 1.511946 0.002983
 327.000000 0.025328 0.788025 1.820006 0.001738
 328.000000 0.025172 0.798143 1.829117 0.001979
 329.000000 0.024448 0.791102 1.849112 0.001765
 330.000000 0.028143 0.774301 1.790647 0.002282
 331.000000 0.023462 0.841524 2.236827 0.001760
 332.000000 0.027500 0.847866 2.448109 0.001968
 333.000000 0.019448 0.872048 2.498456 0.001538
 334.000000 0.019556 0.886606 2.487471 0.001749
 335.000000 0.034035 0.829100 2.306837 0.003630
 336.000000 0.037924 0.811464 2.206537 0.003537
 337.000000 0.031886 0.834390 2.361219 0.002556
 338.000000 0.019419 0.884368 2.472726 0.002257
 339.000000 0.011174 0.919654 2.398091 0.001207
 340.000000 0.026066 0.870408 2.402434 0.003897
 341.000000 0.020235 0.872814 2.326635 0.002273
 342.000000 0.032002 0.819103 2.113663 0.002807
 343.000000 0.019741 0.890166 2.408704 0.001895
 344.000000 0.032317 0.851446 2.430939 0.003277
 345.000000 0.021291 0.820933 2.041157 0.001701
 346.000000 0.021287 0.812667 1.934568 0.001663
 347.000000 0.015869 0.865596 2.325794 0.001512
 348.000000 0.015025 0.899267 2.472770 0.001517
 349.000000 0.018763 0.893489 2.526961 0.001713
 350.000000 0.015793 0.922743 2.685571 0.001394
 351.000000 0.014325 0.951591 2.698446 0.001885
 352.000000 0.011339 0.963691 2.713024 0.001440
 353.000000 0.014181 0.928745 2.670216 0.001618
 354.000000 0.018766 0.884872 2.520278 0.001962
 355.000000 0.014012 0.931203 2.707475 0.002248
 356.000000 0.021581 0.875900 2.517610 0.002828
 357.000000 0.020727 0.884543 2.520323 0.002528
 358.000000 0.017546 0.902598 2.508798 0.002436
 359.000000 0.024516 0.859795 2.363775 0.003551
 360.000000 0.022036 0.861785 2.259687 0.003247
 361.000000 0.024077 0.838618 2.172694 0.003209
 362.000000 0.034566 0.834007 2.307851 0.003654
 363.000000 0.028355 0.869886 2.455266 0.002618
 364.000000 0.013227 0.939380 2.705317 0.001535
 365.000000 0.017050 0.934233 2.735343 0.002355
 366.000000 0.011374 0.959249 2.850206 0.001177
 367.000000 0.011728 0.952365 2.772674 0.001338
 368.000000 0.012953 0.938338 2.754047 0.001282
 369.000000 0.009510 0.986223 2.849099 0.001088
 370.000000 0.010814 0.961808 2.739668 0.001081
 371.000000 0.011417 0.978651 2.836950 0.000998
 372.000000 0.013110 0.969549 2.829457 0.001175
 373.000000 0.012431 0.961240 2.850259 0.001193
 374.000000 0.009686 0.984049 2.795684 0.001047
 375.000000 0.011715 0.959164 2.747428 0.001147
 376.000000 0.007325 1.013302 2.977275 0.000754
 377.000000 0.011839 0.978191 2.847473 0.001848
 378.000000 0.015235 0.922392 2.404751 0.003175
 379.000000 0.025581 0.842098 2.101665 0.005479
 380.000000 0.046968 0.766366 1.547494 0.016506
 381.000000 0.050099 0.745621 1.543320 0.008735
 382.000000 0.066092 0.709367 1.402110 0.008510
 383.000000 0.032093 0.745786 1.541377 0.011123
 384.000000 0.032855 0.731207 1.377576 0.004844
 385.000000 0.028070 0.771333 1.571154 0.003995
 386.000000 0.022746 0.795367 1.755764 0.003028
 387.000000 0.023504 0.763632 1.642528 0.003457
 388.000000 0.021387 0.767715 1.601542 0.002647
 389.000000 0.017714 0.829440 1.795378 0.001956
 390.000000 0.025324 0.790765 1.822660 0.001905
 391.000000 0.019935 0.830016 2.084827 0.002202
 392.000000 0.025415 0.826396 2.023446 0.002817
 393.000000 0.022494 0.872600 2.208462 0.002840
 394.000000 0.024119 0.846454 2.202561 0.004276
 395.000000 0.024188 0.876969 2.404801 0.003047
 396.000000 0.014924 0.940425 2.725011 0.001731
 397.000000 0.016189 0.934968 2.699361 0.002004
 398.000000 0.015399 0.934873 2.681226 0.001699
 399.000000 0.018795 0.928625 2.731622 0.002353
 400.000000 0.014228 0.933285 2.670417 0.001631
 401.000000 0.016010 0.925426 2.661073 0.001675
 402.000000 0.018027 0.918608 2.621794 0.002084
 403.000000 0.013569 0.964176 2.740564 0.001697
 404.000000 0.015990 0.929604 2.714103 0.001711
 405.000000 0.011998 0.959924 2.648164 0.001112
 406.000000 0.011462 0.944275 2.626481 0.000985
 407.000000 0.012099 0.945703 2.698650 0.001012
 408.000000 0.013912 0.930400 2.723787 0.001352
 409.000000 0.012460 0.936841 2.626415 0.001296
 410.000000 0.013515 0.945942 2.752712 0.001241
 411.000000 0.015269 0.950237 2.775853 0.001510
 412.000000 0.012653 0.959198 2.730469 0.001094
 413.000000 0.011047 0.962522 2.734814 0.000984
 414.000000 0.011729 0.952780 2.714491 0.001232
 415.000000 0.018063 0.919212 2.614566 0.001642
 416.000000 0.017020 0.924259 2.665133 0.001881
 417.000000 0.014769 0.930464 2.720840 0.001253
 418.000000 0.015565 0.924756 2.679989 0.001294
 419.000000 0.013412 0.954696 2.825818 0.001186
 420.000000 0.016865 0.937394 2.774607 0.001716
 421.000000 0.014318 0.942174 2.755999 0.001281
 422.000000 0.012246 0.951009 2.768094 0.001080
 423.000000 0.014223 0.932563 2.700317 0.001272
 424.000000 0.015939 0.929900 2.668918 0.001777
 425.000000 0.017794 0.917033 2.667644 0.001717
 426.000000 0.012514 0.973184 2.820907 0.001149
 427.000000 0.019991 0.897980 2.460135 0.001918
 428.000000 0.013826 0.949958 2.672249 0.001316
 429.000000 0.015252 0.950914 2.760022 0.001804
 430.000000 0.015556 0.947750 2.774269 0.001687
 431.000000 0.017513 0.921864 2.718596 0.001525
 432.000000 0.012346 0.947550 2.716766 0.001235
 433.000000 0.014318 0.940299 2.711144 0.001266
 434.000000 0.015539 0.927658 2.654315 0.001462
 435.000000 0.013709 0.919465 2.560960 0.001110
 436.000000 0.017700 0.878863 2.300590 0.001626
 437.000000 0.015007 0.904572 2.461347 0.001583
 438.000000 0.016703 0.898802 2.483451 0.001484
 439.000000 0.013073 0.913943 2.493996 0.001064
 440.000000 0.011801 0.947484 2.651493 0.001079
 441.000000 0.011428 0.952894 2.726949 0.001287
 442.000000 0.014713 0.925055 2.643852 0.001566
 443.000000 0.018309 0.912652 2.672226 0.001842
 444.000000 0.013706 0.953038 2.749232 0.001167
 445.000000 0.009619 0.963871 2.639220 0.000784
 446.000000 0.012674 0.906137 2.402984 0.001107
 447.000000 0.014208 0.906181 2.544555 0.001230
 448.000000 0.016370 0.889575 2.387977 0.001388
 449.000000 0.015877 0.881499 2.356148 0.001657
 450.000000 0.014842 0.857862 2.154306 0.001242
 451.000000 0.015101 0.860007 2.198666 0.001323
 452.000000 0.017012 0.853459 2.224707 0.001363
 453.000000 0.022664 0.830852 2.133850 0.001825
 454.000000 0.026990 0.837090 2.244922 0.002341
 455.000000 0.031305 0.831877 2.183634 0.004169
 456.000000 0.059699 0.783395 1.989367 0.006523
 457.000000 0.023860 0.849009 2.246626 0.002572
 458.000000 0.027285 0.824841 2.135605 0.003187
 459.000000 0.051582 0.778269 1.818155 0.003496
 460.000000 0.043637 0.778127 1.894206 0.005889
 461.000000 0.047051 0.785830 1.982889 0.005271
 462.000000 0.024353 0.858370 2.338963 0.003189
 463.000000 0.020220 0.861718 2.301803 0.001913
 464.000000 0.023991 0.863654 2.342020 0.002098
 465.000000 0.032743 0.860970 2.390360 0.002242
 466.000000 0.025374 0.853182 2.360251 0.002059
 467.000000 0.034762 0.834855 2.309980 0.002273
 468.000000 0.024507 0.870423 2.347644 0.002198
 469.000000 0.027456 0.830551 2.188152 0.003215
 470.000000 0.025813 0.852217 2.326674 0.002140
 471.000000 0.031364 0.789104 1.927809 0.002950
 472.000000 0.026292 0.825244 2.205018 0.003085
 473.000000 0.023761 0.855720 2.337926 0.002521
 474.000000 0.037844 0.799100 2.218561 0.003480
 475.000000 0.028286 0.836059 2.326796 0.002193
 476.000000 0.041754 0.817897 2.280396 0.004552
 477.000000 0.024953 0.872226 2.439858 0.002655
 478.000000 0.037028 0.844118 2.421716 0.003993
 479.000000 0.019669 0.916459 2.684304 0.001688
 480.000000 0.015392 0.927185 2.719392 0.001608
 481.000000 0.019557 0.907033 2.611668 0.002273
 482.000000 0.014806 0.942525 2.713950 0.001856
 483.000000 0.025745 0.866898 2.529479 0.002303
 484.000000 0.016647 0.919680 2.676819 0.001420
 485.000000 0.010350 0.966315 2.782861 0.001257
 486.000000 0.019881 0.887250 2.518622 0.002469
 487.000000 0.027935 0.865896 2.469413 0.003799
 488.000000 0.018805 0.918226 2.612584 0.002166
 489.000000 0.017642 0.921769 2.671340 0.001936
 490.000000 0.018473 0.907678 2.523851 0.001981
 491.000000 0.024168 0.845558 2.134041 0.002077
 492.000000 0.028679 0.845255 2.156576 0.003226
 493.000000 0.019129 0.889621 2.539699 0.002047
 494.000000 0.015492 0.894046 2.437586 0.001394
 495.000000 0.015843 0.915048 2.556125 0.001325
 496.000000 0.016904 0.921894 2.656146 0.002624
 497.000000 0.018932 0.895309 2.507071 0.002421
 498.000000 0.030153 0.863052 2.427993 0.003866
 499.000000 0.036093 0.820126 2.311202 0.003937
 500.000000 0.032461 0.855262 2.454747 0.005349
