#! FIELDS time alpha rg e2e hbond
 0.000000 0.058197 0.702917 1.283870 0.007667
 1.000000 0.085054 0.695281 1.308307 0.007583
 2.000000 0.092584 0.679128 1.122505 0.010139
 3.000000 0.059779 0.686525 1.108941 0.006156
 4.000000 0.067992 0.678791 1.063572 0.009590
 5.000000 0.078577 0.683915 1.371266 0.009277
 6.000000 0.055572 0.720725 1.529056 0.005983
 7.000000 0.050520 0.733128 1.464415 0.011896
 8.000000 0.061987 0.716091 1.262912 0.007019
 9.000000 0.082190 0.693863 1.269071 0.007648
 10.000000 0.077774 0.684266 1.169700 0.006148
 11.000000 0.057180 0.736837 1.488770 0.004099
 12.000000 0.075705 0.744118 1.586311 0.006106
 13.000000 0.070364 0.740133 1.485198 0.006125
 14.000000 0.067057 0.747407 1.460059 0.005176
 15.000000 0.062205 0.739364 1.388975 0.007312
 16.000000 0.081349 0.724683 1.382485 0.008309
 17.000000 0.084051 0.741164 1.472802 0.005277
 18.000000 0.062532 0.747850 1.401182 0.004421
 19.000000 0.074609 0.711491 1.379522 0.003872
 20.000000 0.076140 0.687518 1.129750 0.007799
 21.000000 0.089549 0.688145 1.337243 0.007087
 22.000000 0.060970 0.729081 1.396690 0.003964
 23.000000 0.066659 0.724892 1.361980 0.005725
 24.000000 0.055325 0.694821 1.148189 0.005880
 25.000000 0.087319 0.691627 1.301643 0.010726
 26.000000 0.050610 0.684931 1.079660 0.008680
 27.000000 0.068974 0.632128 0.845613 0.009647
 28.000000 0.067357 0.654278 0.984770 0.006841
 29.000000 0.096132 0.676544 1.098898 0.005050
 30.000000 0.081824 0.693351 1.199758 0.008305
 31.000000 0.068393 0.688647 1.144980 0.008230
 32.000000 0.109754 0.630207 0.796006 0.014865
 33.000000 0.101494 0.612194 0.805298 0.008420
 34.000000 0.056803 0.662540 0.910289 0.010047
 35.000000 0.079042 0.670216 1.056701 0.010662
 36.000000 0.076505 0.681353 1.145482 0.013324
 37.000000 0.060768 0.699258 1.200908 0.008764
 38.000000 0.068234 0.699406 1.294989 0.005234
 39.000000 0.078763 0.708804 1.288635 0.007109
 40.000000 0.059910 0.678270 0.976547 0.005932
 41.000000 0.050728 0.699062 1.169229 0.004534
 42.000000 0.061073 0.690648 1.207269 0.004870
 43.000000 0.063001 0.674685 1.074381 0.007040
 44.000000 0.063289 0.660076 0.981226 0.009375
 45.000000 0.076669 0.648176 0.914038 0.008779
 46.000000 0.080630 0.681771 1.149567 0.008948
 47.000000 0.070475 0.668986 0.983402 0.006775
 48.000000 0.084819 0.648250 1.044494 0.007133
 49.000000 0.054932 0.705265 1.325291 0.007532
 50.000000 0.033141 0.757351 1.583140 0.007207
 51.000000 0.043792 0.730089 1.492305 0.005143
 52.000000 0.027805 0.791067 1.873831 0.002974
 53.000000 0.023705 0.817902 2.011884 0.003398
 54.000000 0.031417 0.782059 1.724399 0.003676
 55.000000 0.031664 0.758799 1.558334 0.004607
 56.000000 0.043020 0.747506 1.628707 0.005493
 57.000000 0.048577 0.760224 1.839649 0.004631
 58.000000 0.030914 0.795563 2.008536 0.002712
 59.000000 0.029595 0.805679 1.996506 0.003596
 60.000000 0.022346 0.839369 2.108016 0.002784
 61.000000 0.018778 0.886096 2.385628 0.003139
 62.000000 0.018169 0.895940 2.499603 0.003956
 63.000000 0.023324 0.861836 2.413133 0.003758
 64.000000 0.024920 0.820707 2.198909 0.002506
 65.000000 0.034307 0.799298 2.095974 0.003261
 66.000000 0.032489 0.819204 2.251020 0.003625
 67.000000 0.047413 0.724901 1.696309 0.008750
 68.000000 0.033067 0.703054 1.439559 0.004622
 69.000000 0.034422 0.697144 1.314436 0.004446
 70.000000 0.041120 0.656886 0.766401 0.004843
 71.000000 0.048097 0.618211 0.752487 0.012568
 72.000000 0.047308 0.626731 0.763283 0.006073
 73.000000 0.052449 0.643191 0.867268 0.006029
 74.000000 0.035595 0.679565 1.127009 0.004521
 75.000000 0.041956 0.702551 1.395084 0.005768
 76.000000 0.041652 0.709032 1.557346 0.002683
 77.000000 0.046513 0.743076 1.767715 0.006878
 78.000000 0.036480 0.744768 1.692807 0.004879
 79.000000 0.031800 0.753670 1.678995 0.002285
 80.000000 0.031797 0.727573 1.588162 0.003333
 81.000000 0.023751 0.742411 1.559811 0.003020
 82.000000 0.034935 0.766868 1.946226 0.003208
 83.000000 0.036623 0.744822 1.789985 0.004705
 84.000000 0.037972 0.736454 1.752306 0.004096
 85.000000 0.019222 0.789820 1.848891 0.001827
 86.000000 0.023783 0.815178 2.008742 0.002453
 87.000000 0.027190 0.801387 2.009135 0.003012
 88.000000 0.054640 0.721630 1.821322 0.003260
 89.000000 0.035516 0.787670 2.053670 0.003209
 90.000000 0.044771 0.784463 1.839614 0.004467
 91.000000 0.030325 0.797208 1.800629 0.002476
 92.000000 0.045868 0.762026 1.865797 0.006636
 93.000000 0.026364 0.808269 1.980110 0.002515
 94.000000 0.034457 0.770758 1.799034 0.004062
 95.000000 0.019765 0.828736 2.072894 0.002903
 96.000000 0.017688 0.865961 2.332349 0.002827
 97.000000 0.035559 0.817005 2.229757 0.003040
 98.000000 0.024395 0.864155 2.351341 0.003197
 99.000000 0.018766 0.876925 2.428617 0.002877
 100.000000 0.019366 0.886890 2.408159 0.002724
 101.000000 0.010973 0.937211 2.508500 0.001835
 102.000000 0.011494 0.972192 2.727227 0.002014
 103.000000 0.017472 0.917834 2.592041 0.002769
 104.000000 0.011533 0.957175 2.724212 0.001473
 105.000000 0.012472 0.955606 2.774063 0.001528
 106.000000 0.012633 0.951189 2.701404 0.001343
 107.000000 0.014755 0.919798 2.680527 0.001279
 108.000000 0.017525 0.898590 2.542527 0.001760
 109.000000 0.021225 0.881190 2.473027 0.003425
 110.000000 0.027031 0.851100 2.358631 0.012732
 111.000000 0.019250 0.861461 2.386639 0.003239
 112.000000 0.021537 0.819378 2.070718 0.003573
 113.000000 0.038964 0.782721 1.935998 0.006165
 114.000000 0.030259 0.825574 2.172115 0.007595
 115.000000 0.032552 0.817281 2.230449 0.004790
 116.000000 0.036785 0.821313 2.160802 0.004854
 117.000000 0.013492 0.912305 2.536582 0.002214
 118.000000 0.019900 0.873630 2.430731 0.004645
 119.000000 0.017892 0.873140 2.409859 0.001692
 120.000000 0.019897 0.879184 2.452804 0.001975
 121.000000 0.022536 0.849716 2.364187 0.001955
 122.000000 0.027748 0.847500 2.305563 0.003050
 123.000000 0.020449 0.882876 2.421604 0.003440
 124.000000 0.021069 0.882441 2.382692 0.002021
 125.000000 0.020466 0.893125 2.573507 0.001842
 126.000000 0.017865 0.905522 2.542544 0.004261
 127.000000 0.014989 0.899077 2.561236 0.001602
 128.000000 0.017556 0.914360 2.620806 0.001698
 129.000000 0.018598 0.915895 2.662569 0.001861
 130.000000 0.024558 0.864293 2.501671 0.003672
 131.000000 0.016776 0.891937 2.576364 0.001732
 132.000000 0.034281 0.831360 2.366022 0.005689
 133.000000 0.014617 0.886030 2.468215 0.001812
 134.000000 0.016715 0.883977 2.499756 0.001337
 135.000000 0.015970 0.920005 2.603430 0.001457
 136.000000 0.017117 0.918324 2.631935 0.001653
 137.000000 0.012433 0.926939 2.674493 0.001221
 138.000000 0.013339 0.887251 2.379168 0.001690
 139.000000 0.012631 0.914522 2.452148 0.001616
 140.000000 0.014777 0.910240 2.608455 0.001470
 141.000000 0.019820 0.865862 2.497783 0.001720
 142.000000 0.025487 0.857980 2.364390 0.001862
 143.000000 0.020666 0.854470 2.417455 0.001887
 144.000000 0.029887 0.821565 2.282318 0.003208
 145.000000 0.060730 0.743514 1.967457 0.008867
 146.000000 0.047842 0.777308 2.110685 0.006270
 147.000000 0.065674 0.750794 1.947511 0.008162
 148.000000 0.066192 0.711055 1.769869 0.008908
 149.000000 0.064475 0.733036 1.787978 0.006816
 150.000000 0.049580 0.721861 1.572352 0.004895
 151.000000 0.037366 0.703077 1.511720 0.006848
 152.000000 0.046259 0.647968 1.214203 0.008313
 153.000000 0.063323 0.613673 1.092055 0.014105
 154.000000 0.042895 0.668265 1.308108 0.017307
 155.000000 0.043244 0.667458 1.353081 0.005718
 156.000000 0.042389 0.684685 1.374623 0.010653
 157.000000 0.062734 0.696186 1.427519 0.005361
 158.000000 0.037356 0.721035 1.533454 0.003248
 159.000000 0.076420 0.652148 1.155262 0.005778
 160.000000 0.079736 0.645877 1.384683 0.006149
 161.000000 0.136236 0.619202 1.526457 0.015815
 162.000000 0.093100 0.631396 1.434786 0.008075
 163.000000 0.083960 0.651831 1.643975 0.006774
 164.000000 0.081133 0.643120 1.477899 0.004936
 165.000000 0.062557 0.662974 1.346079 0.003668
 166.000000 0.084221 0.659059 1.495981 0.013474
 167.000000 0.065962 0.671435 1.478894 0.010798
 168.000000 0.065752 0.732375 1.941404 0.006199
 169.000000 0.072320 0.725463 1.780774 0.005695
 170.000000 0.072471 0.750565 1.880844 0.006124
 171.000000 0.066274 0.717968 1.560206 0.005400
 172.000000 0.076525 0.722340 1.594147 0.012603
 173.000000 0.053375 0.757207 1.513208 0.004212
 174.000000 0.078138 0.744933 1.541431 0.006512
 175.000000 0.079459 0.720494 1.449451 0.008366
 176.000000 0.050436 0.771041 1.511920 0.003697
 177.000000 0.064480 0.745492 1.413707 0.006193
 178.000000 0.096459 0.754081 1.558003 0.007805
 179.000000 0.061717 0.801351 1.960391 0.003743
 180.000000 0.041562 0.834088 2.166934 0.003555
 181.000000 0.054050 0.806126 2.074204 0.003909
 182.000000 0.051437 0.781720 2.035975 0.005285
 183.000000 0.021554 0.838371 2.122026 0.001715
 184.000000 0.031246 0.805858 2.014210 0.002133
 185.000000 0.035650 0.805454 2.060351 0.002543
 186.000000 0.027505 0.820103 2.033317 0.002516
 187.000000 0.032507 0.778829 1.844543 0.002285
 188.000000 0.032232 0.807962 2.021031 0.002385
 189.000000 0.057132 0.733777 1.667577 0.003693
 190.000000 0.034755 0.791615 1.855716 0.001945
 191.000000 0.032829 0.790702 1.751502 0.001930
 192.000000 0.022743 0.812516 1.917936 0.001706
 193.000000 0.018763 0.856666 2.095967 0.001416
 194.000000 0.022748 0.850353 2.239588 0.001944
 195.000000 0.027312 0.783413 1.780400 0.001688
 196.000000 0.056230 0.705811 1.527148 0.004115
 197.000000 0.035809 0.725298 1.554080 0.003489
 198.000000 0.033608 0.797989 1.886585 0.003037
 199.000000 0.017481 0.841447 1.871463 0.001920
 200.000000 0.036128 0.783863 1.765111 0.006435
 201.000000 0.027835 0.786715 1.827248 0.002266
 202.000000 0.027975 0.789611 2.007153 0.001747
 203.000000 0.038372 0.751947 1.927234 0.002626
 204.000000 0.038611 0.756715 1.997261 0.003383
 205.000000 0.032614 0.813103 2.181768 0.003371
 206.000000 0.027705 0.800003 2.148693 0.002388
 207.000000 0.038793 0.746300 1.811257 0.003004
 208.000000 0.052927 0.715729 1.679290 0.005103
 209.000000 0.046549 0.730963 1.679651 0.003168
 210.000000 0.037590 0.716560 1.500582 0.002716
 211.000000 0.044039 0.684917 1.353300 0.003851
 212.000000 0.053072 0.653896 1.339091 0.004027
 213.000000 0.062871 0.664124 1.407528 0.007261
 214.000000 0.036407 0.755384 1.714325 0.002815
 215.000000 0.028241 0.829409 2.030610 0.002677
 216.000000 0.027265 0.824400 1.845071 0.002975
 217.000000 0.020699 0.843593 1.958534 0.003291
 218.000000 0.029421 0.832964 1.972598 0.003819
 219.000000 0.021479 0.886439 2.136722 0.002957
 220.000000 0.022937 0.874767 2.060256 0.001650
 221.000000 0.033275 0.854552 2.073891 0.002899
 222.000000 0.028668 0.832743 1.894164 0.003288
 223.000000 0.020005 0.875673 2.337347 0.002447
 224.000000 0.028603 0.894133 2.620833 0.003060
 225.000000 0.019186 0.910680 2.461408 0.001755
 226.000000 0.035892 0.851613 2.031179 0.002650
 227.000000 0.019495 0.851950 2.054174 0.001749
 228.000000 0.022905 0.843087 1.971618 0.001951
 229.000000 0.016176 0.900460 2.263886 0.001543
 230.000000 0.021115 0.804567 1.839398 0.002610
 231.000000 0.025866 0.878190 2.193283 0.002223
 232.000000 0.023739 0.901360 2.375039 0.002096
 233.000000 0.024760 0.853629 2.150811 0.002864
 234.000000 0.021485 0.836382 1.944948 0.003616
 235.000000 0.023594 0.858798 2.179063 0.002548
 236.000000 0.020356 0.865633 2.034995 0.001943
 237.000000 0.023691 0.864720 2.174578 0.002423
 238.000000 0.028301 0.865915 2.134911 0.003232
 239.000000 0.033786 0.861497 2.165577 0.002880
 240.000000 0.020006 0.887755 2.148352 0.002507
 241.000000 0.031926 0.868408 2.224681 0.003118
 242.000000 0.034271 0.884628 2.241352 0.002616
 243.000000 0.023508 0.889706 2.219905 0.002536
 244.000000 0.034700 0.806938 1.848824 0.002785
 245.000000 0.026157 0.842244 2.138090 0.003000
 246.000000 0.034918 0.841803 2.233382 0.003689
 247.000000 0.026702 0.859345 2.122036 0.002534
 248.000000 0.044743 0.850664 2.232494 0.002916
 249.000000 0.020505 0.904303 2.565682 0.002065
 250.000000 0.034140 0.877166 2.404005 0.003541
 251.000000 0.021835 0.824312 2.194155 0.001939
 252.000000 0.022680 0.851891 2.187880 0.002457
 253.000000 0.020355 0.890979 2.287592 0.002351
 254.000000 0.017871 0.901429 2.217700 0.001715
 255.000000 0.026124 0.852909 2.323217 0.002570
 256.000000 0.023048 0.830847 2.136124 0.002681
 257.000000 0.037596 0.777792 1.827985 0.003159
 258.000000 0.036498 0.820795 2.067932 0.004093
 259.000000 0.046876 0.803583 1.853742 0.003309
 260.000000 0.028959 0.854850 2.247833 0.002583
 261.000000 0.036647 0.857179 2.161425 0.002816
 262.000000 0.030491 0.846863 2.052135 0.002180
 263.000000 0.018858 0.880493 2.358477 0.001941
 264.000000 0.023713 0.865884 2.378812 0.002120
 265.000000 0.019972 0.861497 2.369736 0.001661
 266.000000 0.027969 0.828219 2.264129 0.003324
 267.000000 0.045730 0.773766 1.988214 0.005133
 268.000000 0.052501 0.683679 1.417911 0.004673
 269.000000 0.029463 0.756481 1.628799 0.002455
 270.000000 0.058800 0.678774 1.337370 0.007054
 271.000000 0.063335 0.669038 1.300172 0.004581
 272.000000 0.033289 0.709488 1.405739 0.002514
 273.000000 0.021832 0.781502 1.799974 0.001510
 274.000000 0.029846 0.783705 1.857955 0.003314
 275.000000 0.037884 0.753994 1.848333 0.003250
 276.000000 0.017344 0.895194 2.515293 0.001490
 277.000000 0.011142 0.920277 2.495954 0.001071
 278.000000 0.017103 0.901186 2.501863 0.001923
 279.000000 0.010370 0.948012 2.652102 0.001125
 280.000000 0.015890 0.898135 2.413318 0.001616
 281.000000 0.010000 0.934976 2.391676 0.001097
 282.000000 0.012788 0.900000 2.327316 0.001581
 283.000000 0.016553 0.864858 2.140405 0.001319
 284.000000 0.012095 0.912466 2.314389 0.001386
 285.000000 0.013616 0.887121 2.194837 0.001430
 286.000000 0.011729 0.845361 1.897942 0.001480
 287.000000 0.014535 0.888035 2.108085 0.002023
 288.000000 0.020165 0.826818 1.927344 0.002070
 289.000000 0.030884 0.789752 1.794458 0.003663
 290.000000 0.024424 0.791038 1.897813 0.002346
 291.000000 0.028575 0.802572 1.904985 0.002677
 292.000000 0.019427 0.850149 2.214285 0.002674
 293.000000 0.038562 0.786145 2.013886 0.004177
 294.000000 0.052309 0.761163 1.752145 0.004428
 295.000000 0.035434 0.799247 1.947613 0.003162
 296.000000 0.054875 0.747613 1.858386 0.005117
 297.000000 0.033624 0.809288 2.210776 0.002867
 298.000000 0.020987 0.843548 2.109195 0.002075
 299.000000 0.024185 0.838837 2.075732 0.001955
 300.000000 0.029149 0.786218 1.836481 0.001977
 301.000000 0.021033 0.802322 1.934754 0.001783
 302.000000 0.029685 0.787815 1.916486 0.002577
 303.000000 0.045789 0.721842 1.649841 0.002633
 304.000000 0.043097 0.770881 1.978358 0.002502
 305.000000 0.033127 0.776738 2.108774 0.002042
 306.000000 0.038912 0.795429 2.207991 0.002569
 307.000000 0.034607 0.784272 2.065664 0.002388
 308.000000 0.024274 0.834055 2.249396 0.002356
 309.000000 0.034403 0.795276 2.091080 0.003445
 310.000000 0.030552 0.809517 2.206430 0.002779
 311.000000 0.044314 0.756244 2.016427 0.002833
 312.000000 0.056653 0.706224 1.800017 0.005119
 313.000000 0.075107 0.664400 1.651131 0.005812
 314.000000 0.062340 0.705007 1.769831 0.006176
 315.000000 0.037883 0.754495 1.994476 0.002713
 316.000000 0.051859 0.741982 1.942200 0.003643
 317.000000 0.055077 0.711562 1.800818 0.006022
 318.000000 0.053336 0.703549 1.504108 0.008890
 319.000000 0.049234 0.726844 1.619906 0.009105
 320.000000 0.037360 0.759637 1.751739 0.009749
 321.000000 0.060232 0.672420 1.359597 0.016020
 322.000000 0.052426 0.658782 1.154480 0.006628
 323.000000 0.046605 0.705199 1.419329 0.004830
 324.000000 0.027600 0.758985 1.764419 0.004248
 325.000000 0.021431 0.814878 1.838555 0.006339
 326.000000 0.021770 0.848494 2.043943 0.004338
 327.000000 0.018016 0.877607 2.089953 0.002921
 328.000000 0.021633 0.824436 1.841677 0.003871
 329.000000 0.033004 0.795481 1.878168 0.005439
 330.000000 0.020710 0.836535 2.106114 0.003882
 331.000000 0.018748 0.848892 2.067621 0.002727
 332.000000 0.019362 0.859345 2.100186 0.003817
 333.000000 0.026974 0.849705 2.133208 0.003847
 334.000000 0.021042 0.849543 2.211058 0.004070
 335.000000 0.035242 0.805836 2.146843 0.007414
 336.000000 0.032439 0.832847 2.102634 0.010141
 337.000000 0.039510 0.771311 1.706355 0.011659
 338.000000 0.028266 0.848007 1.881521 0.013362
 339.000000 0.040066 0.845346 1.994879 0.015701
 340.000000 0.044251 0.778133 1.776640 0.008080
 341.000000 0.038987 0.743993 1.372711 0.006134
 342.000000 0.030308 0.783419 1.497236 0.010210
 343.000000 0.030608 0.849841 2.048462 0.009615
 344.000000 0.034846 0.804768 2.140944 0.005637
 345.000000 0.037173 0.785428 1.973128 0.005083
 346.000000 0.043679 0.747323 1.757182 0.004030
 347.000000 0.032356 0.785374 1.845942 0.004370
 348.000000 0.044470 0.749206 1.638986 0.005283
 349.000000 0.034960 0.759851 1.657221 0.004608
 350.000000 0.029043 0.795579 1.787048 0.004369
 351.000000 0.041333 0.774093 1.830969 0.008918
 352.000000 0.046537 0.760379 1.730489 0.006815
 353.000000 0.040014 0.753511 1.651012 0.007724
 354.000000 0.029380 0.779013 1.660193 0.005171
 355.000000 0.031953 0.776590 1.658920 0.004848
 356.000000 0.041003 0.777991 1.756278 0.007192
 357.000000 0.034999 0.772929 1.772708 0.005134
 358.000000 0.037625 0.771831 1.767506 0.006014
 359.000000 0.039892 0.784876 1.693668 0.007062
 360.000000 0.045271 0.722948 1.316341 0.010027
 361.000000 0.046981 0.728745 1.408216 0.012462
 362.000000 0.067247 0.701587 1.481512 0.010175
 363.000000 0.063907 0.671036 1.372126 0.008803
 364.000000 0.048794 0.673696 1.209892 0.004810
 365.000000 0.062200 0.680592 1.240462 0.010292
 366.000000 0.043815 0.719800 1.426136 0.004176
 367.000000 0.053047 0.711348 1.508450 0.005443
 368.000000 0.035171 0.765577 1.600222 0.004957
 369.000000 0.039285 0.732056 1.395701 0.005697
 370.000000 0.028526 0.805069 1.877267 0.004544
 371.000000 0.041252 0.754038 1.566696 0.006559
 372.000000 0.035681 0.794725 2.036310 0.005546
 373.000000 0.025479 0.812077 2.024942 0.005083
 374.000000 0.032924 0.775150 1.748929 0.007038
 375.000000 0.036398 0.762667 1.790384 0.005019
 376.000000 0.050010 0.720071 1.499856 0.006187
 377.000000 0.060969 0.734520 1.790355 0.011139
 378.000000 0.031760 0.775266 1.849638 0.004440
 379.000000 0.036043 0.782893 1.897857 0.005223
 380.000000 0.028307 0.805890 1.970800 0.005009
 381.000000 0.036645 0.779254 1.885386 0.005128
 382.000000 0.041861 0.763810 1.642956 0.003906
 383.000000 0.041072 0.764382 1.684607 0.002736
 384.000000 0.023005 0.852221 2.120167 0.002681
 385.000000 0.020467 0.856789 2.288934 0.001532
 386.000000 0.017281 0.858831 2.187253 0.001230
 387.000000 0.028212 0.847020 2.376014 0.003388
 388.000000 0.017581 0.864623 2.335689 0.001604
 389.000000 0.033007 0.807681 2.166642 0.002862
 390.000000 0.038721 0.789002 1.914671 0.004974
 391.000000 0.035032 0.795070 2.146989 0.003187
 392.000000 0.032230 0.814284 2.200149 0.003593
 393.000000 0.030530 0.819982 2.169968 0.003478
 394.000000 0.030654 0.824191 2.161345 0.003058
 395.000000 0.033412 0.786946 2.077393 0.002378
 396.000000 0.039864 0.812674 2.253132 0.004131
 397.000000 0.039902 0.793063 2.193653 0.005612
 398.000000 0.039461 0.758243 1.932144 0.002445
 399.000000 0.026534 0.823474 2.233859 0.002074
 400.000000 0.037794 0.786031 2.116458 0.002672
 401.000000 0.035886 0.779642 2.165329 0.001962
 402.000000 0.062130 0.748736 2.111361 0.003414
 403.000000 0.030728 0.808493 2.219347 0.001869
 404.000000 0.026487 0.801658 2.094335 0.002201
 405.000000 0.036769 0.783120 2.017679 0.002632
 406.000000 0.028357 0.802850 2.102919 0.002143
 407.000000 0.016197 0.904885 2.524730 0.001058
 408.000000 0.030158 0.814043 2.105856 0.001761
 409.000000 0.025504 0.763574 1.669397 0.001941
 410.000000 0.022401 0.803036 1.951907 0.002223
 411.000000 0.015054 0.885927 2.308522 0.001665
 412.000000 0.024654 0.857641 2.281816 0.002411
 413.000000 0.026430 0.858018 2.333740 0.003099
 414.000000 0.014927 0.919657 2.665739 0.001455
 415.000000 0.011262 0.957084 2.818517 0.000909
 416.000000 0.018198 0.899468 2.606209 0.001890
 417.000000 0.034992 0.827357 2.406443 0.004285
 418.000000 0.019050 0.902143 2.583351 0.002371
 419.000000 0.013898 0.915883 2.661269 0.001512
 420.000000 0.016731 0.917374 2.623810 0.002160
 421.000000 0.014774 0.935718 2.725958 0.001490
 422.000000 0.013375 0.932003 2.694638 0.001340
 423.000000 0.010810 0.974992 2.827206 0.001090
 424.000000 0.010740 0.975309 2.839899 0.001239
 425.000000 0.014907 0.933251 2.592632 0.001436
 426.000000 0.015677 0.915964 2.568583 0.001295
 427.000000 0.021125 0.869846 2.360646 0.001584
 428.000000 0.015711 0.885113 2.287235 0.001320
 429.000000 0.013049 0.888884 2.280057 0.001081
 430.000000 0.014088 0.908394 2.413222 0.001518
 431.000000 0.010592 0.962539 2.673765 0.000904
 432.000000 0.011834 0.921054 2.382077 0.001029
 433.000000 0.012119 0.908734 2.270428 0.001179
 434.000000 0.016596 0.888131 2.358864 0.002072
 435.000000 0.015771 0.890919 2.227050 0.003287
 436.000000 0.018263 0.865298 2.176260 0.003402
 437.000000 0.009073 0.986620 2.763635 0.000888
 438.000000 0.010604 0.980353 2.817378 0.001119
 439.000000 0.006730 1.021768 2.901713 0.000651
 440.000000 0.010699 0.979245 2.779548 0.001125
 441.000000 0.011545 0.963525 2.801481 0.001275
 442.000000 0.006955 1.001527 2.836996 0.000632
 443.000000 0.010837 0.916814 2.426192 0.000861
 444.000000 0.013446 0.895899 2.354938 0.001249
 445.000000 0.010050 0.921058 2.390815 0.000904
 446.000000 0.014661 0.883163 2.337047 0.001527
 447.000000 0.014093 0.883388 2.254527 0.001335
 448.000000 0.014245 0.885790 2.328269 0.001345
 449.000000 0.011853 0.925660 2.481634 0.001119
 450.000000 0.010639 0.961235 2.759944 0.000965
 451.000000 0.018450 0.893235 2.364426 0.001748
 452.000000 0.010264 0.962370 2.723383 0.001134
 453.000000 0.011772 0.953876 2.772818 0.001226
 454.000000 0.010566 0.969529 2.790148 0.000946
 455.000000 0.012485 0.945606 2.718280 0.001195
 456.000000 0.007106 0.993026 2.713980 0.000575
 457.000000 0.008339 0.964588 2.523913 0.000889
 458.000000 0.013225 0.885763 2.232722 0.001622
 459.000000 0.024413 0.813603 2.037668 0.001476
 460.000000 0.030053 0.809136 2.271693 0.002043
 461.000000 0.036260 0.768107 1.994726 0.002550
 462.000000 0.033577 0.757723 1.831934 0.002454
 463.000000 0.028046 0.811791 2.203441 0.002020
 464.000000 0.026172 0.822152 2.219467 0.002175
 465.000000 0.018549 0.899238 2.595851 0.002452
 466.000000 0.026130 0.860748 2.510877 0.002570
 467.000000 0.031736 0.857704 2.456628 0.002889
 468.000000 0.033881 0.805436 2.251197 0.003366
 469.000000 0.036523 0.782708 2.002861 0.003905
 470.000000 0.020874 0.851204 2.305997 0.002368
 471.000000 0.039974 0.781903 2.116861 0.007449
 472.000000 0.032267 0.817136 2.292165 0.003029
 473.000000 0.035192 0.797692 2.173441 0.003203
 474.000000 0.025663 0.830473 2.237644 0.002610
 475.000000 0.030736 0.835975 2.310464 0.004821
 476.000000 0.027558 0.854708 2.456677 0.003244
 477.000000 0.044275 0.797996 2.310430 0.004900
 478.000000 0.025984 0.842809 2.313150 0.002498
 479.000000 0.037877 0.782072 1.997337 0.003482
 480.000000 0.034377 0.818304 2.308716 0.002484
 481.000000 0.027832 0.782258 1.957920 0.002188
 482.000000 0.029501 0.786420 2.047403 0.003898
 483.000000 0.043109 0.797007 2.213092 0.004442
 484.000000 0.024612 0.808931 2.042932 0.002280
 485.000000 0.026004 0.771818 1.848989 0.003034
 486.000000 0.022176 0.832549 2.139706 0.002098
 487.000000 0.059777 0.751998 2.020992 0.010263
 488.000000 0.038537 0.757696 1.918415 0.003059
 489.000000 0.029896 0.790966 1.894962 0.003095
 490.000000 0.031915 0.768753 1.804681 0.003476
 491.000000 0.032528 0.745455 1.786379 0.002528
 492.000000 0.025491 0.757242 1.749995 0.001829
 493.000000 0.033162 0.761425 1.841496 0.001914
 494.000000 0.037697 0.778544 1.849206 0.003486
 495.000000 0.029129 0.783146 1.962086 0.002857
 496.000000 0.030616 0.805836 2.161427 0.002453
 497.000000 0.041426 0.767160 1.937359 0.003204
 498.000000 0.041772 0.763046 1.991781 0.003518
 499.000000 0.037233 0.787135 1.983265 0.005571
 500.000000 0.043060 0.762710 1.951551 0.003958
