#! FIELDS time alpha rg e2e hbond
 0.000000 0.066071 0.594104 0.583881 0.012607
 1.000000 0.084059 0.588035 0.859936 0.145482
 2.000000 0.075097 0.600038 0.981104 0.024425
 3.000000 0.058888 0.609783 0.620000 0.012861
 4.000000 0.071990 0.598140 0.528418 0.080870
 5.000000 0.081936 0.586944 0.556749 0.136622
 6.000000 0.089491 0.591002 0.576974 0.189606
 7.000000 0.096836 0.585842 0.557849 0.256612
 8.000000 0.111140 0.581179 0.511300 0.266253
 9.000000 0.187601 0.575990 0.584413 0.562625
 10.000000 0.094977 0.581123 0.597645 0.250688
 11.000000 0.092021 0.586383 0.537050 0.425272
 12.000000 0.073897 0.584977 0.548194 0.016477
 13.000000 0.054366 0.605798 0.511885 0.010091
 14.000000 0.054925 0.612409 0.518175 0.013226
 15.000000 0.054864 0.603375 0.506514 0.011012
 16.000000 0.052950 0.605618 0.643837 0.011610
 17.000000 0.055433 0.616774 0.703359 0.008270
 18.000000 0.069068 0.595965 0.837662 0.015287
 19.000000 0.086697 0.584296 0.621763 0.028976
 20.000000 0.124119 0.585212 0.693456 0.516332
 21.000000 0.124594 0.577151 0.709567 0.748614
 22.000000 0.128824 0.583161 0.825070 0.154812
 23.000000 0.133671 0.574397 0.927265 0.403326
 24.000000 0.134866 0.576233 0.614262 0.180807
 25.000000 0.142060 0.571554 0.687816 0.316014
 26.000000 0.125601 0.569634 0.580880 0.152086
 27.000000 0.128222 0.568909 0.571480 0.183838
 28.000000 0.109477 0.577549 0.569190 0.088046
 29.000000 0.125257 0.564533 0.606052 0.243742
 30.000000 0.142771 0.570659 0.592291 0.492148
 31.000000 0.120500 0.575621 0.574603 0.285930
 32.000000 0.105513 0.579297 0.707365 0.123975
 33.000000 0.278577 0.572612 1.027830 0.749777
 34.000000 0.381003 0.568064 0.931410 0.380455
 35.000000 0.376118 0.583153 1.036631 0.299791
 36.000000 0.296106 0.577752 1.075507 0.102497
 37.000000 0.349382 0.581280 1.121158 0.177918
 38.000000 0.385712 0.585342 1.088517 0.235274
 39.000000 0.313496 0.579026 1.067992 0.127479
 40.000000 0.327842 0.568406 1.020497 0.329341
 41.000000 0.522686 0.556254 0.883147 0.561749
 42.000000 0.347565 0.566572 0.906226 0.517686
 43.000000 0.387872 0.584140 1.106910 0.536096
 44.000000 0.487025 0.606486 1.265168 0.773141
 45.000000 0.099920 0.686406 1.502455 0.011932
 46.000000 0.096926 0.692014 1.466949 0.011449
 47.000000 0.115187 0.736736 1.894067 0.019132
 48.000000 0.164247 0.667897 1.714354 0.043031
 49.000000 0.133515 0.677420 1.691281 0.023941
 50.000000 0.116637 0.660497 1.626045 0.015016
 51.000000 0.127927 0.684411 1.699054 0.017948
 52.000000 0.125728 0.679204 1.754460 0.014435
 53.000000 0.094773 0.691706 1.739532 0.009286
 54.000000 0.101331 0.701703 1.814677 0.008640
 55.000000 0.096558 0.705287 1.892139 0.006883
 56.000000 0.094935 0.639907 1.327231 0.005938
 57.000000 0.090708 0.613367 1.289338 0.006282
 58.000000 0.101679 0.609884 1.273789 0.006572
 59.000000 0.072805 0.660811 1.471327 0.004405
 60.000000 0.081098 0.681962 1.717257 0.004315
 61.000000 0.068221 0.694851 1.800844 0.005383
 62.000000 0.096279 0.683944 1.644982 0.004980
 63.000000 0.122075 0.573767 1.182307 0.007070
 64.000000 0.122256 0.564757 1.296397 0.006568
 65.000000 0.123043 0.558176 1.004620 0.005831
 66.000000 0.089404 0.581226 0.909262 0.006669
 67.000000 0.117628 0.530632 0.816756 0.005526
 68.000000 0.096402 0.536639 0.744616 0.019158
 69.000000 0.109576 0.547483 0.708096 0.008846
 70.000000 0.100040 0.535101 0.687710 0.010596
 71.000000 0.101207 0.536063 0.590218 0.027777
 72.000000 0.140662 0.529622 0.561660 0.023989
 73.000000 0.105721 0.543489 0.630347 0.027223
 74.000000 0.103175 0.544196 0.706023 0.017721
 75.000000 0.088427 0.559781 0.638835 0.010235
 76.000000 0.104547 0.580235 0.823193 0.005841
 77.000000 0.070676 0.627363 0.848965 0.008651
 78.000000 0.069823 0.597307 0.597471 0.004671
 79.000000 0.072341 0.615364 0.880839 0.004502
 80.000000 0.065158 0.645598 1.260707 0.005543
 81.000000 0.085363 0.635308 1.049188 0.008656
 82.000000 0.059428 0.716288 1.812650 0.007053
 83.000000 0.038595 0.750382 1.720109 0.002845
 84.000000 0.044650 0.710478 1.408554 0.003530
 85.000000 0.043551 0.697567 1.378676 0.005356
 86.000000 0.058089 0.646742 1.092600 0.003821
 87.000000 0.049516 0.660192 1.124982 0.003931
 88.000000 0.041693 0.720632 1.574010 0.003015
 89.000000 0.036925 0.786077 1.958527 0.003059
 90.000000 0.041946 0.790130 2.039065 0.003766
 91.000000 0.022685 0.796485 1.909566 0.001646
 92.000000 0.022514 0.787328 1.856535 0.001779
 93.000000 0.034364 0.764789 1.699289 0.003210
 94.000000 0.053813 0.760955 1.832749 0.002371
 95.000000 0.046769 0.775295 1.925202 0.004212
 96.000000 0.057529 0.753426 1.938234 0.003107
 97.000000 0.052395 0.718856 1.528553 0.003426
 98.000000 0.104640 0.636222 1.193343 0.007368
 99.000000 0.111120 0.643040 1.415433 0.006938
 100.000000 0.097052 0.670526 1.467431 0.005110
 101.000000 0.104516 0.678961 1.434370 0.010915
 102.000000 0.085236 0.686679 1.573789 0.005462
 103.000000 0.096159 0.688438 1.393663 0.008809
 104.000000 0.056303 0.711084 1.365986 0.004542
 105.000000 0.090177 0.658329 1.392623 0.006621
 106.000000 0.081543 0.672007 1.518776 0.004716
 107.000000 0.106123 0.676720 1.524828 0.005918
 108.000000 0.116378 0.682166 1.641287 0.005382
 109.000000 0.102259 0.638436 1.074771 0.013673
 110.000000 0.062038 0.689259 1.305913 0.003752
 111.000000 0.076602 0.665272 1.081788 0.003885
 112.000000 0.069853 0.668498 1.053675 0.003137
 113.000000 0.081935 0.644893 0.946236 0.004385
 114.000000 0.074745 0.668670 1.119774 0.003724
 115.000000 0.096917 0.696611 1.254745 0.012945
 116.000000 0.109981 0.723356 1.564215 0.011783
 117.000000 0.068636 0.705552 1.389039 0.005391
 118.000000 0.125894 0.678608 1.133574 0.012142
 119.000000 0.131288 0.674663 1.163180 0.011185
 120.000000 0.094382 0.652357 0.999315 0.008261
 121.000000 0.105169 0.604855 0.741367 0.010089
 122.000000 0.103456 0.600312 0.613375 0.012195
 123.000000 0.096868 0.651995 0.971475 0.008345
 124.000000 0.117965 0.635818 0.810231 0.010952
 125.000000 0.099206 0.608674 0.794271 0.007725
 126.000000 0.126305 0.623110 0.798783 0.011805
 127.000000 0.080268 0.659389 0.904858 0.006816
 128.000000 0.106466 0.628586 0.927368 0.010697
 129.000000 0.141646 0.554883 0.480135 0.016205
 130.000000 0.133583 0.565681 0.651385 0.012354
 131.000000 0.143503 0.572898 0.650571 0.017108
 132.000000 0.148629 0.560387 0.580574 0.019448
 133.000000 0.159414 0.572577 0.606548 0.016278
 134.000000 0.125985 0.554138 0.535607 0.012804
 135.000000 0.117766 0.567850 0.580402 0.010766
 136.000000 0.136144 0.543312 0.621000 0.014848
 137.000000 0.117218 0.566323 0.547622 0.010419
 138.000000 0.138561 0.564392 0.587810 0.014771
 139.000000 0.113344 0.592228 0.855964 0.010042
 140.000000 0.082279 0.613989 0.953169 0.008659
 141.000000 0.094006 0.603077 1.034403 0.007513
 142.000000 0.076898 0.612424 0.954206 0.006452
 143.000000 0.065989 0.631764 1.061405 0.004244
 144.000000 0.048850 0.685410 1.479037 0.005599
 145.000000 0.028001 0.749822 1.851030 0.002571
 146.000000 0.064087 0.690447 1.580880 0.004074
 147.000000 0.039824 0.711222 1.507095 0.002962
 148.000000 0.024549 0.772359 1.703417 0.001430
 149.000000 0.024426 0.816936 1.977479 0.001780
 150.000000 0.028133 0.806904 1.996395 0.002355
 151.000000 0.035254 0.809716 2.098028 0.002725
 152.000000 0.021752 0.876309 2.385090 0.002201
 153.000000 0.022656 0.854285 2.339316 0.002718
 154.000000 0.021157 0.855533 2.327438 0.002407
 155.000000 0.014972 0.928450 2.664814 0.001394
 156.000000 0.019040 0.876538 2.469892 0.001624
 157.000000 0.028304 0.820929 2.298515 0.002608
 158.000000 0.028800 0.809178 2.257452 0.002055
 159.000000 0.027390 0.848516 2.412708 0.003053
 160.000000 0.027082 0.861971 2.338758 0.003381
 161.000000 0.041855 0.830377 2.314529 0.005735
 162.000000 0.033441 0.833171 2.283838 0.003611
 163.000000 0.023507 0.859539 2.396912 0.002699
 164.000000 0.055823 0.776963 2.062710 0.005309
 165.000000 0.037076 0.811970 2.332418 0.004266
 166.000000 0.025588 0.858130 2.458670 0.003011
 167.000000 0.042772 0.818672 2.382573 0.005741
 168.000000 0.026767 0.832736 2.277787 0.003511
 169.000000 0.023317 0.839002 2.215117 0.002775
 170.000000 0.036809 0.812408 2.233464 0.003587
 171.000000 0.053475 0.800394 2.204937 0.006065
 172.000000 0.037308 0.784162 2.013607 0.002832
 173.000000 0.042573 0.794446 2.104956 0.004891
 174.000000 0.029713 0.824335 2.129457 0.003087
 175.000000 0.048265 0.763767 1.922092 0.004295
 176.000000 0.044740 0.772928 2.026423 0.004261
 177.000000 0.049931 0.792914 2.099266 0.004076
 178.000000 0.031217 0.822560 2.123481 0.002383
 179.000000 0.052521 0.788713 2.091692 0.005855
 180.000000 0.068386 0.780303 2.134270 0.006473
 181.000000 0.033890 0.817926 2.274556 0.003045
 182.000000 0.034557 0.822278 2.308842 0.002641
 183.000000 0.019116 0.859926 2.246858 0.001485
 184.000000 0.033461 0.825854 2.182143 0.003400
 185.000000 0.027389 0.861448 2.388377 0.003299
 186.000000 0.022325 0.834600 2.360789 0.001777
 187.000000 0.051794 0.781499 2.242406 0.006174
 188.000000 0.046960 0.761549 2.034292 0.004034
 189.000000 0.040973 0.807954 2.140307 0.003608
 190.000000 0.036851 0.800056 1.932780 0.003033
 191.000000 0.039903 0.813610 2.105588 0.003420
 192.000000 0.038937 0.801858 2.045221 0.004955
 193.000000 0.041420 0.787925 2.109549 0.004579
 194.000000 0.041857 0.777523 2.071650 0.004313
 195.000000 0.056644 0.734143 1.831863 0.005792
 196.000000 0.047645 0.743879 1.956578 0.003651
 197.000000 0.038473 0.755159 1.887200 0.004203
 198.000000 0.051669 0.738594 1.897654 0.004207
 199.000000 0.051882 0.721286 1.839554 0.002635
 200.000000 0.057859 0.748954 2.019968 0.006996
 201.000000 0.035957 0.838796 2.429885 0.003679
 202.000000 0.033051 0.824034 2.213904 0.002577
 203.000000 0.026501 0.840308 2.268817 0.002725
 204.000000 0.021946 0.881567 2.441513 0.002053
 205.000000 0.018647 0.878593 2.476692 0.001418
 206.000000 0.023040 0.892361 2.470745 0.002487
 207.000000 0.025552 0.861903 2.342109 0.003453
 208.000000 0.031791 0.842506 2.347813 0.004454
 209.000000 0.015386 0.938829 2.704198 0.002685
 210.000000 0.014835 0.926945 2.670158 0.001293
 211.000000 0.015727 0.902388 2.518698 0.001352
 212.000000 0.009764 0.969348 2.852393 0.001001
 213.000000 0.011366 0.950351 2.709971 0.001159
 214.000000 0.012764 0.941325 2.691958 0.001455
 215.000000 0.020858 0.897746 2.472843 0.002067
 216.000000 0.019661 0.889158 2.488963 0.002238
 217.000000 0.020974 0.895042 2.547958 0.002359
 218.000000 0.041405 0.849021 2.450200 0.005541
 219.000000 0.042224 0.851686 2.490366 0.009291
 220.000000 0.119760 0.799013 2.220714 0.022914
 221.000000 0.102694 0.780884 2.219629 0.015676
 222.000000 0.127247 0.748428 2.021486 0.037094
 223.000000 0.103542 0.792953 2.045019 0.032795
 224.000000 0.118659 0.762726 1.918774 0.036176
 225.000000 0.127264 0.785786 2.046012 0.046841
 226.000000 0.190688 0.761150 1.983367 0.046293
 227.000000 0.134757 0.768776 2.086350 0.032919
 228.000000 0.159211 0.784825 2.207176 0.025387
 229.000000 0.094002 0.811637 2.344942 0.020817
 230.000000 0.117088 0.795427 2.196555 0.028731
 231.000000 0.067897 0.836626 2.375915 0.012489
 232.000000 0.067398 0.822332 2.337336 0.018010
 233.000000 0.118152 0.799995 2.284730 0.067632
 234.000000 0.285270 0.826465 2.313530 0.071624
 235.000000 0.355062 0.783250 2.137706 0.905536
 236.000000 0.464980 0.776098 2.222374 0.357917
 237.000000 0.942907 0.720960 1.957187 0.242032
 238.000000 1.186513 0.709778 1.955123 1.276366
 239.000000 1.005598 0.696796 1.881276 0.368123
 240.000000 0.730636 0.726816 2.038487 0.113369
 241.000000 0.549684 0.690548 1.853650 0.086261
 242.000000 0.512934 0.726209 1.981305 0.113742
 243.000000 0.292319 0.737623 2.083056 0.064591
 244.000000 0.391177 0.740593 2.050964 0.060710
 245.000000 0.532051 0.721167 2.021840 0.084308
 246.000000 0.624455 0.735392 2.083264 0.159418
 247.000000 0.614634 0.707051 1.970014 0.095685
 248.000000 0.585079 0.734278 2.112788 0.117227
 249.000000 0.838607 0.730877 2.050912 0.198468
 250.000000 1.018725 0.724226 2.035209 0.222543
 251.000000 1.230668 0.701147 2.013185 0.425467
 252.000000 0.537110 0.727845 2.111687 0.130330
 253.000000 0.321851 0.776254 2.216495 0.323497
 254.000000 0.194970 0.750091 2.072721 0.266389
 255.000000 0.461608 0.743785 2.025269 0.840137
 256.000000 0.455780 0.795447 2.272103 0.196637
 257.000000 0.269470 0.794060 2.194065 0.545246
 258.000000 0.175848 0.773306 2.130891 0.374138
 259.000000 0.472317 0.765474 2.133547 0.140190
 260.000000 0.170795 0.798195 2.104691 0.169736
 261.000000 0.724278 0.759082 2.157784 0.403394
 262.000000 0.374220 0.778993 2.167888 0.772073
 263.000000 0.788981 0.744735 2.123948 0.237678
 264.000000 0.420273 0.748513 2.127799 0.267715
 265.000000 1.144849 0.724478 2.036722 0.920945
 266.000000 1.111935 0.731377 2.051335 0.376444
 267.000000 1.159655 0.703487 1.898783 1.027034
 268.000000 1.157589 0.698086 1.794005 1.241213
 269.000000 1.138625 0.692539 1.779476 1.555763
 270.000000 1.106001 0.678724 1.684211 1.076285
 271.000000 1.223857 0.655384 1.713334 0.772326
 272.000000 1.102549 0.680472 1.737735 1.591296
 273.000000 1.185749 0.697519 1.833856 1.527672
 274.000000 1.153700 0.678486 1.721018 0.926121
 275.000000 1.238562 0.671253 1.736714 1.503593
 276.000000 1.192140 0.682398 1.766729 1.486119
 277.000000 1.204953 0.680313 1.904514 1.441779
 278.000000 1.239678 0.694348 1.857962 0.794792
 279.000000 1.114973 0.671249 1.842479 0.672770
 280.000000 1.155199 0.699325 1.988607 0.762574
 281.000000 1.153787 0.696730 1.875609 1.013951
 282.000000 1.225447 0.727829 2.070928 0.617682
 283.000000 1.168332 0.737693 2.059729 0.768342
 284.000000 1.240067 0.711782 1.940065 0.565639
 285.000000 1.251741 0.731707 2.008251 0.819789
 286.000000 1.149365 0.716788 1.983793 1.198770
 287.000000 1.051370 0.736803 2.082821 0.244004
 288.000000 1.179263 0.680873 1.858779 1.647473
 289.000000 1.242784 0.738476 2.078185 1.095077
 290.000000 1.221985 0.669671 1.779590 1.312970
 291.000000 1.268631 0.669725 1.716901 1.281573
 292.000000 1.153260 0.675421 1.851236 1.200155
 293.000000 1.133583 0.679074 1.835772 0.668814
 294.000000 1.227085 0.704189 1.915350 1.459466
 295.000000 1.192829 0.697451 1.913739 1.002449
 296.000000 1.198899 0.686894 1.911460 1.430094
 297.000000 1.134361 0.708291 1.893362 0.916936
 298.000000 1.158870 0.656286 1.719865 0.816967
 299.000000 1.064433 0.706092 1.806712 1.040037
 300.000000 1.143118 0.697824 1.922221 1.409203
 301.000000 1.091048 0.740555 2.053615 1.113970
 302.000000 1.012186 0.764106 2.146635 0.330151
 303.000000 0.996817 0.719361 1.932350 0.204398
 304.000000 1.149279 0.671269 1.671762 1.135012
 305.000000 1.058529 0.696268 1.799274 0.305667
 306.000000 0.515040 0.686053 1.731613 0.860044
 307.000000 0.503476 0.781504 2.016424 0.202759
 308.000000 0.783571 0.770294 2.171943 0.260041
 309.000000 0.772321 0.762211 2.153492 0.878062
 310.000000 0.661376 0.788065 2.206450 0.519748
 311.000000 0.716769 0.763004 2.071664 0.463296
 312.000000 1.026939 0.748244 2.082363 0.469313
 313.000000 0.485153 0.724174 1.999463 0.085168
 314.000000 0.211873 0.737458 1.973866 0.041814
 315.000000 0.213861 0.717510 1.936559 0.023387
 316.000000 0.375112 0.732070 2.070122 0.064980
 317.000000 0.248899 0.773067 2.177337 0.045515
 318.000000 0.080975 0.771292 2.172434 0.012845
 319.000000 0.057476 0.850938 2.382614 0.010538
 320.000000 0.362115 0.757352 2.130749 0.188682
 321.000000 0.054695 0.783405 2.147546 0.006534
 322.000000 0.187102 0.775106 2.152687 0.056973
 323.000000 0.225226 0.706236 1.941623 0.032350
 324.000000 0.111463 0.741067 1.973845 0.013538
 325.000000 0.199557 0.783894 2.258020 0.025549
 326.000000 1.047246 0.743519 2.172095 0.386710
 327.000000 1.088726 0.736548 2.039033 1.228038
 328.000000 1.247947 0.686293 1.880103 0.552251
 329.000000 1.257801 0.704944 1.971878 0.741778
 330.000000 1.201145 0.697840 1.885060 1.196426
 331.000000 1.239847 0.688597 1.860669 1.481505
 332.000000 1.224512 0.683483 1.797561 1.377017
 333.000000 1.064734 0.663466 1.601533 0.608151
 334.000000 1.134323 0.690407 1.803630 0.363291
 335.000000 1.147269 0.714731 1.946774 0.743678
 336.000000 1.131149 0.695726 1.887399 1.383456
 337.000000 0.445950 0.744862 2.059198 0.077121
 338.000000 0.327086 0.673799 1.666578 0.056458
 339.000000 0.530248 0.692455 1.786419 0.075914
 340.000000 0.622022 0.682697 1.733520 0.120923
 341.000000 1.064566 0.687567 1.798767 0.814405
 342.000000 1.207873 0.686285 1.797475 1.260299
 343.000000 1.169519 0.704137 1.833382 1.126424
 344.000000 1.102302 0.648511 1.549952 0.869749
 345.000000 1.175441 0.639635 1.503877 0.572628
 346.000000 1.088584 0.638062 1.513028 0.649591
 347.000000 1.279306 0.655882 1.621168 0.607681
 348.000000 1.186151 0.657033 1.727002 1.165250
 349.000000 1.166827 0.683091 1.638365 0.557644
 350.000000 1.157716 0.640400 1.501113 1.103360
 351.000000 1.151959 0.594385 1.207908 0.912171
 352.000000 1.143331 0.609198 1.202754 1.060707
 353.000000 1.144381 0.625566 1.391044 1.546079
 354.000000 1.097677 0.651116 1.460589 1.485509
 355.000000 1.145990 0.624652 1.307053 1.234297
 356.000000 1.168357 0.619835 1.341020 0.992643
 357.000000 1.081049 0.679223 1.645739 1.684415
 358.000000 1.213441 0.661077 1.663218 0.957287
 359.000000 1.234597 0.605283 1.363348 1.548489
 360.000000 1.260736 0.607618 1.353057 1.186937
 361.000000 1.197240 0.612012 1.363647 1.290858
 362.000000 1.249849 0.599656 1.324702 1.261419
 363.000000 1.160239 0.613560 1.375873 0.574707
 364.000000 0.375342 0.679043 1.604844 0.095588
 365.000000 0.419169 0.635726 1.349246 0.229166
 366.000000 0.363658 0.645560 1.353258 0.096935
 367.000000 0.299329 0.652332 1.455151 0.123448
 368.000000 0.335371 0.618388 1.228019 0.152243
 369.000000 0.178035 0.698267 1.706887 0.030787
 370.000000 0.314674 0.623357 1.249197 0.346950
 371.000000 0.368131 0.645855 1.363430 0.124774
 372.000000 0.477693 0.580397 1.107905 0.783686
 373.000000 0.396179 0.561828 0.878769 0.897459
 374.000000 0.390268 0.555367 0.831794 0.816306
 375.000000 0.356698 0.582288 1.051943 0.730362
 376.000000 0.529309 0.571053 0.966593 0.813719
 377.000000 0.307845 0.596241 1.027156 0.087108
 378.000000 0.339260 0.558425 0.894118 0.288172
 379.000000 0.380880 0.545756 0.931906 0.639227
 380.000000 0.391971 0.577753 1.024454 0.558094
 381.000000 0.422572 0.582601 1.123201 0.307496
 382.000000 0.260539 0.568146 1.153906 0.283127
 383.000000 0.234212 0.633848 1.437117 0.040574
 384.000000 0.256898 0.634298 1.347688 0.081089
 385.000000 0.137828 0.690952 1.687410 0.015006
 386.000000 0.137772 0.669343 1.744435 0.023069
 387.000000 0.170973 0.669879 1.771693 0.056211
 388.000000 0.059883 0.727623 2.016005 0.005501
 389.000000 0.046310 0.773697 2.116239 0.005385
 390.000000 0.061904 0.733867 1.982532 0.006985
 391.000000 0.054210 0.752188 2.083628 0.005517
 392.000000 0.161772 0.651726 1.739776 0.090182
 393.000000 0.166481 0.749676 2.157837 0.052468
 394.000000 0.182343 0.739579 2.086747 0.115843
 395.000000 0.240900 0.753573 2.187198 0.138588
 396.000000 0.321681 0.731920 2.081982 0.644618
 397.000000 0.162652 0.757349 2.214260 0.065700
 398.000000 0.287936 0.733714 1.993953 0.235859
 399.000000 0.389255 0.704575 1.931366 0.321114
 400.000000 0.304036 0.712796 1.831266 0.099348
 401.000000 0.364632 0.702238 1.893428 0.270528
 402.000000 0.323930 0.703081 1.888966 0.765879
 403.000000 0.235252 0.698318 1.779060 0.444120
 404.000000 0.249734 0.703458 1.691240 0.755761
 405.000000 0.289775 0.687398 1.646415 0.114245
 406.000000 0.578932 0.624412 1.395537 0.821809
 407.000000 0.356522 0.686549 1.689772 0.422196
 408.000000 0.438241 0.649441 1.433229 0.403868
 409.000000 0.327107 0.640174 1.272351 0.629881
 410.000000 0.483603 0.644083 1.440027 0.863310
 411.000000 0.483085 0.658250 1.548536 0.875222
 412.000000 0.326745 0.654775 1.348942 0.135256
 413.000000 0.328851 0.678041 1.555089 0.558458
 414.000000 0.507025 0.682881 1.568157 0.525340
 415.000000 0.285665 0.667786 1.533268 0.060236
 416.000000 0.322749 0.666232 1.433906 0.417613
 417.000000 0.347718 0.643896 1.488018 0.768756
 418.000000 0.501382 0.593324 1.039825 0.534252
 419.000000 0.468280 0.582953 1.082562 0.789606
 420.000000 0.493032 0.607087 1.321268 0.804722
 421.000000 0.460656 0.644190 1.328841 0.801580
 422.000000 0.408722 0.586445 1.069378 0.274996
 423.000000 0.449290 0.555194 0.801266 0.884873
 424.000000 0.382361 0.573198 0.835086 0.708027
 425.000000 0.453293 0.566415 1.076025 0.657274
 426.000000 0.345437 0.583648 1.032452 0.854791
 427.000000 0.422829 0.595596 1.181012 0.785247
 428.000000 0.406682 0.623120 1.359578 0.816750
 429.000000 0.333470 0.598599 1.061952 0.747381
 430.000000 0.354141 0.641926 1.409005 0.135460
 431.000000 0.307051 0.629847 1.310594 0.686289
 432.000000 0.413171 0.595406 1.088040 0.365045
 433.000000 0.306390 0.608416 1.078094 0.680926
 434.000000 0.400862 0.651541 1.597439 0.307628
 435.000000 0.425093 0.595237 1.304197 0.843360
 436.000000 0.274115 0.663461 1.721655 0.375084
 437.000000 0.151288 0.684948 1.773689 0.017203
 438.000000 0.125539 0.633736 1.468811 0.012911
 439.000000 0.083018 0.637825 1.487268 0.005457
 440.000000 0.094585 0.657223 1.538397 0.006204
 441.000000 0.090633 0.702158 1.753032 0.011888
 442.000000 0.037422 0.799506 2.251053 0.003849
 443.000000 0.026398 0.831768 2.302603 0.001340
 444.000000 0.031342 0.844317 2.327439 0.002409
 445.000000 0.027938 0.852984 2.466208 0.001836
 446.000000 0.022914 0.877885 2.524854 0.001841
 447.000000 0.041548 0.822884 2.305974 0.003741
 448.000000 0.020693 0.871056 2.411755 0.001692
 449.000000 0.034466 0.821679 2.210834 0.002280
 450.000000 0.028191 0.829390 2.095762 0.002286
 451.000000 0.034329 0.798379 2.046924 0.002374
 452.000000 0.031248 0.832305 2.212737 0.002120
 453.000000 0.032150 0.834229 2.047899 0.002294
 454.000000 0.032342 0.791370 1.728641 0.002893
 455.000000 0.048082 0.739861 1.436327 0.005958
 456.000000 0.038217 0.764374 1.633213 0.005828
 457.000000 0.033870 0.798368 1.882346 0.002734
 458.000000 0.041907 0.780860 1.977234 0.006638
 459.000000 0.031939 0.788849 1.844812 0.005148
 460.000000 0.064785 0.767626 1.894352 0.015810
 461.000000 0.026203 0.797772 1.926845 0.003549
 462.000000 0.036215 0.770611 1.851977 0.004509
 463.000000 0.020458 0.839333 2.063758 0.003251
 464.000000 0.024489 0.801153 1.839832 0.002640
 465.000000 0.019046 0.822058 1.989186 0.002724
 466.000000 0.032884 0.762192 1.755556 0.003880
 467.000000 0.029841 0.761830 1.733738 0.003288
 468.000000 0.027677 0.751356 1.587428 0.002521
 469.000000 0.030523 0.768298 1.766280 0.002965
 470.000000 0.020008 0.837495 2.136802 0.002635
 471.000000 0.017619 0.852852 2.204007 0.002519
 472.000000 0.017018 0.882703 2.284474 0.001691
 473.000000 0.023971 0.838852 2.064491 0.002141
 474.000000 0.030681 0.814771 2.046713 0.002295
 475.000000 0.021026 0.867391 2.321867 0.002217
 476.000000 0.039193 0.809624 2.160691 0.004835
 477.000000 0.041116 0.767920 1.819474 0.004364
 478.000000 0.031201 0.808605 1.945208 0.002418
 479.000000 0.039011 0.782124 1.846988 0.003730
 480.000000 0.030387 0.808458 1.984733 0.004970
 481.000000 0.025051 0.819617 2.038316 0.004239
 482.000000 0.033498 0.783016 1.946269 0.003562
 483.000000 0.033764 0.758577 1.742300 0.004928
 484.000000 0.023279 0.809575 1.984073 0.002043
 485.000000 0.031438 0.747534 1.662898 0.002889
 486.000000 0.031263 0.776852 1.903189 0.002080
 487.000000 0.038887 0.768887 1.902405 0.004377
 488.000000 0.034797 0.770194 1.924691 0.005322
 489.000000 0.044718 0.779752 2.066613 0.003807
 490.000000 0.018678 0.866941 2.352400 0.001617
 491.000000 0.029586 0.833966 2.249058 0.002355
 492.000000 0.031088 0.843607 2.360661 0.002174
 493.000000 0.025117 0.816983 1.995811 0.004249
 494.000000 0.029584 0.805666 2.072195 0.003312
 495.000000 0.026278 0.836956 2.250304 0.003709
 496.000000 0.053139 0.756341 1.928410 0.009544
 497.000000 0.038133 0.787146 1.989614 0.010725
 498.000000 0.018477 0.850717 2.152021 0.003673
 499.000000 0.020987 0.855754 2.124024 0.004655
 500.000000 0.022652 0.885295 2.411898 0.003202
