#! FIELDS time alpha rg e2e hbond
 0.000000 0.116732 0.816936 2.191057 0.020775
 1.000000 0.137195 0.793967 2.057847 0.019902
 2.000000 0.113296 0.800290 2.121222 0.016090
 3.000000 0.136324 0.775132 2.090623 0.037357
 4.000000 0.090567 0.776507 2.045483 0.033141
 5.000000 0.067069 0.793820 2.068488 0.007502
 6.000000 0.056283 0.842794 2.283157 0.006363
 7.000000 0.033408 0.853963 2.383766 0.003671
 8.000000 0.028629 0.870722 2.446282 0.004091
 9.000000 0.052846 0.830904 2.316073 0.007262
 10.000000 0.039419 0.851584 2.367956 0.003007
 11.000000 0.040357 0.865990 2.469290 0.004739
 12.000000 0.025066 0.892140 2.552930 0.002908
 13.000000 0.039834 0.875536 2.563749 0.005740
 14.000000 0.025679 0.885337 2.571501 0.002379
 15.000000 0.030210 0.876123 2.486415 0.002839
 16.000000 0.023375 0.890387 2.458690 0.002398
 17.000000 0.016545 0.912086 2.544482 0.001689
 18.000000 0.039626 0.829861 2.164594 0.002758
 19.000000 0.033115 0.852716 2.295084 0.003011
 20.000000 0.027717 0.873371 2.461211 0.002333
 21.000000 0.038422 0.835737 2.184731 0.002912
 22.000000 0.051950 0.764835 1.889363 0.002869
 23.000000 0.057776 0.766557 1.850188 0.003271
 24.000000 0.024238 0.847923 2.191857 0.002008
 25.000000 0.031474 0.803538 1.822000 0.002343
 26.000000 0.024521 0.830118 1.952292 0.002380
 27.000000 0.029146 0.829228 2.139686 0.002864
 28.000000 0.058893 0.733183 1.581456 0.003947
 29.000000 0.068316 0.708210 1.383050 0.005112
 30.000000 0.073377 0.694456 1.215916 0.003718
 31.000000 0.091635 0.706632 1.522248 0.004112
 32.000000 0.072484 0.694143 1.246620 0.003957
 33.000000 0.059591 0.726997 1.477442 0.003655
 34.000000 0.043375 0.791631 1.745525 0.004178
 35.000000 0.033789 0.804260 1.819659 0.002175
 36.000000 0.046767 0.809792 1.799665 0.002586
 37.000000 0.055379 0.763316 1.566119 0.008034
 38.000000 0.037311 0.760985 1.496992 0.004157
 39.000000 0.027239 0.763201 1.514209 0.003037
 40.000000 0.035590 0.699620 1.139463 0.001867
 41.000000 0.033252 0.707297 1.223613 0.001816
 42.000000 0.048233 0.658214 1.125302 0.004063
 43.000000 0.037371 0.691021 1.162566 0.002852
 44.000000 0.051123 0.677328 1.089747 0.003897
 45.000000 0.028522 0.764781 1.400917 0.002083
 46.000000 0.035757 0.732269 1.305512 0.002853
 47.000000 0.043521 0.695400 1.028915 0.004152
 48.000000 0.044717 0.725120 1.310454 0.002783
 49.000000 0.050482 0.735245 1.358978 0.002856
 50.000000 0.067662 0.727596 1.339127 0.003235
 51.000000 0.036129 0.766682 1.421289 0.002301
 52.000000 0.042077 0.697689 1.133435 0.003640
 53.000000 0.045403 0.722797 1.259081 0.003612
 54.000000 0.051494 0.744167 1.455059 0.004505
 55.000000 0.048459 0.747996 1.551207 0.002936
 56.000000 0.047334 0.760541 1.646659 0.003188
 57.000000 0.061371 0.778363 1.666961 0.003889
 58.000000 0.039795 0.791772 1.808998 0.003750
 59.000000 0.016010 0.878921 2.214424 0.001514
 60.000000 0.022975 0.846265 2.203374 0.002258
 61.000000 0.022260 0.875779 2.396790 0.001806
 62.000000 0.022803 0.882188 2.285102 0.002108
 63.000000 0.026958 0.879439 2.368582 0.002416
 64.000000 0.023010 0.902299 2.592306 0.002412
 65.000000 0.023162 0.902513 2.594912 0.002172
 66.000000 0.012195 0.952447 2.743977 0.001066
 67.000000 0.041715 0.831587 2.394577 0.004772
 68.000000 0.052094 0.812690 2.248474 0.004169
 69.000000 0.030541 0.850497 2.271782 0.003052
 70.000000 0.025540 0.838523 2.284374 0.002203
 71.000000 0.026736 0.865157 2.324637 0.002649
 72.000000 0.024202 0.887487 2.529627 0.003020
 73.000000 0.027701 0.878487 2.455795 0.002556
 74.000000 0.039164 0.823648 2.282560 0.004271
 75.000000 0.038439 0.791688 2.016641 0.004393
 76.000000 0.031456 0.782473 1.900366 0.003859
 77.000000 0.020756 0.823553 2.027254 0.001732
 78.000000 0.040814 0.776185 1.849918 0.002290
 79.000000 0.026085 0.812095 2.044821 0.001674
 80.000000 0.030863 0.783334 1.781091 0.002164
 81.000000 0.024650 0.803642 1.967096 0.001581
 82.000000 0.024001 0.810545 1.940517 0.001804
 83.000000 0.027880 0.819737 2.133191 0.002797
 84.000000 0.027297 0.822524 2.076843 0.001925
 85.000000 0.030410 0.812314 2.022535 0.002552
 86.000000 0.032371 0.797778 1.970795 0.002397
 87.000000 0.025313 0.777081 1.715435 0.001714
 88.000000 0.026092 0.804356 2.002680 0.001916
 89.000000 0.032876 0.779044 1.895839 0.003334
 90.000000 0.026903 0.824202 2.166942 0.002574
 91.000000 0.025078 0.819388 2.186726 0.002027
 92.000000 0.022291 0.851908 2.262497 0.001863
 93.000000 0.026418 0.857765 2.337555 0.002660
 94.000000 0.022576 0.829354 1.970402 0.001417
 95.000000 0.015215 0.915315 2.414973 0.001465
 96.000000 0.018163 0.902196 2.517454 0.001370
 97.000000 0.016344 0.935525 2.634624 0.001277
 98.000000 0.023089 0.907882 2.654841 0.001383
 99.000000 0.021260 0.888281 2.581265 0.001511
 100.000000 0.027294 0.843402 2.407191 0.001755
 101.000000 0.020930 0.915849 2.599500 0.001665
 102.000000 0.018631 0.916728 2.637392 0.001338
 103.000000 0.019094 0.915247 2.600107 0.001878
 104.000000 0.023277 0.883630 2.577292 0.002766
 105.000000 0.023301 0.902968 2.585296 0.002331
 106.000000 0.020012 0.907566 2.566999 0.001917
 107.000000 0.021807 0.890599 2.492724 0.001869
 108.000000 0.052024 0.801965 2.048024 0.003787
 109.000000 0.037665 0.832503 2.251310 0.002490
 110.000000 0.045786 0.781970 2.032892 0.004809
 111.000000 0.029379 0.844759 2.295278 0.002780
 112.000000 0.033876 0.846469 2.428225 0.003248
 113.000000 0.025875 0.853439 2.331852 0.002227
 114.000000 0.023247 0.843927 2.219859 0.001725
 115.000000 0.026929 0.804444 1.978339 0.002422
 116.000000 0.015878 0.836871 1.938748 0.002136
 117.000000 0.027911 0.803474 1.860073 0.002105
 118.000000 0.022275 0.803839 1.818684 0.003056
 119.000000 0.025460 0.843900 2.210168 0.002679
 120.000000 0.015435 0.902376 2.290695 0.001340
 121.000000 0.012142 0.915864 2.372509 0.001117
 122.000000 0.020342 0.873819 2.443501 0.001664
 123.000000 0.021148 0.849237 2.355178 0.002459
 124.000000 0.021394 0.843321 2.242142 0.002840
 125.000000 0.023115 0.836294 2.229741 0.002116
 126.000000 0.036485 0.806812 2.073552 0.004925
 127.000000 0.058514 0.743801 1.874676 0.004221
 128.000000 0.030618 0.807802 2.168018 0.002204
 129.000000 0.034257 0.786096 1.963115 0.002746
 130.000000 0.055404 0.742391 1.841958 0.003503
 131.000000 0.048046 0.738072 1.878562 0.003441
 132.000000 0.052592 0.718796 1.650156 0.003659
 133.000000 0.070368 0.685571 1.260542 0.006526
 134.000000 0.049750 0.758419 1.694412 0.004435
 135.000000 0.023705 0.850944 2.131720 0.002016
 136.000000 0.022454 0.864146 2.227918 0.002068
 137.000000 0.017612 0.876298 2.300896 0.001750
 138.000000 0.038891 0.818919 2.085935 0.004738
 139.000000 0.026354 0.856223 2.303223 0.002969
 140.000000 0.027427 0.870152 2.448704 0.002024
 141.000000 0.021667 0.868847 2.242665 0.001999
 142.000000 0.025744 0.855735 2.282242 0.001995
 143.000000 0.016766 0.905572 2.401139 0.002365
 144.000000 0.018880 0.894837 2.379922 0.002268
 145.000000 0.016008 0.912582 2.368074 0.001521
 146.000000 0.018734 0.887535 2.282937 0.001777
 147.000000 0.018911 0.863683 2.208654 0.001496
 148.000000 0.021333 0.838029 2.182196 0.002226
 149.000000 0.020017 0.829295 2.150829 0.002047
 150.000000 0.018595 0.838211 2.145529 0.001829
 151.000000 0.016981 0.890332 2.418610 0.002120
 152.000000 0.024361 0.854600 2.337280 0.001807
 153.000000 0.020678 0.899838 2.543549 0.001682
 154.000000 0.020235 0.874304 2.472567 0.001868
 155.000000 0.018921 0.882435 2.423415 0.002022
 156.000000 0.042824 0.775723 2.141245 0.003404
 157.000000 0.034552 0.802149 2.158021 0.002441
 158.000000 0.032232 0.831195 2.289535 0.003462
 159.000000 0.031972 0.821706 2.218682 0.003882
 160.000000 0.041745 0.778712 1.950882 0.005911
 161.000000 0.042229 0.780554 1.919947 0.004775
 162.000000 0.046128 0.790645 2.091287 0.004274
 163.000000 0.046615 0.737071 1.800039 0.003675
 164.000000 0.028013 0.805660 2.012423 0.002890
 165.000000 0.039296 0.797524 2.109927 0.004395
 166.000000 0.035200 0.809792 2.191832 0.003882
 167.000000 0.024737 0.878210 2.334483 0.002586
 168.000000 0.034990 0.833090 2.301413 0.002364
 169.000000 0.022279 0.888844 2.491565 0.002299
 170.000000 0.027522 0.856385 2.416053 0.002505
 171.000000 0.026730 0.834647 2.237745 0.002682
 172.000000 0.024509 0.860689 2.348548 0.002590
 173.000000 0.037504 0.796967 2.197605 0.004055
 174.000000 0.059601 0.724935 1.750886 0.005193
 175.000000 0.057971 0.739427 1.835842 0.006277
 176.000000 0.042832 0.782535 2.012072 0.005941
 177.000000 0.050278 0.743404 1.898385 0.004074
 178.000000 0.053645 0.731745 1.735370 0.006025
 179.000000 0.044634 0.766124 1.779973 0.004342
 180.000000 0.044463 0.729929 1.407665 0.008643
 181.000000 0.044298 0.707265 1.229429 0.005436
 182.000000 0.039247 0.754877 1.656317 0.004847
 183.000000 0.050998 0.717741 1.425893 0.004084
 184.000000 0.059287 0.740777 1.718146 0.005028
 185.000000 0.036524 0.806267 1.863350 0.004265
 186.000000 0.033959 0.779561 1.708756 0.003699
 187.000000 0.030262 0.790967 1.782536 0.003395
 188.000000 0.053726 0.755214 1.716337 0.004982
 189.000000 0.055199 0.721139 1.459281 0.004887
 190.000000 0.045477 0.730249 1.447064 0.005724
 191.000000 0.026213 0.761255 1.457483 0.002450
 192.000000 0.034897 0.755125 1.525273 0.005280
 193.000000 0.027102 0.761062 1.351059 0.002418
 194.000000 0.039950 0.756815 1.560380 0.002705
 195.000000 0.033263 0.753449 1.578873 0.003486
 196.000000 0.025934 0.824934 2.081936 0.002524
 197.000000 0.022733 0.820711 1.961303 0.002394
 198.000000 0.030666 0.809699 2.025739 0.002191
 199.000000 0.053220 0.759454 1.924848 0.007353
 200.000000 0.036869 0.805172 2.081780 0.002528
 201.000000 0.041356 0.744170 1.680251 0.003861
 202.000000 0.048353 0.729648 1.619682 0.003318
 203.000000 0.031406 0.795990 1.912256 0.002895
 204.000000 0.036037 0.807780 2.084211 0.002503
 205.000000 0.033574 0.784575 1.903597 0.002801
 206.000000 0.043193 0.767905 1.780477 0.004659
 207.000000 0.032970 0.795398 1.989053 0.002667
 208.000000 0.035255 0.815241 2.062706 0.003870
 209.000000 0.032710 0.820190 2.106330 0.004617
 210.000000 0.022140 0.849189 2.222050 0.002535
 211.000000 0.025369 0.841216 2.218721 0.002544
 212.000000 0.045979 0.834787 2.249733 0.003743
 213.000000 0.041414 0.787188 1.986775 0.002720
 214.000000 0.045769 0.784313 2.044663 0.004455
 215.000000 0.032280 0.833208 2.228094 0.002268
 216.000000 0.024379 0.862278 2.305026 0.001754
 217.000000 0.022435 0.851905 2.373259 0.001418
 218.000000 0.028618 0.836018 2.296693 0.002187
 219.000000 0.026031 0.865334 2.376479 0.003104
 220.000000 0.028146 0.838581 2.283079 0.003085
 221.000000 0.017478 0.879221 2.392262 0.001603
 222.000000 0.021900 0.851756 2.189151 0.002400
 223.000000 0.019196 0.821597 2.005852 0.001772
 224.000000 0.024623 0.786130 1.787352 0.001938
 225.000000 0.022477 0.824571 2.029926 0.001931
 226.000000 0.027596 0.825254 2.197995 0.002109
 227.000000 0.026069 0.854970 2.360538 0.003370
 228.000000 0.018362 0.896789 2.493023 0.002136
 229.000000 0.029781 0.830412 2.194651 0.003597
 230.000000 0.039055 0.712525 1.611644 0.001795
 231.000000 0.029257 0.812676 2.093684 0.002716
 232.000000 0.023601 0.841394 2.199493 0.002072
 233.000000 0.031133 0.822074 2.199251 0.003497
 234.000000 0.023996 0.829517 2.110052 0.002622
 235.000000 0.023793 0.810332 1.901470 0.002166
 236.000000 0.030898 0.836278 2.143492 0.003939
 237.000000 0.023256 0.844075 2.087484 0.002220
 238.000000 0.032775 0.807106 2.078055 0.002529
 239.000000 0.032891 0.762922 1.668017 0.002486
 240.000000 0.042152 0.761506 1.770072 0.004513
 241.000000 0.023987 0.795253 1.889233 0.002353
 242.000000 0.018552 0.856706 2.173607 0.001580
 243.000000 0.021347 0.870215 2.419044 0.002594
 244.000000 0.022664 0.844782 2.181654 0.003186
 245.000000 0.027660 0.861411 2.370848 0.003563
 246.000000 0.021755 0.917954 2.616944 0.002178
 247.000000 0.042757 0.820173 2.251470 0.003717
 248.000000 0.025593 0.860768 2.344465 0.002869
 249.000000 0.023487 0.865573 2.411215 0.001958
 250.000000 0.021955 0.878371 2.361577 0.001743
 251.000000 0.020056 0.836979 2.088269 0.001883
 252.000000 0.033156 0.807613 2.103223 0.005963
 253.000000 0.036235 0.817127 2.131470 0.006155
 254.000000 0.036712 0.813452 2.177344 0.002990
 255.000000 0.036517 0.835594 2.318342 0.003750
 256.000000 0.034227 0.850667 2.386106 0.005046
 257.000000 0.025384 0.863419 2.327615 0.002791
 258.000000 0.029754 0.822587 2.172502 0.002527
 259.000000 0.019831 0.876258 2.319861 0.001914
 260.000000 0.026183 0.872544 2.471536 0.002232
 261.000000 0.031314 0.806228 2.051326 0.003144
 262.000000 0.017481 0.846714 2.057978 0.001555
 263.000000 0.012713 0.905253 2.433552 0.001152
 264.000000 0.011954 0.930927 2.473526 0.001183
 265.000000 0.012467 0.896520 2.396841 0.001190
 266.000000 0.015948 0.892630 2.435977 0.001531
 267.000000 0.013940 0.935603 2.649245 0.001184
 268.000000 0.014316 0.899870 2.484842 0.001197
 269.000000 0.011830 0.941476 2.645865 0.001242
 270.000000 0.009074 0.988113 2.833110 0.000871
 271.000000 0.009934 0.993333 2.872777 0.000955
 272.000000 0.012926 0.956842 2.689781 0.001248
 273.000000 0.014893 0.942343 2.623335 0.001369
 274.000000 0.012764 0.966348 2.758338 0.001244
 275.000000 0.012136 0.953433 2.763024 0.001195
 276.000000 0.012423 0.945926 2.717384 0.001349
 277.000000 0.014588 0.942119 2.687568 0.001595
 278.000000 0.010908 0.974174 2.809778 0.000959
 279.000000 0.012811 0.949358 2.770160 0.001234
 280.000000 0.012084 0.961534 2.758792 0.001176
 281.000000 0.013541 0.948708 2.606652 0.001322
 282.000000 0.017198 0.919463 2.642045 0.001286
 283.000000 0.009015 0.997025 2.912227 0.000877
 284.000000 0.011753 0.962293 2.778808 0.001212
 285.000000 0.008672 1.004351 2.840771 0.000732
 286.000000 0.011133 0.959492 2.713892 0.000951
 287.000000 0.011161 0.964617 2.706828 0.000845
 288.000000 0.011541 0.960961 2.655246 0.001227
 289.000000 0.018491 0.861430 2.088564 0.001496
 290.000000 0.017741 0.864378 2.128255 0.001431
 291.000000 0.016787 0.863342 2.143292 0.001919
 292.000000 0.015362 0.904105 2.368488 0.001288
 293.000000 0.021979 0.826009 1.966395 0.001684
 294.000000 0.018636 0.876221 2.145930 0.001613
 295.000000 0.016969 0.851499 2.194397 0.001567
 296.000000 0.012724 0.893129 2.344445 0.001635
 297.000000 0.016217 0.897782 2.352787 0.003387
 298.000000 0.015973 0.880156 2.397321 0.003735
 299.000000 0.017606 0.897887 2.503759 0.002651
 300.000000 0.019651 0.921151 2.554123 0.003044
 301.000000 0.014543 0.907024 2.495110 0.002018
 302.000000 0.017221 0.888174 2.362959 0.002376
 303.000000 0.015761 0.840821 2.114064 0.002061
 304.000000 0.016867 0.876195 2.182587 0.003104
 305.000000 0.027752 0.807760 2.034562 0.004600
 306.000000 0.027752 0.819039 1.865320 0.004261
 307.000000 0.024880 0.842142 2.120477 0.004914
 308.000000 0.015340 0.911272 2.378841 0.002429
 309.000000 0.017956 0.866943 2.329041 0.002589
 310.000000 0.017115 0.907619 2.483576 0.002374
 311.000000 0.015934 0.888853 2.331711 0.001581
 312.000000 0.012740 0.922608 2.520801 0.001241
 313.000000 0.015378 0.920210 2.613739 0.001653
 314.000000 0.011458 0.965406 2.777086 0.001012
 315.000000 0.012704 0.957538 2.774666 0.001142
 316.000000 0.013094 0.973273 2.836583 0.001257
 317.000000 0.012277 0.960041 2.801504 0.001081
 318.000000 0.015241 0.961559 2.768690 0.001270
 319.000000 0.013702 0.961201 2.810891 0.001425
 320.000000 0.008882 0.993651 2.883778 0.000813
 321.000000 0.011805 0.929067 2.594658 0.001130
 322.000000 0.014364 0.943961 2.693748 0.001214
 323.000000 0.011616 0.970814 2.840624 0.001058
 324.000000 0.011589 0.969345 2.840683 0.001187
 325.000000 0.009758 0.973770 2.826625 0.000996
 326.000000 0.010440 0.946143 2.683740 0.001151
 327.000000 0.013393 0.922676 2.570069 0.001220
 328.000000 0.016198 0.867895 2.249745 0.001555
 329.000000 0.020380 0.836944 1.999005 0.001864
 330.000000 0.013113 0.905430 2.340696 0.001188
 331.000000 0.009550 0.965735 2.645530 0.000918
 332.000000 0.015506 0.905451 2.290891 0.001537
 333.000000 0.019961 0.918296 2.599646 0.001608
 334.000000 0.021231 0.866767 2.273208 0.002133
 335.000000 0.023586 0.818901 1.911198 0.002802
 336.000000 0.031915 0.829252 2.123012 0.003994
 337.000000 0.018557 0.871028 2.191803 0.002266
 338.000000 0.028888 0.831151 2.021533 0.003757
 339.000000 0.072733 0.797084 1.956707 0.016346
 340.000000 0.032115 0.804915 1.823105 0.002720
 341.000000 0.022082 0.823245 1.920678 0.002442
 342.000000 0.024975 0.822084 2.010160 0.004449
 343.000000 0.046062 0.767279 1.591530 0.005550
 344.000000 0.043816 0.717110 1.532964 0.004698
 345.000000 0.053704 0.701632 1.558920 0.012766
 346.000000 0.053683 0.723025 1.811549 0.007653
 347.000000 0.035740 0.784432 2.042259 0.003143
 348.000000 0.041995 0.788290 2.051623 0.004009
 349.000000 0.036581 0.787977 2.128874 0.004012
 350.000000 0.060669 0.713261 1.811202 0.007794
 351.000000 0.041513 0.802814 2.281549 0.004445
 352.000000 0.034207 0.811846 2.257120 0.003604
 353.000000 0.024486 0.873940 2.469335 0.003842
 354.000000 0.040444 0.811378 2.247493 0.005666
 355.000000 0.016337 0.859781 2.257095 0.001585
 356.000000 0.027454 0.774664 2.003405 0.004078
 357.000000 0.035577 0.727552 1.624563 0.002856
 358.000000 0.026029 0.754557 1.735932 0.003393
 359.000000 0.032349 0.737374 1.594501 0.006699
 360.000000 0.024684 0.827331 1.861260 0.002878
 361.000000 0.023426 0.797436 1.852104 0.003313
 362.000000 0.021253 0.830608 2.102907 0.002267
 363.000000 0.037599 0.779168 1.984434 0.004557
 364.000000 0.038766 0.788646 2.065277 0.005008
 365.000000 0.036371 0.770422 1.896866 0.004708
 366.000000 0.042528 0.755461 1.957017 0.004437
 367.000000 0.035224 0.779657 1.937673 0.002738
 368.000000 0.031449 0.785247 1.963406 0.002426
 369.000000 0.023168 0.763724 1.725950 0.002174
 370.000000 0.043301 0.736012 1.797380 0.004547
 371.000000 0.029005 0.737862 1.463332 0.003036
 372.000000 0.023819 0.743765 1.560124 0.002959
 373.000000 0.024971 0.754112 1.585949 0.002499
 374.000000 0.020881 0.793213 1.841798 0.002812
 375.000000 0.027008 0.783883 1.763997 0.003451
 376.000000 0.049406 0.783249 2.099393 0.004673
 377.000000 0.027019 0.805093 1.995314 0.003374
 378.000000 0.042700 0.779689 1.994209 0.004155
 379.000000 0.044976 0.783851 1.983153 0.002917
 380.000000 0.031105 0.795851 1.992438 0.003298
 381.000000 0.041000 0.783010 1.980952 0.004533
 382.000000 0.048914 0.775977 1.974441 0.004159
 383.000000 0.030606 0.821292 2.184899 0.003062
 384.000000 0.037083 0.809850 2.080084 0.003508
 385.000000 0.032934 0.805745 2.068566 0.003872
 386.000000 0.041298 0.809632 2.223573 0.005761
 387.000000 0.018801 0.884794 2.419798 0.002086
 388.000000 0.021896 0.881122 2.422166 0.002341
 389.000000 0.023944 0.835589 2.062064 0.002073
 390.000000 0.028302 0.810165 1.936188 0.002512
 391.000000 0.032331 0.784995 1.946777 0.002966
 392.000000 0.021658 0.808573 1.730186 0.001730
 393.000000 0.022089 0.799691 1.772021 0.001486
 394.000000 0.031135 0.778257 1.809378 0.002821
 395.000000 0.035761 0.807944 2.135163 0.002963
 396.000000 0.044544 0.782678 1.792072 0.005250
 397.000000 0.029971 0.755776 1.589083 0.001878
 398.000000 0.054685 0.702910 1.288268 0.003573
 399.000000 0.042394 0.694882 1.181193 0.003186
 400.000000 0.046302 0.693365 1.292846 0.003342
 401.000000 0.063643 0.678498 1.337244 0.005098
 402.000000 0.035317 0.740622 1.655257 0.002778
 403.000000 0.054845 0.694482 1.338150 0.006104
 404.000000 0.056151 0.669985 1.234286 0.004269
 405.000000 0.047337 0.667160 1.016097 0.002637
 406.000000 0.047503 0.662618 1.083559 0.006857
 407.000000 0.041421 0.687241 1.195639 0.003495
 408.000000 0.032446 0.734738 1.473670 0.002613
 409.000000 0.033892 0.763111 1.768863 0.002296
 410.000000 0.027190 0.841167 2.201327 0.001765
 411.000000 0.016289 0.896573 2.438872 0.001631
 412.000000 0.014922 0.911310 2.551902 0.001292
 413.000000 0.028570 0.834813 2.259185 0.002389
 414.000000 0.015315 0.885843 2.337597 0.001289
 415.000000 0.031180 0.816991 2.255010 0.002410
 416.000000 0.019882 0.872157 2.418354 0.001485
 417.000000 0.037142 0.825372 2.298475 0.003134
 418.000000 0.016146 0.877746 2.319083 0.001589
 419.000000 0.020448 0.865359 2.426788 0.002828
 420.000000 0.059894 0.806428 2.302833 0.012970
 421.000000 0.033602 0.830311 2.294000 0.003309
 422.000000 0.046138 0.802053 1.928824 0.005241
 423.000000 0.084057 0.780539 1.971234 0.009520
 424.000000 0.066418 0.760785 1.773168 0.006084
 425.000000 0.140478 0.726080 1.665500 0.015774
 426.000000 0.139077 0.720076 1.654983 0.023534
 427.000000 0.134953 0.714647 1.598901 0.015658
 428.000000 0.127778 0.696452 1.547088 0.020456
 429.000000 0.116057 0.741513 1.700922 0.019129
 430.000000 0.050148 0.798988 1.972968 0.008292
 431.000000 0.132331 0.718039 1.811263 0.019311
 432.000000 0.101429 0.699637 1.510782 0.012961
 433.000000 0.153575 0.662824 1.526546 0.022793
 434.000000 0.194834 0.701805 1.872835 0.030139
 435.000000 0.128887 0.758460 2.051857 0.039391
 436.000000 0.152596 0.747921 2.014370 0.026297
 437.000000 0.158507 0.728163 1.851148 0.027460
 438.000000 0.111405 0.750441 1.893413 0.013416
 439.000000 0.198443 0.755476 1.993021 0.040701
 440.000000 0.405558 0.684173 1.672787 0.101320
 441.000000 0.151354 0.690541 1.520240 0.031246
 442.000000 0.108667 0.743958 1.731386 0.015887
 443.000000 0.095068 0.698700 1.464245 0.014203
 444.000000 0.119232 0.681216 1.243865 0.017636
 445.000000 0.195557 0.717820 1.699509 0.043600
 446.000000 0.265067 0.704670 1.742321 0.061003
 447.000000 0.113838 0.748603 1.845412 0.013274
 448.000000 0.088851 0.777536 2.138195 0.012382
 449.000000 0.092000 0.745908 1.769934 0.013405
 450.000000 0.082291 0.716203 1.705772 0.008755
 451.000000 0.142905 0.700694 1.755142 0.015415
 452.000000 0.106905 0.738586 1.925749 0.014930
 453.000000 0.204249 0.699691 1.734953 0.099540
 454.000000 0.167295 0.722028 1.925977 0.032399
 455.000000 0.141098 0.763660 2.140829 0.018891
 456.000000 0.099210 0.799669 2.189337 0.011438
 457.000000 0.107803 0.794237 2.295184 0.009205
 458.000000 0.120448 0.808011 2.360238 0.019153
 459.000000 0.101678 0.810665 2.301679 0.023318
 460.000000 0.050265 0.843637 2.405292 0.005670
 461.000000 0.115696 0.814843 2.351360 0.021627
 462.000000 0.060925 0.827000 2.354749 0.013465
 463.000000 0.083448 0.824728 2.402729 0.020180
 464.000000 0.036114 0.884951 2.502202 0.005274
 465.000000 0.045669 0.825586 2.258537 0.006405
 466.000000 0.019821 0.871930 2.434063 0.001594
 467.000000 0.033041 0.865696 2.376831 0.005508
 468.000000 0.036132 0.830999 2.279779 0.003965
 469.000000 0.035239 0.795454 2.209402 0.003627
 470.000000 0.025575 0.831352 2.084431 0.002904
 471.000000 0.025703 0.751361 1.452187 0.003894
 472.000000 0.032681 0.749209 1.453912 0.003700
 473.000000 0.030332 0.787287 1.660477 0.001924
 474.000000 0.049559 0.735936 1.338676 0.004110
 475.000000 0.028205 0.752128 1.462657 0.004649
 476.000000 0.035600 0.755099 1.662025 0.003658
 477.000000 0.036023 0.721983 1.296975 0.002874
 478.000000 0.031392 0.703888 1.316991 0.003648
 479.000000 0.023370 0.812682 1.842672 0.002091
 480.000000 0.022332 0.779504 1.701220 0.002763
 481.000000 0.020560 0.833212 2.007511 0.001854
 482.000000 0.023377 0.817062 1.907210 0.002432
 483.000000 0.027408 0.808129 1.844853 0.002052
 484.000000 0.025864 0.813085 1.794734 0.001681
 485.000000 0.025764 0.794016 1.823960 0.003461
 486.000000 0.037822 0.827613 2.075495 0.007578
 487.000000 0.032386 0.793481 1.809405 0.003808
 488.000000 0.022016 0.775103 1.628586 0.002310
 489.000000 0.041520 0.741991 1.538395 0.006376
 490.000000 0.063931 0.805472 2.047134 0.014568
 491.000000 0.100573 0.778872 2.030099 0.022044
 492.000000 0.131309 0.760620 1.872650 0.024225
 493.000000 0.162294 0.750144 1.913652 0.065112
 494.000000 0.067956 0.794810 2.024194 0.017751
 495.000000 0.099651 0.795701 2.056639 0.016833
 496.000000 0.108537 0.817031 2.164221 0.015065
 497.000000 0.044047 0.842224 2.243569 0.008111
 498.000000 0.033094 0.864653 2.255951 0.005974
 499.000000 0.040024 0.830321 2.121746 0.007973
 500.000000 0.047252 0.799265 2.111236 0.005029
