#! FIELDS time alpha rg e2e hbond
 0.000000 0.343629 0.574337 1.221560 0.405215
 1.000000 0.229814 0.615376 1.264213 0.303565
 2.000000 0.178060 0.671129 1.512374 0.073526
 3.000000 0.212773 0.706323 1.719932 0.466751
 4.000000 0.146293 0.730197 1.875132 0.099551
 5.000000 0.188516 0.683761 1.756220 0.161872
 6.000000 0.412392 0.603889 1.377355 0.402370
 7.000000 0.336769 0.581908 1.208134 0.119406
 8.000000 0.263965 0.612088 1.248670 0.474155
 9.000000 0.701170 0.564061 1.193865 0.242792
 10.000000 0.241246 0.635575 1.403186 0.111291
 11.000000 0.358913 0.636744 1.437161 0.740160
 12.000000 0.453523 0.603171 1.369728 0.245465
 13.000000 0.345047 0.614299 1.437677 0.619406
 14.000000 0.123340 0.655401 1.623019 0.022450
 15.000000 0.128164 0.652465 1.552386 0.015984
 16.000000 0.644396 0.592247 1.405201 0.136077
 17.000000 0.449559 0.607620 1.441474 0.287918
 18.000000 0.328061 0.594060 1.418355 0.192895
 19.000000 0.336581 0.601353 1.409093 0.096946
 20.000000 0.366563 0.589363 1.445797 0.642859
 21.000000 0.375214 0.592280 1.520457 0.146616
 22.000000 0.242076 0.596541 1.478520 0.233817
 23.000000 0.319386 0.577706 1.315180 0.094539
 24.000000 0.350292 0.581037 1.372289 0.869896
 25.000000 0.376286 0.594296 1.348533 0.628130
 26.000000 0.428703 0.599154 1.427450 0.236751
 27.000000 0.406804 0.615123 1.385852 0.818698
 28.000000 0.291889 0.607831 1.374942 0.737731
 29.000000 0.301436 0.627619 1.348914 0.720527
 30.000000 0.288557 0.626707 1.273751 0.101055
 31.000000 0.475393 0.617945 1.378284 0.558512
 32.000000 0.215673 0.692146 1.658357 0.084555
 33.000000 0.384667 0.651702 1.516360 0.863807
 34.000000 0.325311 0.665066 1.641267 0.623426
 35.000000 0.263436 0.681207 1.655483 0.106900
 36.000000 0.350740 0.685434 1.661173 0.829972
 37.000000 0.319667 0.701658 1.736274 0.822664
 38.000000 0.315564 0.624706 1.436299 0.113942
 39.000000 0.822295 0.567195 1.109877 0.457714
 40.000000 0.508191 0.561845 1.202420 0.543704
 41.000000 0.557747 0.557356 1.177975 0.321664
 42.000000 0.520780 0.555738 0.997293 0.824976
 43.000000 1.571402 0.556207 0.968737 1.347071
 44.000000 0.550318 0.566344 0.987458 0.725964
 45.000000 0.539530 0.584989 1.173943 0.422941
 46.000000 0.242951 0.617927 1.199175 0.728526
 47.000000 0.437709 0.564089 1.182743 0.181285
 48.000000 0.371891 0.614241 1.482545 0.094858
 49.000000 0.233023 0.632953 1.513271 0.090206
 50.000000 0.344344 0.621103 1.489132 0.145325
 51.000000 0.218502 0.652680 1.577815 0.055574
 52.000000 0.372195 0.595228 1.278072 0.419346
 53.000000 0.241267 0.652554 1.370887 0.427202
 54.000000 0.352564 0.626222 1.398928 0.400289
 55.000000 0.219027 0.630945 1.420177 0.090475
 56.000000 0.216346 0.661466 1.502414 0.280388
 57.000000 0.299833 0.656162 1.652708 0.145033
 58.000000 0.576887 0.669840 1.717494 0.268415
 59.000000 0.542850 0.655128 1.671222 0.141446
 60.000000 0.395546 0.661557 1.738401 0.261937
 61.000000 0.146798 0.659641 1.701033 0.056772
 62.000000 0.196074 0.653316 1.649048 0.045189
 63.000000 0.175273 0.712505 1.895210 0.058196
 64.000000 0.247688 0.722439 2.052348 0.281468
 65.000000 0.105033 0.726041 2.038973 0.021661
 66.000000 0.247806 0.658655 1.841105 0.083080
 67.000000 0.296158 0.676680 1.917655 0.070247
 68.000000 0.443589 0.652771 1.754236 0.179879
 69.000000 0.396524 0.612546 1.392599 0.617141
 70.000000 0.624862 0.626206 1.670331 0.398355
 71.000000 0.254691 0.652629 1.509483 0.229080
 72.000000 0.264844 0.612271 1.138159 0.284983
 73.000000 0.216466 0.608565 1.050875 0.069637
 74.000000 0.234667 0.586112 1.057916 0.042738
 75.000000 0.304804 0.566142 0.903119 0.550497
 76.000000 0.182751 0.599462 0.818116 0.458645
 77.000000 0.172934 0.598032 0.871827 0.613597
 78.000000 0.189259 0.584441 0.746542 0.686390
 79.000000 0.232734 0.581833 0.675184 0.258240
 80.000000 0.243623 0.583757 0.805736 0.589430
 81.000000 0.260721 0.559669 0.833772 0.742153
 82.000000 0.186739 0.573968 0.799386 0.923814
 83.000000 0.252687 0.540794 0.742937 0.844536
 84.000000 0.309879 0.536167 0.639633 0.802964
 85.000000 0.258813 0.573265 0.788205 0.271811
 86.000000 0.378603 0.539002 0.722875 0.508608
 87.000000 0.334729 0.548036 0.764206 0.465633
 88.000000 0.243643 0.550848 0.624870 0.829291
 89.000000 0.418548 0.544948 0.706255 0.181994
 90.000000 0.276183 0.589053 1.034509 0.113587
 91.000000 0.262107 0.607753 1.040786 0.197346
 92.000000 0.365991 0.596027 1.116073 0.552791
 93.000000 0.278314 0.570527 0.775208 0.233527
 94.000000 0.226964 0.583661 0.901087 0.116272
 95.000000 0.296211 0.615870 1.128474 0.450147
 96.000000 0.327693 0.610027 1.166486 0.221533
 97.000000 0.176526 0.623069 1.179373 0.041634
 98.000000 0.280485 0.608872 1.066468 0.236407
 99.000000 0.300859 0.578870 0.984951 0.382361
 100.000000 0.239559 0.581064 1.057257 0.088198
 101.000000 0.171202 0.599252 1.189839 0.044115
 102.000000 0.169072 0.562490 0.886270 0.030423
 103.000000 0.233760 0.603507 1.134760 0.106377
 104.000000 0.246308 0.619952 1.265930 0.109093
 105.000000 0.291037 0.639052 1.418505 0.162630
 106.000000 0.173676 0.663745 1.620763 0.326757
 107.000000 0.168789 0.645946 1.519435 0.720108
 108.000000 0.151962 0.632064 1.476926 0.781911
 109.000000 0.126625 0.649283 1.592714 0.086129
 110.000000 0.218834 0.597629 1.272771 0.917774
 111.000000 0.099155 0.694892 1.756851 0.024840
 112.000000 0.115235 0.669269 1.580556 0.020040
 113.000000 0.123499 0.692828 1.658523 0.014944
 114.000000 0.176659 0.615089 1.307958 0.020347
 115.000000 0.096511 0.651993 1.362657 0.015298
 116.000000 0.121791 0.657699 1.473721 0.013250
 117.000000 0.106074 0.701715 1.699422 0.015445
 118.000000 0.090892 0.668730 1.523193 0.011892
 119.000000 0.098349 0.660893 1.452506 0.015378
 120.000000 0.141387 0.653324 1.547585 0.014632
 121.000000 0.147537 0.607375 1.429655 0.010186
 122.000000 0.117020 0.655058 1.610711 0.010460
 123.000000 0.097561 0.655608 1.432563 0.011602
 124.000000 0.088027 0.649214 1.480581 0.008732
 125.000000 0.109955 0.654871 1.463570 0.016359
 126.000000 0.078421 0.686333 1.619976 0.007936
 127.000000 0.063986 0.717635 1.823178 0.005758
 128.000000 0.065539 0.724308 1.827587 0.010849
 129.000000 0.084279 0.714215 1.823001 0.008677
 130.000000 0.107026 0.731123 1.798570 0.012038
 131.000000 0.112559 0.681184 1.556873 0.009047
 132.000000 0.090513 0.677916 1.654500 0.007470
 133.000000 0.098050 0.666452 1.447425 0.007557
 134.000000 0.075283 0.643634 1.175735 0.007853
 135.000000 0.089915 0.640658 1.348468 0.007891
 136.000000 0.052850 0.720749 1.588245 0.004898
 137.000000 0.086867 0.641612 1.154479 0.011297
 138.000000 0.086059 0.657546 1.493727 0.034814
 139.000000 0.068800 0.706595 1.582552 0.011214
 140.000000 0.109477 0.672236 1.519666 0.019815
 141.000000 0.114414 0.663924 1.556152 0.007345
 142.000000 0.075103 0.670874 1.349253 0.005419
 143.000000 0.140345 0.654826 1.411355 0.011940
 144.000000 0.078535 0.675501 1.514495 0.008529
 145.000000 0.104076 0.681216 1.580753 0.008588
 146.000000 0.109691 0.669327 1.453661 0.013378
 147.000000 0.123096 0.701590 1.651752 0.015298
 148.000000 0.087516 0.693372 1.573275 0.009988
 149.000000 0.087757 0.706436 1.557895 0.014513
 150.000000 0.095326 0.713899 1.780382 0.016101
 151.000000 0.086785 0.725047 1.866343 0.013099
 152.000000 0.066142 0.756930 1.963214 0.010612
 153.000000 0.042896 0.782207 2.068341 0.006400
 154.000000 0.060759 0.768954 1.982145 0.007001
 155.000000 0.077732 0.755502 2.037773 0.009388
 156.000000 0.095602 0.730062 1.925138 0.012540
 157.000000 0.094465 0.696629 1.799678 0.009077
 158.000000 0.054932 0.765005 2.068247 0.004628
 159.000000 0.106760 0.701200 1.739483 0.011936
 160.000000 0.093760 0.710081 1.634661 0.009947
 161.000000 0.114952 0.677725 1.615694 0.011142
 162.000000 0.108991 0.676832 1.490721 0.013918
 163.000000 0.061740 0.695368 1.459310 0.006579
 164.000000 0.083283 0.630192 1.256388 0.010577
 165.000000 0.051243 0.634479 1.186089 0.004033
 166.000000 0.060366 0.636674 1.217575 0.005286
 167.000000 0.061926 0.656206 1.246729 0.006587
 168.000000 0.080721 0.665149 1.396333 0.021685
 169.000000 0.042960 0.736677 1.616522 0.004035
 170.000000 0.054509 0.702216 1.595375 0.004868
 171.000000 0.068114 0.676039 1.370773 0.006273
 172.000000 0.053139 0.703228 1.449186 0.004543
 173.000000 0.079892 0.728123 1.718475 0.006383
 174.000000 0.051623 0.703244 1.495264 0.003796
 175.000000 0.065366 0.717488 1.526710 0.006873
 176.000000 0.073824 0.683525 1.294018 0.009329
 177.000000 0.065589 0.658241 1.168474 0.006224
 178.000000 0.059449 0.680175 1.479694 0.017697
 179.000000 0.056646 0.714397 1.564434 0.007451
 180.000000 0.058930 0.726222 1.672753 0.015025
 181.000000 0.057221 0.720909 1.598847 0.013716
 182.000000 0.065977 0.734163 1.655888 0.015050
 183.000000 0.068528 0.730297 1.641550 0.007246
 184.000000 0.075560 0.737321 1.652199 0.008098
 185.000000 0.102902 0.715063 1.570143 0.012629
 186.000000 0.094381 0.739994 1.869153 0.013714
 187.000000 0.053452 0.803018 2.058868 0.009895
 188.000000 0.102914 0.748638 1.874171 0.009561
 189.000000 0.085510 0.787921 1.996378 0.012485
 190.000000 0.087542 0.799792 2.047768 0.013953
 191.000000 0.087671 0.774620 1.934263 0.016017
 192.000000 0.106649 0.742851 1.896317 0.015100
 193.000000 0.096581 0.777238 1.980802 0.012982
 194.000000 0.087251 0.731088 1.717532 0.007489
 195.000000 0.143794 0.653430 1.426117 0.013350
 196.000000 0.082161 0.681810 1.508648 0.010472
 197.000000 0.101554 0.690398 1.367671 0.012474
 198.000000 0.068590 0.681770 1.180672 0.024931
 199.000000 0.105959 0.686853 1.302402 0.016359
 200.000000 0.076491 0.701502 1.390787 0.016648
 201.000000 0.070100 0.678807 1.309109 0.009476
 202.000000 0.067865 0.674682 1.189594 0.006880
 203.000000 0.065143 0.648121 1.071325 0.010256
 204.000000 0.056851 0.624765 0.930806 0.004604
 205.000000 0.079988 0.589715 0.904308 0.008992
 206.000000 0.070263 0.590292 0.825204 0.005440
 207.000000 0.076497 0.619213 1.092123 0.004517
 208.000000 0.087583 0.644920 1.146503 0.005443
 209.000000 0.078374 0.697027 1.549020 0.010939
 210.000000 0.091934 0.763969 1.923224 0.018045
 211.000000 0.058533 0.819327 2.148415 0.008529
 212.000000 0.078474 0.788710 2.082638 0.021430
 213.000000 0.077747 0.774817 2.054944 0.016157
 214.000000 0.103154 0.747956 1.932499 0.012913
 215.000000 0.127690 0.740615 1.877336 0.015734
 216.000000 0.056010 0.790801 1.930605 0.008745
 217.000000 0.064969 0.786704 1.990412 0.014528
 218.000000 0.071034 0.763428 1.889901 0.009946
 219.000000 0.087095 0.774675 1.916815 0.012264
 220.000000 0.078644 0.811638 2.084508 0.012290
 221.000000 0.046417 0.829722 2.153107 0.007355
 222.000000 0.060282 0.829911 2.018240 0.016345
 223.000000 0.027089 0.856545 2.229228 0.002315
 224.000000 0.022487 0.870153 2.318082 0.002310
 225.000000 0.023850 0.832804 2.045739 0.002226
 226.000000 0.019412 0.848576 2.235401 0.001519
 227.000000 0.023987 0.795753 1.988861 0.001890
 228.000000 0.018899 0.828453 2.199787 0.001318
 229.000000 0.028895 0.787557 1.780158 0.002215
 230.000000 0.020390 0.824047 2.106560 0.001467
 231.000000 0.017548 0.876876 2.424643 0.001267
 232.000000 0.020951 0.848413 2.255679 0.001646
 233.000000 0.016932 0.850054 2.113618 0.001217
 234.000000 0.021652 0.845477 2.126841 0.002027
 235.000000 0.012946 0.895861 2.349615 0.001319
 236.000000 0.012983 0.921254 2.479685 0.001645
 237.000000 0.015071 0.938810 2.595779 0.001706
 238.000000 0.011951 0.957901 2.745665 0.001414
 239.000000 0.020709 0.891213 2.549517 0.002092
 240.000000 0.016136 0.908642 2.583950 0.001922
 241.000000 0.016529 0.903270 2.577606 0.001471
 242.000000 0.029455 0.855401 2.326097 0.005489
 243.000000 0.026031 0.892152 2.442388 0.003298
 244.000000 0.027807 0.869532 2.470259 0.002645
 245.000000 0.036721 0.846319 2.396033 0.003519
 246.000000 0.079436 0.792855 2.201243 0.011864
 247.000000 0.048691 0.803745 2.150385 0.005980
 248.000000 0.060994 0.771927 2.017496 0.007039
 249.000000 0.082775 0.791818 2.232146 0.011553
 250.000000 0.087924 0.770667 2.133100 0.014843
 251.000000 0.094124 0.783917 2.127620 0.012902
 252.000000 0.084326 0.782291 2.092629 0.009567
 253.000000 0.076817 0.757651 1.882703 0.007315
 254.000000 0.095575 0.738163 1.828106 0.023495
 255.000000 0.101432 0.742676 1.844435 0.014764
 256.000000 0.080392 0.754069 1.911859 0.014108
 257.000000 0.061398 0.768128 1.876013 0.010414
 258.000000 0.072245 0.746859 1.736213 0.008107
 259.000000 0.053312 0.741367 1.629458 0.007408
 260.000000 0.054699 0.780530 1.823145 0.007233
 261.000000 0.053894 0.800220 1.941476 0.009111
 262.000000 0.045048 0.830164 2.148010 0.005808
 263.000000 0.036781 0.855447 2.244149 0.005830
 264.000000 0.034596 0.867033 2.323163 0.004890
 265.000000 0.037632 0.832656 2.277848 0.005059
 266.000000 0.026424 0.892270 2.513266 0.002238
 267.000000 0.057654 0.827016 2.373646 0.007917
 268.000000 0.034477 0.868127 2.500929 0.003083
 269.000000 0.030492 0.880784 2.509412 0.002803
 270.000000 0.021569 0.899989 2.603677 0.001705
 271.000000 0.014129 0.928391 2.687101 0.001122
 272.000000 0.026682 0.880466 2.614339 0.002179
 273.000000 0.017265 0.905901 2.591870 0.001460
 274.000000 0.023725 0.877140 2.438884 0.002309
 275.000000 0.031186 0.831183 2.217126 0.003362
 276.000000 0.040573 0.821766 2.231576 0.006717
 277.000000 0.029761 0.813703 2.070164 0.004460
 278.000000 0.033512 0.756861 1.727507 0.003678
 279.000000 0.044527 0.758391 1.763296 0.004605
 280.000000 0.044557 0.736167 1.642839 0.004587
 281.000000 0.042875 0.749889 1.653287 0.004674
 282.000000 0.059468 0.715205 1.576771 0.005327
 283.000000 0.055538 0.703275 1.419117 0.005100
 284.000000 0.059648 0.708766 1.558873 0.009001
 285.000000 0.056777 0.695260 1.446491 0.007815
 286.000000 0.061387 0.692599 1.462450 0.007573
 287.000000 0.081325 0.681891 1.325138 0.011383
 288.000000 0.072776 0.705498 1.499510 0.008343
 289.000000 0.042210 0.727768 1.568755 0.004843
 290.000000 0.019813 0.813785 1.892467 0.002763
 291.000000 0.029695 0.781394 1.740021 0.002647
 292.000000 0.056712 0.732177 1.670047 0.006551
 293.000000 0.048685 0.751459 1.726852 0.005681
 294.000000 0.037611 0.726567 1.460807 0.002541
 295.000000 0.047090 0.706974 1.441395 0.004769
 296.000000 0.035537 0.699881 1.296651 0.002881
 297.000000 0.036885 0.715344 1.388465 0.003520
 298.000000 0.032115 0.734604 1.479637 0.002609
 299.000000 0.026770 0.787178 1.912552 0.002686
 300.000000 0.021167 0.799353 1.874888 0.002320
 301.000000 0.038618 0.781857 1.964840 0.004736
 302.000000 0.052252 0.702730 1.497676 0.005065
 303.000000 0.034038 0.790987 1.897655 0.003118
 304.000000 0.028648 0.780256 1.840001 0.002188
 305.000000 0.038227 0.767898 1.912804 0.003280
 306.000000 0.025487 0.830922 2.207996 0.001929
 307.000000 0.024615 0.824978 2.246822 0.001730
 308.000000 0.037832 0.807968 2.174553 0.002867
 309.000000 0.027911 0.821312 2.085735 0.002505
 310.000000 0.019204 0.835144 2.076208 0.001287
 311.000000 0.018574 0.857017 2.158991 0.001633
 312.000000 0.026182 0.805256 2.000628 0.001864
 313.000000 0.032170 0.782559 1.973582 0.002744
 314.000000 0.026304 0.809750 2.108938 0.002116
 315.000000 0.031882 0.801418 2.048945 0.002333
 316.000000 0.036463 0.795410 2.132823 0.003528
 317.000000 0.028861 0.842031 2.310190 0.003225
 318.000000 0.030311 0.864407 2.400971 0.003281
 319.000000 0.040998 0.838739 2.381220 0.004739
 320.000000 0.022630 0.891763 2.597445 0.002170
 321.000000 0.015892 0.920583 2.601837 0.001603
 322.000000 0.021513 0.890506 2.545338 0.001954
 323.000000 0.014357 0.932142 2.665803 0.001778
 324.000000 0.016874 0.927424 2.675279 0.001977
 325.000000 0.015890 0.930990 2.697034 0.002589
 326.000000 0.021258 0.917825 2.621783 0.003058
 327.000000 0.025965 0.859284 2.402617 0.002987
 328.000000 0.033674 0.845345 2.413500 0.003147
 329.000000 0.039823 0.848055 2.363369 0.003763
 330.000000 0.031374 0.852999 2.395064 0.002653
 331.000000 0.038716 0.844374 2.306234 0.003138
 332.000000 0.029987 0.834334 2.174164 0.003795
 333.000000 0.020523 0.869635 2.348245 0.001874
 334.000000 0.022761 0.861930 2.383783 0.002406
 335.000000 0.035283 0.823098 2.231558 0.003266
 336.000000 0.032368 0.834068 2.179455 0.002688
 337.000000 0.019425 0.891955 2.508421 0.002181
 338.000000 0.025461 0.858138 2.370474 0.003003
 339.000000 0.024431 0.872933 2.430982 0.002562
 340.000000 0.019459 0.895478 2.600984 0.001541
 341.000000 0.014640 0.939893 2.769499 0.001460
 342.000000 0.013424 0.940084 2.714123 0.001365
 343.000000 0.012129 0.941785 2.757960 0.001183
 344.000000 0.011575 0.976314 2.843722 0.001216
 345.000000 0.010145 0.980762 2.768404 0.000941
 346.000000 0.009997 0.958059 2.696548 0.000903
 347.000000 0.017493 0.886813 2.478623 0.001374
 348.000000 0.012230 0.922236 2.429512 0.000965
 349.000000 0.018440 0.890155 2.422040 0.001674
 350.000000 0.018930 0.893658 2.387510 0.001799
 351.000000 0.017134 0.924126 2.642909 0.001689
 352.000000 0.013109 0.936639 2.604580 0.001242
 353.000000 0.018607 0.911155 2.533066 0.001840
 354.000000 0.011584 0.946616 2.679987 0.001117
 355.000000 0.012709 0.928456 2.611596 0.001181
 356.000000 0.013863 0.906021 2.503392 0.001332
 357.000000 0.015422 0.932521 2.694398 0.001880
 358.000000 0.017109 0.932597 2.703491 0.001494
 359.000000 0.011810 0.979365 2.790551 0.001130
 360.000000 0.019930 0.904418 2.472263 0.001889
 361.000000 0.015426 0.941192 2.704297 0.001456
 362.000000 0.011241 0.953458 2.715311 0.000984
 363.000000 0.015583 0.917366 2.504571 0.001503
 364.000000 0.017317 0.890602 2.471337 0.001765
 365.000000 0.013232 0.896973 2.411822 0.000983
 366.000000 0.014437 0.879204 2.292040 0.001258
 367.000000 0.021278 0.802394 1.942720 0.001639
 368.000000 0.017278 0.820468 2.042238 0.001184
 369.000000 0.018220 0.842474 2.146486 0.001454
 370.000000 0.022099 0.822469 2.115896 0.001952
 371.000000 0.029436 0.783303 2.011006 0.002220
 372.000000 0.017187 0.890110 2.461134 0.001715
 373.000000 0.024280 0.818149 2.141262 0.002729
 374.000000 0.024681 0.793248 1.864331 0.002586
 375.000000 0.025098 0.795508 1.994737 0.002104
 376.000000 0.023899 0.788904 1.956927 0.002181
 377.000000 0.018931 0.833463 2.069673 0.001903
 378.000000 0.028249 0.786605 1.906394 0.002333
 379.000000 0.024186 0.825989 2.066549 0.002207
 380.000000 0.023468 0.843014 2.201897 0.001998
 381.000000 0.028620 0.855950 2.405241 0.003517
 382.000000 0.033017 0.819250 2.215945 0.002295
 383.000000 0.026339 0.837998 2.221708 0.002170
 384.000000 0.029877 0.825166 2.173825 0.002334
 385.000000 0.019369 0.877449 2.391151 0.001882
 386.000000 0.025463 0.795743 1.894638 0.001936
 387.000000 0.019341 0.843650 2.117678 0.001637
 388.000000 0.026389 0.851181 2.260459 0.003126
 389.000000 0.028448 0.810076 2.046949 0.002770
 390.000000 0.022962 0.787269 1.881390 0.001598
 391.000000 0.030793 0.777849 1.923881 0.002622
 392.000000 0.028400 0.766142 1.789228 0.001710
 393.000000 0.029140 0.793818 1.993970 0.001875
 394.000000 0.025291 0.767646 1.664314 0.001847
 395.000000 0.030099 0.834153 2.194234 0.002613
 396.000000 0.021378 0.870978 2.314092 0.002823
 397.000000 0.022109 0.866889 2.441296 0.002466
 398.000000 0.015150 0.878723 2.377824 0.001183
 399.000000 0.031272 0.813289 2.069282 0.003068
 400.000000 0.025395 0.811103 1.936049 0.002220
 401.000000 0.038702 0.806099 1.912170 0.003067
 402.000000 0.028265 0.840684 2.136997 0.002640
 403.000000 0.039283 0.822084 2.085005 0.008142
 404.000000 0.023740 0.844168 2.179880 0.002174
 405.000000 0.029877 0.850222 2.368932 0.002678
 406.000000 0.026485 0.876225 2.457837 0.002291
 407.000000 0.024250 0.870008 2.435533 0.002463
 408.000000 0.027798 0.856247 2.332050 0.002878
 409.000000 0.026172 0.854940 2.362721 0.002280
 410.000000 0.029323 0.843487 2.217865 0.002784
 411.000000 0.024038 0.839924 2.221776 0.001905
 412.000000 0.043194 0.805962 2.140672 0.003256
 413.000000 0.048453 0.791536 2.204861 0.004171
 414.000000 0.031185 0.829801 2.182764 0.002779
 415.000000 0.014333 0.884303 2.324152 0.001235
 416.000000 0.016780 0.876201 2.349118 0.001310
 417.000000 0.014928 0.908757 2.535015 0.001245
 418.000000 0.015771 0.901507 2.554424 0.001418
 419.000000 0.015678 0.924317 2.635821 0.001406
 420.000000 0.015542 0.925927 2.608009 0.001448
 421.000000 0.013207 0.952987 2.806854 0.001389
 422.000000 0.019131 0.886520 2.497423 0.001655
 423.000000 0.013389 0.938596 2.674518 0.001266
 424.000000 0.016580 0.923465 2.704317 0.001748
 425.000000 0.014296 0.931930 2.656646 0.001320
 426.000000 0.015463 0.931180 2.691211 0.001331
 427.000000 0.010054 0.971903 2.776176 0.001145
 428.000000 0.015862 0.928653 2.690931 0.001276
 429.000000 0.017983 0.922635 2.629372 0.001717
 430.000000 0.014649 0.934134 2.753973 0.001553
 431.000000 0.014023 0.934970 2.713020 0.001510
 432.000000 0.010907 0.968520 2.852594 0.001109
 433.000000 0.012056 0.955398 2.746283 0.001018
 434.000000 0.016042 0.919148 2.570781 0.001584
 435.000000 0.011143 0.976016 2.838675 0.001042
 436.000000 0.011789 0.957601 2.750041 0.001050
 437.000000 0.014858 0.937804 2.730871 0.001321
 438.000000 0.013981 0.937379 2.744653 0.001292
 439.000000 0.014457 0.949997 2.767019 0.001214
 440.000000 0.014403 0.933387 2.701328 0.001381
 441.000000 0.013034 0.956795 2.778617 0.001287
 442.000000 0.012047 0.970386 2.822694 0.001141
 443.000000 0.012176 0.972949 2.843922 0.001075
 444.000000 0.010896 0.985438 2.883719 0.000970
 445.000000 0.014912 0.937626 2.603417 0.001318
 446.000000 0.014900 0.937030 2.687993 0.001330
 447.000000 0.018688 0.894725 2.596356 0.001935
 448.000000 0.014616 0.927055 2.706282 0.001470
 449.000000 0.015422 0.939188 2.753672 0.001477
 450.000000 0.014040 0.953391 2.749487 0.001505
 451.000000 0.013432 0.943778 2.730789 0.001208
 452.000000 0.017347 0.929951 2.714442 0.001568
 453.000000 0.016640 0.937390 2.703258 0.001547
 454.000000 0.014041 0.938829 2.680026 0.001307
 455.000000 0.013465 0.956826 2.772337 0.001467
 456.000000 0.010802 0.960437 2.780051 0.001080
 457.000000 0.011992 0.955801 2.757548 0.001284
 458.000000 0.017833 0.928170 2.731527 0.001805
 459.000000 0.012140 0.955760 2.769033 0.001246
 460.000000 0.011872 0.955917 2.750043 0.001231
 461.000000 0.011511 0.943575 2.721951 0.001154
 462.000000 0.010254 0.958532 2.761726 0.000998
 463.000000 0.011365 0.952921 2.735276 0.001238
 464.000000 0.012390 0.969629 2.762904 0.001175
 465.000000 0.009809 0.960193 2.685000 0.000843
 466.000000 0.007151 1.017996 2.952276 0.000743
 467.000000 0.011955 0.960934 2.759952 0.001173
 468.000000 0.012438 0.946613 2.668926 0.000970
 469.000000 0.011320 0.943889 2.606691 0.001305
 470.000000 0.012124 0.960234 2.771981 0.001287
 471.000000 0.011375 0.966450 2.790367 0.001112
 472.000000 0.011898 0.974948 2.794953 0.001053
 473.000000 0.012980 0.955809 2.782239 0.001269
 474.000000 0.012482 0.959577 2.767381 0.001155
 475.000000 0.007675 1.013739 2.933045 0.000744
 476.000000 0.011620 0.946497 2.686294 0.001147
 477.000000 0.012641 0.899212 2.445080 0.001984
 478.000000 0.013371 0.909303 2.354043 0.001856
 479.000000 0.015154 0.893703 2.243630 0.001258
 480.000000 0.014531 0.895081 2.353240 0.001272
 481.000000 0.013712 0.936604 2.589923 0.001258
 482.000000 0.013287 0.932760 2.678567 0.001287
 483.000000 0.015965 0.924710 2.629889 0.001841
 484.000000 0.011179 0.974511 2.810188 0.001071
 485.000000 0.014352 0.911596 2.581761 0.001370
 486.000000 0.011680 0.961413 2.764144 0.001079
 487.000000 0.014555 0.953898 2.795438 0.001379
 488.000000 0.011400 0.949931 2.708432 0.000993
 489.000000 0.017108 0.904827 2.476879 0.001414
 490.000000 0.019966 0.906615 2.588775 0.002112
 491.000000 0.024043 0.889431 2.580960 0.003150
 492.000000 0.014502 0.949791 2.749748 0.001522
 493.000000 0.011904 0.945188 2.669934 0.001055
 494.000000 0.012070 0.947710 2.722204 0.001201
 495.000000 0.013794 0.934357 2.692605 0.001437
 496.000000 0.016911 0.936240 2.756375 0.001524
 497.000000 0.015886 0.938862 2.715369 0.001770
 498.000000 0.016620 0.914141 2.577765 0.001499
 499.000000 0.020490 0.921297 2.670722 0.002506
 500.000000 0.014014 0.942242 2.724565 0.001628
