#! FIELDS time alpha rg e2e hbond
 0.000000 0.138548 0.538382 0.832181 0.011295
 1.000000 0.141559 0.546202 1.098408 0.011653
 2.000000 0.109211 0.548202 1.133654 0.008081
 3.000000 0.133895 0.535135 1.242240 0.013947
 4.000000 0.139056 0.563448 1.215902 0.011463
 5.000000 0.095101 0.608837 1.267125 0.006409
 6.000000 0.069045 0.641199 1.339582 0.004294
 7.000000 0.088083 0.592797 1.080512 0.004728
 8.000000 0.092546 0.614827 1.116267 0.005156
 9.000000 0.071406 0.617397 1.100718 0.006417
 10.000000 0.072928 0.633144 1.195600 0.005017
 11.000000 0.112727 0.609792 1.294499 0.009191
 12.000000 0.104484 0.644468 1.102844 0.009814
 13.000000 0.060735 0.679992 1.290166 0.004117
 14.000000 0.107811 0.661459 1.281175 0.009436
 15.000000 0.107041 0.652906 1.191133 0.009062
 16.000000 0.063434 0.693570 1.424884 0.005224
 17.000000 0.071012 0.715405 1.521185 0.004616
 18.000000 0.050258 0.769674 1.786216 0.004132
 19.000000 0.052004 0.758365 1.925027 0.004651
 20.000000 0.051450 0.727496 1.722218 0.004493
 21.000000 0.081691 0.688225 1.545336 0.006240
 22.000000 0.090178 0.717075 1.652853 0.014492
 23.000000 0.113566 0.695458 1.482389 0.018310
 24.000000 0.134651 0.676585 1.433765 0.019052
 25.000000 0.069607 0.716001 1.581622 0.008386
 26.000000 0.071493 0.683114 1.423472 0.009687
 27.000000 0.129909 0.723848 1.629183 0.014536
 28.000000 0.023686 0.816706 2.159534 0.002384
 29.000000 0.036119 0.761573 1.883483 0.004010
 30.000000 0.040420 0.715612 1.585039 0.003071
 31.000000 0.041546 0.736071 1.628148 0.003823
 32.000000 0.027713 0.771322 1.788839 0.002503
 33.000000 0.027508 0.775867 1.835203 0.003323
 34.000000 0.039220 0.738302 1.747951 0.004217
 35.000000 0.043226 0.726369 1.755369 0.003605
 36.000000 0.052731 0.698953 1.575910 0.007303
 37.000000 0.070550 0.668230 1.371226 0.008500
 38.000000 0.067220 0.626765 0.958619 0.011732
 39.000000 0.061055 0.668063 1.154049 0.006029
 40.000000 0.057037 0.673450 1.158966 0.006814
 41.000000 0.031914 0.711128 1.392864 0.005059
 42.000000 0.044031 0.687727 1.396412 0.006639
 43.000000 0.045783 0.682657 1.519406 0.003549
 44.000000 0.040740 0.729516 1.811309 0.004535
 45.000000 0.045967 0.753441 1.908539 0.003776
 46.000000 0.033282 0.795883 2.061681 0.003122
 47.000000 0.032068 0.802017 2.150894 0.003711
 48.000000 0.033133 0.801580 2.024684 0.003901
 49.000000 0.023759 0.831424 2.103019 0.003097
 50.000000 0.030689 0.786573 2.024029 0.003424
 51.000000 0.056660 0.756247 1.961583 0.004341
 52.000000 0.038824 0.776516 1.973418 0.003584
 53.000000 0.077639 0.710644 1.603619 0.005189
 54.000000 0.043393 0.717298 1.580063 0.002712
 55.000000 0.050695 0.685434 1.318843 0.003718
 56.000000 0.074439 0.651327 1.186753 0.008260
 57.000000 0.061930 0.722116 1.755334 0.006137
 58.000000 0.074480 0.658164 1.277077 0.007183
 59.000000 0.084256 0.656102 1.313920 0.007168
 60.000000 0.053972 0.711501 1.633169 0.004491
 61.000000 0.062499 0.704635 1.662619 0.008570
 62.000000 0.062259 0.686448 1.484441 0.006242
 63.000000 0.057294 0.696585 1.547908 0.005224
 64.000000 0.051518 0.716156 1.655533 0.005365
 65.000000 0.053504 0.691756 1.484387 0.004572
 66.000000 0.081055 0.659689 1.476006 0.005244
 67.000000 0.077570 0.645858 1.207901 0.013625
 68.000000 0.061755 0.652261 1.458504 0.004061
 69.000000 0.059859 0.652657 1.340343 0.007014
 70.000000 0.058023 0.692356 1.559018 0.008941
 71.000000 0.079048 0.682330 1.596905 0.007451
 72.000000 0.065132 0.681461 1.362496 0.004714
 73.000000 0.035632 0.748384 1.704349 0.003632
 74.000000 0.037939 0.768788 1.887622 0.003850
 75.000000 0.034495 0.770717 1.999480 0.004831
 76.000000 0.052752 0.728528 1.771089 0.005783
 77.000000 0.046461 0.754797 1.872940 0.003967
 78.000000 0.034281 0.788563 1.930812 0.003804
 79.000000 0.052563 0.753433 1.891497 0.004999
 80.000000 0.038381 0.780278 1.982468 0.003364
 81.000000 0.041675 0.753140 1.889499 0.003359
 82.000000 0.039651 0.784993 2.119012 0.004344
 83.000000 0.027126 0.839142 2.328877 0.004358
 84.000000 0.027041 0.829175 2.291059 0.002754
 85.000000 0.026194 0.858764 2.377553 0.003089
 86.000000 0.045680 0.802319 2.207670 0.004168
 87.000000 0.044878 0.791888 2.143278 0.004259
 88.000000 0.063422 0.774686 2.164858 0.004600
 89.000000 0.048928 0.783510 1.997015 0.005258
 90.000000 0.067098 0.721960 1.704104 0.005222
 91.000000 0.064802 0.758488 2.000737 0.004021
 92.000000 0.065430 0.721035 1.945248 0.005014
 93.000000 0.094889 0.652245 1.639543 0.006258
 94.000000 0.081161 0.645997 1.444087 0.007809
 95.000000 0.107042 0.631959 1.538184 0.007641
 96.000000 0.072916 0.686727 1.778305 0.005101
 97.000000 0.104160 0.701879 1.942952 0.004990
 98.000000 0.153392 0.708662 1.885430 0.008425
 99.000000 0.077902 0.669819 1.568550 0.016825
 100.000000 0.072290 0.668299 1.539741 0.009837
 101.000000 0.052291 0.648951 1.353655 0.009135
 102.000000 0.040401 0.677920 1.134350 0.003866
 103.000000 0.034386 0.708343 1.300854 0.004127
 104.000000 0.044865 0.657187 1.105561 0.006785
 105.000000 0.032202 0.710513 1.314901 0.004551
 106.000000 0.027589 0.763052 1.579551 0.004880
 107.000000 0.030941 0.802076 1.966747 0.004423
 108.000000 0.029060 0.765008 1.660034 0.005307
 109.000000 0.041284 0.749183 1.736578 0.008050
 110.000000 0.045152 0.770595 1.871670 0.006267
 111.000000 0.031663 0.832485 2.121687 0.003837
 112.000000 0.027226 0.866986 2.351932 0.002986
 113.000000 0.019779 0.872867 2.269390 0.002373
 114.000000 0.039155 0.812616 2.028959 0.010008
 115.000000 0.046904 0.758664 1.740478 0.005093
 116.000000 0.030682 0.763526 1.805697 0.006269
 117.000000 0.032478 0.757746 1.715325 0.008563
 118.000000 0.027419 0.818464 1.978984 0.002631
 119.000000 0.021781 0.891022 2.466260 0.002837
 120.000000 0.030444 0.855909 2.284468 0.004352
 121.000000 0.021069 0.851779 2.124424 0.002927
 122.000000 0.034732 0.801267 1.988013 0.003979
 123.000000 0.026162 0.812057 1.909332 0.002662
 124.000000 0.036845 0.782831 1.916079 0.004983
 125.000000 0.032036 0.821837 2.072719 0.003487
 126.000000 0.028323 0.823779 2.105531 0.003822
 127.000000 0.027814 0.845079 2.140909 0.004171
 128.000000 0.032652 0.799445 1.954615 0.004467
 129.000000 0.032881 0.782715 1.836914 0.003026
 130.000000 0.020907 0.805462 1.947475 0.003280
 131.000000 0.028576 0.792770 1.808919 0.003430
 132.000000 0.035345 0.802025 1.996418 0.003994
 133.000000 0.033146 0.800626 2.018705 0.004343
 134.000000 0.029168 0.814383 2.036738 0.002894
 135.000000 0.041136 0.781865 1.898897 0.005869
 136.000000 0.032081 0.830413 2.233624 0.004225
 137.000000 0.027727 0.836593 2.161551 0.004497
 138.000000 0.022342 0.813524 1.938843 0.003922
 139.000000 0.045262 0.770013 1.690765 0.005154
 140.000000 0.031467 0.784192 1.799109 0.004169
 141.000000 0.027635 0.812294 1.995602 0.004863
 142.000000 0.029830 0.793639 1.896124 0.004220
 143.000000 0.033202 0.771886 1.664508 0.006572
 144.000000 0.043810 0.708203 1.425856 0.008966
 145.000000 0.038810 0.720396 1.508245 0.007972
 146.000000 0.038656 0.698946 1.263465 0.006028
 147.000000 0.046896 0.686899 1.340676 0.012671
 148.000000 0.059238 0.716754 1.523925 0.011132
 149.000000 0.038293 0.755598 1.725759 0.006208
 150.000000 0.030533 0.812619 1.983762 0.003880
 151.000000 0.042087 0.765949 1.935766 0.006125
 152.000000 0.053914 0.764512 1.869895 0.004761
 153.000000 0.026258 0.837348 2.149242 0.003568
 154.000000 0.035353 0.850682 2.280437 0.004135
 155.000000 0.016036 0.890687 2.354409 0.002938
 156.000000 0.014661 0.837803 1.930629 0.001327
 157.000000 0.014808 0.895089 2.275672 0.006128
 158.000000 0.014023 0.902550 2.432040 0.002303
 159.000000 0.012373 0.927196 2.559173 0.002769
 160.000000 0.021707 0.892103 2.534225 0.004777
 161.000000 0.015891 0.899231 2.531754 0.003833
 162.000000 0.018487 0.900973 2.439453 0.003841
 163.000000 0.016478 0.866217 2.274159 0.002500
 164.000000 0.026312 0.841526 2.336150 0.002085
 165.000000 0.015020 0.885128 2.378525 0.001331
 166.000000 0.017595 0.837300 2.090063 0.001444
 167.000000 0.023709 0.794930 1.860858 0.001694
 168.000000 0.018089 0.835953 2.044248 0.001383
 169.000000 0.017497 0.838327 2.050393 0.001333
 170.000000 0.018556 0.835990 2.104807 0.001548
 171.000000 0.017830 0.841827 2.006806 0.001418
 172.000000 0.015366 0.886003 2.400182 0.001241
 173.000000 0.010346 0.951783 2.625715 0.001096
 174.000000 0.014215 0.926749 2.649898 0.001569
 175.000000 0.013114 0.964598 2.796029 0.001228
 176.000000 0.014171 0.946132 2.671701 0.001531
 177.000000 0.015358 0.926528 2.584431 0.001475
 178.000000 0.015809 0.917351 2.580447 0.001380
 179.000000 0.012242 0.968619 2.763039 0.001151
 180.000000 0.012369 0.955252 2.780162 0.001239
 181.000000 0.014597 0.930344 2.707805 0.001351
 182.000000 0.016574 0.920713 2.682038 0.001888
 183.000000 0.016363 0.920820 2.679459 0.001408
 184.000000 0.017352 0.928302 2.672600 0.001765
 185.000000 0.015758 0.915186 2.610935 0.001475
 186.000000 0.015804 0.906953 2.581367 0.001771
 187.000000 0.013503 0.947584 2.724812 0.001271
 188.000000 0.013859 0.943766 2.781692 0.001239
 189.000000 0.021748 0.904294 2.639779 0.002586
 190.000000 0.023516 0.908236 2.630725 0.002774
 191.000000 0.009410 1.001403 2.906409 0.000870
 192.000000 0.013049 0.956827 2.701896 0.001108
 193.000000 0.018637 0.897756 2.459224 0.001617
 194.000000 0.013735 0.935372 2.619849 0.001222
 195.000000 0.018122 0.899641 2.482493 0.001650
 196.000000 0.013752 0.927591 2.593037 0.001419
 197.000000 0.015851 0.889131 2.454782 0.001657
 198.000000 0.011883 0.918049 2.517134 0.001245
 199.000000 0.020417 0.870703 2.451597 0.001347
 200.000000 0.015921 0.873057 2.331353 0.001296
 201.000000 0.022063 0.817382 2.175199 0.002038
 202.000000 0.024983 0.872772 2.358420 0.003099
 203.000000 0.015150 0.939555 2.745871 0.001801
 204.000000 0.019375 0.909427 2.680970 0.001895
 205.000000 0.019853 0.930925 2.718010 0.001868
 206.000000 0.024658 0.894205 2.621547 0.002739
 207.000000 0.018965 0.903736 2.622318 0.002178
 208.000000 0.029530 0.849292 2.384494 0.003660
 209.000000 0.025342 0.880720 2.546457 0.003005
 210.000000 0.016536 0.929523 2.751700 0.001794
 211.000000 0.014230 0.937573 2.693977 0.001520
 212.000000 0.016386 0.921616 2.645405 0.001908
 213.000000 0.017969 0.924550 2.685255 0.002190
 214.000000 0.024613 0.910210 2.624475 0.003542
 215.000000 0.023875 0.897950 2.610123 0.002539
 216.000000 0.014646 0.932360 2.632605 0.002202
 217.000000 0.014205 0.913761 2.521350 0.001250
 218.000000 0.026086 0.856073 2.456978 0.003049
 219.000000 0.019058 0.882432 2.537606 0.001841
 220.000000 0.018127 0.895003 2.486569 0.002230
 221.000000 0.044151 0.833372 2.322243 0.006757
 222.000000 0.026822 0.875545 2.383822 0.003224
 223.000000 0.015912 0.933273 2.635809 0.001972
 224.000000 0.022707 0.883381 2.434792 0.002787
 225.000000 0.026566 0.839908 2.290366 0.002994
 226.000000 0.027412 0.835939 2.270053 0.002519
 227.000000 0.027695 0.843708 2.258305 0.002227
 228.000000 0.024983 0.847465 2.225006 0.002605
 229.000000 0.025166 0.841629 2.265965 0.003084
 230.000000 0.031341 0.828764 2.143176 0.003008
 231.000000 0.032833 0.823547 2.103814 0.004444
 232.000000 0.048259 0.804135 2.224529 0.008909
 233.000000 0.038746 0.826372 2.198106 0.003442
 234.000000 0.056759 0.765472 1.976065 0.008861
 235.000000 0.072891 0.742465 1.795580 0.016121
 236.000000 0.060033 0.776706 2.039793 0.007703
 237.000000 0.064613 0.771770 2.002489 0.008926
 238.000000 0.023502 0.874420 2.375415 0.002820
 239.000000 0.026811 0.860269 2.336450 0.002799
 240.000000 0.023912 0.874991 2.415767 0.002329
 241.000000 0.019527 0.882772 2.514289 0.001466
 242.000000 0.016502 0.919402 2.711534 0.001421
 243.000000 0.017574 0.910829 2.616701 0.001584
 244.000000 0.021234 0.859551 2.376123 0.001959
 245.000000 0.023892 0.847156 2.285943 0.002366
 246.000000 0.016166 0.923287 2.561602 0.002060
 247.000000 0.017417 0.888516 2.422063 0.002115
 248.000000 0.028680 0.879498 2.454219 0.003401
 249.000000 0.028390 0.849628 2.372580 0.003102
 250.000000 0.041630 0.796013 2.113730 0.008032
 251.000000 0.039598 0.788994 2.028347 0.002570
 252.000000 0.052325 0.771267 1.977146 0.006353
 253.000000 0.051611 0.757313 1.765909 0.006299
 254.000000 0.039514 0.757352 1.847374 0.004481
 255.000000 0.026251 0.801980 1.941966 0.004071
 256.000000 0.030671 0.774208 1.803936 0.004093
 257.000000 0.034055 0.741035 1.610516 0.004462
 258.000000 0.039083 0.725993 1.500441 0.004318
 259.000000 0.033934 0.746464 1.514439 0.004334
 260.000000 0.037908 0.735653 1.518728 0.003997
 261.000000 0.057938 0.688130 1.249612 0.004051
 262.000000 0.030576 0.796401 1.965818 0.002383
 263.000000 0.026226 0.759567 1.446594 0.002431
 264.000000 0.037674 0.757050 1.668358 0.004003
 265.000000 0.025084 0.791213 1.811315 0.003531
 266.000000 0.054977 0.737827 1.732952 0.005996
 267.000000 0.042104 0.787547 2.025515 0.004673
 268.000000 0.036994 0.800207 2.168012 0.005245
 269.000000 0.029786 0.841202 2.363834 0.002566
 270.000000 0.023104 0.821347 2.269840 0.002121
 271.000000 0.019565 0.840317 2.141808 0.002094
 272.000000 0.026616 0.865357 2.368459 0.002830
 273.000000 0.034441 0.838415 2.272231 0.003202
 274.000000 0.024186 0.894080 2.549031 0.002614
 275.000000 0.030605 0.861947 2.453498 0.002494
 276.000000 0.029195 0.840292 2.269904 0.002704
 277.000000 0.036118 0.813850 2.128102 0.003319
 278.000000 0.039977 0.758306 1.768518 0.003631
 279.000000 0.042578 0.754805 1.789481 0.003668
 280.000000 0.058526 0.696102 1.409044 0.004386
 281.000000 0.046188 0.748966 1.841876 0.004104
 282.000000 0.050384 0.725919 1.758337 0.005120
 283.000000 0.026702 0.751450 1.699471 0.002908
 284.000000 0.025493 0.764307 1.752114 0.003575
 285.000000 0.029535 0.727821 1.655392 0.003260
 286.000000 0.040017 0.719044 1.611574 0.004929
 287.000000 0.037135 0.765797 1.964220 0.003549
 288.000000 0.032889 0.724013 1.636038 0.003712
 289.000000 0.082882 0.689224 1.500774 0.012952
 290.000000 0.051796 0.714780 1.738770 0.006383
 291.000000 0.030058 0.753639 1.830262 0.004884
 292.000000 0.033240 0.783822 1.908994 0.004533
 293.000000 0.079705 0.756959 1.874316 0.030654
 294.000000 0.061112 0.790904 2.001732 0.025698
 295.000000 0.048398 0.768059 1.889460 0.005830
 296.000000 0.038880 0.836448 2.129203 0.006383
 297.000000 0.032789 0.846387 2.249863 0.007720
 298.000000 0.029436 0.834610 2.192825 0.003415
 299.000000 0.085750 0.790669 2.138188 0.008578
 300.000000 0.071253 0.784803 2.051246 0.008588
 301.000000 0.039887 0.813338 2.260454 0.004765
 302.000000 0.031837 0.853353 2.477011 0.004680
 303.000000 0.026191 0.880398 2.572525 0.006246
 304.000000 0.061239 0.825731 2.284692 0.012165
 305.000000 0.088353 0.791979 2.220689 0.016290
 306.000000 0.076481 0.792398 2.209495 0.016865
 307.000000 0.146687 0.797309 2.180055 0.045526
 308.000000 0.059184 0.812278 2.038236 0.008995
 309.000000 0.082152 0.769906 1.899258 0.014148
 310.000000 0.139343 0.762907 1.808374 0.043211
 311.000000 0.081964 0.799211 2.046675 0.010350
 312.000000 0.095716 0.780138 2.043758 0.024151
 313.000000 0.045382 0.790786 1.852180 0.005284
 314.000000 0.060660 0.760537 1.749316 0.005766
 315.000000 0.130121 0.757533 1.703543 0.017043
 316.000000 0.184015 0.748545 1.949907 0.022629
 317.000000 0.046989 0.825581 2.070348 0.008409
 318.000000 0.063292 0.810137 2.061239 0.006665
 319.000000 0.033804 0.811746 1.989592 0.005819
 320.000000 0.147480 0.732547 1.570102 0.035279
 321.000000 0.131065 0.737329 1.579972 0.043481
 322.000000 0.090942 0.780222 1.892245 0.015407
 323.000000 0.137688 0.720711 1.698324 0.031250
 324.000000 0.189220 0.721340 1.619557 0.078228
 325.000000 0.158997 0.726681 1.723174 0.056081
 326.000000 0.110171 0.774018 2.015959 0.009204
 327.000000 0.061599 0.818169 2.190453 0.011023
 328.000000 0.139012 0.769557 2.035763 0.035005
 329.000000 0.156391 0.755563 1.955236 0.034851
 330.000000 0.108480 0.760405 1.801230 0.012969
 331.000000 0.189720 0.713261 1.638368 0.037880
 332.000000 0.155481 0.733248 1.723238 0.047323
 333.000000 0.120399 0.701989 1.556317 0.018546
 334.000000 0.125477 0.704120 1.588627 0.020763
 335.000000 0.097665 0.683938 1.277359 0.010532
 336.000000 0.092722 0.619756 0.935663 0.060243
 337.000000 0.048411 0.665600 1.041116 0.004547
 338.000000 0.048235 0.672707 1.259407 0.006121
 339.000000 0.088037 0.667112 1.267766 0.011364
 340.000000 0.047736 0.665090 1.217196 0.003365
 341.000000 0.030333 0.725014 1.599986 0.004798
 342.000000 0.024350 0.755475 1.684585 0.003663
 343.000000 0.049875 0.714790 1.374199 0.007300
 344.000000 0.047851 0.745950 1.759439 0.010275
 345.000000 0.036574 0.778790 1.954737 0.006208
 346.000000 0.029750 0.821323 2.167907 0.003171
 347.000000 0.023208 0.837775 2.219631 0.004120
 348.000000 0.019115 0.835699 2.138948 0.004943
 349.000000 0.016785 0.826609 2.085043 0.001259
 350.000000 0.016156 0.866696 2.204979 0.004772
 351.000000 0.011870 0.914070 2.309715 0.001428
 352.000000 0.014713 0.909945 2.412395 0.001448
 353.000000 0.017567 0.877839 2.265400 0.002656
 354.000000 0.018091 0.909359 2.490082 0.003064
 355.000000 0.020013 0.896165 2.427940 0.003462
 356.000000 0.019381 0.886555 2.452301 0.004068
 357.000000 0.024200 0.846631 2.300691 0.002935
 358.000000 0.035464 0.830890 2.294959 0.004492
 359.000000 0.017136 0.906124 2.508731 0.003368
 360.000000 0.013738 0.921125 2.562339 0.002789
 361.000000 0.021757 0.880502 2.626907 0.001544
 362.000000 0.013936 0.934950 2.647775 0.001934
 363.000000 0.015790 0.925710 2.610717 0.002491
 364.000000 0.013322 0.921586 2.582955 0.002112
 365.000000 0.018729 0.886515 2.522427 0.001900
 366.000000 0.016708 0.900422 2.567476 0.002435
 367.000000 0.011744 0.946001 2.696653 0.001107
 368.000000 0.012462 0.948649 2.701648 0.001659
 369.000000 0.018692 0.882346 2.401575 0.006230
 370.000000 0.013471 0.933898 2.613481 0.002422
 371.000000 0.012732 0.950243 2.728830 0.001742
 372.000000 0.016823 0.899949 2.558563 0.002749
 373.000000 0.010779 0.969808 2.782201 0.001190
 374.000000 0.013285 0.934728 2.617331 0.001429
 375.000000 0.013888 0.927349 2.626652 0.001632
 376.000000 0.011350 0.977873 2.843503 0.001337
 377.000000 0.009735 0.959899 2.735390 0.001039
 378.000000 0.011087 0.963958 2.755984 0.001400
 379.000000 0.011881 0.963374 2.819820 0.001568
 380.000000 0.008153 0.987178 2.827774 0.000897
 381.000000 0.008891 0.943079 2.636424 0.000867
 382.000000 0.009058 0.973272 2.772630 0.000824
 383.000000 0.011185 0.958450 2.744389 0.000989
 384.000000 0.008309 0.988278 2.820783 0.000842
 385.000000 0.011989 0.939448 2.659554 0.001006
 386.000000 0.013631 0.936845 2.666662 0.001113
 387.000000 0.010763 0.977459 2.897992 0.001258
 388.000000 0.010265 0.977746 2.869986 0.000885
 389.000000 0.014651 0.945331 2.731969 0.001492
 390.000000 0.017505 0.920084 2.652029 0.001744
 391.000000 0.018435 0.910836 2.665511 0.001809
 392.000000 0.014412 0.927916 2.671912 0.001404
 393.000000 0.021781 0.882782 2.537550 0.002422
 394.000000 0.018929 0.874495 2.440772 0.001680
 395.000000 0.016685 0.904108 2.608547 0.001528
 396.000000 0.015881 0.910325 2.581360 0.001459
 397.000000 0.011397 0.936334 2.553774 0.001154
 398.000000 0.014167 0.909159 2.488385 0.001296
 399.000000 0.014955 0.915214 2.584233 0.001109
 400.000000 0.012629 0.933616 2.610168 0.001102
 401.000000 0.012014 0.960810 2.679943 0.001114
 402.000000 0.010057 0.966381 2.718183 0.000943
 403.000000 0.016583 0.886121 2.492743 0.001466
 404.000000 0.016988 0.906934 2.497453 0.001630
 405.000000 0.010194 0.961542 2.709011 0.000912
 406.000000 0.016474 0.892320 2.432978 0.001595
 407.000000 0.020404 0.843759 2.255159 0.001727
 408.000000 0.024555 0.831017 2.171494 0.001846
 409.000000 0.009101 0.956979 2.598409 0.000823
 410.000000 0.010581 0.943276 2.557546 0.001060
 411.000000 0.011220 0.962883 2.667257 0.001008
 412.000000 0.010176 0.944247 2.672004 0.001066
 413.000000 0.011331 0.958502 2.794803 0.001202
 414.000000 0.012234 0.954257 2.724636 0.001244
 415.000000 0.011456 0.969845 2.789480 0.001141
 416.000000 0.015179 0.909469 2.507909 0.001356
 417.000000 0.013738 0.909938 2.521369 0.001178
 418.000000 0.016780 0.922218 2.588000 0.001689
 419.000000 0.014365 0.940796 2.604762 0.001255
 420.000000 0.014413 0.936294 2.663667 0.001323
 421.000000 0.014565 0.929108 2.648646 0.001395
 422.000000 0.019287 0.915813 2.626536 0.001672
 423.000000 0.013840 0.949464 2.719297 0.001173
 424.000000 0.013686 0.951799 2.758019 0.001216
 425.000000 0.016744 0.936572 2.768892 0.001681
 426.000000 0.015889 0.930769 2.731377 0.001642
 427.000000 0.013754 0.959937 2.762831 0.001364
 428.000000 0.014758 0.946767 2.753979 0.001501
 429.000000 0.011528 0.940226 2.646001 0.001187
 430.000000 0.008197 0.972377 2.659074 0.000748
 431.000000 0.012701 0.927351 2.547492 0.001026
 432.000000 0.012802 0.941612 2.658159 0.000921
 433.000000 0.018779 0.912490 2.632667 0.001696
 434.000000 0.011240 0.975965 2.856712 0.001071
 435.000000 0.014311 0.897423 2.428526 0.001304
 436.000000 0.019839 0.840117 2.203640 0.002245
 437.000000 0.019679 0.849758 2.219847 0.002445
 438.000000 0.010266 0.945442 2.628948 0.000960
 439.000000 0.016945 0.882005 2.304825 0.001658
 440.000000 0.023216 0.811208 2.033641 0.002011
 441.000000 0.018400 0.838824 2.098569 0.001497
 442.000000 0.028388 0.817603 1.957117 0.002289
 443.000000 0.019144 0.844108 1.937452 0.001515
 444.000000 0.021671 0.858747 2.060005 0.001737
 445.000000 0.012036 0.926281 2.463168 0.001402
 446.000000 0.026026 0.836609 2.118782 0.002473
 447.000000 0.032206 0.808260 2.051456 0.002494
 448.000000 0.025776 0.822643 2.041491 0.001902
 449.000000 0.025209 0.812104 1.977758 0.001931
 450.000000 0.033987 0.805099 1.922235 0.005416
 451.000000 0.045121 0.734372 1.606935 0.005317
 452.000000 0.033675 0.761212 1.773953 0.003747
 453.000000 0.045857 0.734634 1.751246 0.004738
 454.000000 0.037611 0.731673 1.700430 0.002725
 455.000000 0.035197 0.786715 2.070931 0.003758
 456.000000 0.037693 0.790812 2.165211 0.003639
 457.000000 0.039688 0.789747 2.018333 0.002392
 458.000000 0.053894 0.755265 1.782183 0.003186
 459.000000 0.046600 0.749175 1.814659 0.002838
 460.000000 0.062258 0.702605 1.428947 0.005681
 461.000000 0.073530 0.695719 1.450290 0.005736
 462.000000 0.082147 0.653503 1.312016 0.005700
 463.000000 0.061347 0.663050 1.225484 0.005011
 464.000000 0.072207 0.653861 1.344817 0.003509
 465.000000 0.049940 0.745239 1.825726 0.004044
 466.000000 0.079171 0.692263 1.555023 0.005242
 467.000000 0.032136 0.808395 2.023248 0.003197
 468.000000 0.029068 0.807018 1.985443 0.001688
 469.000000 0.026395 0.811158 1.852328 0.002273
 470.000000 0.026285 0.833663 2.127703 0.002223
 471.000000 0.031313 0.811364 1.879997 0.003457
 472.000000 0.030038 0.807361 1.919081 0.002472
 473.000000 0.026821 0.814908 1.927554 0.002215
 474.000000 0.024183 0.889088 2.451127 0.002210
 475.000000 0.023977 0.897250 2.398293 0.002316
 476.000000 0.015358 0.917287 2.463196 0.001832
 477.000000 0.015725 0.928929 2.662221 0.001612
 478.000000 0.019489 0.918922 2.699928 0.002303
 479.000000 0.013203 0.950312 2.650551 0.001677
 480.000000 0.014612 0.912659 2.347245 0.001629
 481.000000 0.015714 0.915385 2.545181 0.001607
 482.000000 0.017262 0.897490 2.280354 0.001548
 483.000000 0.013568 0.930482 2.590240 0.001297
 484.000000 0.018155 0.908187 2.340804 0.001390
 485.000000 0.014430 0.932224 2.503548 0.001103
 486.000000 0.011990 0.972028 2.724978 0.001098
 487.000000 0.012896 0.943736 2.707561 0.001335
 488.000000 0.013945 0.909277 2.512797 0.001392
 489.000000 0.010978 0.949377 2.660398 0.001077
 490.000000 0.022868 0.869848 2.372481 0.002624
 491.000000 0.023149 0.871755 2.439955 0.002433
 492.000000 0.018760 0.901884 2.421121 0.002525
 493.000000 0.020532 0.900124 2.592715 0.002621
 494.000000 0.020789 0.888808 2.449068 0.002442
 495.000000 0.028325 0.874828 2.528502 0.003629
 496.000000 0.027766 0.877040 2.571735 0.003244
 497.000000 0.017248 0.929435 2.698191 0.001874
 498.000000 0.012782 0.937938 2.532134 0.001168
 499.000000 0.014360 0.920895 2.621637 0.001659
 500.000000 0.015191 0.893974 2.319328 0.001192
