#! FIELDS time alpha rg e2e hbond
 0.000000 0.175065 0.664314 1.700105 0.018838
 1.000000 0.106627 0.662981 1.547295 0.010306
 2.000000 0.100997 0.664325 1.566417 0.013719
 3.000000 0.140720 0.632432 1.451412 0.016821
 4.000000 0.182780 0.632928 1.402607 0.018638
 5.000000 0.168286 0.658429 1.599520 0.017757
 6.000000 0.108534 0.650165 1.500703 0.012305
 7.000000 0.127575 0.624854 1.344747 0.015970
 8.000000 0.267511 0.618677 1.546451 0.036073
 9.000000 0.221209 0.632656 1.584188 0.019942
 10.000000 0.309956 0.609799 1.550004 0.041659
 11.000000 0.180897 0.626389 1.513402 0.029542
 12.000000 0.141554 0.668291 1.705378 0.009775
 13.000000 0.164463 0.635681 1.423745 0.015805
 14.000000 0.458798 0.565127 1.284950 0.197985
 15.000000 0.457271 0.565680 1.317087 0.163219
 16.000000 0.479585 0.620407 1.566236 0.235403
 17.000000 0.470962 0.651395 1.759208 0.141858
 18.000000 0.291049 0.689690 1.871308 0.139481
 19.000000 0.102411 0.728101 1.953811 0.023622
 20.000000 0.095598 0.694094 1.805719 0.013456
 21.000000 0.117991 0.690652 1.570110 0.025918
 22.000000 0.102366 0.707352 1.555386 0.054953
 23.000000 0.117198 0.690999 1.679295 0.039265
 24.000000 0.085895 0.701846 1.504581 0.015333
 25.000000 0.072037 0.752651 1.744799 0.015125
 26.000000 0.126785 0.672134 1.513863 0.024290
 27.000000 0.320876 0.641128 1.462020 0.524311
 28.000000 0.244251 0.703343 1.662685 0.294531
 29.000000 0.175328 0.658357 1.505921 0.185501
 30.000000 0.213494 0.642959 1.417340 0.073101
 31.000000 0.266327 0.624768 1.517109 0.600094
 32.000000 0.244854 0.582826 1.322501 0.118690
 33.000000 0.218653 0.572233 1.109230 0.245074
 34.000000 0.334022 0.537186 0.942722 0.444788
 35.000000 0.363996 0.563667 1.084447 0.194612
 36.000000 0.279448 0.578222 1.227520 0.089230
 37.000000 0.341741 0.545050 0.964993 0.327467
 38.000000 0.320540 0.552606 0.907140 0.136693
 39.000000 0.126789 0.596744 1.091012 0.023458
 40.000000 0.115456 0.614064 1.183697 0.026586
 41.000000 0.155421 0.612899 1.371334 0.090628
 42.000000 0.342615 0.600045 1.258648 0.134509
 43.000000 0.213003 0.619862 1.390788 0.086688
 44.000000 0.343629 0.574337 1.221560 0.405215
 45.000000 0.394080 0.592094 1.413339 0.110210
 46.000000 0.328472 0.557230 1.181158 0.105241
 47.000000 0.452297 0.557689 1.225566 0.430307
 48.000000 0.437806 0.545399 0.951076 0.170786
 49.000000 0.340194 0.579938 1.033396 0.423240
 50.000000 0.319672 0.550404 0.946913 0.160863
 51.000000 0.351232 0.548372 0.997694 0.259359
 52.000000 0.282820 0.585330 1.115208 0.363042
 53.000000 0.311401 0.570239 0.787851 0.184086
 54.000000 0.229562 0.567136 0.899966 0.255826
 55.000000 0.373376 0.557472 0.931008 0.141255
 56.000000 0.298332 0.590061 1.092871 0.866849
 57.000000 0.528753 0.607436 1.309543 0.646084
 58.000000 0.301607 0.574446 1.022259 0.288345
 59.000000 0.298109 0.567968 0.915808 0.187442
 60.000000 0.335985 0.566887 0.944430 0.118945
 61.000000 0.238575 0.554946 0.879903 0.076295
 62.000000 0.364098 0.548936 0.924742 0.652422
 63.000000 0.328836 0.556759 0.947216 0.151702
 64.000000 0.389964 0.560363 0.901242 0.379949
 65.000000 0.424471 0.533581 0.828009 0.534936
 66.000000 0.324327 0.544946 0.867509 0.602050
 67.000000 0.228456 0.601087 1.178426 0.172363
 68.000000 0.332231 0.601736 1.087199 0.415750
 69.000000 0.363916 0.566490 0.981404 0.781573
 70.000000 0.225653 0.642501 1.164823 0.278290
 71.000000 0.343051 0.631039 1.221101 0.310304
 72.000000 0.300427 0.632384 1.211442 0.322768
 73.000000 0.246306 0.594413 1.147635 0.108570
 74.000000 0.351656 0.625958 1.429707 0.466231
 75.000000 0.375896 0.583055 1.331298 0.476253
 76.000000 0.457024 0.618615 1.458359 0.485028
 77.000000 0.386993 0.638099 1.537701 0.104494
 78.000000 0.358827 0.642399 1.496951 0.390355
 79.000000 0.565023 0.630849 1.475409 0.459050
 80.000000 0.277925 0.671807 1.567416 0.256356
 81.000000 0.455588 0.638773 1.377422 0.167966
 82.000000 0.284465 0.717829 1.510441 0.778374
 83.000000 0.295157 0.688377 1.456496 0.726649
 84.000000 0.097067 0.773908 2.087105 0.052541
 85.000000 0.115516 0.780630 2.169796 0.024263
 86.000000 0.054962 0.837014 2.312158 0.009692
 87.000000 0.093858 0.811709 2.110048 0.012974
 88.000000 0.072831 0.808384 2.103166 0.011790
 89.000000 0.090744 0.780945 1.783072 0.007815
 90.000000 0.093452 0.776956 1.789555 0.017529
 91.000000 0.057598 0.805503 1.977790 0.007948
 92.000000 0.087323 0.747285 1.490468 0.025043
 93.000000 0.058216 0.817389 2.020411 0.006800
 94.000000 0.058513 0.833881 2.279117 0.010710
 95.000000 0.063961 0.846649 2.405334 0.011752
 96.000000 0.114310 0.780506 2.223025 0.020424
 97.000000 0.065251 0.851189 2.257856 0.009639
 98.000000 0.086427 0.819099 2.202678 0.012005
 99.000000 0.045773 0.847091 2.439049 0.007147
 100.000000 0.031698 0.876961 2.571519 0.003931
 101.000000 0.025495 0.882648 2.554125 0.003769
 102.000000 0.092065 0.819825 2.387561 0.008225
 103.000000 0.026843 0.887181 2.594890 0.003299
 104.000000 0.027474 0.885289 2.535038 0.003669
 105.000000 0.035662 0.895657 2.659046 0.004635
 106.000000 0.031641 0.891997 2.618313 0.002236
 107.000000 0.019043 0.929425 2.728347 0.001794
 108.000000 0.031120 0.874480 2.536851 0.004059
 109.000000 0.057711 0.822478 2.384145 0.011584
 110.000000 0.081103 0.803699 2.324888 0.012274
 111.000000 0.045607 0.847028 2.459471 0.009697
 112.000000 0.062095 0.805616 2.333175 0.010933
 113.000000 0.055582 0.815707 2.312945 0.007208
 114.000000 0.054182 0.825872 2.170652 0.005955
 115.000000 0.042624 0.870776 2.474001 0.005862
 116.000000 0.043746 0.850277 2.433693 0.006194
 117.000000 0.080204 0.796814 2.280351 0.011057
 118.000000 0.060514 0.823905 2.312641 0.007294
 119.000000 0.073957 0.798107 2.217954 0.012039
 120.000000 0.042804 0.825914 2.350669 0.005475
 121.000000 0.052688 0.812745 2.241259 0.004256
 122.000000 0.023488 0.879145 2.530733 0.001806
 123.000000 0.018068 0.912394 2.694570 0.002013
 124.000000 0.035636 0.849603 2.388540 0.006576
 125.000000 0.103299 0.780219 2.227155 0.033205
 126.000000 0.039345 0.832159 2.303711 0.004257
 127.000000 0.046265 0.800678 2.116067 0.006922
 128.000000 0.022882 0.850832 2.268606 0.002171
 129.000000 0.037471 0.795292 2.108785 0.003961
 130.000000 0.056925 0.760008 2.028625 0.007562
 131.000000 0.047915 0.765153 1.953386 0.006227
 132.000000 0.053982 0.748433 1.864450 0.007201
 133.000000 0.029438 0.764946 1.713478 0.002469
 134.000000 0.043253 0.746061 1.718030 0.004697
 135.000000 0.040896 0.768135 1.801096 0.004876
 136.000000 0.079572 0.660235 1.174442 0.010683
 137.000000 0.084153 0.650153 1.157211 0.011259
 138.000000 0.078108 0.669784 1.280902 0.009172
 139.000000 0.040697 0.686194 1.342352 0.004814
 140.000000 0.063487 0.645997 1.173874 0.006019
 141.000000 0.085803 0.618143 0.980528 0.009685
 142.000000 0.035618 0.716987 1.433463 0.002755
 143.000000 0.046684 0.687985 1.344396 0.002647
 144.000000 0.054087 0.722585 1.659460 0.005353
 145.000000 0.044674 0.739106 1.729286 0.002907
 146.000000 0.054376 0.723224 1.483593 0.007683
 147.000000 0.038658 0.767694 1.811905 0.003228
 148.000000 0.026626 0.862456 2.374236 0.004467
 149.000000 0.034306 0.813601 2.162686 0.004434
 150.000000 0.022084 0.865652 2.309716 0.003300
 151.000000 0.021863 0.865221 2.402040 0.003082
 152.000000 0.031567 0.779654 1.942616 0.002948
 153.000000 0.048189 0.758466 1.926929 0.004829
 154.000000 0.049726 0.770155 2.030597 0.004117
 155.000000 0.060582 0.764823 1.797400 0.009064
 156.000000 0.062422 0.761779 1.929685 0.007982
 157.000000 0.073988 0.702781 1.483252 0.010087
 158.000000 0.042030 0.753895 1.594253 0.004589
 159.000000 0.052791 0.732771 1.658031 0.004586
 160.000000 0.071953 0.714781 1.690733 0.010434
 161.000000 0.068248 0.743033 1.801365 0.010019
 162.000000 0.078505 0.706963 1.456506 0.019281
 163.000000 0.069629 0.756086 1.866983 0.009958
 164.000000 0.076116 0.752010 2.017189 0.010949
 165.000000 0.035707 0.836947 2.320303 0.004480
 166.000000 0.026543 0.837639 2.164441 0.003361
 167.000000 0.053286 0.746945 1.774631 0.006779
 168.000000 0.040750 0.784130 1.846355 0.003953
 169.000000 0.033650 0.793196 1.937719 0.003613
 170.000000 0.033194 0.799868 2.039439 0.003540
 171.000000 0.036213 0.819212 2.086913 0.003942
 172.000000 0.041766 0.770540 1.702308 0.004653
 173.000000 0.031931 0.812232 1.969761 0.003473
 174.000000 0.025820 0.816195 1.841172 0.004695
 175.000000 0.019891 0.850677 2.049748 0.002498
 176.000000 0.015135 0.897913 2.436694 0.001875
 177.000000 0.023899 0.847924 2.279103 0.002170
 178.000000 0.022297 0.887866 2.500603 0.002029
 179.000000 0.023348 0.864884 2.461360 0.002101
 180.000000 0.031074 0.797361 2.016044 0.003109
 181.000000 0.026963 0.804867 1.993947 0.003240
 182.000000 0.040737 0.779091 1.835418 0.011079
 183.000000 0.062805 0.787614 1.988682 0.008046
 184.000000 0.048514 0.789124 2.008300 0.006055
 185.000000 0.042391 0.800947 2.129846 0.004571
 186.000000 0.035253 0.838882 2.279774 0.004810
 187.000000 0.022362 0.882072 2.462008 0.002041
 188.000000 0.013413 0.927910 2.513287 0.001167
 189.000000 0.011816 0.949114 2.700191 0.001128
 190.000000 0.010597 0.972063 2.848679 0.001043
 191.000000 0.012811 0.945681 2.710212 0.001186
 192.000000 0.011524 0.938836 2.637179 0.001087
 193.000000 0.015211 0.938606 2.678499 0.001468
 194.000000 0.010585 0.981914 2.819719 0.001055
 195.000000 0.021272 0.925809 2.706053 0.001883
 196.000000 0.014473 0.955523 2.750941 0.001413
 197.000000 0.015864 0.938219 2.721418 0.001542
 198.000000 0.015110 0.943182 2.710130 0.001297
 199.000000 0.013760 0.960194 2.760907 0.001186
 200.000000 0.012648 0.961116 2.749036 0.001038
 201.000000 0.013499 0.964016 2.742863 0.001114
 202.000000 0.012458 0.964661 2.741301 0.001231
 203.000000 0.018646 0.931944 2.749233 0.001847
 204.000000 0.017092 0.940066 2.751300 0.001447
 205.000000 0.015252 0.951006 2.732915 0.001270
 206.000000 0.012547 0.961896 2.808366 0.001195
 207.000000 0.013899 0.945613 2.739379 0.001172
 208.000000 0.015797 0.920876 2.680053 0.001675
 209.000000 0.014712 0.951401 2.790880 0.001478
 210.000000 0.021273 0.896569 2.643803 0.002643
 211.000000 0.014995 0.942579 2.769493 0.001217
 212.000000 0.014537 0.920872 2.610213 0.001241
 213.000000 0.014333 0.938808 2.645395 0.001414
 214.000000 0.017495 0.932280 2.698938 0.001679
 215.000000 0.013718 0.951679 2.746727 0.001577
 216.000000 0.009598 0.988487 2.899102 0.000774
 217.000000 0.013283 0.953151 2.765463 0.001417
 218.000000 0.015801 0.925845 2.661630 0.001716
 219.000000 0.014203 0.944173 2.740397 0.001342
 220.000000 0.015732 0.923330 2.684024 0.001611
 221.000000 0.010641 0.985131 2.857934 0.001103
 222.000000 0.012113 0.967214 2.783195 0.001351
 223.000000 0.010071 0.970329 2.784779 0.000896
 224.000000 0.015673 0.934237 2.754141 0.001409
 225.000000 0.015591 0.910134 2.523797 0.001440
 226.000000 0.012881 0.939476 2.654597 0.001244
 227.000000 0.013857 0.912423 2.536322 0.001175
 228.000000 0.015102 0.874520 2.285217 0.001307
 229.000000 0.016842 0.868883 2.309632 0.001495
 230.000000 0.013889 0.908019 2.515111 0.001048
 231.000000 0.016867 0.901116 2.474282 0.001701
 232.000000 0.010036 0.974010 2.808949 0.000924
 233.000000 0.013415 0.935081 2.639331 0.001358
 234.000000 0.011493 0.938095 2.633205 0.001032
 235.000000 0.012370 0.962878 2.827783 0.001351
 236.000000 0.010170 0.979159 2.785259 0.001052
 237.000000 0.013868 0.944554 2.698104 0.001303
 238.000000 0.013770 0.945186 2.786648 0.001426
 239.000000 0.013125 0.939939 2.723112 0.001482
 240.000000 0.012213 0.948126 2.734538 0.001396
 241.000000 0.010555 0.955912 2.767813 0.001039
 242.000000 0.013574 0.940328 2.643642 0.001065
 243.000000 0.011870 0.949606 2.677078 0.001115
 244.000000 0.010639 0.969307 2.811614 0.001080
 245.000000 0.014237 0.933375 2.610313 0.001383
 246.000000 0.012531 0.931324 2.673290 0.001145
 247.000000 0.011800 0.931637 2.556054 0.001004
 248.000000 0.015029 0.931034 2.651907 0.001457
 249.000000 0.011100 0.963017 2.747851 0.001176
 250.000000 0.008869 0.995061 2.790669 0.000729
 251.000000 0.014337 0.956774 2.673115 0.001271
 252.000000 0.013269 0.972220 2.809722 0.001297
 253.000000 0.013365 0.971611 2.866818 0.001531
 254.000000 0.014892 0.959738 2.751477 0.001313
 255.000000 0.015589 0.937419 2.651909 0.001263
 256.000000 0.016759 0.926634 2.609028 0.001647
 257.000000 0.015661 0.937437 2.676916 0.001168
 258.000000 0.015123 0.926461 2.686730 0.001511
 259.000000 0.014763 0.898216 2.460436 0.001210
 260.000000 0.013851 0.924885 2.665047 0.000956
 261.000000 0.013962 0.937880 2.687380 0.001174
 262.000000 0.016626 0.932938 2.706423 0.001638
 263.000000 0.015629 0.918219 2.526354 0.001433
 264.000000 0.011273 0.919681 2.447833 0.000887
 265.000000 0.027420 0.786508 1.694200 0.002261
 266.000000 0.026500 0.789051 1.768547 0.002258
 267.000000 0.020388 0.860350 2.144201 0.001629
 268.000000 0.013860 0.940245 2.566397 0.001314
 269.000000 0.011822 0.960528 2.743784 0.001152
 270.000000 0.009670 0.982631 2.784941 0.000846
 271.000000 0.011474 0.970570 2.796621 0.001249
 272.000000 0.012021 0.952508 2.717861 0.001185
 273.000000 0.013793 0.900164 2.405617 0.001209
 274.000000 0.030310 0.830123 2.206378 0.003306
 275.000000 0.026624 0.834123 2.231008 0.002321
 276.000000 0.052694 0.771413 2.011541 0.004710
 277.000000 0.044769 0.777204 1.926659 0.003957
 278.000000 0.041213 0.784010 1.894559 0.004582
 279.000000 0.030381 0.784909 1.806737 0.002701
 280.000000 0.031004 0.761701 1.583615 0.002647
 281.000000 0.033545 0.827881 2.246685 0.003466
 282.000000 0.024318 0.843650 2.260619 0.001718
 283.000000 0.025485 0.863370 2.358865 0.002543
 284.000000 0.023542 0.814521 2.107720 0.001853
 285.000000 0.035259 0.798309 2.129043 0.002624
 286.000000 0.018309 0.873464 2.282429 0.001635
 287.000000 0.021908 0.887891 2.357936 0.002601
 288.000000 0.029156 0.841370 2.290805 0.003177
 289.000000 0.035404 0.815269 2.148927 0.003426
 290.000000 0.024874 0.839602 2.184208 0.002377
 291.000000 0.030201 0.825540 2.200242 0.002223
 292.000000 0.014584 0.890093 2.431972 0.001208
 293.000000 0.026224 0.826505 2.169787 0.002232
 294.000000 0.028884 0.823593 2.197871 0.002491
 295.000000 0.029804 0.822519 2.166727 0.002253
 296.000000 0.021110 0.858747 2.328298 0.001324
 297.000000 0.018684 0.868136 2.405907 0.001747
 298.000000 0.021147 0.871005 2.453097 0.001568
 299.000000 0.015811 0.899759 2.506349 0.000961
 300.000000 0.009487 0.967313 2.787360 0.000908
 301.000000 0.010252 0.966294 2.764990 0.001023
 302.000000 0.012999 0.937437 2.668734 0.001111
 303.000000 0.015031 0.926419 2.641556 0.001173
 304.000000 0.013114 0.923119 2.589972 0.001030
 305.000000 0.017665 0.915512 2.624224 0.002106
 306.000000 0.010700 0.936588 2.618443 0.000920
 307.000000 0.010995 0.933042 2.545277 0.000937
 308.000000 0.015038 0.873003 2.286118 0.001563
 309.000000 0.019859 0.837088 2.180476 0.001465
 310.000000 0.013709 0.905879 2.429005 0.001091
 311.000000 0.012030 0.927281 2.630786 0.000866
 312.000000 0.012034 0.905448 2.448753 0.000856
 313.000000 0.012098 0.925882 2.563308 0.001085
 314.000000 0.016460 0.892897 2.425832 0.001299
 315.000000 0.020430 0.828160 2.051405 0.001610
 316.000000 0.018901 0.857543 2.244129 0.002391
 317.000000 0.014036 0.927671 2.583126 0.001258
 318.000000 0.010721 0.944889 2.632804 0.001255
 319.000000 0.013328 0.932068 2.543119 0.001285
 320.000000 0.012868 0.946838 2.672299 0.001123
 321.000000 0.013009 0.932048 2.596011 0.000992
 322.000000 0.015623 0.903337 2.488572 0.001371
 323.000000 0.020496 0.890835 2.514232 0.001865
 324.000000 0.013512 0.909219 2.511288 0.001123
 325.000000 0.019983 0.844568 2.239255 0.001525
 326.000000 0.010774 0.926485 2.536336 0.000823
 327.000000 0.014368 0.921102 2.606554 0.001226
 328.000000 0.011757 0.934950 2.648182 0.000937
 329.000000 0.013222 0.900683 2.437872 0.001101
 330.000000 0.013940 0.912655 2.539973 0.001291
 331.000000 0.015836 0.894872 2.542911 0.001375
 332.000000 0.014346 0.912617 2.533451 0.001067
 333.000000 0.014423 0.876392 2.261471 0.001256
 334.000000 0.017937 0.866972 2.294309 0.001474
 335.000000 0.021358 0.824507 2.013171 0.001739
 336.000000 0.025606 0.833607 2.150523 0.002217
 337.000000 0.025706 0.810134 2.033371 0.002367
 338.000000 0.050293 0.783207 1.950013 0.005479
 339.000000 0.047578 0.790528 1.970509 0.004498
 340.000000 0.026898 0.837007 2.171615 0.002423
 341.000000 0.041525 0.813758 2.166339 0.002955
 342.000000 0.023358 0.859780 2.401445 0.002185
 343.000000 0.014128 0.937465 2.672653 0.001274
 344.000000 0.011467 0.938210 2.668063 0.001140
 345.000000 0.012306 0.951538 2.720535 0.001333
 346.000000 0.012770 0.931656 2.613655 0.001247
 347.000000 0.012852 0.934364 2.709836 0.001318
 348.000000 0.018215 0.896716 2.568037 0.002014
 349.000000 0.013680 0.943152 2.745116 0.001327
 350.000000 0.015252 0.941810 2.758281 0.001301
 351.000000 0.015705 0.945805 2.726129 0.001421
 352.000000 0.015064 0.954065 2.794411 0.001388
 353.000000 0.010103 0.964827 2.765848 0.001099
 354.000000 0.009710 0.965723 2.759417 0.001038
 355.000000 0.011462 0.945064 2.728473 0.001111
 356.000000 0.012710 0.937517 2.671911 0.001179
 357.000000 0.016855 0.883737 2.383111 0.001763
 358.000000 0.012773 0.948131 2.745387 0.001194
 359.000000 0.014392 0.953482 2.752329 0.001562
 360.000000 0.018169 0.906641 2.541542 0.001628
 361.000000 0.012947 0.965490 2.857712 0.001272
 362.000000 0.015475 0.921112 2.639000 0.001514
 363.000000 0.013823 0.907576 2.564230 0.001130
 364.000000 0.013091 0.891198 2.382078 0.001028
 365.000000 0.014086 0.897120 2.426051 0.001365
 366.000000 0.010295 0.935070 2.529419 0.000949
 367.000000 0.016904 0.887614 2.465685 0.001646
 368.000000 0.014817 0.924641 2.641951 0.001541
 369.000000 0.017412 0.931857 2.724691 0.001995
 370.000000 0.014059 0.948385 2.732803 0.002121
 371.000000 0.009836 0.975580 2.841409 0.001066
 372.000000 0.008324 0.992880 2.818659 0.000889
 373.000000 0.007384 1.018650 2.932801 0.000709
 374.000000 0.009423 0.939740 2.520482 0.001204
 375.000000 0.007959 0.976621 2.660199 0.000765
 376.000000 0.014670 0.907225 2.428217 0.001967
 377.000000 0.012013 0.958999 2.691627 0.002228
 378.000000 0.022823 0.886305 2.451548 0.002374
 379.000000 0.026430 0.854989 2.373353 0.003408
 380.000000 0.037075 0.833987 2.272116 0.003206
 381.000000 0.018362 0.892275 2.485501 0.002008
 382.000000 0.021958 0.856589 2.240404 0.001983
 383.000000 0.020737 0.873169 2.413595 0.002323
 384.000000 0.025642 0.834445 2.219449 0.002529
 385.000000 0.024356 0.862925 2.405609 0.002394
 386.000000 0.022427 0.872794 2.414856 0.002315
 387.000000 0.024669 0.865171 2.483004 0.002030
 388.000000 0.016835 0.909523 2.602083 0.002142
 389.000000 0.013551 0.940601 2.665395 0.002319
 390.000000 0.015714 0.925066 2.681449 0.001757
 391.000000 0.022311 0.894140 2.551894 0.002768
 392.000000 0.042636 0.809495 2.132929 0.005224
 393.000000 0.044274 0.796431 2.130009 0.005228
 394.000000 0.034329 0.832676 2.318774 0.003187
 395.000000 0.024412 0.849605 2.307509 0.002367
 396.000000 0.040485 0.825155 2.230258 0.005950
 397.000000 0.024846 0.861693 2.392720 0.002669
 398.000000 0.019857 0.887101 2.496299 0.001377
 399.000000 0.023182 0.867020 2.309600 0.002111
 400.000000 0.015838 0.909042 2.529163 0.002040
 401.000000 0.023584 0.828145 2.106508 0.002284
 402.000000 0.024460 0.830285 2.178187 0.002320
 403.000000 0.020796 0.858341 2.227281 0.002030
 404.000000 0.034462 0.813790 2.151401 0.002999
 405.000000 0.023997 0.894636 2.552346 0.003056
 406.000000 0.030453 0.862331 2.459916 0.003032
 407.000000 0.029247 0.847819 2.357144 0.003210
 408.000000 0.032658 0.819231 2.139559 0.003792
 409.000000 0.038920 0.806376 2.053248 0.002661
 410.000000 0.045425 0.816565 2.232513 0.005419
 411.000000 0.043616 0.807768 2.131121 0.007066
 412.000000 0.031683 0.819293 2.121008 0.002761
 413.000000 0.028073 0.801299 1.992343 0.001876
 414.000000 0.023331 0.870277 2.404269 0.002364
 415.000000 0.027033 0.829418 2.022119 0.002887
 416.000000 0.026454 0.783266 1.838489 0.002457
 417.000000 0.037782 0.768952 1.771443 0.004010
 418.000000 0.034699 0.797213 1.979476 0.003551
 419.000000 0.016286 0.868401 2.224706 0.001813
 420.000000 0.021826 0.874832 2.349570 0.001749
 421.000000 0.014154 0.930200 2.709376 0.001580
 422.000000 0.023505 0.878405 2.440886 0.003364
 423.000000 0.034044 0.832161 2.236883 0.003756
 424.000000 0.029391 0.834871 2.204118 0.004093
 425.000000 0.030960 0.832801 2.294123 0.003100
 426.000000 0.026383 0.856678 2.297385 0.002758
 427.000000 0.035916 0.832234 2.015579 0.003622
 428.000000 0.016481 0.883892 2.356995 0.001512
 429.000000 0.031841 0.829765 2.189004 0.003489
 430.000000 0.028512 0.839323 2.180903 0.002528
 431.000000 0.017364 0.880568 2.318701 0.002572
 432.000000 0.025638 0.787054 1.807005 0.001799
 433.000000 0.037235 0.762902 1.666860 0.002801
 434.000000 0.044351 0.797438 2.124788 0.004178
 435.000000 0.023430 0.889086 2.497677 0.002932
 436.000000 0.019170 0.877895 2.351529 0.001761
 437.000000 0.023166 0.858842 2.332690 0.002908
 438.000000 0.027202 0.868327 2.454367 0.002665
 439.000000 0.044761 0.837009 2.413735 0.005589
 440.000000 0.025937 0.869588 2.504911 0.003927
 441.000000 0.025532 0.831015 2.080351 0.002805
 442.000000 0.020552 0.847132 2.190078 0.002080
 443.000000 0.019169 0.859554 2.350333 0.001923
 444.000000 0.014294 0.894980 2.456382 0.001438
 445.000000 0.022530 0.863138 2.329873 0.001668
 446.000000 0.030316 0.825130 2.112436 0.001980
 447.000000 0.033462 0.812310 2.016387 0.003273
 448.000000 0.021913 0.836158 2.118575 0.001718
 449.000000 0.014847 0.890957 2.345819 0.001236
 450.000000 0.009420 0.959844 2.705326 0.000908
 451.000000 0.009921 0.969450 2.797430 0.000820
 452.000000 0.012110 0.959429 2.800548 0.001410
 453.000000 0.007824 0.983572 2.732071 0.000682
 454.000000 0.011961 0.923219 2.518235 0.001151
 455.000000 0.016574 0.892860 2.421348 0.001744
 456.000000 0.011920 0.943353 2.650818 0.001088
 457.000000 0.014963 0.924622 2.601532 0.001362
 458.000000 0.013413 0.892780 2.294630 0.001048
 459.000000 0.010508 0.954807 2.621770 0.000982
 460.000000 0.010063 0.945385 2.602846 0.000819
 461.000000 0.015291 0.875862 2.296684 0.001225
 462.000000 0.011629 0.922631 2.518729 0.001049
 463.000000 0.013632 0.902241 2.495528 0.001202
 464.000000 0.013029 0.922013 2.576654 0.001245
 465.000000 0.011708 0.959260 2.798553 0.001019
 466.000000 0.010583 0.971616 2.815096 0.000995
 467.000000 0.013410 0.953786 2.785741 0.001380
 468.000000 0.015481 0.940786 2.715029 0.001819
 469.000000 0.017178 0.930000 2.770180 0.001758
 470.000000 0.015088 0.940930 2.743877 0.001541
 471.000000 0.016121 0.933148 2.707177 0.001735
 472.000000 0.014502 0.945778 2.759424 0.001246
 473.000000 0.015425 0.947683 2.757297 0.001742
 474.000000 0.015645 0.936954 2.730171 0.001556
 475.000000 0.012620 0.940935 2.682248 0.001249
 476.000000 0.014261 0.943407 2.701404 0.001306
 477.000000 0.013216 0.948942 2.736802 0.001139
 478.000000 0.014808 0.938980 2.632501 0.001203
 479.000000 0.015458 0.905240 2.536032 0.001234
 480.000000 0.018311 0.902838 2.581382 0.001637
 481.000000 0.009597 0.973985 2.776136 0.000868
 482.000000 0.013114 0.935346 2.675100 0.001154
 483.000000 0.017275 0.905492 2.590028 0.001762
 484.000000 0.012447 0.963621 2.765352 0.001167
 485.000000 0.014523 0.944197 2.753609 0.001490
 486.000000 0.012744 0.957611 2.761193 0.001403
 487.000000 0.013256 0.956666 2.759774 0.001469
 488.000000 0.012405 0.958374 2.777461 0.001132
 489.000000 0.016507 0.928506 2.719402 0.001742
 490.000000 0.014408 0.946228 2.778822 0.001344
 491.000000 0.014370 0.938253 2.708824 0.001215
 492.000000 0.015154 0.946239 2.709837 0.001307
 493.000000 0.011934 0.949785 2.680346 0.001022
 494.000000 0.013682 0.931571 2.613235 0.001150
 495.000000 0.015117 0.938095 2.690101 0.001526
 496.000000 0.010523 0.967119 2.782594 0.001036
 497.000000 0.014703 0.944833 2.779291 0.001471
 498.000000 0.013288 0.955717 2.804434 0.001161
 499.000000 0.016364 0.921567 2.657238 0.001475
 500.000000 0.014924 0.938269 2.750499 0.001433
