#! FIELDS time alpha rg e2e hbond
 0.000000 0.088231 0.780148 1.899914 0.012191
 1.000000 0.083525 0.776806 1.800512 0.012247
 2.000000 0.119129 0.763970 1.808163 0.013887
 3.000000 0.102383 0.732969 1.668596 0.012993
 4.000000 0.118192 0.738482 1.706742 0.015894
 5.000000 0.080570 0.754650 1.871377 0.011798
 6.000000 0.085635 0.758993 1.705481 0.013691
 7.000000 0.108064 0.745781 1.706642 0.017872
 8.000000 0.093708 0.746323 1.598711 0.012813
 9.000000 0.118279 0.683984 1.278007 0.015109
 10.000000 0.097683 0.669398 1.254940 0.024344
 11.000000 0.109538 0.688763 1.381919 0.023069
 12.000000 0.119527 0.697844 1.360074 0.018215
 13.000000 0.096795 0.679425 1.156212 0.016932
 14.000000 0.128486 0.674590 1.280489 0.022350
 15.000000 0.093534 0.671847 1.016542 0.013859
 16.000000 0.102032 0.669592 1.134447 0.013683
 17.000000 0.085119 0.652903 0.971396 0.022521
 18.000000 0.103673 0.624476 0.913097 0.017008
 19.000000 0.087183 0.648823 0.973864 0.010209
 20.000000 0.095508 0.660202 1.023309 0.015317
 21.000000 0.101177 0.630790 0.968302 0.020155
 22.000000 0.094442 0.639957 1.081427 0.023071
 23.000000 0.094481 0.620352 1.108538 0.022861
 24.000000 0.120078 0.664593 1.199099 0.021384
 25.000000 0.107986 0.673026 1.064236 0.017669
 26.000000 0.118580 0.664863 1.070784 0.011800
 27.000000 0.087540 0.682738 1.150218 0.011548
 28.000000 0.070351 0.700492 1.386229 0.008662
 29.000000 0.068695 0.706323 1.370287 0.009792
 30.000000 0.083642 0.757219 1.785352 0.011104
 31.000000 0.110521 0.740155 1.610736 0.012261
 32.000000 0.103602 0.748505 1.721509 0.015392
 33.000000 0.068222 0.770090 1.736762 0.009091
 34.000000 0.091903 0.779638 2.011869 0.012566
 35.000000 0.063538 0.800741 2.058628 0.008846
 36.000000 0.037993 0.809414 2.193550 0.003753
 37.000000 0.033281 0.815645 2.010004 0.002732
 38.000000 0.029563 0.834176 2.040265 0.001845
 39.000000 0.020475 0.858256 2.196809 0.001585
 40.000000 0.018259 0.867188 2.182939 0.001584
 41.000000 0.049928 0.785364 1.712404 0.003453
 42.000000 0.033992 0.784711 1.743696 0.003543
 43.000000 0.089708 0.784343 1.931783 0.022299
 44.000000 0.056249 0.773504 1.928424 0.008762
 45.000000 0.119659 0.733705 1.759896 0.027068
 46.000000 0.175949 0.705456 1.675770 0.025169
 47.000000 0.150167 0.714805 1.861793 0.034943
 48.000000 0.103921 0.714227 1.637543 0.015494
 49.000000 0.051609 0.743237 1.653057 0.006557
 50.000000 0.020749 0.802979 1.827883 0.003159
 51.000000 0.019640 0.836673 2.173604 0.002793
 52.000000 0.016088 0.826962 2.224810 0.002245
 53.000000 0.014713 0.847273 2.225972 0.001970
 54.000000 0.032419 0.823805 2.170485 0.003607
 55.000000 0.016216 0.861728 2.301666 0.001353
 56.000000 0.018944 0.820613 2.113014 0.001482
 57.000000 0.017357 0.858821 2.305694 0.001381
 58.000000 0.024456 0.806476 2.069548 0.002344
 59.000000 0.020793 0.844065 2.249574 0.003008
 60.000000 0.017258 0.887266 2.490146 0.001809
 61.000000 0.019197 0.884318 2.505681 0.002358
 62.000000 0.017524 0.875384 2.452842 0.002010
 63.000000 0.019371 0.881067 2.494943 0.002575
 64.000000 0.017966 0.887994 2.526374 0.001924
 65.000000 0.016923 0.911036 2.608036 0.003177
 66.000000 0.020277 0.865452 2.456584 0.002319
 67.000000 0.017303 0.854224 2.309625 0.004208
 68.000000 0.016907 0.880627 2.425871 0.003275
 69.000000 0.014510 0.900415 2.448644 0.001381
 70.000000 0.015068 0.866014 2.293106 0.001773
 71.000000 0.011644 0.915752 2.386424 0.001444
 72.000000 0.011594 0.963202 2.811970 0.001073
 73.000000 0.010642 0.952983 2.751646 0.000921
 74.000000 0.011488 0.960534 2.761519 0.001022
 75.000000 0.012594 0.956193 2.747808 0.001326
 76.000000 0.010096 0.970291 2.724199 0.001012
 77.000000 0.018360 0.886002 2.343513 0.003138
 78.000000 0.021551 0.874876 2.406543 0.003020
 79.000000 0.032748 0.845454 2.422005 0.003729
 80.000000 0.016313 0.892768 2.503289 0.001691
 81.000000 0.018770 0.879268 2.400462 0.002489
 82.000000 0.023684 0.870349 2.503948 0.002832
 83.000000 0.019345 0.901153 2.580549 0.003450
 84.000000 0.039274 0.768198 1.921646 0.004362
 85.000000 0.040813 0.801186 2.074856 0.002746
 86.000000 0.019706 0.900395 2.461809 0.001869
 87.000000 0.025881 0.855016 2.201031 0.002368
 88.000000 0.016205 0.859726 2.168610 0.001937
 89.000000 0.030850 0.834516 2.167215 0.004419
 90.000000 0.016770 0.836903 2.052407 0.002493
 91.000000 0.030635 0.786110 1.770915 0.002433
 92.000000 0.045654 0.732524 1.615905 0.004448
 93.000000 0.037644 0.734580 1.678734 0.007417
 94.000000 0.026505 0.773669 1.786974 0.004193
 95.000000 0.020623 0.839947 2.136595 0.002850
 96.000000 0.019137 0.830904 1.908176 0.001930
 97.000000 0.021760 0.834834 1.976954 0.002224
 98.000000 0.015542 0.869477 2.194568 0.001827
 99.000000 0.013039 0.885683 2.251668 0.001107
 100.000000 0.011543 0.912318 2.437302 0.000998
 101.000000 0.011365 0.901289 2.258615 0.001039
 102.000000 0.018385 0.872910 2.208356 0.001562
 103.000000 0.013919 0.869750 2.257696 0.001199
 104.000000 0.013424 0.891696 2.292198 0.001262
 105.000000 0.012767 0.944484 2.715823 0.001205
 106.000000 0.011081 0.973156 2.790002 0.001238
 107.000000 0.008332 0.989739 2.786259 0.000796
 108.000000 0.010874 0.949561 2.641366 0.001225
 109.000000 0.013247 0.888154 2.202448 0.001095
 110.000000 0.017909 0.862350 2.130529 0.001376
 111.000000 0.011394 0.930090 2.420871 0.001075
 112.000000 0.014682 0.897279 2.227721 0.001284
 113.000000 0.015277 0.906398 2.375279 0.001223
 114.000000 0.014699 0.933531 2.582346 0.001289
 115.000000 0.018300 0.919058 2.614072 0.001964
 116.000000 0.014004 0.944607 2.713751 0.001142
 117.000000 0.018226 0.909323 2.635503 0.001894
 118.000000 0.015993 0.916587 2.641188 0.001682
 119.000000 0.012432 0.938091 2.653655 0.001228
 120.000000 0.013567 0.922086 2.541789 0.001182
 121.000000 0.014285 0.892442 2.461740 0.001174
 122.000000 0.018206 0.866934 2.431486 0.001544
 123.000000 0.014646 0.896132 2.392808 0.001620
 124.000000 0.019080 0.844803 2.286902 0.001249
 125.000000 0.017296 0.878518 2.382209 0.001415
 126.000000 0.013839 0.924670 2.689930 0.001182
 127.000000 0.019368 0.884142 2.494296 0.001870
 128.000000 0.009913 0.964603 2.754086 0.001059
 129.000000 0.011595 0.952280 2.761235 0.001173
 130.000000 0.012389 0.926388 2.646020 0.001368
 131.000000 0.018804 0.884350 2.503302 0.001695
 132.000000 0.012711 0.911085 2.473940 0.001039
 133.000000 0.019690 0.900418 2.577529 0.002004
 134.000000 0.017450 0.925573 2.655668 0.001868
 135.000000 0.017827 0.927589 2.728677 0.001697
 136.000000 0.012409 0.964658 2.781117 0.001101
 137.000000 0.013138 0.949110 2.775703 0.001071
 138.000000 0.011503 0.948518 2.632486 0.001089
 139.000000 0.010921 0.977990 2.843044 0.000861
 140.000000 0.015630 0.931842 2.760768 0.001666
 141.000000 0.015364 0.932285 2.731078 0.001612
 142.000000 0.012460 0.949810 2.801843 0.001249
 143.000000 0.013547 0.948440 2.717147 0.001276
 144.000000 0.017021 0.915109 2.597533 0.001527
 145.000000 0.013123 0.953816 2.679963 0.001284
 146.000000 0.018108 0.905265 2.568651 0.001600
 147.000000 0.014470 0.919284 2.592764 0.001357
 148.000000 0.016287 0.950251 2.792534 0.001642
 149.000000 0.016060 0.935408 2.750035 0.001417
 150.000000 0.014142 0.932310 2.620419 0.001192
 151.000000 0.019239 0.912201 2.530625 0.001931
 152.000000 0.011306 0.954447 2.740116 0.001090
 153.000000 0.014245 0.929626 2.654804 0.001255
 154.000000 0.012600 0.946687 2.744754 0.001128
 155.000000 0.013589 0.933290 2.689458 0.001353
 156.000000 0.013022 0.935690 2.692109 0.001062
 157.000000 0.015084 0.936859 2.729996 0.001240
 158.000000 0.016625 0.927053 2.673528 0.001663
 159.000000 0.013685 0.951279 2.757094 0.001279
 160.000000 0.015238 0.947315 2.716692 0.001395
 161.000000 0.012221 0.964150 2.834294 0.001196
 162.000000 0.013423 0.941791 2.718256 0.001416
 163.000000 0.012194 0.935507 2.678747 0.001042
 164.000000 0.010194 0.963558 2.687743 0.000895
 165.000000 0.010246 0.944941 2.566413 0.000862
 166.000000 0.012322 0.933657 2.573971 0.000909
 167.000000 0.009143 0.991569 2.839566 0.000833
 168.000000 0.010551 0.968021 2.722823 0.000836
 169.000000 0.017251 0.933013 2.590569 0.001512
 170.000000 0.010692 0.945171 2.661487 0.000926
 171.000000 0.009727 0.934037 2.614075 0.000720
 172.000000 0.016846 0.909420 2.605940 0.001633
 173.000000 0.010807 0.926005 2.541258 0.001011
 174.000000 0.010483 0.971082 2.825903 0.000938
 175.000000 0.012957 0.946612 2.715980 0.001259
 176.000000 0.013780 0.910821 2.455686 0.001213
 177.000000 0.018485 0.883689 2.392036 0.001626
 178.000000 0.015250 0.918634 2.570627 0.001508
 179.000000 0.029945 0.850864 2.382411 0.002621
 180.000000 0.016549 0.914893 2.585880 0.001385
 181.000000 0.010459 0.969791 2.801989 0.000911
 182.000000 0.010619 0.985382 2.884133 0.001032
 183.000000 0.009299 1.006075 2.911496 0.000796
 184.000000 0.017002 0.929505 2.692424 0.001771
 185.000000 0.011338 0.975176 2.784312 0.001088
 186.000000 0.013541 0.968149 2.855601 0.001265
 187.000000 0.019742 0.914262 2.606482 0.001696
 188.000000 0.012530 0.958029 2.808666 0.001144
 189.000000 0.012216 0.950008 2.761637 0.001216
 190.000000 0.012582 0.971673 2.863609 0.001193
 191.000000 0.021370 0.874662 2.280634 0.001542
 192.000000 0.016741 0.901811 2.297973 0.001496
 193.000000 0.019654 0.873918 2.191762 0.001619
 194.000000 0.016569 0.882573 2.292207 0.001224
 195.000000 0.012962 0.885488 2.218709 0.000987
 196.000000 0.013467 0.907328 2.333808 0.001091
 197.000000 0.017496 0.860110 2.095663 0.001443
 198.000000 0.011980 0.885248 2.278012 0.001064
 199.000000 0.015107 0.921896 2.652961 0.001576
 200.000000 0.014715 0.948294 2.738251 0.001311
 201.000000 0.019905 0.913256 2.649913 0.001914
 202.000000 0.013167 0.952324 2.772786 0.001221
 203.000000 0.014034 0.925162 2.621380 0.001380
 204.000000 0.013328 0.949442 2.752775 0.001080
 205.000000 0.012639 0.948886 2.761102 0.001138
 206.000000 0.010540 0.947047 2.760417 0.000881
 207.000000 0.011763 0.943605 2.708417 0.001181
 208.000000 0.014864 0.924718 2.712582 0.001349
 209.000000 0.010980 0.951064 2.708578 0.000955
 210.000000 0.011766 0.953013 2.750754 0.001133
 211.000000 0.015505 0.929857 2.695207 0.001491
 212.000000 0.011047 0.980151 2.818586 0.001108
 213.000000 0.018608 0.922964 2.666108 0.001420
 214.000000 0.012478 0.963596 2.816960 0.001149
 215.000000 0.015150 0.937887 2.721517 0.001357
 216.000000 0.017341 0.919551 2.665647 0.001535
 217.000000 0.014422 0.949483 2.646233 0.001571
 218.000000 0.012487 0.955990 2.656356 0.001111
 219.000000 0.013182 0.950078 2.659908 0.001249
 220.000000 0.013237 0.948147 2.702634 0.001065
 221.000000 0.014572 0.949295 2.674415 0.001363
 222.000000 0.017077 0.904968 2.528911 0.001641
 223.000000 0.010412 0.961508 2.649159 0.000923
 224.000000 0.008244 0.978539 2.754258 0.000724
 225.000000 0.013431 0.921042 2.525807 0.001681
 226.000000 0.013253 0.913363 2.496570 0.001659
 227.000000 0.018621 0.898667 2.511977 0.002542
 228.000000 0.014317 0.933663 2.596416 0.002051
 229.000000 0.020058 0.907054 2.583837 0.002968
 230.000000 0.016514 0.937238 2.635517 0.001958
 231.000000 0.022726 0.889812 2.477737 0.003013
 232.000000 0.020635 0.904611 2.419154 0.002177
 233.000000 0.014887 0.931219 2.594408 0.001388
 234.000000 0.018277 0.888460 2.292504 0.001454
 235.000000 0.017121 0.873272 2.187300 0.001321
 236.000000 0.013917 0.867974 2.170079 0.001198
 237.000000 0.013464 0.880168 2.209520 0.001199
 238.000000 0.012593 0.893080 2.347392 0.000987
 239.000000 0.010210 0.920692 2.447618 0.000831
 240.000000 0.014582 0.889540 2.401515 0.001513
 241.000000 0.011722 0.890797 2.323916 0.000968
 242.000000 0.011267 0.938472 2.610369 0.000904
 243.000000 0.013397 0.940494 2.705470 0.001325
 244.000000 0.010771 0.945211 2.692462 0.000857
 245.000000 0.016563 0.915672 2.648889 0.001716
 246.000000 0.013459 0.938321 2.703191 0.001412
 247.000000 0.016317 0.944287 2.719486 0.001416
 248.000000 0.012106 0.961644 2.772286 0.001129
 249.000000 0.013400 0.953900 2.745191 0.001421
 250.000000 0.012518 0.962663 2.784727 0.001131
 251.000000 0.015009 0.934024 2.588248 0.001266
 252.000000 0.018413 0.918937 2.637489 0.002007
 253.000000 0.012351 0.956249 2.686136 0.001047
 254.000000 0.013679 0.954445 2.744027 0.001220
 255.000000 0.012189 0.963556 2.816978 0.001248
 256.000000 0.010394 0.996686 2.906515 0.000887
 257.000000 0.014684 0.943700 2.638511 0.001271
 258.000000 0.011903 0.976735 2.737927 0.001086
 259.000000 0.017615 0.929550 2.601598 0.001437
 260.000000 0.014365 0.919921 2.556252 0.001336
 261.000000 0.012113 0.934285 2.707261 0.001049
 262.000000 0.015483 0.927013 2.720405 0.001605
 263.000000 0.015739 0.932862 2.754484 0.001525
 264.000000 0.014121 0.948267 2.750203 0.001478
 265.000000 0.017405 0.921210 2.682653 0.001710
 266.000000 0.011903 0.942347 2.641224 0.001201
 267.000000 0.012603 0.957058 2.702869 0.001096
 268.000000 0.013454 0.913175 2.501676 0.001090
 269.000000 0.021034 0.892546 2.468846 0.002123
 270.000000 0.026324 0.858116 2.416361 0.003751
 271.000000 0.041035 0.826973 2.202504 0.007123
 272.000000 0.033513 0.801523 2.137561 0.005202
 273.000000 0.034868 0.845559 2.297233 0.003768
 274.000000 0.034659 0.843768 2.263519 0.003084
 275.000000 0.029365 0.854222 2.417223 0.002593
 276.000000 0.020544 0.881524 2.457203 0.001854
 277.000000 0.023144 0.857477 2.311750 0.001587
 278.000000 0.020614 0.872382 2.300313 0.001719
 279.000000 0.018229 0.889401 2.354700 0.001656
 280.000000 0.026159 0.843572 2.133149 0.001796
 281.000000 0.019654 0.829718 1.977282 0.001657
 282.000000 0.021319 0.804790 1.964241 0.001498
 283.000000 0.027380 0.841550 2.259587 0.004109
 284.000000 0.023816 0.871082 2.421068 0.002242
 285.000000 0.018413 0.882989 2.499282 0.001931
 286.000000 0.020165 0.881893 2.426084 0.002303
 287.000000 0.024722 0.860534 2.397468 0.001859
 288.000000 0.020344 0.878147 2.459852 0.001889
 289.000000 0.017698 0.889812 2.520816 0.001700
 290.000000 0.026572 0.868739 2.379657 0.003258
 291.000000 0.025956 0.858935 2.379851 0.002744
 292.000000 0.015253 0.942244 2.728746 0.001485
 293.000000 0.023273 0.864769 2.505323 0.001685
 294.000000 0.024673 0.871808 2.526954 0.002000
 295.000000 0.021007 0.896099 2.601673 0.001753
 296.000000 0.018808 0.891562 2.491744 0.001366
 297.000000 0.018053 0.903941 2.571436 0.001542
 298.000000 0.018380 0.899132 2.525995 0.002086
 299.000000 0.016425 0.895874 2.516524 0.002068
 300.000000 0.016029 0.907977 2.577943 0.001864
 301.000000 0.024014 0.865284 2.416354 0.002357
 302.000000 0.050640 0.831404 2.459597 0.003776
 303.000000 0.045377 0.828689 2.446080 0.004280
 304.000000 0.053915 0.812051 2.372419 0.004011
 305.000000 0.079290 0.778331 2.160143 0.004757
 306.000000 0.112824 0.799536 2.265867 0.010864
 307.000000 0.053403 0.820431 2.347075 0.007271
 308.000000 0.082327 0.817028 2.354363 0.023163
 309.000000 0.055264 0.774620 2.151699 0.003140
 310.000000 0.055362 0.782162 2.148232 0.003224
 311.000000 0.035151 0.799645 2.270187 0.001945
 312.000000 0.030407 0.821653 2.352823 0.002111
 313.000000 0.021286 0.877310 2.472695 0.001429
 314.000000 0.020633 0.884006 2.485393 0.001503
 315.000000 0.016732 0.880196 2.406699 0.001367
 316.000000 0.015965 0.931568 2.724780 0.001736
 317.000000 0.015807 0.923867 2.663426 0.001313
 318.000000 0.016285 0.934920 2.702279 0.001447
 319.000000 0.018205 0.919901 2.677768 0.001763
 320.000000 0.019208 0.911627 2.614614 0.001827
 321.000000 0.019224 0.901379 2.504169 0.002170
 322.000000 0.012779 0.961258 2.776452 0.001337
 323.000000 0.015994 0.934486 2.724059 0.001665
 324.000000 0.021971 0.882523 2.544957 0.002183
 325.000000 0.030042 0.844101 2.400866 0.002417
 326.000000 0.027795 0.866078 2.409123 0.002855
 327.000000 0.023857 0.872597 2.469121 0.002693
 328.000000 0.023015 0.874687 2.469662 0.001677
 329.000000 0.046634 0.802412 2.118737 0.004288
 330.000000 0.032947 0.856980 2.399167 0.002871
 331.000000 0.024983 0.851091 2.316897 0.002047
 332.000000 0.028672 0.856563 2.372576 0.002031
 333.000000 0.029760 0.877054 2.475989 0.002512
 334.000000 0.017390 0.907282 2.578457 0.001802
 335.000000 0.011982 0.962678 2.817235 0.001259
 336.000000 0.018713 0.913238 2.644141 0.001739
 337.000000 0.022568 0.852374 2.310073 0.002269
 338.000000 0.035006 0.828484 2.164009 0.003936
 339.000000 0.018909 0.861438 2.352889 0.001433
 340.000000 0.021938 0.851270 2.332672 0.002662
 341.000000 0.022997 0.887975 2.473385 0.003860
 342.000000 0.042492 0.807026 2.208057 0.005280
 343.000000 0.019519 0.895529 2.548568 0.001829
 344.000000 0.018206 0.907199 2.583628 0.001592
 345.000000 0.016511 0.903566 2.483896 0.001238
 346.000000 0.029138 0.833759 2.255091 0.002072
 347.000000 0.020308 0.871758 2.305310 0.001999
 348.000000 0.025799 0.826564 2.092240 0.001868
 349.000000 0.023662 0.833917 2.152126 0.002230
 350.000000 0.021489 0.811535 1.875308 0.001786
 351.000000 0.025647 0.821449 2.013448 0.001883
 352.000000 0.023452 0.836090 2.017988 0.002242
 353.000000 0.027547 0.828528 1.960899 0.004542
 354.000000 0.026207 0.783055 1.740888 0.002183
 355.000000 0.023477 0.815651 1.963522 0.001494
 356.000000 0.020484 0.832005 2.110489 0.001690
 357.000000 0.020621 0.852210 2.275746 0.001743
 358.000000 0.026306 0.818342 2.097793 0.002294
 359.000000 0.026722 0.816396 2.025008 0.003428
 360.000000 0.024969 0.814307 1.994915 0.001994
 361.000000 0.045997 0.799478 2.020834 0.004553
 362.000000 0.029740 0.831630 2.174592 0.003071
 363.000000 0.034036 0.807543 2.055210 0.002735
 364.000000 0.039710 0.793937 2.065912 0.003351
 365.000000 0.026067 0.832177 2.192331 0.002720
 366.000000 0.021827 0.890769 2.487570 0.002133
 367.000000 0.015679 0.901759 2.502313 0.001522
 368.000000 0.025811 0.804556 1.903748 0.002669
 369.000000 0.020982 0.878287 2.317512 0.003749
 370.000000 0.021647 0.865238 2.390896 0.001862
 371.000000 0.029296 0.845748 2.337604 0.002453
 372.000000 0.019017 0.871253 2.300323 0.001319
 373.000000 0.027621 0.857892 2.375282 0.001761
 374.000000 0.016399 0.896386 2.510964 0.001341
 375.000000 0.029082 0.860256 2.439699 0.003177
 376.000000 0.019201 0.898214 2.569122 0.001750
 377.000000 0.025432 0.871623 2.498050 0.002185
 378.000000 0.027786 0.876792 2.454807 0.003805
 379.000000 0.024781 0.873613 2.466591 0.002359
 380.000000 0.034111 0.841375 2.192811 0.003337
 381.000000 0.030930 0.823263 2.180439 0.002714
 382.000000 0.041834 0.813318 2.122077 0.006493
 383.000000 0.024271 0.817010 1.957842 0.002875
 384.000000 0.029645 0.810465 2.080458 0.003115
 385.000000 0.035431 0.797734 1.924826 0.004537
 386.000000 0.023379 0.801523 1.982375 0.002292
 387.000000 0.041651 0.771712 1.790746 0.005216
 388.000000 0.034740 0.798260 2.000540 0.003572
 389.000000 0.034155 0.812086 2.125450 0.002317
 390.000000 0.038025 0.796893 2.021359 0.002727
 391.000000 0.020795 0.838374 2.194364 0.001419
 392.000000 0.036573 0.793240 1.982872 0.003438
 393.000000 0.026949 0.854642 2.395194 0.003222
 394.000000 0.017789 0.891835 2.486833 0.001622
 395.000000 0.034213 0.822044 2.170163 0.006298
 396.000000 0.022360 0.811913 2.024702 0.002149
 397.000000 0.024085 0.848563 2.068005 0.001542
 398.000000 0.039567 0.805771 2.014952 0.003290
 399.000000 0.021892 0.831223 2.091679 0.001822
 400.000000 0.026002 0.807101 2.062751 0.002200
 401.000000 0.023919 0.830734 2.193862 0.002201
 402.000000 0.041478 0.826742 2.224913 0.006629
 403.000000 0.076247 0.749592 1.918273 0.009465
 404.000000 0.046542 0.819158 2.105882 0.007285
 405.000000 0.052811 0.778335 1.876816 0.007091
 406.000000 0.030373 0.800257 1.982976 0.002238
 407.000000 0.050437 0.725399 1.583197 0.003659
 408.000000 0.073748 0.757657 1.742320 0.014522
 409.000000 0.090414 0.778521 1.821846 0.020961
 410.000000 0.113454 0.721713 1.620996 0.017800
 411.000000 0.109694 0.740416 1.767802 0.024678
 412.000000 0.056903 0.794560 2.008185 0.012584
 413.000000 0.069262 0.762227 1.939670 0.012490
 414.000000 0.059811 0.728733 1.458345 0.012037
 415.000000 0.131537 0.676819 1.538658 0.011845
 416.000000 0.164937 0.702443 1.639925 0.016373
 417.000000 0.052700 0.785405 1.873462 0.006941
 418.000000 0.020818 0.827742 1.927498 0.001744
 419.000000 0.017107 0.856614 2.082445 0.001620
 420.000000 0.015807 0.866132 2.320442 0.001618
 421.000000 0.018369 0.874301 2.417525 0.001756
 422.000000 0.019620 0.837092 2.182985 0.001592
 423.000000 0.021823 0.830527 2.228557 0.002297
 424.000000 0.030220 0.805257 2.074167 0.003089
 425.000000 0.027650 0.814135 2.068986 0.002071
 426.000000 0.029501 0.818723 2.143268 0.002545
 427.000000 0.043766 0.790305 2.111938 0.005851
 428.000000 0.016884 0.877630 2.397877 0.001666
 429.000000 0.020563 0.874119 2.412730 0.001719
 430.000000 0.025296 0.872430 2.477201 0.002659
 431.000000 0.027402 0.854763 2.443664 0.002296
 432.000000 0.015435 0.891526 2.446016 0.001361
 433.000000 0.021367 0.884345 2.455377 0.001980
 434.000000 0.024925 0.870229 2.388205 0.002447
 435.000000 0.021262 0.888357 2.512392 0.001896
 436.000000 0.022376 0.881839 2.482065 0.002112
 437.000000 0.026652 0.862059 2.264776 0.003437
 438.000000 0.027047 0.850819 2.205842 0.002521
 439.000000 0.032517 0.838990 2.228710 0.003196
 440.000000 0.019395 0.895560 2.470310 0.002063
 441.000000 0.036763 0.831074 2.221666 0.006352
 442.000000 0.037223 0.831456 2.317131 0.004196
 443.000000 0.032642 0.816443 2.096150 0.003626
 444.000000 0.034114 0.794737 1.966984 0.002354
 445.000000 0.028368 0.847871 2.316564 0.002356
 446.000000 0.032264 0.821338 2.217253 0.002307
 447.000000 0.029080 0.852246 2.352145 0.002595
 448.000000 0.028644 0.824017 2.159033 0.001819
 449.000000 0.023788 0.870399 2.271111 0.001872
 450.000000 0.021736 0.868788 2.264819 0.001767
 451.000000 0.019606 0.903268 2.516603 0.001937
 452.000000 0.022825 0.875355 2.361608 0.002057
 453.000000 0.017999 0.879568 2.288733 0.001595
 454.000000 0.012796 0.911852 2.400502 0.001130
 455.000000 0.016237 0.868849 2.272409 0.001302
 456.000000 0.016254 0.863982 2.300730 0.001354
 457.000000 0.018869 0.860927 2.306507 0.001694
 458.000000 0.017695 0.886015 2.444514 0.001824
 459.000000 0.015906 0.907910 2.536858 0.001495
 460.000000 0.032504 0.831401 2.287230 0.002636
 461.000000 0.032553 0.771609 1.844243 0.001929
 462.000000 0.062204 0.740519 1.727261 0.006405
 463.000000 0.048980 0.783553 2.017798 0.004286
 464.000000 0.030862 0.824930 2.204845 0.002714
 465.000000 0.034647 0.798040 1.922587 0.003924
 466.000000 0.033930 0.821046 2.168128 0.002279
 467.000000 0.021111 0.877420 2.432886 0.001821
 468.000000 0.019082 0.870917 2.364298 0.002267
 469.000000 0.029293 0.850131 2.274275 0.002590
 470.000000 0.020698 0.896146 2.501791 0.002010
 471.000000 0.013892 0.931300 2.563425 0.001400
 472.000000 0.012377 0.952579 2.626942 0.001353
 473.000000 0.039382 0.836601 2.248611 0.004762
 474.000000 0.028907 0.858170 2.361536 0.003283
 475.000000 0.062875 0.834508 2.160317 0.006929
 476.000000 0.028124 0.838284 2.177632 0.002310
 477.000000 0.052819 0.836241 2.187740 0.007271
 478.000000 0.034478 0.868868 2.267919 0.006781
 479.000000 0.034309 0.841400 2.164671 0.004283
 480.000000 0.035570 0.796723 1.766912 0.004764
 481.000000 0.027164 0.822695 2.018103 0.003527
 482.000000 0.028802 0.853819 2.139241 0.005165
 483.000000 0.032208 0.842790 2.147920 0.005417
 484.000000 0.026088 0.810625 1.905758 0.005045
 485.000000 0.039792 0.834381 2.057324 0.008602
 486.000000 0.037862 0.828128 2.135214 0.003286
 487.000000 0.076964 0.776158 1.897192 0.006462
 488.000000 0.106546 0.749854 1.764989 0.012854
 489.000000 0.044024 0.764797 1.693862 0.003987
 490.000000 0.062296 0.754785 1.746632 0.009660
 491.000000 0.052333 0.722040 1.297772 0.003542
 492.000000 0.051780 0.706431 1.244599 0.003563
 493.000000 0.067354 0.687227 1.127168 0.007936
 494.000000 0.067146 0.673971 1.260597 0.005493
 495.000000 0.037705 0.766704 1.649383 0.003076
 496.000000 0.047865 0.730376 1.519992 0.004239
 497.000000 0.053790 0.747476 1.611248 0.004499
 498.000000 0.039467 0.795854 1.766682 0.003978
 499.000000 0.044468 0.794761 1.854208 0.006200
 500.000000 0.041150 0.821400 2.039742 0.005454
