#! FIELDS time alpha rg e2e hbond
 0.000000 0.122551 0.655106 1.394810 0.012031
 1.000000 0.123122 0.673327 1.412540 0.016418
 2.000000 0.099007 0.698102 1.403909 0.009042
 3.000000 0.144038 0.665161 1.405498 0.012073
 4.000000 0.096437 0.692861 1.427999 0.010886
 5.000000 0.081379 0.716734 1.767455 0.009013
 6.000000 0.108530 0.692912 1.707568 0.012658
 7.000000 0.161152 0.659544 1.394421 0.019716
 8.000000 0.093679 0.681845 1.538474 0.011347
 9.000000 0.105972 0.682035 1.654227 0.012616
 10.000000 0.114581 0.670843 1.518057 0.013849
 11.000000 0.106089 0.672134 1.510084 0.017175
 12.000000 0.089235 0.718354 1.581186 0.017859
 13.000000 0.084824 0.719488 1.599948 0.013105
 14.000000 0.110901 0.715427 1.430406 0.012968
 15.000000 0.098292 0.695473 1.484504 0.013742
 16.000000 0.090433 0.687248 1.421981 0.011377
 17.000000 0.090889 0.680923 1.576451 0.011989
 18.000000 0.112203 0.700451 1.758975 0.012229
 19.000000 0.122163 0.697501 1.831952 0.014849
 20.000000 0.135554 0.627794 1.577275 0.020175
 21.000000 0.109102 0.676180 1.653619 0.010656
 22.000000 0.131551 0.677002 1.689426 0.019449
 23.000000 0.084568 0.740956 2.025255 0.016720
 24.000000 0.062196 0.765508 2.183274 0.007260
 25.000000 0.094379 0.728910 2.046318 0.010836
 26.000000 0.061297 0.775256 2.178429 0.006520
 27.000000 0.041211 0.792459 2.138686 0.004996
 28.000000 0.061934 0.758865 2.120346 0.006925
 29.000000 0.042912 0.794319 2.144675 0.006525
 30.000000 0.049840 0.768315 1.899576 0.014420
 31.000000 0.041193 0.759762 1.865520 0.004000
 32.000000 0.080691 0.747124 1.831808 0.009684
 33.000000 0.056552 0.804742 2.190049 0.007879
 34.000000 0.077422 0.769048 2.120229 0.010093
 35.000000 0.079901 0.730210 1.851156 0.010768
 36.000000 0.081654 0.729010 1.960059 0.011713
 37.000000 0.125220 0.704151 1.909837 0.019573
 38.000000 0.063452 0.763308 2.165055 0.006704
 39.000000 0.048872 0.778812 2.231004 0.005677
 40.000000 0.113288 0.661923 1.785038 0.018134
 41.000000 0.064291 0.709018 1.902296 0.004935
 42.000000 0.099441 0.668128 1.690865 0.017179
 43.000000 0.122795 0.641018 1.672936 0.041446
 44.000000 0.116391 0.675191 1.820532 0.056841
 45.000000 0.108326 0.680861 1.818782 0.022867
 46.000000 0.099543 0.707108 1.971664 0.010403
 47.000000 0.138154 0.652355 1.679498 0.031461
 48.000000 0.072242 0.747015 2.112083 0.010004
 49.000000 0.057763 0.757213 2.135405 0.022540
 50.000000 0.094446 0.727425 2.065343 0.007022
 51.000000 0.084661 0.743108 2.064219 0.015363
 52.000000 0.165972 0.675921 1.750270 0.077676
 53.000000 0.114782 0.707519 1.867052 0.028479
 54.000000 0.099517 0.651762 1.487340 0.017958
 55.000000 0.116520 0.632137 1.477476 0.017752
 56.000000 0.083819 0.704968 1.834491 0.021115
 57.000000 0.096621 0.670951 1.706323 0.020948
 58.000000 0.122293 0.700537 1.868812 0.020498
 59.000000 0.088858 0.709466 1.823022 0.015267
 60.000000 0.081593 0.730131 1.998120 0.007527
 61.000000 0.069044 0.746065 1.854705 0.005093
 62.000000 0.074608 0.734930 2.003745 0.010993
 63.000000 0.071210 0.764267 2.097943 0.010285
 64.000000 0.093366 0.714649 1.919918 0.019897
 65.000000 0.117125 0.729804 1.987709 0.029962
 66.000000 0.079756 0.743897 2.022685 0.006218
 67.000000 0.076837 0.695432 1.772759 0.020328
 68.000000 0.096646 0.678892 1.745995 0.024961
 69.000000 0.108671 0.659436 1.707196 0.035681
 70.000000 0.099364 0.717007 1.854691 0.021780
 71.000000 0.161852 0.732096 1.965331 0.026467
 72.000000 0.148950 0.693344 1.811137 0.019544
 73.000000 0.132957 0.712462 1.951710 0.036790
 74.000000 0.100495 0.723455 1.999430 0.011549
 75.000000 0.114827 0.724902 1.941999 0.020955
 76.000000 0.143655 0.713554 1.926922 0.021540
 77.000000 0.233856 0.705198 1.864786 0.051773
 78.000000 0.326001 0.733071 1.924701 0.509600
 79.000000 0.123811 0.728535 1.946704 0.020750
 80.000000 0.205863 0.675518 1.759539 0.040442
 81.000000 0.232733 0.693395 1.754665 0.199503
 82.000000 0.187599 0.676843 1.348691 0.071241
 83.000000 0.178553 0.688266 1.575380 0.041006
 84.000000 0.090090 0.721415 1.969356 0.009731
 85.000000 0.203842 0.686476 1.733115 0.027900
 86.000000 0.232980 0.729321 1.975238 0.102188
 87.000000 0.139622 0.678204 1.738635 0.048461
 88.000000 0.085214 0.725672 1.920849 0.007915
 89.000000 0.097100 0.715676 1.793211 0.021465
 90.000000 0.168853 0.691403 1.711911 0.032249
 91.000000 0.149704 0.723733 1.938592 0.018749
 92.000000 0.135742 0.762048 1.717192 0.088984
 93.000000 0.113022 0.728584 1.831166 0.013048
 94.000000 0.054287 0.762872 1.759596 0.021944
 95.000000 0.098941 0.748653 1.711331 0.039867
 96.000000 0.098189 0.687451 1.294853 0.021546
 97.000000 0.131135 0.663945 1.175146 0.060161
 98.000000 0.055528 0.681678 1.279987 0.041442
 99.000000 0.091407 0.673516 1.214308 0.077371
 100.000000 0.104571 0.668157 1.208018 0.077145
 101.000000 0.088559 0.668411 1.197575 0.019366
 102.000000 0.054172 0.713215 1.291379 0.008518
 103.000000 0.050625 0.788122 1.977051 0.008161
 104.000000 0.053480 0.789320 2.034757 0.004624
 105.000000 0.037068 0.817892 2.258863 0.003895
 106.000000 0.055468 0.785014 2.074079 0.009265
 107.000000 0.042379 0.811214 2.252335 0.005381
 108.000000 0.075374 0.770261 2.158655 0.010479
 109.000000 0.032810 0.842414 2.399558 0.006731
 110.000000 0.031443 0.842970 2.296900 0.004517
 111.000000 0.047404 0.809616 2.242523 0.005560
 112.000000 0.029013 0.848122 2.403782 0.002259
 113.000000 0.031501 0.844725 2.350695 0.001862
 114.000000 0.023737 0.848092 2.259662 0.001334
 115.000000 0.029436 0.840630 2.213513 0.001853
 116.000000 0.022127 0.891059 2.389955 0.001649
 117.000000 0.018675 0.930452 2.744378 0.001567
 118.000000 0.031065 0.861226 2.463413 0.002095
 119.000000 0.028009 0.868639 2.521779 0.002930
 120.000000 0.032758 0.839228 2.368520 0.002539
 121.000000 0.030755 0.826692 2.334412 0.002202
 122.000000 0.041943 0.791662 2.190811 0.003610
 123.000000 0.030407 0.827994 2.278584 0.002654
 124.000000 0.035717 0.824414 2.327122 0.003120
 125.000000 0.033976 0.798445 2.176808 0.001817
 126.000000 0.039389 0.797183 2.169698 0.002725
 127.000000 0.034375 0.806352 2.252330 0.002659
 128.000000 0.031651 0.846217 2.321963 0.002525
 129.000000 0.030198 0.843294 2.297960 0.002118
 130.000000 0.048571 0.778732 2.048149 0.002740
 131.000000 0.024932 0.868202 2.421329 0.002523
 132.000000 0.021068 0.883280 2.437509 0.001551
 133.000000 0.034754 0.826096 2.206266 0.003889
 134.000000 0.041252 0.861524 2.452568 0.003041
 135.000000 0.020096 0.902642 2.558616 0.002366
 136.000000 0.030919 0.830445 2.335845 0.002777
 137.000000 0.049472 0.800428 2.307580 0.004598
 138.000000 0.084681 0.744754 2.073134 0.015002
 139.000000 0.077504 0.728895 2.002372 0.009038
 140.000000 0.073485 0.765197 2.126584 0.010589
 141.000000 0.048314 0.790400 2.236159 0.003552
 142.000000 0.030727 0.832429 2.392114 0.002324
 143.000000 0.041750 0.795827 2.225719 0.003820
 144.000000 0.064188 0.732838 1.962104 0.006719
 145.000000 0.035261 0.811354 2.189691 0.003051
 146.000000 0.059336 0.751522 1.928590 0.010017
 147.000000 0.069146 0.687540 1.650690 0.006557
 148.000000 0.043497 0.726119 1.796234 0.003123
 149.000000 0.048777 0.707214 1.638815 0.004340
 150.000000 0.057570 0.719864 1.652730 0.010285
 151.000000 0.056079 0.676387 1.619549 0.003451
 152.000000 0.059901 0.717654 1.822759 0.006420
 153.000000 0.022188 0.798456 1.822858 0.002243
 154.000000 0.018094 0.796865 1.838747 0.001303
 155.000000 0.025619 0.764387 1.737570 0.002341
 156.000000 0.045970 0.705118 1.614640 0.003810
 157.000000 0.022457 0.780436 1.830198 0.002048
 158.000000 0.034824 0.700056 1.484071 0.002296
 159.000000 0.040756 0.709241 1.681319 0.003128
 160.000000 0.039447 0.699948 1.557970 0.002670
 161.000000 0.028627 0.748764 1.772830 0.001935
 162.000000 0.036125 0.744931 1.745625 0.002404
 163.000000 0.035972 0.734530 1.693519 0.003545
 164.000000 0.043952 0.717762 1.626334 0.004749
 165.000000 0.036825 0.736365 1.727715 0.003056
 166.000000 0.033493 0.756402 1.904018 0.002318
 167.000000 0.034989 0.789417 2.010485 0.002932
 168.000000 0.047589 0.758073 2.082114 0.005630
 169.000000 0.046826 0.772727 2.088200 0.008082
 170.000000 0.047070 0.788078 2.163205 0.008633
 171.000000 0.029670 0.840889 2.385743 0.003175
 172.000000 0.035099 0.839519 2.454241 0.003576
 173.000000 0.033477 0.820336 2.344016 0.002541
 174.000000 0.036356 0.809990 2.282470 0.002701
 175.000000 0.032830 0.827992 2.350095 0.002602
 176.000000 0.029623 0.865060 2.433820 0.003580
 177.000000 0.040173 0.811215 2.341728 0.003940
 178.000000 0.022302 0.883636 2.543802 0.002463
 179.000000 0.062261 0.765005 2.099578 0.006626
 180.000000 0.023719 0.887503 2.577045 0.003198
 181.000000 0.029521 0.851933 2.440712 0.003500
 182.000000 0.018685 0.902788 2.537961 0.001949
 183.000000 0.029902 0.874218 2.455048 0.006109
 184.000000 0.015812 0.883095 2.478110 0.001201
 185.000000 0.026035 0.834787 2.197569 0.002320
 186.000000 0.037055 0.798558 2.201794 0.003923
 187.000000 0.031191 0.839109 2.331274 0.005455
 188.000000 0.035898 0.819479 2.284113 0.005137
 189.000000 0.022309 0.871938 2.478818 0.002594
 190.000000 0.020528 0.899841 2.578158 0.002340
 191.000000 0.016365 0.897794 2.515848 0.001574
 192.000000 0.027241 0.879836 2.518321 0.002925
 193.000000 0.026068 0.885974 2.565887 0.003172
 194.000000 0.017817 0.913686 2.647540 0.001558
 195.000000 0.016964 0.910668 2.502577 0.001420
 196.000000 0.017054 0.896849 2.460237 0.001664
 197.000000 0.015689 0.908770 2.552265 0.001500
 198.000000 0.016771 0.892028 2.530381 0.001501
 199.000000 0.015865 0.896344 2.431252 0.001259
 200.000000 0.015737 0.905950 2.535919 0.001224
 201.000000 0.014150 0.916436 2.528349 0.001057
 202.000000 0.023319 0.865654 2.339671 0.001734
 203.000000 0.036581 0.845183 2.372993 0.003857
 204.000000 0.021221 0.894341 2.545137 0.001967
 205.000000 0.016579 0.918918 2.639956 0.001763
 206.000000 0.014222 0.927689 2.709559 0.001514
 207.000000 0.015903 0.923995 2.683935 0.001420
 208.000000 0.018629 0.914760 2.544209 0.001634
 209.000000 0.014598 0.930409 2.623298 0.001141
 210.000000 0.019062 0.911195 2.576742 0.001545
 211.000000 0.012354 0.954022 2.705284 0.000981
 212.000000 0.013269 0.956421 2.760452 0.001281
 213.000000 0.010557 0.958496 2.740948 0.000923
 214.000000 0.014703 0.942198 2.661856 0.001231
 215.000000 0.013888 0.959816 2.749611 0.001258
 216.000000 0.014876 0.935196 2.715433 0.001602
 217.000000 0.016553 0.933194 2.733030 0.001432
 218.000000 0.018289 0.927467 2.721198 0.002011
 219.000000 0.019297 0.895031 2.578746 0.002242
 220.000000 0.015888 0.924609 2.697451 0.001731
 221.000000 0.015987 0.939264 2.734545 0.001700
 222.000000 0.012413 0.968010 2.820022 0.001329
 223.000000 0.013625 0.951033 2.803002 0.001372
 224.000000 0.017755 0.918623 2.677021 0.001970
 225.000000 0.015117 0.923741 2.583066 0.001413
 226.000000 0.013993 0.937184 2.698875 0.001280
 227.000000 0.017522 0.922655 2.645687 0.001539
 228.000000 0.014733 0.937564 2.642917 0.001573
 229.000000 0.012241 0.962409 2.744284 0.001090
 230.000000 0.013804 0.959653 2.797140 0.001496
 231.000000 0.010941 0.968543 2.820350 0.001015
 232.000000 0.010371 0.969204 2.822042 0.001188
 233.000000 0.020040 0.909255 2.638845 0.001830
 234.000000 0.011600 0.954447 2.740653 0.001011
 235.000000 0.012751 0.940223 2.674010 0.001233
 236.000000 0.013081 0.952167 2.694023 0.001326
 237.000000 0.013413 0.952075 2.764744 0.001489
 238.000000 0.011929 0.947950 2.660556 0.001026
 239.000000 0.013129 0.907855 2.345416 0.001048
 240.000000 0.020901 0.860190 2.131560 0.001906
 241.000000 0.012151 0.906970 2.197472 0.001138
 242.000000 0.013966 0.919947 2.524325 0.001323
 243.000000 0.012053 0.945902 2.683497 0.001163
 244.000000 0.013820 0.949374 2.629057 0.001463
 245.000000 0.011004 0.959187 2.680224 0.001086
 246.000000 0.011760 0.946038 2.496862 0.000967
 247.000000 0.013692 0.907059 2.380276 0.001187
 248.000000 0.011745 0.945723 2.573363 0.001028
 249.000000 0.014657 0.923038 2.468783 0.001318
 250.000000 0.019399 0.892508 2.430316 0.002782
 251.000000 0.020403 0.909280 2.414845 0.001493
 252.000000 0.014417 0.940838 2.525797 0.000971
 253.000000 0.016344 0.932271 2.446239 0.001117
 254.000000 0.020353 0.901326 2.425248 0.001753
 255.000000 0.016828 0.922088 2.628500 0.001550
 256.000000 0.014603 0.932762 2.650333 0.001284
 257.000000 0.019670 0.915347 2.484591 0.001665
 258.000000 0.013497 0.929811 2.493406 0.001164
 259.000000 0.017177 0.926043 2.598731 0.001411
 260.000000 0.015621 0.925816 2.718452 0.001839
 261.000000 0.016185 0.926726 2.679284 0.001657
 262.000000 0.018526 0.871435 2.450276 0.002260
 263.000000 0.019105 0.877127 2.459511 0.002428
 264.000000 0.015631 0.923761 2.658927 0.001839
 265.000000 0.018895 0.884188 2.539335 0.002344
 266.000000 0.018273 0.876854 2.430712 0.001886
 267.000000 0.010995 0.942852 2.717097 0.001431
 268.000000 0.017265 0.875102 2.507153 0.002137
 269.000000 0.015964 0.925879 2.674356 0.001469
 270.000000 0.018816 0.889049 2.460531 0.001645
 271.000000 0.016386 0.893583 2.370757 0.001383
 272.000000 0.017322 0.904034 2.497386 0.003552
 273.000000 0.016132 0.893152 2.391795 0.002491
 274.000000 0.021063 0.840892 2.191292 0.002114
 275.000000 0.024671 0.848014 2.292533 0.001995
 276.000000 0.018334 0.892997 2.364485 0.002864
 277.000000 0.016433 0.875962 2.222028 0.001282
 278.000000 0.021025 0.830092 2.284718 0.001669
 279.000000 0.029094 0.787852 1.957939 0.002126
 280.000000 0.022688 0.812969 1.972634 0.003007
 281.000000 0.019939 0.855373 2.174410 0.003139
 282.000000 0.020764 0.826046 2.173892 0.001592
 283.000000 0.021857 0.839140 2.234460 0.002260
 284.000000 0.046425 0.755061 1.981870 0.007362
 285.000000 0.021576 0.839565 2.063466 0.007659
 286.000000 0.025522 0.819670 2.061535 0.004380
 287.000000 0.017114 0.879673 2.457200 0.002053
 288.000000 0.020946 0.834926 2.110970 0.001870
 289.000000 0.016555 0.869595 2.301602 0.001599
 290.000000 0.015817 0.889004 2.324696 0.002395
 291.000000 0.015538 0.906724 2.328228 0.003269
 292.000000 0.019932 0.876977 2.294659 0.003456
 293.000000 0.020937 0.859743 2.248605 0.002831
 294.000000 0.017810 0.892684 2.445070 0.003713
 295.000000 0.017012 0.860399 2.181406 0.005568
 296.000000 0.020676 0.846442 2.196173 0.003479
 297.000000 0.021980 0.832218 2.208892 0.005046
 298.000000 0.020752 0.849582 2.262566 0.003502
 299.000000 0.022307 0.842585 2.132298 0.004408
 300.000000 0.025090 0.843462 2.211471 0.005954
 301.000000 0.022273 0.845450 2.241366 0.004914
 302.000000 0.025817 0.845041 2.305818 0.004021
 303.000000 0.016532 0.868635 2.222043 0.002508
 304.000000 0.016665 0.873331 2.288065 0.003114
 305.000000 0.024007 0.845552 2.170937 0.003782
 306.000000 0.022715 0.835129 2.191067 0.004011
 307.000000 0.028856 0.810166 2.038922 0.003628
 308.000000 0.021442 0.839496 2.104534 0.003591
 309.000000 0.025146 0.828910 2.058608 0.005411
 310.000000 0.019826 0.846704 2.150287 0.003025
 311.000000 0.028428 0.815586 2.108391 0.006234
 312.000000 0.020003 0.859577 2.332525 0.003337
 313.000000 0.027299 0.831012 2.056005 0.008858
 314.000000 0.029517 0.777086 1.701349 0.008733
 315.000000 0.024884 0.824926 1.967989 0.003962
 316.000000 0.025980 0.828251 1.868020 0.005647
 317.000000 0.022984 0.861581 2.284235 0.003877
 318.000000 0.030031 0.835154 2.180558 0.007410
 319.000000 0.023920 0.856132 2.203991 0.004736
 320.000000 0.023444 0.843827 2.090275 0.005542
 321.000000 0.016513 0.896713 2.356479 0.004276
 322.000000 0.023754 0.854791 2.207666 0.004839
 323.000000 0.043488 0.779215 1.854912 0.020497
 324.000000 0.037705 0.785029 1.902982 0.013606
 325.000000 0.049650 0.758341 1.647658 0.014019
 326.000000 0.059238 0.749754 1.633186 0.007604
 327.000000 0.031785 0.814149 1.943540 0.007022
 328.000000 0.036890 0.803614 1.911145 0.009686
 329.000000 0.025204 0.820345 1.955518 0.007167
 330.000000 0.029832 0.780368 1.917917 0.007099
 331.000000 0.040230 0.734132 1.736791 0.012581
 332.000000 0.046685 0.697674 1.603178 0.008205
 333.000000 0.045729 0.726733 1.684951 0.014394
 334.000000 0.051601 0.697768 1.562025 0.011155
 335.000000 0.054839 0.706289 1.556850 0.005930
 336.000000 0.061552 0.685933 1.315359 0.015877
 337.000000 0.044890 0.727135 1.577013 0.009339
 338.000000 0.030980 0.769760 1.747981 0.004980
 339.000000 0.039180 0.726466 1.595921 0.006100
 340.000000 0.043839 0.726825 1.689169 0.006051
 341.000000 0.024703 0.792339 1.840500 0.004333
 342.000000 0.020714 0.830779 2.230765 0.003134
 343.000000 0.021068 0.829459 2.180351 0.004635
 344.000000 0.030171 0.796040 1.929544 0.005583
 345.000000 0.057978 0.705262 1.667835 0.010357
 346.000000 0.056906 0.689232 1.649683 0.010095
 347.000000 0.082279 0.647200 1.380612 0.018410
 348.000000 0.101096 0.650646 1.592160 0.020751
 349.000000 0.058018 0.703920 1.896553 0.006823
 350.000000 0.038101 0.769832 2.127878 0.005972
 351.000000 0.057074 0.725495 1.727480 0.010055
 352.000000 0.044545 0.727803 1.720734 0.004496
 353.000000 0.048675 0.715004 1.587106 0.004932
 354.000000 0.042753 0.733432 1.602561 0.009054
 355.000000 0.054727 0.718144 1.613100 0.008870
 356.000000 0.082902 0.639565 1.319387 0.017535
 357.000000 0.065983 0.653647 1.314542 0.007816
 358.000000 0.063553 0.645977 1.180115 0.005884
 359.000000 0.046112 0.720743 1.590259 0.005213
 360.000000 0.055125 0.704391 1.552160 0.007967
 361.000000 0.043877 0.730052 1.825708 0.003658
 362.000000 0.024407 0.819324 2.275841 0.002727
 363.000000 0.022560 0.851144 2.347982 0.002227
 364.000000 0.041774 0.761759 1.964417 0.005840
 365.000000 0.058628 0.724519 1.961944 0.003695
 366.000000 0.039054 0.773441 1.995819 0.004857
 367.000000 0.028225 0.811152 2.118932 0.003579
 368.000000 0.031213 0.793888 1.984035 0.003320
 369.000000 0.055420 0.720226 1.687955 0.006949
 370.000000 0.046312 0.729371 1.759379 0.003262
 371.000000 0.049005 0.707645 1.609855 0.005046
 372.000000 0.048502 0.716151 1.585843 0.006331
 373.000000 0.056669 0.669097 1.296021 0.006022
 374.000000 0.056371 0.686915 1.622929 0.005619
 375.000000 0.060240 0.701110 1.563574 0.004674
 376.000000 0.045343 0.730555 1.802764 0.005743
 377.000000 0.043940 0.740801 1.815375 0.006324
 378.000000 0.065289 0.687157 1.609016 0.007433
 379.000000 0.041855 0.707130 1.732583 0.005453
 380.000000 0.045987 0.695827 1.558375 0.004494
 381.000000 0.045137 0.748113 1.821852 0.008827
 382.000000 0.034391 0.718471 1.433845 0.005341
 383.000000 0.026752 0.771276 1.824654 0.003287
 384.000000 0.027031 0.796817 1.941635 0.002815
 385.000000 0.031704 0.776898 1.915241 0.002761
 386.000000 0.036962 0.798157 2.147580 0.002602
 387.000000 0.055426 0.723617 1.900496 0.003325
 388.000000 0.045509 0.770649 2.031947 0.003421
 389.000000 0.044245 0.773526 1.989207 0.004077
 390.000000 0.046021 0.743417 1.875472 0.003356
 391.000000 0.047906 0.713556 1.669454 0.005264
 392.000000 0.051953 0.709159 1.620086 0.003647
 393.000000 0.043071 0.718960 1.627714 0.004095
 394.000000 0.042803 0.696573 1.438822 0.003666
 395.000000 0.047530 0.744706 1.746319 0.004459
 396.000000 0.030422 0.784726 1.843562 0.004856
 397.000000 0.060017 0.713006 1.690732 0.006693
 398.000000 0.050921 0.710505 1.627325 0.004192
 399.000000 0.032199 0.771078 1.920603 0.002626
 400.000000 0.036971 0.774853 1.978161 0.002847
 401.000000 0.042065 0.795628 2.142948 0.003497
 402.000000 0.038546 0.809262 2.195194 0.003376
 403.000000 0.024794 0.797818 2.007374 0.001714
 404.000000 0.039208 0.804327 2.113676 0.002676
 405.000000 0.026545 0.837705 2.179386 0.002102
 406.000000 0.023703 0.887891 2.513324 0.001894
 407.000000 0.031506 0.842203 2.333922 0.002633
 408.000000 0.027180 0.833875 2.217856 0.002843
 409.000000 0.036270 0.819517 2.212504 0.002778
 410.000000 0.022199 0.876984 2.416378 0.001941
 411.000000 0.018781 0.899189 2.544546 0.001667
 412.000000 0.020786 0.853335 2.222727 0.001863
 413.000000 0.030168 0.814063 2.009668 0.003639
 414.000000 0.024179 0.840959 2.143958 0.002729
 415.000000 0.028072 0.818771 2.072643 0.002588
 416.000000 0.050838 0.789300 2.019907 0.003530
 417.000000 0.024106 0.854509 2.289955 0.003600
 418.000000 0.041386 0.790310 1.847698 0.005004
 419.000000 0.018587 0.866891 2.285242 0.002447
 420.000000 0.018687 0.896994 2.566049 0.001613
 421.000000 0.011210 0.946987 2.641463 0.002453
 422.000000 0.017762 0.898675 2.513581 0.001730
 423.000000 0.034306 0.865426 2.426214 0.005837
 424.000000 0.038360 0.833956 2.282775 0.003519
 425.000000 0.026413 0.803718 1.971427 0.002459
 426.000000 0.036278 0.808984 2.003367 0.006052
 427.000000 0.038411 0.806511 2.026914 0.003634
 428.000000 0.031554 0.792071 1.919946 0.002759
 429.000000 0.020508 0.851854 2.168241 0.001626
 430.000000 0.022884 0.851008 2.329687 0.001799
 431.000000 0.022029 0.859868 2.311233 0.002358
 432.000000 0.017111 0.889655 2.474141 0.001832
 433.000000 0.011232 0.948108 2.557183 0.001702
 434.000000 0.019344 0.894118 2.421158 0.002070
 435.000000 0.030218 0.806096 2.088539 0.002122
 436.000000 0.031631 0.768565 1.654370 0.002258
 437.000000 0.037684 0.784559 1.984086 0.002388
 438.000000 0.039818 0.786079 2.083769 0.002375
 439.000000 0.029728 0.820805 2.160835 0.002225
 440.000000 0.021895 0.851277 2.278331 0.001852
 441.000000 0.014961 0.908601 2.557900 0.001586
 442.000000 0.015530 0.915896 2.536221 0.001645
 443.000000 0.015652 0.898719 2.474738 0.001227
 444.000000 0.015100 0.897248 2.426201 0.001208
 445.000000 0.024313 0.851343 2.337780 0.002353
 446.000000 0.021653 0.860108 2.306441 0.001512
 447.000000 0.014527 0.865494 2.234934 0.001193
 448.000000 0.018725 0.821794 2.022797 0.001481
 449.000000 0.013226 0.850369 2.016643 0.001040
 450.000000 0.014220 0.849344 2.097318 0.001094
 451.000000 0.016484 0.841904 2.040136 0.001233
 452.000000 0.016963 0.793959 1.767775 0.001143
 453.000000 0.016386 0.816459 1.851577 0.001206
 454.000000 0.017603 0.821185 1.997288 0.001592
 455.000000 0.013416 0.857897 2.138779 0.001143
 456.000000 0.016284 0.874471 2.342418 0.001510
 457.000000 0.019172 0.842116 2.216571 0.001387
 458.000000 0.018281 0.872634 2.425076 0.001385
 459.000000 0.017170 0.883211 2.434436 0.001414
 460.000000 0.023181 0.860367 2.471197 0.001674
 461.000000 0.019295 0.885964 2.539853 0.001577
 462.000000 0.015135 0.900615 2.470766 0.001357
 463.000000 0.013992 0.927666 2.724487 0.001243
 464.000000 0.011005 0.935235 2.616304 0.000929
 465.000000 0.015535 0.945155 2.758926 0.001525
 466.000000 0.011359 0.960532 2.735851 0.001029
 467.000000 0.014276 0.926757 2.670638 0.001311
 468.000000 0.014224 0.927371 2.638834 0.001413
 469.000000 0.013739 0.942524 2.730188 0.001319
 470.000000 0.013268 0.948322 2.649918 0.001378
 471.000000 0.021913 0.904775 2.483888 0.002939
 472.000000 0.015605 0.930064 2.614695 0.001400
 473.000000 0.018277 0.909684 2.554604 0.001747
 474.000000 0.018953 0.896081 2.483453 0.001742
 475.000000 0.011093 0.946449 2.622162 0.001000
 476.000000 0.012696 0.911074 2.432234 0.001116
 477.000000 0.015572 0.873014 2.221443 0.001422
 478.000000 0.012186 0.947960 2.618951 0.001119
 479.000000 0.013641 0.939226 2.563879 0.001282
 480.000000 0.014501 0.869954 2.162575 0.001232
 481.000000 0.016390 0.881632 2.176576 0.001544
 482.000000 0.018646 0.901899 2.457939 0.001841
 483.000000 0.011243 0.964810 2.614525 0.000986
 484.000000 0.012439 0.962400 2.827506 0.001330
 485.000000 0.011972 0.971644 2.837593 0.001202
 486.000000 0.011898 0.978123 2.868837 0.001199
 487.000000 0.013962 0.922710 2.562731 0.001325
 488.000000 0.014052 0.930785 2.689419 0.001368
 489.000000 0.010774 0.975865 2.818329 0.000908
 490.000000 0.012390 0.951684 2.780617 0.001126
 491.000000 0.012406 0.959515 2.753549 0.001414
 492.000000 0.009857 0.972643 2.799842 0.000868
 493.000000 0.010168 0.989466 2.875940 0.001198
 494.000000 0.015697 0.954760 2.786963 0.001485
 495.000000 0.012035 0.970410 2.789205 0.001137
 496.000000 0.012724 0.967173 2.741483 0.001242
 497.000000 0.013805 0.947832 2.719969 0.001112
 498.000000 0.011453 0.961615 2.765759 0.001088
 499.000000 0.012592 0.933263 2.647787 0.001183
 500.000000 0.011671 0.948312 2.690900 0.001064
