#! FIELDS time alpha rg e2e hbond
 0.000000 0.049303 0.795288 1.890553 0.002872
 1.000000 0.026415 0.876506 2.452767 0.002240
 2.000000 0.027736 0.885152 2.460479 0.002764
 3.000000 0.025532 0.906002 2.541620 0.003689
 4.000000 0.028656 0.869450 2.374891 0.003700
 5.000000 0.041802 0.842863 2.336984 0.005337
 6.000000 0.027157 0.868685 2.417736 0.002418
 7.000000 0.044849 0.833373 2.070311 0.006592
 8.000000 0.096817 0.822366 2.207954 0.039128
 9.000000 0.072286 0.800590 2.142540 0.012814
 10.000000 0.046676 0.833949 2.193738 0.008483
 11.000000 0.055464 0.816329 2.010629 0.011907
 12.000000 0.082195 0.767003 1.612320 0.103292
 13.000000 0.094059 0.787366 1.804602 0.078765
 14.000000 0.108778 0.717674 1.401865 0.043179
 15.000000 0.089340 0.731603 1.473018 0.029382
 16.000000 0.098989 0.780808 1.843694 0.024649
 17.000000 0.090356 0.776665 1.747635 0.027467
 18.000000 0.097370 0.787367 1.852174 0.022287
 19.000000 0.093689 0.816801 1.940937 0.039649
 20.000000 0.046100 0.782193 1.688250 0.006649
 21.000000 0.082518 0.751677 1.642180 0.014594
 22.000000 0.102616 0.791503 1.961585 0.031539
 23.000000 0.084781 0.806428 2.143023 0.014595
 24.000000 0.052494 0.832472 2.263120 0.009579
 25.000000 0.026866 0.857239 2.248927 0.006243
 26.000000 0.065817 0.820265 2.085507 0.017049
 27.000000 0.055714 0.841928 2.301021 0.017270
 28.000000 0.048358 0.832515 2.090729 0.024792
 29.000000 0.070659 0.792944 1.933453 0.029810
 30.000000 0.076161 0.786114 1.973801 0.016014
 31.000000 0.074806 0.797462 2.067427 0.017636
 32.000000 0.094744 0.768169 1.914944 0.023225
 33.000000 0.069828 0.769452 1.663629 0.018442
 34.000000 0.102161 0.756743 1.886233 0.019186
 35.000000 0.061054 0.820608 2.190007 0.012374
 36.000000 0.065462 0.800899 2.089208 0.012107
 37.000000 0.035460 0.820793 2.172776 0.005538
 38.000000 0.066781 0.807498 2.155632 0.015262
 39.000000 0.050380 0.825733 2.189178 0.008654
 40.000000 0.046031 0.841825 2.229581 0.006325
 41.000000 0.064239 0.792068 2.118057 0.010792
 42.000000 0.051268 0.806955 2.000274 0.005784
 43.000000 0.044331 0.845217 2.185344 0.006435
 44.000000 0.062423 0.802448 2.006409 0.008996
 45.000000 0.039239 0.839311 2.137869 0.011553
 46.000000 0.036950 0.826282 1.988146 0.018212
 47.000000 0.033242 0.851800 2.185392 0.006283
 48.000000 0.031038 0.852280 2.345640 0.003439
 49.000000 0.024540 0.864099 2.255015 0.001849
 50.000000 0.025512 0.871345 2.233634 0.001490
 51.000000 0.019628 0.911339 2.570854 0.002997
 52.000000 0.026543 0.865143 2.405907 0.004448
 53.000000 0.059506 0.806891 1.976947 0.021342
 54.000000 0.056104 0.838097 1.960858 0.018343
 55.000000 0.071762 0.806704 1.900330 0.027070
 56.000000 0.049695 0.821868 2.249209 0.006427
 57.000000 0.043973 0.838570 2.129070 0.013162
 58.000000 0.041424 0.823886 2.284193 0.004027
 59.000000 0.030834 0.852699 2.262346 0.004384
 60.000000 0.033657 0.851991 2.261657 0.008040
 61.000000 0.049118 0.835397 2.066507 0.015996
 62.000000 0.057716 0.802338 1.910100 0.027637
 63.000000 0.053047 0.806976 1.969615 0.006862
 64.000000 0.045257 0.799733 1.888598 0.008224
 65.000000 0.060479 0.780955 1.677749 0.080800
 66.000000 0.050214 0.781359 1.711636 0.018984
 67.000000 0.046249 0.781275 1.596747 0.029550
 68.000000 0.045892 0.766878 1.423408 0.012291
 69.000000 0.053554 0.761274 1.696545 0.005061
 70.000000 0.024974 0.855260 2.155580 0.002064
 71.000000 0.027426 0.832536 2.075844 0.003211
 72.000000 0.037669 0.819138 2.033443 0.003121
 73.000000 0.038543 0.831007 1.987204 0.003343
 74.000000 0.012203 0.932751 2.596503 0.001099
 75.000000 0.013330 0.928325 2.575443 0.001033
 76.000000 0.008136 1.010846 2.907447 0.000777
 77.000000 0.016613 0.954357 2.667365 0.001745
 78.000000 0.014893 0.953265 2.805382 0.001641
 79.000000 0.010227 0.963059 2.772544 0.001008
 80.000000 0.012826 0.927871 2.677591 0.001148
 81.000000 0.009489 0.983140 2.826113 0.000827
 82.000000 0.014130 0.921955 2.617067 0.001270
 83.000000 0.017115 0.894952 2.532113 0.001760
 84.000000 0.015510 0.918906 2.580436 0.001458
 85.000000 0.019846 0.899705 2.502123 0.002171
 86.000000 0.021782 0.896670 2.598125 0.002036
 87.000000 0.016315 0.925699 2.668466 0.001862
 88.000000 0.011177 0.960641 2.754325 0.001311
 89.000000 0.014502 0.937493 2.647313 0.001519
 90.000000 0.011867 0.948384 2.697679 0.001290
 91.000000 0.017039 0.921654 2.472049 0.001588
 92.000000 0.016811 0.913343 2.547027 0.001759
 93.000000 0.012839 0.950267 2.627928 0.001354
 94.000000 0.015317 0.930940 2.650394 0.002057
 95.000000 0.014138 0.925623 2.626867 0.001263
 96.000000 0.016099 0.925226 2.559442 0.001561
 97.000000 0.012477 0.947049 2.675075 0.001144
 98.000000 0.013791 0.939223 2.571108 0.001213
 99.000000 0.010991 0.959991 2.532362 0.001137
 100.000000 0.011243 0.938046 2.487049 0.001151
 101.000000 0.019053 0.864126 2.281332 0.002154
 102.000000 0.011250 0.929889 2.608377 0.001251
 103.000000 0.011345 0.938079 2.631863 0.001242
 104.000000 0.017119 0.920250 2.581476 0.002438
 105.000000 0.013942 0.952899 2.620850 0.001981
 106.000000 0.009852 0.961750 2.478192 0.000978
 107.000000 0.012253 0.925690 2.381421 0.001343
 108.000000 0.017602 0.922894 2.466118 0.002968
 109.000000 0.018376 0.876445 2.138514 0.002291
 110.000000 0.017934 0.855673 1.955783 0.001362
 111.000000 0.013467 0.936141 2.501290 0.001211
 112.000000 0.012313 0.951890 2.664020 0.001536
 113.000000 0.008825 0.989510 2.713847 0.000715
 114.000000 0.009153 0.986573 2.813985 0.000946
 115.000000 0.009092 0.997108 2.829852 0.000850
 116.000000 0.008369 0.982826 2.763549 0.000746
 117.000000 0.012015 0.922266 2.493164 0.001124
 118.000000 0.011077 0.945023 2.604863 0.000983
 119.000000 0.013475 0.958250 2.793054 0.001274
 120.000000 0.016226 0.936476 2.690929 0.001995
 121.000000 0.014766 0.944975 2.737804 0.001452
 122.000000 0.009126 0.998836 2.910638 0.000997
 123.000000 0.008933 0.989450 2.839933 0.000743
 124.000000 0.010150 0.981272 2.789535 0.001115
 125.000000 0.011846 0.961398 2.694872 0.001449
 126.000000 0.007596 0.997624 2.818736 0.000701
 127.000000 0.010488 0.938503 2.625607 0.000979
 128.000000 0.009960 0.975670 2.807876 0.000975
 129.000000 0.014459 0.919834 2.558438 0.002018
 130.000000 0.010219 0.991047 2.863174 0.001104
 131.000000 0.008817 0.986398 2.816725 0.000826
 132.000000 0.013571 0.923373 2.569470 0.001229
 133.000000 0.010103 0.941416 2.578638 0.000877
 134.000000 0.012659 0.908143 2.397460 0.001068
 135.000000 0.015767 0.913122 2.616203 0.001577
 136.000000 0.012351 0.951876 2.728232 0.001093
 137.000000 0.012059 0.951374 2.716524 0.001180
 138.000000 0.016223 0.934267 2.745567 0.001731
 139.000000 0.014906 0.922895 2.609903 0.001658
 140.000000 0.015699 0.930710 2.681197 0.001505
 141.000000 0.011784 0.946400 2.625269 0.001070
 142.000000 0.012020 0.954173 2.599203 0.001061
 143.000000 0.012816 0.921198 2.376439 0.001189
 144.000000 0.013173 0.949029 2.605345 0.001202
 145.000000 0.015936 0.927485 2.676335 0.001578
 146.000000 0.016185 0.900129 2.534573 0.001575
 147.000000 0.014482 0.925902 2.651677 0.001307
 148.000000 0.015827 0.916025 2.579848 0.001611
 149.000000 0.020778 0.874328 2.396150 0.001929
 150.000000 0.009969 0.941516 2.546691 0.000816
 151.000000 0.014769 0.898486 2.466043 0.001409
 152.000000 0.012285 0.932740 2.482046 0.001274
 153.000000 0.012301 0.911432 2.486545 0.001052
 154.000000 0.015953 0.886897 2.419647 0.001396
 155.000000 0.012692 0.919242 2.542513 0.001256
 156.000000 0.014523 0.906835 2.429639 0.001307
 157.000000 0.012282 0.928030 2.545516 0.001118
 158.000000 0.015023 0.929083 2.599035 0.001560
 159.000000 0.016341 0.909341 2.534336 0.001399
 160.000000 0.015095 0.902456 2.443374 0.001127
 161.000000 0.010561 0.943121 2.658291 0.000968
 162.000000 0.011458 0.927308 2.529192 0.000932
 163.000000 0.015275 0.911368 2.534225 0.001387
 164.000000 0.014061 0.918169 2.559865 0.001368
 165.000000 0.013537 0.933685 2.550222 0.001306
 166.000000 0.014484 0.917369 2.503701 0.001337
 167.000000 0.009500 0.969727 2.769967 0.000804
 168.000000 0.009687 0.965566 2.746431 0.001041
 169.000000 0.009912 0.954836 2.695444 0.001083
 170.000000 0.017066 0.928933 2.656619 0.002117
 171.000000 0.021284 0.899172 2.533262 0.002346
 172.000000 0.021450 0.861254 2.232774 0.002513
 173.000000 0.027557 0.766085 1.725568 0.004359
 174.000000 0.017457 0.831455 2.058940 0.001319
 175.000000 0.018442 0.855627 2.220701 0.001126
 176.000000 0.012658 0.943836 2.717941 0.001105
 177.000000 0.011619 0.962596 2.780977 0.000927
 178.000000 0.011990 0.958412 2.736803 0.001421
 179.000000 0.015941 0.952148 2.776652 0.001793
 180.000000 0.014283 0.946473 2.727312 0.001564
 181.000000 0.016560 0.937608 2.707999 0.002053
 182.000000 0.015749 0.909006 2.598788 0.001553
 183.000000 0.013467 0.914139 2.565880 0.001313
 184.000000 0.011556 0.932131 2.621628 0.001056
 185.000000 0.014308 0.928400 2.561428 0.001488
 186.000000 0.011204 0.928001 2.587624 0.001118
 187.000000 0.010688 0.925625 2.532798 0.000963
 188.000000 0.018334 0.873685 2.441986 0.001457
 189.000000 0.028568 0.851694 2.358020 0.003066
 190.000000 0.025667 0.827315 2.101391 0.002084
 191.000000 0.052946 0.760862 1.781851 0.005251
 192.000000 0.017091 0.868362 2.178327 0.002057
 193.000000 0.032303 0.818043 2.143773 0.002804
 194.000000 0.015490 0.928497 2.631131 0.001931
 195.000000 0.011866 0.952873 2.702025 0.001539
 196.000000 0.028167 0.872706 2.541445 0.003116
 197.000000 0.052305 0.812975 2.289223 0.005046
 198.000000 0.064442 0.739551 1.964779 0.005639
 199.000000 0.058494 0.750506 1.940816 0.003622
 200.000000 0.043711 0.786177 2.134239 0.003038
 201.000000 0.037947 0.781551 1.889581 0.003077
 202.000000 0.028397 0.795997 2.094884 0.002089
 203.000000 0.014115 0.923965 2.453987 0.001367
 204.000000 0.058719 0.812068 2.215499 0.005631
 205.000000 0.029919 0.866365 2.513016 0.003242
 206.000000 0.024954 0.875335 2.545014 0.002725
 207.000000 0.046211 0.834758 2.414947 0.004805
 208.000000 0.018225 0.908068 2.635133 0.001734
 209.000000 0.020336 0.887577 2.539018 0.002240
 210.000000 0.022100 0.859695 2.224147 0.002040
 211.000000 0.021129 0.858516 2.285957 0.002308
 212.000000 0.022351 0.871726 2.435163 0.001941
 213.000000 0.013968 0.938330 2.579946 0.001256
 214.000000 0.022739 0.883248 2.567094 0.001771
 215.000000 0.034956 0.851555 2.434380 0.004126
 216.000000 0.026514 0.866351 2.428329 0.003427
 217.000000 0.016671 0.931736 2.732249 0.001409
 218.000000 0.016841 0.919471 2.691059 0.001931
 219.000000 0.027918 0.858225 2.458456 0.003902
 220.000000 0.030564 0.862998 2.409929 0.003418
 221.000000 0.038557 0.818660 2.281782 0.004802
 222.000000 0.028819 0.827579 2.228177 0.002778
 223.000000 0.027625 0.834024 2.227415 0.003616
 224.000000 0.037368 0.800941 2.202475 0.003440
 225.000000 0.017265 0.885359 2.448759 0.001853
 226.000000 0.014009 0.912801 2.545939 0.001247
 227.000000 0.011915 0.963710 2.727385 0.001598
 228.000000 0.016911 0.935130 2.723776 0.001903
 229.000000 0.018493 0.914765 2.679073 0.001822
 230.000000 0.020002 0.915623 2.622333 0.002078
 231.000000 0.017731 0.925294 2.602335 0.001923
 232.000000 0.013538 0.941348 2.586047 0.001418
 233.000000 0.013580 0.945096 2.670686 0.001367
 234.000000 0.020494 0.898185 2.570459 0.001847
 235.000000 0.023323 0.844038 2.373091 0.001912
 236.000000 0.025851 0.857307 2.442256 0.002312
 237.000000 0.022018 0.848079 2.318128 0.002016
 238.000000 0.032069 0.810978 2.220996 0.003169
 239.000000 0.024455 0.854812 2.256910 0.003198
 240.000000 0.023600 0.854926 2.285539 0.002245
 241.000000 0.031695 0.797606 1.953061 0.003575
 242.000000 0.024018 0.821693 2.151849 0.002422
 243.000000 0.020295 0.872593 2.437523 0.002218
 244.000000 0.021555 0.858351 2.359988 0.002121
 245.000000 0.019890 0.883328 2.506873 0.001970
 246.000000 0.021960 0.860876 2.282474 0.002120
 247.000000 0.032115 0.815472 2.272748 0.003033
 248.000000 0.042903 0.785372 2.162436 0.003349
 249.000000 0.041775 0.770846 1.967644 0.003282
 250.000000 0.024884 0.831598 2.228477 0.002947
 251.000000 0.023552 0.866402 2.394370 0.001685
 252.000000 0.031817 0.796234 2.099879 0.002426
 253.000000 0.027143 0.848801 2.389457 0.002373
 254.000000 0.024399 0.857807 2.436040 0.001925
 255.000000 0.020264 0.902130 2.658552 0.001424
 256.000000 0.016667 0.918142 2.583884 0.001302
 257.000000 0.020595 0.903515 2.630006 0.001806
 258.000000 0.013902 0.934964 2.743182 0.001346
 259.000000 0.012730 0.955148 2.765033 0.001321
 260.000000 0.017621 0.921224 2.635828 0.001390
 261.000000 0.011162 0.974897 2.833052 0.001089
 262.000000 0.019665 0.915476 2.637230 0.002057
 263.000000 0.010844 0.954762 2.645907 0.001121
 264.000000 0.008716 0.973325 2.675792 0.000727
 265.000000 0.010298 0.972949 2.808875 0.001192
 266.000000 0.011706 0.945429 2.625258 0.001152
 267.000000 0.010840 0.935410 2.624147 0.001105
 268.000000 0.013468 0.908611 2.518921 0.001550
 269.000000 0.011997 0.928851 2.579319 0.000992
 270.000000 0.013516 0.925249 2.609903 0.001150
 271.000000 0.014050 0.932812 2.708495 0.001504
 272.000000 0.015910 0.925994 2.691510 0.001550
 273.000000 0.016740 0.911197 2.610382 0.001778
 274.000000 0.011874 0.944073 2.688445 0.001603
 275.000000 0.015326 0.939729 2.741031 0.001493
 276.000000 0.012506 0.953776 2.761279 0.001270
 277.000000 0.012580 0.954260 2.766928 0.001346
 278.000000 0.015455 0.915399 2.561720 0.001359
 279.000000 0.014057 0.920784 2.650886 0.001381
 280.000000 0.012061 0.963885 2.749803 0.001174
 281.000000 0.013426 0.950080 2.683747 0.001303
 282.000000 0.014720 0.963096 2.806746 0.001441
 283.000000 0.014076 0.952070 2.713057 0.001246
 284.000000 0.011905 0.953304 2.685753 0.001054
 285.000000 0.014131 0.941609 2.695561 0.001381
 286.000000 0.010100 0.960265 2.746258 0.001160
 287.000000 0.016404 0.920379 2.637589 0.001628
 288.000000 0.008624 0.972182 2.747103 0.000660
 289.000000 0.012486 0.923302 2.533940 0.001120
 290.000000 0.013584 0.943039 2.662104 0.001385
 291.000000 0.011778 0.930788 2.487447 0.000945
 292.000000 0.015349 0.903269 2.459300 0.001388
 293.000000 0.014165 0.896147 2.363246 0.001125
 294.000000 0.020471 0.872358 2.403927 0.001977
 295.000000 0.013522 0.912193 2.517624 0.001214
 296.000000 0.013139 0.913805 2.447131 0.001227
 297.000000 0.015573 0.922271 2.619096 0.001454
 298.000000 0.011534 0.962769 2.610859 0.000992
 299.000000 0.011711 0.955630 2.657276 0.000930
 300.000000 0.013299 0.915683 2.386589 0.001120
 301.000000 0.017327 0.859008 2.189535 0.001374
 302.000000 0.015874 0.879475 2.319938 0.001488
 303.000000 0.009802 0.972246 2.723865 0.000890
 304.000000 0.011234 0.946051 2.662830 0.001125
 305.000000 0.016151 0.876789 2.321745 0.002051
 306.000000 0.022140 0.833963 2.074343 0.002981
 307.000000 0.027235 0.846397 2.278939 0.004536
 308.000000 0.019027 0.880206 2.371970 0.001983
 309.000000 0.020751 0.898675 2.536111 0.002586
 310.000000 0.021595 0.862205 2.393054 0.003066
 311.000000 0.027208 0.862320 2.242035 0.004005
 312.000000 0.021481 0.882811 2.487808 0.001686
 313.000000 0.022978 0.858288 2.322031 0.003207
 314.000000 0.038584 0.843495 2.154990 0.009286
 315.000000 0.022406 0.881605 2.286224 0.003112
 316.000000 0.036798 0.821258 2.065402 0.007849
 317.000000 0.022681 0.833766 2.032366 0.002421
 318.000000 0.023432 0.873303 2.404272 0.002105
 319.000000 0.016967 0.887381 2.408428 0.002283
 320.000000 0.027912 0.855956 2.391496 0.003615
 321.000000 0.019967 0.857503 2.212543 0.002285
 322.000000 0.029422 0.851423 2.288188 0.002789
 323.000000 0.027995 0.851383 2.342130 0.003069
 324.000000 0.023962 0.896273 2.385077 0.002864
 325.000000 0.026513 0.847873 2.186697 0.002108
 326.000000 0.027199 0.836699 2.111377 0.003597
 327.000000 0.026438 0.853957 2.379788 0.002488
 328.000000 0.027443 0.867901 2.439506 0.002952
 329.000000 0.023724 0.865295 2.363480 0.002106
 330.000000 0.018356 0.899300 2.471662 0.001925
 331.000000 0.026255 0.873159 2.428897 0.001889
 332.000000 0.031451 0.856103 2.311855 0.004559
 333.000000 0.024410 0.832308 2.145631 0.002831
 334.000000 0.021064 0.859056 2.237644 0.003405
 335.000000 0.038573 0.786455 1.874086 0.004867
 336.000000 0.031988 0.779656 1.736740 0.002675
 337.000000 0.020722 0.813252 1.720270 0.003953
 338.000000 0.027327 0.788085 1.727239 0.002410
 339.000000 0.021756 0.838067 2.094150 0.002015
 340.000000 0.026729 0.846319 2.105985 0.002089
 341.000000 0.022668 0.840299 2.152329 0.001532
 342.000000 0.017353 0.844589 2.009626 0.001845
 343.000000 0.025050 0.803073 1.907741 0.002497
 344.000000 0.024253 0.832904 2.180910 0.002157
 345.000000 0.029683 0.833542 2.135086 0.002715
 346.000000 0.020436 0.867193 2.181755 0.002719
 347.000000 0.030237 0.852708 2.214437 0.004402
 348.000000 0.021547 0.890917 2.396744 0.001701
 349.000000 0.017259 0.914300 2.628174 0.002247
 350.000000 0.014492 0.931150 2.611831 0.001679
 351.000000 0.016469 0.930769 2.608728 0.002043
 352.000000 0.014503 0.948982 2.781415 0.001775
 353.000000 0.015208 0.947148 2.744167 0.001880
 354.000000 0.015391 0.941591 2.703520 0.001948
 355.000000 0.015103 0.944733 2.762829 0.001804
 356.000000 0.020637 0.913109 2.611292 0.002576
 357.000000 0.022593 0.913212 2.630004 0.002412
 358.000000 0.019652 0.926837 2.684335 0.002280
 359.000000 0.016974 0.908190 2.597286 0.002102
 360.000000 0.019016 0.893768 2.575420 0.002365
 361.000000 0.015732 0.920126 2.548223 0.001776
 362.000000 0.015967 0.929281 2.661776 0.001450
 363.000000 0.020850 0.911899 2.686258 0.002484
 364.000000 0.014881 0.938133 2.758004 0.001732
 365.000000 0.019008 0.911490 2.672109 0.002658
 366.000000 0.019089 0.874195 2.470435 0.002187
 367.000000 0.017683 0.898888 2.558863 0.001813
 368.000000 0.012962 0.909942 2.527897 0.001097
 369.000000 0.014258 0.917122 2.516956 0.001435
 370.000000 0.011322 0.920383 2.518475 0.001208
 371.000000 0.022613 0.824539 1.962451 0.002449
 372.000000 0.022983 0.860651 2.295507 0.002061
 373.000000 0.043686 0.743758 1.659978 0.003256
 374.000000 0.027783 0.772358 1.646572 0.002360
 375.000000 0.026895 0.778672 1.722689 0.001874
 376.000000 0.030793 0.719325 1.405762 0.002220
 377.000000 0.038422 0.758555 1.541733 0.003597
 378.000000 0.066525 0.721259 1.417149 0.006977
 379.000000 0.061459 0.757790 1.668503 0.012927
 380.000000 0.060704 0.752640 1.689777 0.004729
 381.000000 0.059271 0.723482 1.469735 0.007521
 382.000000 0.060979 0.707937 1.399678 0.009671
 383.000000 0.063436 0.709857 1.416938 0.009095
 384.000000 0.054518 0.706611 1.345542 0.008883
 385.000000 0.054859 0.703979 1.401391 0.006099
 386.000000 0.055098 0.719876 1.584768 0.006291
 387.000000 0.068547 0.696758 1.409557 0.004104
 388.000000 0.038954 0.745209 1.746267 0.002860
 389.000000 0.055926 0.778675 1.981619 0.005470
 390.000000 0.040878 0.804275 2.027769 0.004996
 391.000000 0.050030 0.797828 1.971721 0.009154
 392.000000 0.043706 0.783705 1.916531 0.007003
 393.000000 0.052956 0.742581 1.748686 0.006435
 394.000000 0.058870 0.730613 1.645270 0.009019
 395.000000 0.071541 0.694799 1.475396 0.016750
 396.000000 0.076597 0.703813 1.499324 0.015683
 397.000000 0.070641 0.689140 1.327026 0.011807
 398.000000 0.058750 0.752529 1.720659 0.012868
 399.000000 0.056482 0.732098 1.622705 0.010678
 400.000000 0.054304 0.748061 1.655168 0.008018
 401.000000 0.049778 0.707834 1.514472 0.002451
 402.000000 0.056930 0.729939 1.637331 0.003510
 403.000000 0.062029 0.719614 1.559883 0.003445
 404.000000 0.061216 0.737527 1.533131 0.008812
 405.000000 0.066932 0.710678 1.250400 0.010646
 406.000000 0.053159 0.703280 1.269934 0.008983
 407.000000 0.075304 0.710837 1.400554 0.025905
 408.000000 0.062332 0.710743 1.476866 0.019647
 409.000000 0.045207 0.744840 1.730356 0.004686
 410.000000 0.068065 0.715012 1.681364 0.007125
 411.000000 0.053230 0.793736 2.101459 0.005903
 412.000000 0.037770 0.810673 2.002432 0.004793
 413.000000 0.026688 0.869693 2.224420 0.005219
 414.000000 0.050625 0.791335 1.871543 0.006477
 415.000000 0.033132 0.824939 2.093581 0.003684
 416.000000 0.048441 0.770772 1.856073 0.006130
 417.000000 0.055037 0.783023 1.945578 0.008758
 418.000000 0.041506 0.782856 1.879725 0.005527
 419.000000 0.045165 0.787839 1.941856 0.007272
 420.000000 0.046400 0.720991 1.663802 0.004995
 421.000000 0.048803 0.762477 1.853730 0.013764
 422.000000 0.044018 0.760615 1.868029 0.004588
 423.000000 0.060239 0.808552 2.021109 0.012868
 424.000000 0.077588 0.730639 1.812404 0.011624
 425.000000 0.067912 0.755326 1.787796 0.021819
 426.000000 0.063989 0.736513 1.633145 0.019128
 427.000000 0.065159 0.766781 1.794056 0.010777
 428.000000 0.065072 0.706178 1.399836 0.010643
 429.000000 0.061500 0.716188 1.551177 0.008781
 430.000000 0.070625 0.737855 1.725406 0.013096
 431.000000 0.048980 0.788692 1.906799 0.008339
 432.000000 0.050610 0.790992 1.980280 0.010567
 433.000000 0.053019 0.817596 2.171636 0.009743
 434.000000 0.062525 0.783521 1.998074 0.009025
 435.000000 0.046193 0.820082 2.208207 0.006374
 436.000000 0.054457 0.786752 1.994783 0.009958
 437.000000 0.043830 0.806119 2.055535 0.007167
 438.000000 0.034384 0.772068 1.926956 0.003204
 439.000000 0.057790 0.721950 1.690420 0.005649
 440.000000 0.052564 0.705296 1.530149 0.005523
 441.000000 0.048889 0.749070 1.684900 0.004738
 442.000000 0.040493 0.776474 1.834435 0.004860
 443.000000 0.071397 0.735584 1.792498 0.014172
 444.000000 0.050775 0.783329 2.074173 0.006294
 445.000000 0.044989 0.772108 1.891633 0.005205
 446.000000 0.071147 0.733264 1.822109 0.012569
 447.000000 0.072335 0.764535 1.900328 0.016020
 448.000000 0.059980 0.741044 1.855183 0.009173
 449.000000 0.054731 0.766430 1.917399 0.010222
 450.000000 0.061171 0.734626 1.726639 0.011375
 451.000000 0.069160 0.755744 1.709273 0.031129
 452.000000 0.038657 0.748938 1.662113 0.004428
 453.000000 0.025440 0.818589 1.851739 0.003670
 454.000000 0.021822 0.838028 2.038090 0.003331
 455.000000 0.046653 0.748509 1.627806 0.006961
 456.000000 0.050970 0.753478 1.709253 0.005120
 457.000000 0.032416 0.800913 1.948733 0.004600
 458.000000 0.027405 0.832321 2.033658 0.003740
 459.000000 0.053682 0.776591 1.900512 0.008942
 460.000000 0.045756 0.799501 2.098964 0.005570
 461.000000 0.017696 0.877433 2.317483 0.001880
 462.000000 0.027783 0.833846 2.254174 0.004263
 463.000000 0.017706 0.854449 2.261683 0.001738
 464.000000 0.021238 0.862968 2.468031 0.001983
 465.000000 0.013945 0.926861 2.678155 0.001500
 466.000000 0.020442 0.900661 2.618491 0.002438
 467.000000 0.012497 0.960508 2.795735 0.001296
 468.000000 0.010092 0.981146 2.813040 0.001008
 469.000000 0.010118 0.976706 2.807582 0.000900
 470.000000 0.017930 0.897824 2.453814 0.001946
 471.000000 0.020176 0.882789 2.396589 0.002078
 472.000000 0.018187 0.900428 2.562766 0.001819
 473.000000 0.017575 0.902433 2.490244 0.001912
 474.000000 0.014368 0.948835 2.718779 0.001739
 475.000000 0.017519 0.921459 2.656577 0.001750
 476.000000 0.015657 0.942397 2.746441 0.001672
 477.000000 0.014715 0.943692 2.742896 0.001372
 478.000000 0.013858 0.907103 2.471705 0.001306
 479.000000 0.014189 0.912005 2.538558 0.001417
 480.000000 0.014101 0.934304 2.722500 0.001341
 481.000000 0.011072 0.937426 2.525918 0.001079
 482.000000 0.017088 0.862600 2.196213 0.001620
 483.000000 0.020196 0.845902 2.304781 0.001485
 484.000000 0.020723 0.869374 2.399641 0.002200
 485.000000 0.017745 0.853625 2.279039 0.001526
 486.000000 0.013299 0.928766 2.577894 0.001233
 487.000000 0.014558 0.904505 2.510216 0.001280
 488.000000 0.014436 0.917705 2.607200 0.001186
 489.000000 0.013774 0.945265 2.696045 0.001362
 490.000000 0.016477 0.936279 2.728029 0.001582
 491.000000 0.014934 0.959285 2.862695 0.001489
 492.000000 0.011814 0.962668 2.810572 0.000998
 493.000000 0.014616 0.951902 2.736541 0.001500
 494.000000 0.015949 0.938954 2.703988 0.001568
 495.000000 0.011219 0.970704 2.796225 0.001120
 496.000000 0.013960 0.919353 2.562172 0.001245
 497.000000 0.013417 0.944398 2.749386 0.001105
 498.000000 0.010582 0.950853 2.637421 0.000925
 499.000000 0.034504 0.820941 2.316213 0.002707
 500.000000 0.023372 0.858829 2.286204 0.003538
