#! FIELDS time alpha rg e2e hbond
 0.000000 0.004911 1.077877 3.190237 0.000460
 1.000000 0.007732 1.003174 2.897426 0.000852
 2.000000 0.009868 0.981450 2.796412 0.001431
 3.000000 0.016295 0.931619 2.662755 0.002395
 4.000000 0.011944 0.951531 2.640705 0.001459
 5.000000 0.010924 0.948502 2.543938 0.001261
 6.000000 0.017043 0.892374 2.462855 0.001381
 7.000000 0.018850 0.904204 2.550495 0.002226
 8.000000 0.036163 0.828761 2.307655 0.003184
 9.000000 0.022379 0.867711 2.440563 0.001630
 10.000000 0.030981 0.848137 2.441774 0.002032
 11.000000 0.026763 0.845483 2.326097 0.001781
 12.000000 0.035574 0.748828 1.799848 0.002601
 13.000000 0.030462 0.725364 1.516024 0.001769
 14.000000 0.057564 0.686070 1.471943 0.004673
 15.000000 0.034473 0.756403 1.611291 0.004117
 16.000000 0.047733 0.709106 1.483672 0.006902
 17.000000 0.057222 0.693796 1.529575 0.009217
 18.000000 0.056438 0.707468 1.474220 0.017960
 19.000000 0.082225 0.713832 1.708747 0.015168
 20.000000 0.071949 0.743475 1.815995 0.006395
 21.000000 0.038418 0.835541 2.276175 0.003718
 22.000000 0.042544 0.799730 2.086385 0.004750
 23.000000 0.037468 0.834368 2.324724 0.004649
 24.000000 0.053723 0.812723 2.307290 0.005930
 25.000000 0.039562 0.818924 2.250028 0.005286
 26.000000 0.028912 0.833481 2.155753 0.003282
 27.000000 0.070291 0.811294 2.272954 0.009979
 28.000000 0.099972 0.762738 2.002829 0.015436
 29.000000 0.054142 0.798538 2.022009 0.006557
 30.000000 0.039910 0.804497 2.056793 0.003609
 31.000000 0.027569 0.822207 2.108470 0.002229
 32.000000 0.036206 0.805400 2.083674 0.004430
 33.000000 0.018588 0.877704 2.359105 0.002137
 34.000000 0.016122 0.884938 2.422906 0.001452
 35.000000 0.011770 0.933368 2.566088 0.001597
 36.000000 0.008982 0.961016 2.610470 0.000944
 37.000000 0.011689 0.949625 2.665240 0.001395
 38.000000 0.015604 0.904305 2.508570 0.001544
 39.000000 0.009618 0.977064 2.759440 0.000745
 40.000000 0.013471 0.921534 2.597563 0.001310
 41.000000 0.021359 0.850562 2.301544 0.002111
 42.000000 0.010911 0.930548 2.478571 0.000930
 43.000000 0.013944 0.943453 2.734284 0.001387
 44.000000 0.012281 0.951630 2.791227 0.001267
 45.000000 0.014390 0.938382 2.679899 0.001394
 46.000000 0.014715 0.939254 2.613022 0.001603
 47.000000 0.011102 0.966077 2.778597 0.000935
 48.000000 0.012315 0.931897 2.595227 0.001093
 49.000000 0.012677 0.937832 2.635391 0.001256
 50.000000 0.011510 0.947125 2.716471 0.001206
 51.000000 0.008863 0.986037 2.758855 0.000816
 52.000000 0.012063 0.926147 2.553083 0.001097
 53.000000 0.009304 0.978186 2.646429 0.000770
 54.000000 0.013727 0.953010 2.643077 0.001213
 55.000000 0.014604 0.926338 2.551549 0.001306
 56.000000 0.017525 0.909595 2.518497 0.001746
 57.000000 0.013877 0.940817 2.624564 0.001279
 58.000000 0.009588 0.937091 2.476229 0.000866
 59.000000 0.013123 0.918005 2.487345 0.001412
 60.000000 0.017108 0.902432 2.433248 0.001637
 61.000000 0.012480 0.934671 2.642425 0.000975
 62.000000 0.014927 0.904459 2.445427 0.001283
 63.000000 0.008575 0.975652 2.781902 0.000781
 64.000000 0.013766 0.927536 2.595397 0.001080
 65.000000 0.016721 0.920704 2.557358 0.001156
 66.000000 0.010625 0.961458 2.761457 0.000992
 67.000000 0.016199 0.898645 2.513189 0.001410
 68.000000 0.015205 0.909677 2.490307 0.001442
 69.000000 0.015514 0.921876 2.628536 0.001819
 70.000000 0.013389 0.948471 2.733651 0.001194
 71.000000 0.014262 0.944278 2.700350 0.001213
 72.000000 0.014294 0.947861 2.678047 0.001437
 73.000000 0.024373 0.902206 2.580360 0.002714
 74.000000 0.029133 0.868843 2.476386 0.004001
 75.000000 0.017206 0.904411 2.580733 0.001629
 76.000000 0.021815 0.905866 2.505756 0.002296
 77.000000 0.020132 0.902675 2.366250 0.002263
 78.000000 0.024871 0.872496 2.296578 0.003163
 79.000000 0.038115 0.837509 2.148442 0.003941
 80.000000 0.020992 0.884970 2.331518 0.003201
 81.000000 0.023408 0.867220 2.241231 0.002514
 82.000000 0.015388 0.913336 2.503563 0.001370
 83.000000 0.015755 0.920136 2.575119 0.001698
 84.000000 0.014925 0.920222 2.609302 0.001928
 85.000000 0.013545 0.900127 2.347030 0.001522
 86.000000 0.018511 0.885630 2.349949 0.002192
 87.000000 0.014558 0.898033 2.395193 0.002112
 88.000000 0.018749 0.850460 2.143700 0.002299
 89.000000 0.017998 0.848699 2.208755 0.001806
 90.000000 0.031392 0.789911 1.808729 0.003407
 91.000000 0.019699 0.827642 2.042329 0.001873
 92.000000 0.021578 0.828146 2.010436 0.002032
 93.000000 0.023346 0.788281 1.698849 0.001965
 94.000000 0.036154 0.783167 1.755002 0.001805
 95.000000 0.026634 0.774866 1.650421 0.002312
 96.000000 0.025854 0.794384 1.751065 0.002371
 97.000000 0.029598 0.768931 1.626049 0.002010
 98.000000 0.043689 0.772132 1.753308 0.004107
 99.000000 0.037812 0.827111 2.025454 0.005164
 100.000000 0.040461 0.778361 1.892873 0.003092
 101.000000 0.024053 0.843071 2.095200 0.002118
 102.000000 0.051735 0.815729 2.184351 0.006863
 103.000000 0.065704 0.798980 2.144236 0.013121
 104.000000 0.053420 0.818032 2.061936 0.007472
 105.000000 0.105538 0.797002 1.880632 0.017827
 106.000000 0.073499 0.764239 1.682912 0.007040
 107.000000 0.080824 0.782779 1.778620 0.021147
 108.000000 0.061764 0.802242 1.976213 0.009853
 109.000000 0.038292 0.818125 1.986385 0.006974
 110.000000 0.063844 0.795208 1.898139 0.009636
 111.000000 0.057309 0.787059 1.738760 0.006583
 112.000000 0.060186 0.786965 1.787635 0.013393
 113.000000 0.053387 0.770986 1.814774 0.005357
 114.000000 0.081736 0.758255 1.758663 0.014041
 115.000000 0.094286 0.772543 1.932398 0.015966
 116.000000 0.069955 0.819947 2.150528 0.012364
 117.000000 0.059994 0.822812 2.178599 0.007748
 118.000000 0.067867 0.840777 2.298447 0.013619
 119.000000 0.053868 0.829920 2.240725 0.006761
 120.000000 0.023608 0.861101 2.297094 0.002712
 121.000000 0.130728 0.786385 2.049552 0.247057
 122.000000 0.124485 0.794495 2.057377 0.410459
 123.000000 0.076816 0.760447 1.916906 0.028067
 124.000000 0.082419 0.783562 2.068203 0.044280
 125.000000 0.189900 0.757347 1.974651 0.388171
 126.000000 0.131854 0.795167 2.087285 0.294302
 127.000000 0.253312 0.741998 1.988123 0.168255
 128.000000 0.134085 0.776485 2.044472 0.542889
 129.000000 0.175637 0.789328 2.012104 0.352178
 130.000000 0.192791 0.760401 1.912321 0.508644
 131.000000 0.172062 0.760499 1.890646 0.746063
 132.000000 0.153444 0.765755 1.828096 0.794417
 133.000000 0.126569 0.744102 1.722235 0.656879
 134.000000 0.105783 0.750182 1.670310 0.915150
 135.000000 0.146828 0.748863 1.769140 0.472708
 136.000000 0.169696 0.768620 1.897573 0.233056
 137.000000 0.186718 0.745543 1.816831 0.905529
 138.000000 0.117297 0.755462 1.803362 0.881094
 139.000000 0.189298 0.753296 1.817975 0.649613
 140.000000 0.195446 0.756359 1.872681 0.228738
 141.000000 0.034879 0.818209 2.136610 0.017863
 142.000000 0.037364 0.854325 2.415803 0.008819
 143.000000 0.048135 0.830466 2.229043 0.023334
 144.000000 0.038349 0.828130 2.280411 0.012652
 145.000000 0.036538 0.832732 2.333341 0.008719
 146.000000 0.061210 0.823964 2.244471 0.045667
 147.000000 0.041786 0.846682 2.349973 0.008317
 148.000000 0.039290 0.844849 2.336243 0.012629
 149.000000 0.025433 0.863187 2.383332 0.004589
 150.000000 0.031039 0.861672 2.438759 0.005274
 151.000000 0.065724 0.832759 2.279587 0.024363
 152.000000 0.039181 0.855092 2.286172 0.009009
 153.000000 0.031947 0.862855 2.415312 0.006472
 154.000000 0.026707 0.879933 2.490159 0.005472
 155.000000 0.051572 0.824372 2.235220 0.017005
 156.000000 0.040205 0.815705 2.106959 0.008628
 157.000000 0.020694 0.876431 2.368316 0.006039
 158.000000 0.031547 0.848839 2.342383 0.004712
 159.000000 0.036299 0.858278 2.407941 0.010809
 160.000000 0.030988 0.859306 2.410661 0.011387
 161.000000 0.032245 0.872934 2.342534 0.023007
 162.000000 0.038364 0.831368 2.281438 0.013945
 163.000000 0.041281 0.835483 2.334364 0.008441
 164.000000 0.064720 0.816384 2.174577 0.055022
 165.000000 0.028152 0.846578 2.287597 0.005803
 166.000000 0.052064 0.830869 2.153632 0.018093
 167.000000 0.066406 0.773646 2.049002 0.022992
 168.000000 0.045786 0.820529 2.165384 0.023155
 169.000000 0.048364 0.814243 2.147347 0.012770
 170.000000 0.051186 0.781432 1.954092 0.032023
 171.000000 0.056566 0.735912 1.863515 0.010759
 172.000000 0.049623 0.764889 2.042948 0.009973
 173.000000 0.039552 0.789476 1.986163 0.007235
 174.000000 0.037118 0.792213 2.098781 0.007774
 175.000000 0.055460 0.786154 2.165289 0.027187
 176.000000 0.071635 0.794873 2.149157 0.036156
 177.000000 0.064260 0.730269 1.954646 0.014368
 178.000000 0.074327 0.740010 1.921538 0.016288
 179.000000 0.087629 0.724337 1.860766 0.200444
 180.000000 0.085096 0.746382 1.919513 0.053099
 181.000000 0.186965 0.746341 1.921110 0.486581
 182.000000 0.151531 0.744389 1.677208 0.795102
 183.000000 0.137364 0.718323 1.538340 0.779058
 184.000000 0.188179 0.702534 1.494725 0.849971
 185.000000 0.191783 0.725525 1.713785 0.667690
 186.000000 0.152287 0.713220 1.574127 0.866947
 187.000000 0.175075 0.750929 1.773101 0.593249
 188.000000 0.081009 0.767027 1.549392 0.263929
 189.000000 0.129080 0.799529 1.897734 0.666327
 190.000000 0.284448 0.801728 2.029965 0.129891
 191.000000 0.228993 0.783701 1.769218 0.177857
 192.000000 0.153804 0.766790 1.765438 0.314938
 193.000000 0.183785 0.779499 1.923306 0.647913
 194.000000 0.115415 0.739461 1.844491 0.715760
 195.000000 0.159966 0.764426 1.942670 0.791236
 196.000000 0.234917 0.757993 1.869940 0.767311
 197.000000 0.141937 0.785498 1.850329 0.338732
 198.000000 0.192932 0.759094 1.842305 0.684450
 199.000000 0.124743 0.749669 1.682329 0.380573
 200.000000 0.213619 0.754398 1.752781 0.204627
 201.000000 0.252265 0.753841 1.958750 0.669123
 202.000000 0.169366 0.758896 2.017546 0.623601
 203.000000 0.201880 0.792188 2.158160 0.308405
 204.000000 0.197983 0.793817 2.112317 0.360798
 205.000000 0.176341 0.787894 2.103059 0.061087
 206.000000 0.059620 0.805814 2.061413 0.048253
 207.000000 0.120332 0.803106 2.096322 0.070633
 208.000000 0.163304 0.728865 1.673493 0.694361
 209.000000 0.192838 0.737696 1.707189 0.159515
 210.000000 0.160220 0.707782 1.282884 0.333402
 211.000000 0.227788 0.724223 1.590275 0.598286
 212.000000 0.134655 0.730548 1.659820 0.833563
 213.000000 0.132271 0.745478 1.624082 0.858640
 214.000000 0.160264 0.745291 1.788780 0.278926
 215.000000 0.187974 0.742390 1.775096 0.619883
 216.000000 0.134241 0.742140 1.634581 0.402900
 217.000000 0.189012 0.749722 1.872300 0.804507
 218.000000 0.170068 0.745565 1.788338 0.272064
 219.000000 0.143920 0.757726 1.765698 0.446017
 220.000000 0.265087 0.734218 1.762642 0.110967
 221.000000 0.255867 0.705622 1.500787 0.200135
 222.000000 0.194258 0.733683 1.712726 0.906526
 223.000000 0.164108 0.764168 1.878657 0.774928
 224.000000 0.170909 0.756668 1.815351 0.860774
 225.000000 0.207964 0.789766 2.032507 0.077877
 226.000000 0.287810 0.765926 1.966103 0.268381
 227.000000 0.210543 0.760097 2.061407 0.306363
 228.000000 0.195920 0.777071 2.092579 0.257560
 229.000000 0.185367 0.760898 1.928582 0.142472
 230.000000 0.177128 0.772160 1.981395 0.142354
 231.000000 0.222019 0.773113 1.997136 0.134431
 232.000000 0.203585 0.793148 2.145723 0.285108
 233.000000 0.306592 0.764606 1.991017 0.167113
 234.000000 0.191423 0.731758 1.769073 0.828813
 235.000000 0.228298 0.745744 1.744075 0.730039
 236.000000 0.137444 0.796270 2.004380 0.069143
 237.000000 0.245624 0.756959 1.894089 0.143263
 238.000000 0.077978 0.803574 2.254995 0.017616
 239.000000 0.078274 0.787100 2.172716 0.018262
 240.000000 0.046264 0.784693 1.965654 0.019308
 241.000000 0.038055 0.832025 2.292096 0.005251
 242.000000 0.026132 0.866665 2.148998 0.002445
 243.000000 0.024403 0.842138 2.103157 0.002364
 244.000000 0.019646 0.864683 2.299645 0.002117
 245.000000 0.019285 0.852380 2.232132 0.001829
 246.000000 0.017351 0.852250 2.252300 0.001703
 247.000000 0.015352 0.893184 2.423298 0.001846
 248.000000 0.014968 0.863089 2.315347 0.001673
 249.000000 0.017439 0.853290 2.179031 0.001960
 250.000000 0.019462 0.849897 2.105369 0.002260
 251.000000 0.011878 0.930076 2.538213 0.001346
 252.000000 0.013090 0.948237 2.721047 0.001464
 253.000000 0.020734 0.905531 2.548016 0.001792
 254.000000 0.015302 0.922824 2.497571 0.001794
 255.000000 0.015448 0.924742 2.467494 0.001562
 256.000000 0.022787 0.868453 2.277850 0.002129
 257.000000 0.020561 0.877545 2.400231 0.002113
 258.000000 0.023063 0.867470 2.210716 0.002278
 259.000000 0.019902 0.894544 2.366711 0.001801
 260.000000 0.016832 0.913466 2.518486 0.001536
 261.000000 0.013203 0.935676 2.550260 0.001150
 262.000000 0.017476 0.897324 2.386331 0.001342
 263.000000 0.022013 0.897645 2.514095 0.001642
 264.000000 0.016712 0.904444 2.361071 0.001300
 265.000000 0.013278 0.927898 2.538538 0.001090
 266.000000 0.020244 0.895315 2.279971 0.001538
 267.000000 0.022436 0.876141 2.207261 0.002141
 268.000000 0.019588 0.888381 2.207088 0.001534
 269.000000 0.022696 0.891027 2.230032 0.001656
 270.000000 0.020607 0.901152 2.386130 0.001824
 271.000000 0.019110 0.911080 2.481862 0.001691
 272.000000 0.020484 0.900325 2.610811 0.002197
 273.000000 0.021683 0.896154 2.485808 0.001946
 274.000000 0.012087 0.965895 2.745113 0.001216
 275.000000 0.013475 0.954661 2.669787 0.001520
 276.000000 0.033022 0.876075 2.441324 0.004371
 277.000000 0.012723 0.940999 2.660277 0.001435
 278.000000 0.023724 0.879988 2.366308 0.002779
 279.000000 0.016396 0.931451 2.501877 0.001525
 280.000000 0.016541 0.922508 2.620698 0.001647
 281.000000 0.017175 0.922272 2.491812 0.001631
 282.000000 0.009493 0.975493 2.766919 0.001073
 283.000000 0.013042 0.944345 2.582577 0.001076
 284.000000 0.016059 0.936051 2.651807 0.001526
 285.000000 0.014528 0.941049 2.729044 0.001825
 286.000000 0.015559 0.948555 2.734894 0.002090
 287.000000 0.009888 0.958222 2.703196 0.000995
 288.000000 0.018513 0.887545 2.371010 0.001553
 289.000000 0.036159 0.863879 2.378014 0.002189
 290.000000 0.025830 0.856647 2.367866 0.001912
 291.000000 0.023279 0.876616 2.464018 0.001367
 292.000000 0.093799 0.841497 2.338560 0.017074
 293.000000 0.073249 0.844262 2.438793 0.018282
 294.000000 0.073876 0.823630 2.105713 0.011418
 295.000000 0.143973 0.828544 2.296142 0.035144
 296.000000 0.678396 0.752619 2.084682 0.436723
 297.000000 0.494676 0.781167 2.209721 0.154474
 298.000000 0.271065 0.785279 2.219287 0.147786
 299.000000 0.541630 0.764382 2.198183 0.407183
 300.000000 0.329521 0.758340 2.120175 0.384067
 301.000000 0.234498 0.744863 1.978020 0.057522
 302.000000 0.420646 0.706415 1.823148 0.065374
 303.000000 0.217191 0.765910 2.017060 0.031287
 304.000000 0.048611 0.785790 1.925369 0.004421
 305.000000 0.076514 0.750718 1.880644 0.004869
 306.000000 0.048522 0.775061 1.739258 0.003853
 307.000000 0.037321 0.798996 1.775581 0.003820
 308.000000 0.042193 0.779671 1.657287 0.003630
 309.000000 0.063966 0.750685 1.363146 0.010679
 310.000000 0.058089 0.724743 1.205092 0.068284
 311.000000 0.045685 0.749075 1.238103 0.010580
 312.000000 0.045029 0.765522 1.490378 0.003385
 313.000000 0.045450 0.804372 1.789067 0.004014
 314.000000 0.049252 0.801498 1.843760 0.006624
 315.000000 0.048748 0.814896 1.870978 0.004391
 316.000000 0.051481 0.765129 1.621556 0.004795
 317.000000 0.099372 0.765429 1.790597 0.214262
 318.000000 0.085485 0.786136 1.847878 0.033745
 319.000000 0.094575 0.758050 1.794884 0.729012
 320.000000 0.150783 0.746310 1.825202 0.204416
 321.000000 0.150509 0.757630 1.882820 0.467762
 322.000000 0.144383 0.753871 1.876820 0.088018
 323.000000 0.213613 0.780539 1.957389 0.094490
 324.000000 0.150443 0.794990 1.936003 0.782868
 325.000000 0.164745 0.805829 2.068410 0.558420
 326.000000 0.167907 0.717815 1.613823 0.808774
 327.000000 0.117353 0.774750 1.732839 0.892634
 328.000000 0.166753 0.757328 1.672267 0.877958
 329.000000 0.199542 0.785224 1.955047 0.646871
 330.000000 0.162972 0.789171 1.803046 0.739237
 331.000000 0.112748 0.807454 1.996168 0.065471
 332.000000 0.074408 0.770905 1.983646 0.035554
 333.000000 0.047646 0.748405 1.989661 0.010429
 334.000000 0.055904 0.790795 2.090505 0.049592
 335.000000 0.047063 0.834723 2.348751 0.012908
 336.000000 0.033904 0.825095 2.276335 0.013007
 337.000000 0.049479 0.811558 2.123860 0.047097
 338.000000 0.027748 0.847648 2.327042 0.007762
 339.000000 0.017768 0.891626 2.414299 0.004147
 340.000000 0.025664 0.829517 2.030224 0.004488
 341.000000 0.022765 0.849533 1.988063 0.003085
 342.000000 0.027721 0.818991 1.816292 0.004278
 343.000000 0.023915 0.802532 1.666797 0.003572
 344.000000 0.028198 0.804250 1.681424 0.003401
 345.000000 0.029888 0.756623 1.384874 0.006099
 346.000000 0.027937 0.772853 1.593461 0.005634
 347.000000 0.030138 0.853580 2.056163 0.012409
 348.000000 0.028599 0.857712 2.194160 0.005970
 349.000000 0.026737 0.855170 2.003832 0.012201
 350.000000 0.037601 0.829371 2.020872 0.011300
 351.000000 0.022702 0.871885 2.088921 0.004747
 352.000000 0.020498 0.878933 2.300420 0.003788
 353.000000 0.029577 0.847862 2.160325 0.010620
 354.000000 0.028346 0.850770 2.174138 0.006428
 355.000000 0.036831 0.827066 1.996788 0.013698
 356.000000 0.032026 0.856197 2.138524 0.009002
 357.000000 0.025308 0.866428 2.210553 0.005158
 358.000000 0.023376 0.863367 2.179254 0.004748
 359.000000 0.025731 0.853357 2.130317 0.004688
 360.000000 0.021859 0.889325 2.312156 0.007355
 361.000000 0.027722 0.853062 2.129170 0.006329
 362.000000 0.033604 0.835700 2.091303 0.007258
 363.000000 0.028008 0.828735 1.904086 0.005043
 364.000000 0.037133 0.791348 1.635927 0.006038
 365.000000 0.045978 0.758989 1.564336 0.006577
 366.000000 0.028584 0.848205 1.938519 0.004824
 367.000000 0.037125 0.762253 1.564606 0.005070
 368.000000 0.032830 0.780076 1.687055 0.004541
 369.000000 0.043564 0.761400 1.493611 0.004291
 370.000000 0.073724 0.663137 1.028518 0.007193
 371.000000 0.082653 0.682599 1.157098 0.007183
 372.000000 0.068052 0.677137 1.028257 0.003849
 373.000000 0.056777 0.690848 1.038778 0.003152
 374.000000 0.084811 0.617662 0.776276 0.008191
 375.000000 0.094868 0.630430 0.887834 0.010125
 376.000000 0.103077 0.597473 0.721544 0.010957
 377.000000 0.089480 0.603962 0.589381 0.007505
 378.000000 0.091860 0.618314 0.735844 0.013760
 379.000000 0.086278 0.629974 0.757318 0.007520
 380.000000 0.084239 0.592085 0.797669 0.013662
 381.000000 0.110197 0.593048 0.936009 0.019011
 382.000000 0.080055 0.572692 0.759227 0.019917
 383.000000 0.109640 0.622526 0.836182 0.012512
 384.000000 0.083468 0.607367 0.728075 0.007259
 385.000000 0.100032 0.585349 0.846545 0.026665
 386.000000 0.096782 0.591872 0.801292 0.020510
 387.000000 0.092531 0.590293 0.940175 0.017626
 388.000000 0.089499 0.584139 0.934702 0.013521
 389.000000 0.093345 0.572398 0.866968 0.020922
 390.000000 0.076241 0.578309 0.892532 0.013983
 391.000000 0.079174 0.565470 0.829424 0.016536
 392.000000 0.070354 0.565570 0.923875 0.011991
 393.000000 0.090676 0.556731 0.948254 0.020648
 394.000000 0.086688 0.547016 0.878559 0.018062
 395.000000 0.080897 0.570810 0.893748 0.017905
 396.000000 0.088462 0.560671 0.926094 0.013416
 397.000000 0.081268 0.597499 0.826778 0.013591
 398.000000 0.091559 0.597021 0.829165 0.011292
 399.000000 0.098063 0.567252 0.659338 0.012381
 400.000000 0.094255 0.574774 0.603096 0.014453
 401.000000 0.094448 0.567477 0.560899 0.017413
 402.000000 0.079500 0.591763 0.614600 0.011064
 403.000000 0.089154 0.590544 0.812388 0.020565
 404.000000 0.098024 0.577282 0.645994 0.016863
 405.000000 0.096434 0.569300 0.637510 0.017822
 406.000000 0.095078 0.568800 0.767642 0.030365
 407.000000 0.112246 0.582429 0.758489 0.017877
 408.000000 0.100260 0.573191 0.642332 0.023513
 409.000000 0.089754 0.575246 0.610306 0.016854
 410.000000 0.095604 0.573253 0.596632 0.015319
 411.000000 0.095363 0.556059 0.699360 0.019414
 412.000000 0.091111 0.573695 0.741546 0.018298
 413.000000 0.100725 0.567102 0.719675 0.021165
 414.000000 0.092279 0.569802 0.575106 0.015606
 415.000000 0.089554 0.595755 0.595619 0.014986
 416.000000 0.089853 0.575673 0.540427 0.019730
 417.000000 0.083581 0.575335 0.623866 0.021812
 418.000000 0.089366 0.597303 0.770244 0.017920
 419.000000 0.086742 0.587922 0.694453 0.014905
 420.000000 0.103699 0.590976 0.716749 0.014463
 421.000000 0.073233 0.596205 0.587127 0.011743
 422.000000 0.104747 0.591186 0.527213 0.012978
 423.000000 0.081792 0.598679 0.499350 0.008671
 424.000000 0.072531 0.658231 1.004679 0.005463
 425.000000 0.076048 0.665452 0.927277 0.005225
 426.000000 0.038132 0.666081 0.832530 0.003563
 427.000000 0.074377 0.650832 0.895996 0.008637
 428.000000 0.075551 0.643860 1.005157 0.005456
 429.000000 0.091888 0.597196 0.908981 0.019911
 430.000000 0.082734 0.605380 0.850396 0.010435
 431.000000 0.082844 0.594326 0.820006 0.015320
 432.000000 0.107515 0.600714 1.023199 0.037025
 433.000000 0.106752 0.599216 0.982751 0.036356
 434.000000 0.091113 0.594071 1.131872 0.035040
 435.000000 0.087765 0.577523 0.925833 0.013521
 436.000000 0.104622 0.561318 0.678635 0.030353
 437.000000 0.113867 0.570327 0.524268 0.025697
 438.000000 0.129954 0.563129 0.559626 0.064799
 439.000000 0.154519 0.558077 0.570410 0.386702
 440.000000 0.167459 0.547418 0.417471 0.401401
 441.000000 0.144386 0.553677 0.394200 0.270892
 442.000000 0.144492 0.562927 0.488321 0.099409
 443.000000 0.124023 0.562818 0.522229 0.260497
 444.000000 0.147696 0.557289 0.567585 0.193782
 445.000000 0.129573 0.544477 0.539909 0.456149
 446.000000 0.132455 0.593206 0.631133 0.119351
 447.000000 0.114980 0.579639 0.561368 0.078755
 448.000000 0.122471 0.586155 0.611860 0.055264
 449.000000 0.157102 0.581221 0.691145 0.204505
 450.000000 0.166610 0.589575 0.678263 0.232378
 451.000000 0.174713 0.587847 0.641314 0.252040
 452.000000 0.178573 0.582720 0.630605 0.672416
 453.000000 0.112966 0.597824 0.666139 0.035077
 454.000000 0.108369 0.594148 0.728303 0.293010
 455.000000 0.151155 0.593588 0.914820 0.753915
 456.000000 0.117827 0.572454 0.808612 0.657269
 457.000000 0.128308 0.565436 0.933346 0.288979
 458.000000 0.138450 0.563085 0.893643 0.637563
 459.000000 0.181030 0.586790 1.017955 0.199163
 460.000000 0.171878 0.634463 1.078119 0.129469
 461.000000 0.279288 0.640040 1.264202 0.738445
 462.000000 0.153615 0.641306 1.175333 0.364191
 463.000000 0.095420 0.633434 0.936305 0.019630
 464.000000 0.074196 0.694534 1.323525 0.009451
 465.000000 0.096442 0.621640 0.703268 0.011688
 466.000000 0.170370 0.579451 0.586902 0.064966
 467.000000 0.095757 0.606943 0.636080 0.023206
 468.000000 0.121038 0.623454 1.075063 0.115492
 469.000000 0.165850 0.592041 0.963310 0.129159
 470.000000 0.169193 0.608242 0.940352 0.114140
 471.000000 0.186044 0.607158 0.901157 0.052727
 472.000000 0.186079 0.595781 0.892716 0.135611
 473.000000 0.185926 0.574270 0.664678 0.336130
 474.000000 0.137056 0.592127 0.680681 0.229201
 475.000000 0.176366 0.596966 0.715923 0.160864
 476.000000 0.125339 0.588871 0.599908 0.076764
 477.000000 0.158833 0.563933 0.569993 0.082091
 478.000000 0.127544 0.578288 0.463488 0.091859
 479.000000 0.111641 0.593218 0.575293 0.047326
 480.000000 0.145190 0.570254 0.542042 0.262864
 481.000000 0.125005 0.563487 0.414966 0.064040
 482.000000 0.147925 0.550016 0.533397 0.393311
 483.000000 0.138536 0.552084 0.490422 0.394863
 484.000000 0.130711 0.558215 0.564419 0.139401
 485.000000 0.098299 0.573957 0.546750 0.133069
 486.000000 0.118938 0.547313 0.673469 0.463364
 487.000000 0.112249 0.549293 0.602948 0.123263
 488.000000 0.129968 0.537853 0.637378 0.582418
 489.000000 0.111080 0.552156 0.668746 0.271323
 490.000000 0.123379 0.554188 0.507095 0.399554
 491.000000 0.131713 0.551237 0.529470 0.620534
 492.000000 0.106572 0.551560 0.572483 0.238127
 493.000000 0.128714 0.543830 0.486956 0.693439
 494.000000 0.087631 0.566596 0.490010 0.052142
 495.000000 0.123812 0.546102 0.506163 0.162986
 496.000000 0.135281 0.545761 0.511691 0.291074
 497.000000 0.111479 0.560828 0.544078 0.212597
 498.000000 0.106208 0.556028 0.655643 0.509075
 499.000000 0.098074 0.549840 0.531143 0.318970
 500.000000 0.092353 0.556355 0.848548 0.652999
