#! FIELDS time alpha rg e2e hbond
 0.000000 0.109581 0.679210 1.584623 0.010454
 1.000000 0.111626 0.669819 1.576958 0.008572
 2.000000 0.142419 0.634855 1.519218 0.012585
 3.000000 0.082030 0.637726 1.112402 0.005804
 4.000000 0.127961 0.630376 1.017685 0.006892
 5.000000 0.086521 0.638686 0.828302 0.004010
 6.000000 0.088849 0.614524 0.660807 0.005135
 7.000000 0.112851 0.613863 0.638480 0.009209
 8.000000 0.108058 0.614886 0.730160 0.006899
 9.000000 0.122781 0.620443 0.841552 0.011671
 10.000000 0.052658 0.691667 1.111752 0.004388
 11.000000 0.062279 0.718988 1.363714 0.005384
 12.000000 0.063636 0.709903 1.343431 0.004252
 13.000000 0.052901 0.723557 1.485087 0.003975
 14.000000 0.045251 0.741949 1.400359 0.003525
 15.000000 0.045653 0.727230 1.309919 0.002862
 16.000000 0.055623 0.704840 1.240713 0.003565
 17.000000 0.071392 0.705788 1.202835 0.005597
 18.000000 0.046945 0.755169 1.545460 0.003540
 19.000000 0.091376 0.673105 1.213824 0.005064
 20.000000 0.042400 0.760930 1.591288 0.004660
 21.000000 0.046132 0.759471 1.899219 0.004193
 22.000000 0.105219 0.734490 1.716067 0.013992
 23.000000 0.348661 0.691842 1.685699 0.149260
 24.000000 0.442989 0.684680 1.809712 0.133974
 25.000000 0.434597 0.727845 2.150033 0.125088
 26.000000 0.390201 0.729522 2.130893 0.280961
 27.000000 0.229479 0.740023 2.062699 0.053210
 28.000000 0.116216 0.769653 2.155033 0.011112
 29.000000 0.064912 0.756620 1.883775 0.010507
 30.000000 0.066196 0.803568 2.211387 0.010680
 31.000000 0.171009 0.724745 1.858165 0.080694
 32.000000 0.076099 0.745332 1.845252 0.013824
 33.000000 0.188680 0.709032 1.835682 0.076907
 34.000000 0.163528 0.723509 1.952945 0.022532
 35.000000 0.094302 0.728829 1.830664 0.014198
 36.000000 0.076210 0.765708 2.010601 0.011905
 37.000000 0.073599 0.776450 2.051579 0.009328
 38.000000 0.079488 0.752450 1.926681 0.014393
 39.000000 0.138539 0.678498 1.526834 0.025581
 40.000000 0.136549 0.767890 2.135021 0.032479
 41.000000 0.044721 0.779444 1.928903 0.008878
 42.000000 0.035458 0.812660 2.094093 0.005817
 43.000000 0.047790 0.821299 2.264055 0.007341
 44.000000 0.041354 0.842486 2.394231 0.008565
 45.000000 0.021231 0.901935 2.565526 0.003577
 46.000000 0.016326 0.905138 2.501859 0.001866
 47.000000 0.017695 0.890499 2.476228 0.002569
 48.000000 0.018436 0.881640 2.436765 0.002210
 49.000000 0.017259 0.895743 2.487745 0.002262
 50.000000 0.016343 0.895226 2.450601 0.002365
 51.000000 0.015783 0.906032 2.535417 0.001990
 52.000000 0.020902 0.869953 2.467002 0.002190
 53.000000 0.015375 0.907693 2.524598 0.001724
 54.000000 0.017534 0.902326 2.582737 0.002383
 55.000000 0.020598 0.879365 2.469118 0.003281
 56.000000 0.018842 0.890846 2.513378 0.003950
 57.000000 0.017872 0.865766 2.348053 0.002462
 58.000000 0.019267 0.853810 2.150624 0.003994
 59.000000 0.014990 0.874649 2.171664 0.001407
 60.000000 0.022157 0.853365 2.304957 0.002447
 61.000000 0.023257 0.892724 2.532788 0.002062
 62.000000 0.016937 0.909476 2.601913 0.001710
 63.000000 0.019021 0.911351 2.640470 0.001951
 64.000000 0.016880 0.893449 2.517284 0.001502
 65.000000 0.015847 0.880401 2.341941 0.001290
 66.000000 0.019931 0.857058 2.212284 0.001701
 67.000000 0.019826 0.870223 2.331312 0.001941
 68.000000 0.015868 0.905384 2.508270 0.001421
 69.000000 0.019275 0.872991 2.449088 0.001736
 70.000000 0.014950 0.931579 2.671683 0.001546
 71.000000 0.011778 0.953072 2.704905 0.001057
 72.000000 0.020494 0.875834 2.463388 0.002123
 73.000000 0.015327 0.895288 2.524089 0.001395
 74.000000 0.012363 0.907220 2.380039 0.001084
 75.000000 0.016740 0.844949 2.085547 0.001777
 76.000000 0.019114 0.866260 2.273545 0.001828
 77.000000 0.017905 0.881180 2.374346 0.001607
 78.000000 0.034378 0.819958 2.221949 0.003200
 79.000000 0.034735 0.857871 2.433749 0.005709
 80.000000 0.023887 0.844157 2.302349 0.002175
 81.000000 0.019340 0.835000 2.092802 0.001620
 82.000000 0.033942 0.811466 2.235590 0.002194
 83.000000 0.035529 0.789562 2.065572 0.002784
 84.000000 0.035945 0.762048 1.933255 0.003638
 85.000000 0.032328 0.789910 2.083132 0.005281
 86.000000 0.027498 0.816634 2.184197 0.002683
 87.000000 0.018707 0.867635 2.307258 0.002403
 88.000000 0.011560 0.931714 2.560342 0.001273
 89.000000 0.018219 0.911489 2.610079 0.001330
 90.000000 0.021854 0.901236 2.515092 0.002032
 91.000000 0.014062 0.930211 2.587163 0.001299
 92.000000 0.011897 0.924094 2.559960 0.000997
 93.000000 0.013181 0.933707 2.686978 0.001019
 94.000000 0.022016 0.897285 2.625258 0.001798
 95.000000 0.025096 0.892742 2.537772 0.003035
 96.000000 0.019107 0.907261 2.640740 0.001753
 97.000000 0.015946 0.923894 2.651546 0.001643
 98.000000 0.008114 0.981870 2.821137 0.000794
 99.000000 0.043721 0.802562 2.215872 0.003916
 100.000000 0.023706 0.822449 2.066318 0.002003
 101.000000 0.034976 0.801134 2.084355 0.002500
 102.000000 0.039862 0.753515 1.850410 0.003015
 103.000000 0.024978 0.782441 1.840681 0.002158
 104.000000 0.024503 0.849138 2.274201 0.002000
 105.000000 0.020409 0.893834 2.443558 0.001801
 106.000000 0.015055 0.910113 2.537202 0.001069
 107.000000 0.013676 0.910543 2.607209 0.001062
 108.000000 0.019405 0.895677 2.527003 0.001451
 109.000000 0.016349 0.854633 2.167811 0.001236
 110.000000 0.019978 0.862987 2.354025 0.001387
 111.000000 0.016668 0.866295 2.345362 0.001528
 112.000000 0.016303 0.901834 2.561990 0.001564
 113.000000 0.014549 0.925317 2.689712 0.001595
 114.000000 0.023231 0.886223 2.503753 0.002826
 115.000000 0.017609 0.904842 2.506048 0.001894
 116.000000 0.053081 0.796331 2.141093 0.007516
 117.000000 0.039023 0.819556 2.304627 0.002640
 118.000000 0.037083 0.856182 2.402537 0.003073
 119.000000 0.017977 0.903476 2.488701 0.002008
 120.000000 0.021775 0.903930 2.512867 0.002376
 121.000000 0.013963 0.951263 2.761237 0.001747
 122.000000 0.012030 0.971015 2.855489 0.002071
 123.000000 0.013788 0.938766 2.685012 0.002692
 124.000000 0.018916 0.908015 2.593003 0.002716
 125.000000 0.023722 0.886861 2.498673 0.002702
 126.000000 0.041114 0.826839 2.271380 0.004047
 127.000000 0.040552 0.830889 2.243257 0.006854
 128.000000 0.018130 0.853760 2.207740 0.002058
 129.000000 0.021673 0.875627 2.346917 0.002427
 130.000000 0.021053 0.896891 2.582234 0.002285
 131.000000 0.026458 0.887073 2.508722 0.002227
 132.000000 0.014167 0.928114 2.553389 0.001490
 133.000000 0.017576 0.883362 2.428206 0.001467
 134.000000 0.018700 0.882862 2.420998 0.001510
 135.000000 0.018434 0.886021 2.493726 0.001727
 136.000000 0.028890 0.850281 2.306251 0.002449
 137.000000 0.026892 0.829366 2.169294 0.001728
 138.000000 0.018164 0.882095 2.417007 0.001473
 139.000000 0.015577 0.894091 2.413911 0.001295
 140.000000 0.022794 0.860086 2.373131 0.001806
 141.000000 0.028257 0.877754 2.536034 0.001946
 142.000000 0.029629 0.854591 2.401619 0.001750
 143.000000 0.025243 0.861753 2.301764 0.001674
 144.000000 0.033044 0.843709 2.330552 0.002595
 145.000000 0.020979 0.898185 2.583270 0.002029
 146.000000 0.024077 0.881134 2.551602 0.002009
 147.000000 0.038699 0.841170 2.426512 0.002646
 148.000000 0.029011 0.860223 2.419697 0.002817
 149.000000 0.016963 0.925408 2.610038 0.001612
 150.000000 0.022418 0.873305 2.300130 0.001827
 151.000000 0.031196 0.835170 2.275923 0.002449
 152.000000 0.017055 0.905554 2.479208 0.001871
 153.000000 0.021480 0.904393 2.603003 0.001934
 154.000000 0.017802 0.928584 2.619670 0.001643
 155.000000 0.018034 0.921496 2.557218 0.001787
 156.000000 0.013477 0.915338 2.483943 0.001061
 157.000000 0.013762 0.934361 2.677236 0.001333
 158.000000 0.010741 0.990733 2.839320 0.001190
 159.000000 0.009749 0.972625 2.783798 0.001059
 160.000000 0.014446 0.920124 2.672185 0.001639
 161.000000 0.013594 0.932476 2.680348 0.001221
 162.000000 0.012944 0.953798 2.781258 0.001546
 163.000000 0.021827 0.914288 2.639039 0.002483
 164.000000 0.026758 0.870429 2.508565 0.002991
 165.000000 0.022859 0.860760 2.305932 0.002699
 166.000000 0.039376 0.804427 2.044730 0.003025
 167.000000 0.016822 0.871489 2.317086 0.001347
 168.000000 0.013886 0.905930 2.432062 0.001784
 169.000000 0.026648 0.840607 2.223360 0.003811
 170.000000 0.057342 0.800910 2.130950 0.010149
 171.000000 0.029819 0.816652 2.167100 0.003411
 172.000000 0.064537 0.748209 1.895111 0.008626
 173.000000 0.060702 0.749782 1.975981 0.005519
 174.000000 0.063925 0.726485 1.807667 0.009836
 175.000000 0.076356 0.720802 1.967839 0.013503
 176.000000 0.057976 0.763855 2.093184 0.007597
 177.000000 0.056453 0.766398 2.119537 0.006719
 178.000000 0.052908 0.757574 2.017733 0.009034
 179.000000 0.061164 0.706564 1.675050 0.008570
 180.000000 0.059349 0.680475 1.569893 0.005640
 181.000000 0.082240 0.662790 1.384327 0.012343
 182.000000 0.059012 0.706784 1.534696 0.006149
 183.000000 0.052097 0.731944 1.681030 0.005621
 184.000000 0.047779 0.769314 1.893043 0.004130
 185.000000 0.054424 0.781007 1.959771 0.005627
 186.000000 0.015459 0.916818 2.613927 0.001458
 187.000000 0.012455 0.954564 2.764104 0.001336
 188.000000 0.017390 0.921421 2.608909 0.001918
 189.000000 0.018104 0.934521 2.747923 0.001703
 190.000000 0.011541 0.967635 2.777102 0.001393
 191.000000 0.016786 0.895458 2.526451 0.001730
 192.000000 0.018830 0.884319 2.481011 0.001463
 193.000000 0.020637 0.861696 2.312568 0.001769
 194.000000 0.026149 0.846191 2.215245 0.002595
 195.000000 0.030713 0.819530 2.173692 0.002375
 196.000000 0.027520 0.809357 2.021262 0.002280
 197.000000 0.017164 0.841902 2.163957 0.001161
 198.000000 0.021310 0.862871 2.292066 0.001804
 199.000000 0.018271 0.844302 2.090363 0.001818
 200.000000 0.023586 0.795133 1.877856 0.001998
 201.000000 0.041928 0.786175 1.965838 0.003838
 202.000000 0.032771 0.771192 1.767975 0.002927
 203.000000 0.036923 0.758544 1.680312 0.003668
 204.000000 0.035907 0.750540 1.486606 0.002995
 205.000000 0.028465 0.822144 2.053732 0.002809
 206.000000 0.028165 0.787751 1.773333 0.003068
 207.000000 0.055763 0.782976 1.970837 0.006001
 208.000000 0.041068 0.777746 1.848050 0.004001
 209.000000 0.025427 0.829157 2.091394 0.002014
 210.000000 0.026243 0.853381 2.329545 0.002854
 211.000000 0.020659 0.887696 2.453205 0.002428
 212.000000 0.021420 0.896305 2.531166 0.003063
 213.000000 0.013729 0.940584 2.665855 0.001982
 214.000000 0.027862 0.864861 2.458106 0.002708
 215.000000 0.019209 0.895937 2.503677 0.002619
 216.000000 0.013162 0.927883 2.587105 0.001293
 217.000000 0.011106 0.955752 2.613764 0.000902
 218.000000 0.014801 0.946770 2.595621 0.001090
 219.000000 0.012334 0.956909 2.775084 0.001095
 220.000000 0.012981 0.917913 2.590542 0.001230
 221.000000 0.018117 0.866236 2.371611 0.001541
 222.000000 0.012431 0.924290 2.569765 0.001238
 223.000000 0.013036 0.893659 2.387677 0.001022
 224.000000 0.012629 0.914312 2.527639 0.001203
 225.000000 0.013315 0.924500 2.642522 0.001535
 226.000000 0.013894 0.946675 2.812469 0.001336
 227.000000 0.014463 0.952791 2.786377 0.001333
 228.000000 0.009235 0.978646 2.770694 0.000879
 229.000000 0.010304 0.959938 2.756421 0.000832
 230.000000 0.013031 0.944978 2.681525 0.001191
 231.000000 0.015204 0.906839 2.586961 0.001097
 232.000000 0.012251 0.952325 2.762993 0.001112
 233.000000 0.012726 0.939063 2.662315 0.001166
 234.000000 0.011827 0.941052 2.605443 0.001122
 235.000000 0.013413 0.927618 2.561567 0.001332
 236.000000 0.011417 0.926589 2.504425 0.000990
 237.000000 0.010985 0.948976 2.635963 0.001150
 238.000000 0.011194 0.958539 2.707081 0.001132
 239.000000 0.010494 0.955651 2.686140 0.001046
 240.000000 0.012151 0.973212 2.830568 0.001059
 241.000000 0.010679 0.975143 2.888791 0.000993
 242.000000 0.015931 0.932971 2.734594 0.001411
 243.000000 0.012620 0.936929 2.765120 0.001196
 244.000000 0.015528 0.883640 2.463360 0.001252
 245.000000 0.019256 0.870279 2.321031 0.001869
 246.000000 0.013647 0.890995 2.276947 0.001214
 247.000000 0.015100 0.927108 2.534839 0.001569
 248.000000 0.021937 0.913329 2.660339 0.002857
 249.000000 0.014654 0.946573 2.761284 0.001214
 250.000000 0.011947 0.969571 2.803357 0.001063
 251.000000 0.016407 0.916487 2.683363 0.001689
 252.000000 0.018449 0.912020 2.678012 0.001707
 253.000000 0.009948 0.989484 2.876741 0.001033
 254.000000 0.016686 0.927648 2.714152 0.001789
 255.000000 0.015943 0.927933 2.727248 0.001585
 256.000000 0.014189 0.936445 2.724401 0.001424
 257.000000 0.009874 0.977297 2.781988 0.000845
 258.000000 0.010018 0.978993 2.830690 0.000968
 259.000000 0.021128 0.888417 2.549164 0.001839
 260.000000 0.016991 0.915820 2.648519 0.001616
 261.000000 0.014576 0.932507 2.672661 0.001639
 262.000000 0.018099 0.915017 2.552739 0.002052
 263.000000 0.021618 0.912656 2.594000 0.002703
 264.000000 0.014496 0.938399 2.640442 0.001434
 265.000000 0.014763 0.913532 2.551387 0.001346
 266.000000 0.027554 0.883472 2.586829 0.004242
 267.000000 0.066520 0.763545 1.943019 0.008620
 268.000000 0.055551 0.819252 2.295674 0.008993
 269.000000 0.170194 0.743357 2.004058 0.082242
 270.000000 0.070062 0.781149 2.062692 0.006332
 271.000000 0.036664 0.792621 1.994214 0.004816
 272.000000 0.058552 0.771016 2.009623 0.008719
 273.000000 0.032123 0.800763 2.023327 0.003738
 274.000000 0.071985 0.791096 2.077956 0.013715
 275.000000 0.091662 0.750123 1.877384 0.010949
 276.000000 0.140696 0.735021 1.735524 0.049307
 277.000000 0.040170 0.827599 2.208736 0.005281
 278.000000 0.049976 0.821471 2.244176 0.006202
 279.000000 0.041724 0.841655 2.260370 0.005727
 280.000000 0.042749 0.850112 2.313128 0.005126
 281.000000 0.051377 0.814778 2.221265 0.009546
 282.000000 0.025406 0.877725 2.447420 0.002837
 283.000000 0.049866 0.830186 2.293096 0.005474
 284.000000 0.080265 0.814743 2.310525 0.008920
 285.000000 0.059701 0.825215 2.330067 0.009125
 286.000000 0.043085 0.863240 2.408586 0.007125
 287.000000 0.062078 0.836958 2.301626 0.008457
 288.000000 0.040919 0.826778 2.271801 0.005433
 289.000000 0.028314 0.854966 2.403581 0.001990
 290.000000 0.027210 0.899600 2.616593 0.003624
 291.000000 0.016375 0.893992 2.385410 0.001497
 292.000000 0.016215 0.906851 2.553254 0.001621
 293.000000 0.019180 0.874643 2.491135 0.001517
 294.000000 0.024388 0.876262 2.401001 0.003780
 295.000000 0.019461 0.862399 2.233058 0.001582
 296.000000 0.018622 0.836680 2.079933 0.001453
 297.000000 0.042498 0.783889 1.971807 0.005261
 298.000000 0.039609 0.801205 2.047880 0.003400
 299.000000 0.025934 0.830106 2.129423 0.002103
 300.000000 0.022820 0.844471 2.241177 0.002007
 301.000000 0.013671 0.919423 2.559980 0.001316
 302.000000 0.014455 0.908530 2.532356 0.001362
 303.000000 0.012445 0.940226 2.678267 0.001305
 304.000000 0.018308 0.881559 2.402904 0.001860
 305.000000 0.011664 0.927683 2.464951 0.001045
 306.000000 0.016519 0.929690 2.645407 0.001492
 307.000000 0.013382 0.942885 2.692561 0.001398
 308.000000 0.017081 0.930952 2.704133 0.001713
 309.000000 0.013575 0.945708 2.757987 0.001309
 310.000000 0.012041 0.963802 2.770341 0.001056
 311.000000 0.012089 0.949022 2.727877 0.001169
 312.000000 0.011321 0.968482 2.847802 0.001089
 313.000000 0.012811 0.961505 2.747829 0.001223
 314.000000 0.011170 0.938455 2.562711 0.000994
 315.000000 0.011623 0.928286 2.403003 0.000994
 316.000000 0.014664 0.880860 2.266865 0.001278
 317.000000 0.012944 0.896324 2.249385 0.001116
 318.000000 0.017406 0.863819 2.238451 0.001584
 319.000000 0.024197 0.828021 2.192793 0.001528
 320.000000 0.019448 0.876539 2.458888 0.001371
 321.000000 0.015203 0.917729 2.630215 0.001398
 322.000000 0.013656 0.932724 2.652893 0.001220
 323.000000 0.013900 0.930672 2.605923 0.001319
 324.000000 0.014692 0.929962 2.476751 0.001191
 325.000000 0.015605 0.921254 2.450542 0.001512
 326.000000 0.010375 0.973061 2.746602 0.000946
 327.000000 0.015371 0.908238 2.356315 0.001114
 328.000000 0.012536 0.961935 2.713967 0.001371
 329.000000 0.019108 0.888434 2.509384 0.001615
 330.000000 0.014474 0.927408 2.627439 0.001250
 331.000000 0.020877 0.873656 2.366518 0.002146
 332.000000 0.012530 0.942199 2.643241 0.001249
 333.000000 0.018438 0.879384 2.406217 0.001631
 334.000000 0.020568 0.883612 2.431675 0.001948
 335.000000 0.016500 0.908325 2.560862 0.001487
 336.000000 0.015909 0.913333 2.545905 0.001620
 337.000000 0.018094 0.915452 2.499339 0.001681
 338.000000 0.022552 0.877286 2.255030 0.002507
 339.000000 0.014676 0.934042 2.557213 0.001578
 340.000000 0.017941 0.854059 2.172093 0.001763
 341.000000 0.026942 0.830276 2.127042 0.002791
 342.000000 0.013793 0.882998 2.241721 0.001171
 343.000000 0.016251 0.889995 2.285407 0.001602
 344.000000 0.015268 0.857554 2.076500 0.001229
 345.000000 0.022429 0.822437 1.850655 0.001373
 346.000000 0.024756 0.789246 1.971516 0.001581
 347.000000 0.026370 0.834732 2.062403 0.002115
 348.000000 0.020715 0.887130 2.351437 0.001772
 349.000000 0.016726 0.893888 2.392126 0.001356
 350.000000 0.014318 0.903029 2.397601 0.001550
 351.000000 0.022766 0.908687 2.549808 0.002411
 352.000000 0.016005 0.919204 2.497212 0.001554
 353.000000 0.014489 0.919922 2.473014 0.001309
 354.000000 0.015893 0.902585 2.208161 0.001815
 355.000000 0.022931 0.882652 2.307176 0.002388
 356.000000 0.019889 0.911554 2.498015 0.001880
 357.000000 0.014508 0.920725 2.490510 0.001474
 358.000000 0.016823 0.915567 2.395747 0.001576
 359.000000 0.016600 0.897368 2.278186 0.001894
 360.000000 0.018798 0.867178 2.137295 0.001988
 361.000000 0.018700 0.884501 2.151005 0.001960
 362.000000 0.024089 0.844763 2.064044 0.002239
 363.000000 0.016318 0.911158 2.408673 0.001659
 364.000000 0.020529 0.898260 2.417895 0.001751
 365.000000 0.020495 0.892437 2.400119 0.002328
 366.000000 0.017877 0.917884 2.500155 0.001876
 367.000000 0.016238 0.909400 2.325528 0.001482
 368.000000 0.021111 0.887720 2.343733 0.002066
 369.000000 0.018657 0.883740 2.147324 0.002040
 370.000000 0.020165 0.844954 1.968775 0.001978
 371.000000 0.022182 0.860384 2.026430 0.002714
 372.000000 0.010234 0.948665 2.444392 0.000964
 373.000000 0.020655 0.855982 1.952823 0.001372
 374.000000 0.019103 0.854197 2.073023 0.002061
 375.000000 0.014936 0.879141 2.056452 0.001616
 376.000000 0.019410 0.872129 2.013687 0.001528
 377.000000 0.021104 0.865330 2.002231 0.002029
 378.000000 0.009940 0.962491 2.584841 0.001119
 379.000000 0.015020 0.898751 2.309145 0.001684
 380.000000 0.015915 0.912536 2.476492 0.001215
 381.000000 0.017523 0.915681 2.481832 0.001748
 382.000000 0.019529 0.892867 2.358448 0.001586
 383.000000 0.016679 0.915085 2.541490 0.002019
 384.000000 0.009787 0.960265 2.539651 0.001103
 385.000000 0.012423 0.903771 2.208711 0.001071
 386.000000 0.021362 0.869342 2.076349 0.001196
 387.000000 0.020776 0.867961 2.314663 0.003436
 388.000000 0.019483 0.852626 2.179222 0.003017
 389.000000 0.030442 0.834091 2.181576 0.002681
 390.000000 0.023249 0.848501 2.205174 0.002594
 391.000000 0.029268 0.800650 2.024730 0.003267
 392.000000 0.049418 0.739384 1.793478 0.009930
 393.000000 0.038621 0.748366 1.714008 0.003522
 394.000000 0.052642 0.751438 1.873099 0.007180
 395.000000 0.044486 0.732305 1.642950 0.004351
 396.000000 0.049294 0.710526 1.567078 0.004745
 397.000000 0.071088 0.662611 1.406104 0.004756
 398.000000 0.065547 0.684158 1.357762 0.011943
 399.000000 0.026527 0.771949 1.632993 0.003017
 400.000000 0.039216 0.720879 1.461444 0.004421
 401.000000 0.052428 0.692594 1.370381 0.005527
 402.000000 0.060284 0.686004 1.364971 0.006825
 403.000000 0.069710 0.697121 1.579598 0.010598
 404.000000 0.031970 0.750116 1.489041 0.002687
 405.000000 0.040987 0.748797 1.687286 0.003882
 406.000000 0.025297 0.826184 2.020336 0.002398
 407.000000 0.043713 0.792495 2.090751 0.003991
 408.000000 0.088308 0.741350 1.970628 0.012317
 409.000000 0.040112 0.826349 2.361626 0.003544
 410.000000 0.079093 0.783861 2.202685 0.006964
 411.000000 0.038384 0.832631 2.390221 0.002898
 412.000000 0.071859 0.738471 1.974096 0.005986
 413.000000 0.039630 0.797278 2.236524 0.001958
 414.000000 0.059207 0.717526 1.844341 0.004878
 415.000000 0.060711 0.749382 1.921285 0.005477
 416.000000 0.044156 0.761278 1.972043 0.003603
 417.000000 0.079716 0.694963 1.641846 0.006020
 418.000000 0.055725 0.756820 2.074258 0.004863
 419.000000 0.048928 0.768727 1.993558 0.004640
 420.000000 0.063998 0.756264 2.026730 0.008884
 421.000000 0.077086 0.734194 1.849633 0.008119
 422.000000 0.053000 0.767382 2.006022 0.007719
 423.000000 0.068063 0.738639 1.914981 0.007835
 424.000000 0.083234 0.702149 1.777811 0.011747
 425.000000 0.067856 0.749005 1.896492 0.004289
 426.000000 0.058647 0.773165 1.965841 0.003869
 427.000000 0.076013 0.741110 2.015922 0.006603
 428.000000 0.054462 0.803308 2.245559 0.003419
 429.000000 0.053475 0.794773 2.150957 0.003091
 430.000000 0.033555 0.832761 2.285795 0.002869
 431.000000 0.026131 0.858795 2.338810 0.003581
 432.000000 0.026902 0.844953 2.171370 0.003835
 433.000000 0.022593 0.880909 2.423887 0.002398
 434.000000 0.030631 0.869888 2.391498 0.003221
 435.000000 0.046360 0.834723 2.396313 0.004678
 436.000000 0.081605 0.810422 2.266359 0.011420
 437.000000 0.024697 0.888757 2.560191 0.002084
 438.000000 0.027697 0.884912 2.453379 0.002473
 439.000000 0.039539 0.868526 2.514167 0.003083
 440.000000 0.069419 0.803470 2.233253 0.003770
 441.000000 0.080949 0.778590 2.251968 0.004059
 442.000000 0.087862 0.764190 1.999489 0.005752
 443.000000 0.087164 0.775151 2.048525 0.006125
 444.000000 0.069686 0.785055 2.168164 0.004322
 445.000000 0.047738 0.810189 2.166642 0.002497
 446.000000 0.082287 0.782310 2.209640 0.005867
 447.000000 0.120573 0.753731 2.096519 0.007674
 448.000000 0.078868 0.755976 2.149928 0.004361
 449.000000 0.066085 0.757990 2.155218 0.004428
 450.000000 0.053728 0.762159 2.086072 0.002884
 451.000000 0.047411 0.767203 2.119714 0.003441
 452.000000 0.060275 0.760449 2.145761 0.004273
 453.000000 0.047782 0.777177 2.106482 0.002456
 454.000000 0.051940 0.779219 2.133141 0.002762
 455.000000 0.051995 0.746926 1.946249 0.003415
 456.000000 0.067862 0.729256 1.808529 0.002780
 457.000000 0.056223 0.765872 1.935556 0.002932
 458.000000 0.036503 0.814596 2.107357 0.002471
 459.000000 0.044420 0.812947 2.088078 0.002817
 460.000000 0.070945 0.741968 1.885293 0.003914
 461.000000 0.069194 0.730178 1.968241 0.003318
 462.000000 0.037789 0.771922 1.965784 0.003566
 463.000000 0.040938 0.805761 2.015491 0.002765
 464.000000 0.068853 0.754303 1.769361 0.002600
 465.000000 0.039177 0.764909 1.950876 0.002240
 466.000000 0.051689 0.713724 1.722760 0.003364
 467.000000 0.115907 0.627408 1.269230 0.006054
 468.000000 0.084948 0.637901 1.046907 0.006806
 469.000000 0.121458 0.640603 1.161698 0.008821
 470.000000 0.096419 0.658604 1.190304 0.009585
 471.000000 0.100665 0.672102 1.453393 0.008012
 472.000000 0.104883 0.692071 1.560417 0.007394
 473.000000 0.113267 0.676414 1.514159 0.009458
 474.000000 0.077478 0.714863 1.664850 0.005667
 475.000000 0.080218 0.719562 1.683134 0.005247
 476.000000 0.068655 0.732440 1.790133 0.004741
 477.000000 0.094419 0.739988 1.960990 0.010110
 478.000000 0.176882 0.679369 1.514876 0.022458
 479.000000 0.057973 0.752879 1.801853 0.005286
 480.000000 0.068667 0.755368 1.770848 0.005054
 481.000000 0.117435 0.739530 1.869812 0.012034
 482.000000 0.157581 0.706279 1.571520 0.018911
 483.000000 0.183454 0.665630 1.429727 0.045425
 484.000000 0.162544 0.706594 1.675144 0.036526
 485.000000 0.195638 0.709897 1.754946 0.025870
 486.000000 0.181077 0.702359 1.656918 0.020126
 487.000000 0.178886 0.675550 1.522079 0.024833
 488.000000 0.182859 0.670574 1.421664 0.030249
 489.000000 0.138072 0.697274 1.566879 0.016111
 490.000000 0.525325 0.633911 1.396332 0.149481
 491.000000 0.384889 0.631760 1.321579 0.138302
 492.000000 0.342250 0.647321 1.350229 0.204306
 493.000000 0.407610 0.658639 1.615998 0.179177
 494.000000 0.222300 0.677807 1.525867 0.108172
 495.000000 0.239403 0.659569 1.657065 0.446047
 496.000000 0.230586 0.666902 1.610470 0.229359
 497.000000 0.290863 0.660079 1.526328 0.193239
 498.000000 0.242344 0.676329 1.784184 0.193600
 499.000000 0.183269 0.711937 1.824298 0.020938
 500.000000 0.374990 0.676051 1.769680 0.159726
