#! FIELDS time alpha rg e2e hbond
 0.000000 0.045478 0.702300 1.353797 0.004679
 1.000000 0.050808 0.691376 1.307596 0.004418
 2.000000 0.042381 0.754604 1.643309 0.011470
 3.000000 0.048922 0.736410 1.695457 0.004435
 4.000000 0.040033 0.762841 1.775965 0.007779
 5.000000 0.023955 0.811385 2.065748 0.005378
 6.000000 0.021212 0.834211 2.102705 0.005195
 7.000000 0.046574 0.772075 1.866166 0.006666
 8.000000 0.046332 0.754995 1.802569 0.005981
 9.000000 0.031120 0.791584 1.962600 0.003963
 10.000000 0.042378 0.761042 1.712548 0.009934
 11.000000 0.031686 0.767933 1.567752 0.009335
 12.000000 0.034999 0.764896 1.492179 0.014559
 13.000000 0.033084 0.738108 1.278913 0.009699
 14.000000 0.026578 0.820497 1.753417 0.006016
 15.000000 0.028671 0.808304 1.697948 0.007418
 16.000000 0.027860 0.847969 2.036582 0.008125
 17.000000 0.029433 0.858645 2.053432 0.011302
 18.000000 0.024508 0.846351 2.068048 0.004698
 19.000000 0.035077 0.842528 1.991530 0.023559
 20.000000 0.026841 0.832495 1.987698 0.009364
 21.000000 0.025974 0.850008 1.923559 0.006973
 22.000000 0.033814 0.861258 2.047953 0.012622
 23.000000 0.031214 0.865592 2.300001 0.006781
 24.000000 0.025819 0.863734 2.246770 0.005030
 25.000000 0.023133 0.894946 2.357441 0.005477
 26.000000 0.033405 0.817293 2.016194 0.006750
 27.000000 0.032967 0.845654 2.021411 0.008789
 28.000000 0.033428 0.856670 2.208803 0.006058
 29.000000 0.033203 0.845586 1.880081 0.008920
 30.000000 0.021651 0.880852 1.990000 0.008393
 31.000000 0.035792 0.861181 2.040856 0.007027
 32.000000 0.019597 0.888315 2.111861 0.002428
 33.000000 0.020452 0.878281 2.126036 0.004783
 34.000000 0.021544 0.874961 2.245413 0.003440
 35.000000 0.024322 0.872080 2.395917 0.005244
 36.000000 0.015819 0.913126 2.569646 0.003167
 37.000000 0.017166 0.926350 2.555893 0.002571
 38.000000 0.011474 0.944804 2.665036 0.001717
 39.000000 0.020229 0.881778 2.561121 0.003237
 40.000000 0.016493 0.883948 2.453948 0.002296
 41.000000 0.023176 0.866438 2.346213 0.003300
 42.000000 0.017934 0.908757 2.429608 0.004017
 43.000000 0.032622 0.818837 2.119380 0.004616
 44.000000 0.025004 0.869727 2.148305 0.002970
 45.000000 0.012982 0.924842 2.294003 0.001417
 46.000000 0.021323 0.869156 2.110582 0.003110
 47.000000 0.030311 0.844988 2.135526 0.005953
 48.000000 0.023377 0.855112 2.185089 0.005464
 49.000000 0.033100 0.841865 2.178034 0.006915
 50.000000 0.031423 0.813565 1.801164 0.011348
 51.000000 0.024596 0.839994 1.969560 0.008723
 52.000000 0.029920 0.842688 2.023325 0.011063
 53.000000 0.054786 0.771049 1.943159 0.014927
 54.000000 0.042265 0.793823 2.017791 0.009768
 55.000000 0.035523 0.816622 2.052474 0.009310
 56.000000 0.035960 0.810172 2.169045 0.006757
 57.000000 0.035839 0.807476 2.098133 0.007796
 58.000000 0.035384 0.774551 1.985614 0.009404
 59.000000 0.039567 0.785686 1.947491 0.027658
 60.000000 0.033717 0.816506 2.135352 0.008474
 61.000000 0.043469 0.810424 2.048712 0.011441
 62.000000 0.029893 0.822458 2.028690 0.006749
 63.000000 0.033882 0.843510 2.032461 0.010851
 64.000000 0.021810 0.865740 2.237848 0.007844
 65.000000 0.026260 0.832482 2.072354 0.006413
 66.000000 0.022691 0.869491 2.284698 0.003856
 67.000000 0.027162 0.817475 2.130587 0.004135
 68.000000 0.026047 0.813028 2.033354 0.007383
 69.000000 0.039602 0.777105 1.991932 0.011753
 70.000000 0.035457 0.801832 2.045959 0.009284
 71.000000 0.037647 0.814338 2.158726 0.010192
 72.000000 0.035020 0.820297 2.073220 0.008725
 73.000000 0.036886 0.787298 2.014234 0.009801
 74.000000 0.043883 0.765944 1.963757 0.009428
 75.000000 0.056245 0.722083 1.825652 0.012007
 76.000000 0.035082 0.764680 1.938034 0.005640
 77.000000 0.067893 0.680773 1.505986 0.011696
 78.000000 0.040187 0.764856 1.935646 0.007465
 79.000000 0.038968 0.776168 2.002016 0.008507
 80.000000 0.042011 0.753408 1.894041 0.008550
 81.000000 0.028550 0.823534 2.192287 0.008109
 82.000000 0.033289 0.835716 2.212280 0.007522
 83.000000 0.025704 0.872983 2.304151 0.008219
 84.000000 0.028111 0.832929 2.054649 0.010369
 85.000000 0.033692 0.861670 2.219216 0.009573
 86.000000 0.031843 0.868092 2.291271 0.009163
 87.000000 0.014680 0.916054 2.452976 0.003355
 88.000000 0.018737 0.883108 2.336337 0.003690
 89.000000 0.030504 0.821342 2.148884 0.005992
 90.000000 0.031502 0.812882 1.985359 0.006463
 91.000000 0.030977 0.808120 1.944680 0.004803
 92.000000 0.025999 0.820937 1.928973 0.003470
 93.000000 0.020718 0.845176 1.947034 0.004040
 94.000000 0.024467 0.853451 2.205705 0.003098
 95.000000 0.018268 0.882547 2.305950 0.001646
 96.000000 0.011891 0.931986 2.479660 0.001146
 97.000000 0.017065 0.900849 2.424064 0.001381
 98.000000 0.011688 0.952955 2.613822 0.001046
 99.000000 0.017239 0.921943 2.605849 0.001971
 100.000000 0.020534 0.904039 2.507017 0.002431
 101.000000 0.017448 0.901780 2.448562 0.001564
 102.000000 0.022603 0.883552 2.426669 0.001989
 103.000000 0.018623 0.902974 2.418497 0.002028
 104.000000 0.020375 0.890765 2.508120 0.001666
 105.000000 0.018275 0.913979 2.561395 0.001962
 106.000000 0.018738 0.898051 2.356995 0.001799
 107.000000 0.021861 0.890016 2.277192 0.002179
 108.000000 0.017861 0.888669 2.224322 0.001697
 109.000000 0.019749 0.909215 2.434298 0.001956
 110.000000 0.018561 0.903971 2.474134 0.001546
 111.000000 0.016562 0.911900 2.556286 0.001775
 112.000000 0.020574 0.908703 2.476058 0.002215
 113.000000 0.015940 0.927703 2.620098 0.001580
 114.000000 0.014975 0.948638 2.581166 0.001311
 115.000000 0.017213 0.908842 2.416568 0.001567
 116.000000 0.016408 0.918821 2.486043 0.001692
 117.000000 0.013335 0.953399 2.668527 0.001237
 118.000000 0.011034 0.979546 2.800669 0.001074
 119.000000 0.016111 0.947501 2.769144 0.001614
 120.000000 0.015067 0.955679 2.776834 0.001552
 121.000000 0.015401 0.925887 2.623977 0.001683
 122.000000 0.016301 0.916179 2.605939 0.001929
 123.000000 0.013941 0.932495 2.651149 0.001236
 124.000000 0.014643 0.909925 2.519552 0.001198
 125.000000 0.013802 0.936516 2.628621 0.001300
 126.000000 0.013004 0.932074 2.545950 0.001546
 127.000000 0.012447 0.961093 2.749135 0.001323
 128.000000 0.013896 0.957654 2.752358 0.001427
 129.000000 0.021799 0.924889 2.702520 0.002117
 130.000000 0.014485 0.951002 2.734768 0.001498
 131.000000 0.011604 0.966535 2.797023 0.001092
 132.000000 0.016012 0.923826 2.605337 0.001588
 133.000000 0.015961 0.914878 2.574455 0.001313
 134.000000 0.011768 0.965138 2.841472 0.001003
 135.000000 0.016010 0.929431 2.679012 0.001376
 136.000000 0.017161 0.930294 2.589795 0.001254
 137.000000 0.012428 0.963042 2.817391 0.001178
 138.000000 0.013590 0.947940 2.751218 0.001390
 139.000000 0.017497 0.918452 2.662073 0.001815
 140.000000 0.018993 0.910855 2.676691 0.002023
 141.000000 0.014156 0.943348 2.712597 0.001270
 142.000000 0.013104 0.940076 2.659682 0.001264
 143.000000 0.016663 0.916323 2.630953 0.001685
 144.000000 0.013088 0.934422 2.635392 0.001219
 145.000000 0.013835 0.932530 2.635178 0.001167
 146.000000 0.011477 0.949500 2.744482 0.001101
 147.000000 0.011749 0.941240 2.624955 0.000947
 148.000000 0.014671 0.899770 2.523361 0.001362
 149.000000 0.015587 0.878600 2.346317 0.001183
 150.000000 0.014599 0.887998 2.292247 0.001409
 151.000000 0.014894 0.868763 2.160426 0.001349
 152.000000 0.014983 0.916231 2.522818 0.001436
 153.000000 0.013504 0.938405 2.692862 0.001309
 154.000000 0.012486 0.939818 2.685220 0.001030
 155.000000 0.015313 0.929308 2.566647 0.001329
 156.000000 0.016647 0.922155 2.596266 0.001516
 157.000000 0.013718 0.942295 2.642017 0.001147
 158.000000 0.014421 0.945667 2.708976 0.001442
 159.000000 0.010571 0.974602 2.786208 0.001009
 160.000000 0.014386 0.923260 2.610097 0.001337
 161.000000 0.018960 0.868074 2.360433 0.001738
 162.000000 0.013189 0.934894 2.606223 0.001078
 163.000000 0.012039 0.944991 2.640898 0.001231
 164.000000 0.018115 0.917991 2.660706 0.001667
 165.000000 0.014239 0.942934 2.737242 0.001223
 166.000000 0.019399 0.926209 2.630560 0.001882
 167.000000 0.017208 0.941185 2.674563 0.001709
 168.000000 0.017357 0.925829 2.660747 0.001932
 169.000000 0.012773 0.967246 2.871989 0.001029
 170.000000 0.014516 0.957019 2.784140 0.001299
 171.000000 0.015708 0.936586 2.639054 0.001586
 172.000000 0.016838 0.921722 2.575116 0.001606
 173.000000 0.021572 0.891376 2.507351 0.002356
 174.000000 0.018440 0.914387 2.620995 0.001645
 175.000000 0.015766 0.924092 2.699197 0.001392
 176.000000 0.013283 0.951579 2.748199 0.001285
 177.000000 0.017282 0.939294 2.797584 0.001362
 178.000000 0.017170 0.913707 2.665385 0.001770
 179.000000 0.016204 0.935874 2.732875 0.001541
 180.000000 0.015796 0.937344 2.717362 0.001636
 181.000000 0.012663 0.954929 2.778353 0.001216
 182.000000 0.015607 0.945151 2.710490 0.001619
 183.000000 0.013778 0.960807 2.784481 0.001591
 184.000000 0.010273 0.985743 2.884389 0.000807
 185.000000 0.014885 0.937560 2.685438 0.001446
 186.000000 0.018661 0.917622 2.699607 0.001673
 187.000000 0.018684 0.889086 2.454799 0.001848
 188.000000 0.013802 0.945082 2.682743 0.001267
 189.000000 0.014762 0.938030 2.689123 0.001268
 190.000000 0.014509 0.945534 2.748411 0.001565
 191.000000 0.011979 0.951919 2.755688 0.001207
 192.000000 0.013642 0.961743 2.844830 0.001233
 193.000000 0.015186 0.953442 2.794624 0.001361
 194.000000 0.013181 0.947096 2.671310 0.001169
 195.000000 0.014864 0.932386 2.713334 0.001245
 196.000000 0.014682 0.927078 2.645200 0.001445
 197.000000 0.017297 0.934414 2.758680 0.001602
 198.000000 0.018464 0.896465 2.596715 0.001809
 199.000000 0.014125 0.947595 2.742973 0.001339
 200.000000 0.015269 0.938698 2.708813 0.001917
 201.000000 0.015695 0.941828 2.728595 0.001471
 202.000000 0.012406 0.957894 2.774875 0.001239
 203.000000 0.019280 0.927858 2.705954 0.002114
 204.000000 0.019312 0.906506 2.654018 0.001685
 205.000000 0.014618 0.938339 2.696403 0.001223
 206.000000 0.012083 0.968794 2.852732 0.001269
 207.000000 0.010222 0.987753 2.893642 0.001059
 208.000000 0.010199 0.984612 2.840735 0.001016
 209.000000 0.010852 0.971742 2.829187 0.001010
 210.000000 0.012739 0.955845 2.773979 0.001338
 211.000000 0.012691 0.956679 2.760883 0.001254
 212.000000 0.008688 0.992568 2.855739 0.000903
 213.000000 0.013801 0.923912 2.632244 0.001523
 214.000000 0.011418 0.949260 2.689815 0.001152
 215.000000 0.017743 0.915568 2.476857 0.002688
 216.000000 0.011315 0.962513 2.656334 0.001101
 217.000000 0.008489 1.005398 2.752514 0.001100
 218.000000 0.011980 0.926155 2.447655 0.001482
 219.000000 0.009597 0.946788 2.529634 0.001516
 220.000000 0.010137 0.955330 2.704841 0.001400
 221.000000 0.012581 0.939583 2.631189 0.001207
 222.000000 0.009503 0.983570 2.622664 0.001081
 223.000000 0.010870 0.967464 2.680340 0.001252
 224.000000 0.010412 0.944932 2.512573 0.001075
 225.000000 0.009992 0.955939 2.511478 0.001193
 226.000000 0.015643 0.923847 2.453654 0.001836
 227.000000 0.015436 0.907305 2.390237 0.002049
 228.000000 0.018528 0.889092 2.219179 0.002454
 229.000000 0.016391 0.882861 2.150353 0.001951
 230.000000 0.017664 0.875529 2.224717 0.001712
 231.000000 0.022728 0.847776 2.145095 0.002113
 232.000000 0.015631 0.871360 2.173630 0.001688
 233.000000 0.017249 0.862536 2.084355 0.001762
 234.000000 0.016217 0.887587 2.334334 0.001749
 235.000000 0.016341 0.882605 2.297297 0.001839
 236.000000 0.014457 0.919324 2.457994 0.001756
 237.000000 0.013454 0.941062 2.599017 0.001431
 238.000000 0.017818 0.914913 2.511058 0.001859
 239.000000 0.018275 0.889083 2.473319 0.001796
 240.000000 0.013466 0.951683 2.805764 0.001447
 241.000000 0.013157 0.951609 2.752274 0.001498
 242.000000 0.016067 0.933349 2.732812 0.001627
 243.000000 0.014598 0.948984 2.751709 0.001452
 244.000000 0.014429 0.950945 2.803052 0.001269
 245.000000 0.016784 0.921391 2.668130 0.001734
 246.000000 0.015238 0.948962 2.803570 0.001502
 247.000000 0.015535 0.943517 2.648319 0.001309
 248.000000 0.023132 0.904637 2.554144 0.002244
 249.000000 0.019338 0.921946 2.636522 0.001792
 250.000000 0.019710 0.914122 2.625681 0.002410
 251.000000 0.014239 0.941901 2.668730 0.001364
 252.000000 0.013404 0.936407 2.693507 0.001098
 253.000000 0.010340 0.981134 2.822910 0.000991
 254.000000 0.008920 0.983227 2.775439 0.000830
 255.000000 0.015023 0.931149 2.503517 0.001327
 256.000000 0.013947 0.938159 2.704411 0.001320
 257.000000 0.013413 0.957592 2.779529 0.001187
 258.000000 0.010025 0.998192 2.858048 0.000936
 259.000000 0.012406 0.966363 2.845641 0.001180
 260.000000 0.013868 0.952078 2.769410 0.001107
 261.000000 0.014697 0.953395 2.733833 0.001392
 262.000000 0.011247 0.970353 2.833644 0.000941
 263.000000 0.015921 0.942036 2.745586 0.001576
 264.000000 0.014350 0.946541 2.756611 0.001130
 265.000000 0.015946 0.931520 2.711895 0.001265
 266.000000 0.009789 0.971494 2.777346 0.000933
 267.000000 0.016461 0.915776 2.665620 0.001548
 268.000000 0.016622 0.913658 2.650036 0.001571
 269.000000 0.011987 0.940543 2.662160 0.001193
 270.000000 0.010010 0.978436 2.839365 0.001084
 271.000000 0.014746 0.946695 2.720186 0.002254
 272.000000 0.023981 0.889037 2.564835 0.002626
 273.000000 0.018241 0.910078 2.619639 0.002198
 274.000000 0.011827 0.957922 2.758606 0.001293
 275.000000 0.018366 0.923169 2.675172 0.002487
 276.000000 0.016292 0.929515 2.691975 0.001857
 277.000000 0.017500 0.921920 2.704407 0.001702
 278.000000 0.015383 0.939659 2.726819 0.001669
 279.000000 0.021980 0.883634 2.452428 0.001939
 280.000000 0.018728 0.897768 2.526259 0.002068
 281.000000 0.011346 0.960379 2.761674 0.001295
 282.000000 0.010367 0.967081 2.785916 0.000898
 283.000000 0.013707 0.939550 2.696873 0.001233
 284.000000 0.011640 0.950818 2.757711 0.001257
 285.000000 0.014265 0.934556 2.663936 0.001725
 286.000000 0.009929 0.969489 2.834520 0.000923
 287.000000 0.011137 0.948288 2.707051 0.001037
 288.000000 0.013536 0.934586 2.617547 0.001250
 289.000000 0.017759 0.896886 2.518328 0.001742
 290.000000 0.013359 0.941867 2.595581 0.002091
 291.000000 0.014693 0.922840 2.595194 0.001248
 292.000000 0.014801 0.925284 2.601879 0.002083
 293.000000 0.018030 0.883031 2.438426 0.007614
 294.000000 0.014208 0.898670 2.487423 0.001868
 295.000000 0.013643 0.935041 2.780452 0.001597
 296.000000 0.013806 0.932126 2.656428 0.001748
 297.000000 0.013705 0.913874 2.525752 0.001580
 298.000000 0.009594 0.980030 2.755343 0.000998
 299.000000 0.015194 0.934424 2.693541 0.001491
 300.000000 0.010533 0.971889 2.754005 0.001791
 301.000000 0.014175 0.932670 2.474757 0.003199
 302.000000 0.016112 0.911402 2.406015 0.008170
 303.000000 0.014809 0.917508 2.479024 0.002420
 304.000000 0.022219 0.872506 2.344024 0.004586
 305.000000 0.014637 0.913892 2.388168 0.002747
 306.000000 0.015076 0.927668 2.519792 0.004317
 307.000000 0.014943 0.931362 2.529979 0.002225
 308.000000 0.018308 0.890424 2.332381 0.003904
 309.000000 0.018656 0.907817 2.463730 0.004519
 310.000000 0.025856 0.862140 2.243477 0.003227
 311.000000 0.022299 0.864508 2.370657 0.001758
 312.000000 0.020708 0.855269 2.196519 0.003917
 313.000000 0.034434 0.802261 2.043249 0.002053
 314.000000 0.029666 0.823048 2.032008 0.004958
 315.000000 0.029291 0.835998 2.084512 0.002275
 316.000000 0.032888 0.806508 1.985250 0.007167
 317.000000 0.042884 0.789376 1.936156 0.007345
 318.000000 0.034234 0.809336 2.019032 0.006249
 319.000000 0.030955 0.810096 2.019024 0.010939
 320.000000 0.027933 0.844141 2.182261 0.006893
 321.000000 0.029836 0.835662 2.119478 0.009329
 322.000000 0.030086 0.824729 2.089584 0.010315
 323.000000 0.030535 0.819392 2.011006 0.004369
 324.000000 0.030143 0.831674 2.070566 0.008326
 325.000000 0.032394 0.820829 2.156824 0.006041
 326.000000 0.021336 0.870322 2.276997 0.006222
 327.000000 0.032740 0.780151 2.074983 0.003201
 328.000000 0.016484 0.904635 2.424348 0.002434
 329.000000 0.021897 0.893497 2.424523 0.004917
 330.000000 0.023389 0.877370 2.353397 0.004503
 331.000000 0.018869 0.886020 2.443187 0.002548
 332.000000 0.019734 0.876570 2.367375 0.003401
 333.000000 0.013585 0.930776 2.640310 0.001201
 334.000000 0.019141 0.881537 2.378471 0.001427
 335.000000 0.016399 0.892438 2.318166 0.001740
 336.000000 0.014215 0.892777 2.300256 0.003345
 337.000000 0.019138 0.882869 2.292889 0.002917
 338.000000 0.017512 0.852963 2.129126 0.004301
 339.000000 0.021794 0.786308 1.638542 0.003884
 340.000000 0.029273 0.744529 1.500812 0.002492
 341.000000 0.037250 0.749223 1.584764 0.003899
 342.000000 0.029418 0.746641 1.543087 0.003548
 343.000000 0.045737 0.681436 1.174886 0.001919
 344.000000 0.045721 0.648727 1.162634 0.003509
 345.000000 0.043294 0.642065 1.116184 0.009072
 346.000000 0.045257 0.638701 1.138703 0.005000
 347.000000 0.059990 0.634325 1.003340 0.003168
 348.000000 0.047948 0.655810 1.171346 0.030550
 349.000000 0.047419 0.720058 1.558579 0.012249
 350.000000 0.056564 0.708497 1.520815 0.011004
 351.000000 0.037811 0.761968 1.744432 0.005065
 352.000000 0.047229 0.729666 1.578737 0.005948
 353.000000 0.029126 0.812427 1.967235 0.005712
 354.000000 0.030094 0.806510 1.908693 0.002768
 355.000000 0.039492 0.783528 1.839888 0.002666
 356.000000 0.028447 0.816877 2.079391 0.005577
 357.000000 0.052155 0.740605 1.807547 0.007459
 358.000000 0.051622 0.769827 1.894278 0.007813
 359.000000 0.039610 0.805315 1.980292 0.006765
 360.000000 0.026676 0.825809 2.054731 0.003777
 361.000000 0.027759 0.810594 2.027139 0.002450
 362.000000 0.036323 0.798183 2.047541 0.004949
 363.000000 0.042910 0.757968 1.933241 0.004561
 364.000000 0.026533 0.791409 1.994634 0.007164
 365.000000 0.028425 0.829453 2.050927 0.006405
 366.000000 0.025663 0.825050 2.131458 0.010329
 367.000000 0.020606 0.849394 2.214998 0.010827
 368.000000 0.031815 0.807717 1.996625 0.006017
 369.000000 0.023940 0.857460 2.174103 0.005328
 370.000000 0.021015 0.862590 2.300200 0.002942
 371.000000 0.025454 0.803027 1.867583 0.001784
 372.000000 0.031432 0.821492 2.114061 0.003063
 373.000000 0.030473 0.812580 2.062057 0.004550
 374.000000 0.023278 0.821744 2.113987 0.002011
 375.000000 0.014429 0.905293 2.493455 0.001218
 376.000000 0.019052 0.876399 2.381535 0.001506
 377.000000 0.017620 0.894182 2.371971 0.001846
 378.000000 0.024295 0.883147 2.467651 0.002854
 379.000000 0.012572 0.931909 2.595063 0.001137
 380.000000 0.012477 0.947127 2.627472 0.001190
 381.000000 0.011869 0.968235 2.825497 0.001205
 382.000000 0.015147 0.955670 2.720169 0.001247
 383.000000 0.010938 0.969296 2.750624 0.000904
 384.000000 0.014035 0.933231 2.622289 0.001315
 385.000000 0.010144 0.980855 2.810858 0.000998
 386.000000 0.012734 0.959499 2.717444 0.001300
 387.000000 0.015617 0.927867 2.609295 0.001784
 388.000000 0.014567 0.940542 2.685338 0.001292
 389.000000 0.014497 0.942282 2.689295 0.001542
 390.000000 0.013499 0.955197 2.779725 0.001259
 391.000000 0.010552 0.988855 2.875850 0.000975
 392.000000 0.011413 0.958757 2.694071 0.001213
 393.000000 0.016763 0.936509 2.709120 0.001633
 394.000000 0.014190 0.958444 2.744226 0.001305
 395.000000 0.010955 0.981025 2.826549 0.001231
 396.000000 0.008441 0.989940 2.830449 0.000940
 397.000000 0.009517 0.981823 2.845717 0.000936
 398.000000 0.012187 0.960151 2.771801 0.001168
 399.000000 0.016559 0.922837 2.587006 0.001465
 400.000000 0.025959 0.858633 2.392974 0.003869
 401.000000 0.023651 0.875994 2.461586 0.003709
 402.000000 0.022037 0.890753 2.520204 0.002476
 403.000000 0.020227 0.889466 2.520936 0.002963
 404.000000 0.024108 0.871321 2.401683 0.002635
 405.000000 0.028282 0.830174 1.990714 0.004467
 406.000000 0.023530 0.843841 2.102929 0.003215
 407.000000 0.022039 0.885399 2.479803 0.002824
 408.000000 0.023390 0.857534 2.378297 0.005920
 409.000000 0.035077 0.872738 2.342475 0.013511
 410.000000 0.038215 0.787849 2.222951 0.003788
 411.000000 0.035302 0.809390 2.161286 0.003608
 412.000000 0.054493 0.776816 2.210008 0.004711
 413.000000 0.054701 0.757037 2.127252 0.005032
 414.000000 0.043385 0.796149 2.202780 0.004024
 415.000000 0.044703 0.763586 1.925502 0.004845
 416.000000 0.060582 0.729396 1.762135 0.006736
 417.000000 0.050600 0.740303 1.877382 0.003898
 418.000000 0.052359 0.737483 2.034906 0.004981
 419.000000 0.041009 0.762470 2.008130 0.003655
 420.000000 0.029482 0.835361 2.401109 0.002777
 421.000000 0.037464 0.811185 2.262850 0.007616
 422.000000 0.031274 0.835777 2.243235 0.006239
 423.000000 0.031647 0.838065 2.331409 0.002702
 424.000000 0.040444 0.775857 2.058200 0.003947
 425.000000 0.070695 0.712045 1.641580 0.008106
 426.000000 0.031243 0.781085 1.757022 0.002781
 427.000000 0.041767 0.757422 1.903183 0.004384
 428.000000 0.034715 0.782268 2.052717 0.004526
 429.000000 0.026900 0.813247 2.169051 0.003189
 430.000000 0.024389 0.846793 2.344626 0.002408
 431.000000 0.018894 0.911578 2.650055 0.002780
 432.000000 0.014587 0.931124 2.624900 0.002378
 433.000000 0.034488 0.806341 2.132622 0.006825
 434.000000 0.019554 0.853904 2.403267 0.001279
 435.000000 0.029100 0.827347 2.303981 0.003606
 436.000000 0.026206 0.840538 2.426121 0.002803
 437.000000 0.025746 0.847171 2.410944 0.003896
 438.000000 0.027472 0.859088 2.402072 0.004966
 439.000000 0.019065 0.867952 2.486924 0.001955
 440.000000 0.024588 0.814085 2.129230 0.002116
 441.000000 0.032902 0.773736 1.944364 0.004858
 442.000000 0.044252 0.711003 1.593871 0.003845
 443.000000 0.029391 0.745962 1.457549 0.003495
 444.000000 0.044195 0.722708 1.534169 0.004342
 445.000000 0.027126 0.791907 1.782863 0.001764
 446.000000 0.023710 0.849328 2.291886 0.002009
 447.000000 0.031326 0.846168 2.314359 0.002456
 448.000000 0.021544 0.859917 2.283430 0.001350
 449.000000 0.013570 0.885872 2.372347 0.000927
 450.000000 0.026544 0.853992 2.471263 0.001771
 451.000000 0.031647 0.861376 2.460946 0.002981
 452.000000 0.019826 0.875762 2.375934 0.001416
 453.000000 0.024731 0.864847 2.388504 0.003127
 454.000000 0.038584 0.796037 2.034596 0.001897
 455.000000 0.062449 0.752956 1.735143 0.003401
 456.000000 0.049620 0.724656 1.448107 0.002881
 457.000000 0.047970 0.701727 1.287841 0.002707
 458.000000 0.057451 0.725787 1.522138 0.003270
 459.000000 0.065388 0.674781 1.286302 0.005217
 460.000000 0.040397 0.721617 1.351369 0.002974
 461.000000 0.059977 0.678198 1.294550 0.005920
 462.000000 0.045459 0.673185 1.136288 0.003283
 463.000000 0.078504 0.674318 1.193328 0.008463
 464.000000 0.084857 0.666164 1.113829 0.013432
 465.000000 0.099606 0.646194 1.180946 0.011621
 466.000000 0.075402 0.656230 1.128611 0.009236
 467.000000 0.077946 0.660626 1.151872 0.005180
 468.000000 0.119891 0.636105 1.189714 0.012508
 469.000000 0.123291 0.622523 1.140885 0.012483
 470.000000 0.127131 0.618702 0.971894 0.010866
 471.000000 0.139500 0.609998 1.184132 0.014690
 472.000000 0.101667 0.649924 1.399346 0.009930
 473.000000 0.106751 0.661471 1.402741 0.010564
 474.000000 0.091379 0.679901 1.548296 0.010818
 475.000000 0.125496 0.646245 1.463337 0.014199
 476.000000 0.152155 0.621626 1.249510 0.016934
 477.000000 0.104132 0.664408 1.266715 0.013149
 478.000000 0.128719 0.598214 0.901163 0.010957
 479.000000 0.141438 0.602042 1.174602 0.016752
 480.000000 0.112601 0.613730 0.967802 0.011791
 481.000000 0.133407 0.610875 1.040870 0.021348
 482.000000 0.110914 0.646326 1.272529 0.016251
 483.000000 0.143763 0.638922 1.323617 0.013672
 484.000000 0.123895 0.628209 1.187817 0.016973
 485.000000 0.119603 0.623140 1.177629 0.010243
 486.000000 0.124336 0.648362 1.401096 0.014662
 487.000000 0.115170 0.639561 1.296112 0.008369
 488.000000 0.093326 0.635984 1.130149 0.007751
 489.000000 0.099389 0.626789 1.142164 0.012651
 490.000000 0.095152 0.645819 1.088187 0.007676
 491.000000 0.073846 0.650281 1.128453 0.007201
 492.000000 0.059399 0.668126 1.265496 0.004085
 493.000000 0.102135 0.642368 1.194858 0.010151
 494.000000 0.098803 0.635908 1.186888 0.006556
 495.000000 0.142487 0.622585 1.152846 0.014161
 496.000000 0.106178 0.634109 1.242669 0.008829
 497.000000 0.134313 0.610710 1.025393 0.013080
 498.000000 0.111312 0.612657 0.847420 0.012697
 499.000000 0.091428 0.597183 0.680612 0.008515
 500.000000 0.120499 0.585915 0.753778 0.017936
