#! FIELDS time alpha rg e2e hbond
 0.000000 0.058630 0.797221 2.089538 0.012236
 1.000000 0.072988 0.721112 1.634143 0.029451
 2.000000 0.068015 0.750744 1.782874 0.013519
 3.000000 0.059137 0.729663 1.551327 0.037449
 4.000000 0.041545 0.738722 1.687120 0.004636
 5.000000 0.058219 0.757280 1.773610 0.007659
 6.000000 0.069790 0.750585 1.853328 0.017813
 7.000000 0.066783 0.744597 1.703465 0.009402
 8.000000 0.077103 0.739443 1.794798 0.032901
 9.000000 0.096765 0.753335 2.021756 0.013603
 10.000000 0.078663 0.780240 2.082746 0.013512
 11.000000 0.071621 0.781599 2.159890 0.010146
 12.000000 0.072519 0.817305 2.314305 0.013577
 13.000000 0.103043 0.769540 2.173779 0.020694
 14.000000 0.081690 0.782178 2.148682 0.012250
 15.000000 0.077585 0.782828 2.047965 0.007198
 16.000000 0.056587 0.816256 2.241290 0.005917
 17.000000 0.091873 0.778270 2.040140 0.018418
 18.000000 0.069695 0.801547 2.187223 0.011880
 19.000000 0.047000 0.835008 2.276623 0.005430
 20.000000 0.058774 0.824284 2.220159 0.011693
 21.000000 0.051885 0.824175 2.252558 0.006463
 22.000000 0.073518 0.795920 2.136611 0.011766
 23.000000 0.058035 0.824397 2.323091 0.013585
 24.000000 0.041367 0.877531 2.418009 0.014164
 25.000000 0.077628 0.788449 2.184201 0.008950
 26.000000 0.050956 0.830799 2.281970 0.006138
 27.000000 0.093226 0.758824 1.992215 0.027148
 28.000000 0.048227 0.833123 2.374017 0.007864
 29.000000 0.044415 0.837078 2.348587 0.007572
 30.000000 0.023661 0.878616 2.411348 0.004045
 31.000000 0.018429 0.918724 2.556083 0.002664
 32.000000 0.019801 0.920569 2.618762 0.002472
 33.000000 0.021651 0.910609 2.604635 0.003429
 34.000000 0.027300 0.890490 2.545590 0.004491
 35.000000 0.013985 0.925674 2.546189 0.001846
 36.000000 0.014512 0.919313 2.611140 0.001588
 37.000000 0.017653 0.921547 2.639951 0.002384
 38.000000 0.025948 0.868493 2.443336 0.003685
 39.000000 0.022101 0.880351 2.531546 0.002922
 40.000000 0.017019 0.905819 2.454320 0.001679
 41.000000 0.029806 0.845044 2.275492 0.004031
 42.000000 0.021442 0.866637 2.248730 0.002799
 43.000000 0.021236 0.840538 2.072441 0.002596
 44.000000 0.034317 0.790058 1.901699 0.005682
 45.000000 0.023074 0.853557 2.206672 0.003260
 46.000000 0.019146 0.865965 2.293260 0.003333
 47.000000 0.021629 0.840031 2.150542 0.003704
 48.000000 0.022619 0.841571 2.059602 0.003134
 49.000000 0.019910 0.835605 2.031976 0.003959
 50.000000 0.021488 0.831548 1.955478 0.003436
 51.000000 0.038568 0.761208 1.730752 0.007108
 52.000000 0.038428 0.772114 1.594482 0.006338
 53.000000 0.046609 0.753829 1.574824 0.005123
 54.000000 0.065963 0.722827 1.366757 0.006461
 55.000000 0.083805 0.636561 0.972056 0.010159
 56.000000 0.098116 0.647411 1.107059 0.012317
 57.000000 0.074292 0.691023 1.205534 0.009951
 58.000000 0.085210 0.684124 1.197537 0.011156
 59.000000 0.113443 0.662318 1.092935 0.013064
 60.000000 0.113306 0.651300 1.110634 0.015270
 61.000000 0.094772 0.670963 1.029496 0.009639
 62.000000 0.055250 0.738396 1.527421 0.011967
 63.000000 0.106030 0.668875 1.274506 0.015100
 64.000000 0.058242 0.690831 1.321700 0.007200
 65.000000 0.096654 0.686146 1.317193 0.011621
 66.000000 0.094753 0.663904 1.046029 0.011301
 67.000000 0.096342 0.678456 1.202250 0.012812
 68.000000 0.089813 0.677835 1.317671 0.011836
 69.000000 0.127238 0.669378 1.135326 0.013261
 70.000000 0.078715 0.717476 1.430110 0.009387
 71.000000 0.093242 0.711947 1.505612 0.011393
 72.000000 0.125171 0.656910 1.303689 0.020418
 73.000000 0.077402 0.712625 1.542241 0.018782
 74.000000 0.099358 0.667272 1.232654 0.014897
 75.000000 0.102241 0.672510 1.114413 0.012852
 76.000000 0.124903 0.629563 1.079350 0.018034
 77.000000 0.125309 0.601875 0.864463 0.017655
 78.000000 0.089257 0.611145 0.817001 0.013685
 79.000000 0.130836 0.617328 0.903043 0.024419
 80.000000 0.131227 0.636827 1.162710 0.023326
 81.000000 0.087181 0.659749 1.177242 0.011038
 82.000000 0.107963 0.655901 1.100928 0.007749
 83.000000 0.113844 0.637841 1.019585 0.014464
 84.000000 0.098818 0.665796 1.110739 0.010514
 85.000000 0.105977 0.654016 1.065688 0.010811
 86.000000 0.083434 0.698031 1.225432 0.008959
 87.000000 0.101108 0.641276 1.073111 0.015564
 88.000000 0.122038 0.622671 1.023731 0.024387
 89.000000 0.135554 0.643097 1.183094 0.031002
 90.000000 0.167608 0.699874 1.481287 0.055103
 91.000000 0.378881 0.663502 1.567152 0.719216
 92.000000 0.086567 0.751831 1.801549 0.021795
 93.000000 0.136512 0.714515 1.650875 0.026189
 94.000000 0.108177 0.710294 1.556041 0.012926
 95.000000 0.131182 0.717069 1.654809 0.022976
 96.000000 0.224308 0.690499 1.526369 0.025385
 97.000000 0.148504 0.712972 1.748620 0.041652
 98.000000 0.121677 0.730032 1.806508 0.021468
 99.000000 0.140086 0.775241 2.083643 0.051106
 100.000000 0.172945 0.736256 1.875255 0.058999
 101.000000 0.131517 0.766522 2.114269 0.019613
 102.000000 0.223902 0.718206 2.001228 0.069814
 103.000000 0.104336 0.701050 1.669327 0.007247
 104.000000 0.205250 0.657020 1.379310 0.025624
 105.000000 0.339996 0.663144 1.572305 0.084418
 106.000000 0.317908 0.676040 1.523200 0.051586
 107.000000 0.198437 0.654617 1.224533 0.016870
 108.000000 0.216258 0.660356 1.277012 0.035019
 109.000000 0.226704 0.675138 1.438619 0.035394
 110.000000 0.404272 0.595412 0.972339 0.253699
 111.000000 0.316021 0.594024 0.888025 0.093302
 112.000000 0.393784 0.579817 0.743913 0.512537
 113.000000 0.464277 0.599255 1.026192 0.727348
 114.000000 0.261002 0.589766 0.943893 0.904062
 115.000000 0.366376 0.592704 1.099914 0.954663
 116.000000 0.340990 0.585868 0.995205 0.700446
 117.000000 0.244914 0.541386 0.755550 0.841419
 118.000000 0.285177 0.553362 0.910870 0.903618
 119.000000 0.188227 0.569764 0.836357 0.199979
 120.000000 0.239566 0.545386 0.660352 0.558551
 121.000000 0.197689 0.530084 0.623534 0.779248
 122.000000 0.298218 0.523605 0.552916 0.806884
 123.000000 0.185815 0.554244 0.834145 0.645785
 124.000000 0.359044 0.528468 0.792405 0.138064
 125.000000 0.287833 0.590444 1.173833 0.027005
 126.000000 0.134495 0.651085 1.303094 0.011867
 127.000000 0.175007 0.624836 1.157578 0.007860
 128.000000 0.130964 0.635543 1.129980 0.010504
 129.000000 0.123613 0.629840 1.190465 0.010901
 130.000000 0.073564 0.655919 1.065906 0.006550
 131.000000 0.106249 0.633075 1.074643 0.008922
 132.000000 0.145630 0.646922 1.176359 0.010681
 133.000000 0.146304 0.637426 1.129895 0.013801
 134.000000 0.217343 0.619401 1.038956 0.014253
 135.000000 0.077877 0.637646 0.861475 0.005040
 136.000000 0.061410 0.712832 1.499351 0.003924
 137.000000 0.050821 0.682931 1.232190 0.003987
 138.000000 0.064928 0.688665 1.221161 0.005935
 139.000000 0.049780 0.673633 1.054575 0.005687
 140.000000 0.070453 0.646579 0.897239 0.013943
 141.000000 0.056151 0.655619 0.904147 0.029783
 142.000000 0.071162 0.650698 0.957118 0.014672
 143.000000 0.067854 0.646473 1.049508 0.006043
 144.000000 0.088610 0.617789 0.903474 0.008286
 145.000000 0.098023 0.612558 1.009866 0.005370
 146.000000 0.094187 0.646308 1.187398 0.013529
 147.000000 0.099264 0.646601 1.292447 0.016177
 148.000000 0.111440 0.609499 1.083138 0.017830
 149.000000 0.099612 0.630200 1.194192 0.014888
 150.000000 0.111844 0.618137 1.284064 0.008516
 151.000000 0.122283 0.653897 1.556324 0.009020
 152.000000 0.101186 0.621193 1.222236 0.006508
 153.000000 0.119619 0.628134 1.456333 0.026160
 154.000000 0.088924 0.634369 1.314395 0.005904
 155.000000 0.065860 0.689439 1.492848 0.003270
 156.000000 0.058641 0.690700 1.535032 0.004206
 157.000000 0.050110 0.710962 1.703556 0.003186
 158.000000 0.070712 0.706432 1.769499 0.006457
 159.000000 0.061808 0.696018 1.750169 0.004318
 160.000000 0.058864 0.700515 1.800274 0.003479
 161.000000 0.052662 0.737691 1.978898 0.004182
 162.000000 0.076495 0.718031 1.927970 0.004943
 163.000000 0.088204 0.735050 1.908569 0.006857
 164.000000 0.107679 0.715125 1.719453 0.013770
 165.000000 0.120486 0.694959 1.625790 0.010450
 166.000000 0.086323 0.727887 1.794338 0.008376
 167.000000 0.168524 0.703138 1.637983 0.027270
 168.000000 0.131506 0.681892 1.513796 0.015305
 169.000000 0.115985 0.682199 1.450472 0.014939
 170.000000 0.166114 0.663426 1.545908 0.020333
 171.000000 0.151836 0.712702 1.801628 0.019063
 172.000000 0.181153 0.672158 1.475778 0.015858
 173.000000 0.163998 0.717731 1.711632 0.015554
 174.000000 0.190099 0.735980 1.956072 0.014906
 175.000000 0.163175 0.714338 1.806593 0.018627
 176.000000 0.148907 0.705472 1.852963 0.020399
 177.000000 0.084031 0.801895 2.242385 0.010914
 178.000000 0.122049 0.763401 2.262237 0.018604
 179.000000 0.066988 0.819882 2.352736 0.012794
 180.000000 0.059389 0.809720 2.313538 0.012920
 181.000000 0.050229 0.802003 2.241718 0.006060
 182.000000 0.045582 0.788471 2.267337 0.005222
 183.000000 0.051496 0.797253 2.245774 0.006709
 184.000000 0.087898 0.751938 2.070925 0.009730
 185.000000 0.072929 0.789648 2.165915 0.013382
 186.000000 0.061109 0.763552 2.031673 0.005003
 187.000000 0.087338 0.718603 1.638348 0.007769
 188.000000 0.072993 0.685398 1.296414 0.004137
 189.000000 0.082579 0.673952 1.297912 0.005210
 190.000000 0.066131 0.747994 1.874669 0.005341
 191.000000 0.113026 0.719441 1.818682 0.023111
 192.000000 0.053851 0.821605 2.239444 0.007152
 193.000000 0.065884 0.819427 2.343057 0.011225
 194.000000 0.066925 0.811415 2.285509 0.015348
 195.000000 0.062073 0.829384 2.371153 0.009951
 196.000000 0.086660 0.746996 1.992621 0.011785
 197.000000 0.061477 0.802253 2.233984 0.009673
 198.000000 0.064664 0.780039 2.198436 0.012817
 199.000000 0.068741 0.787968 2.254171 0.011664
 200.000000 0.065753 0.788956 2.111461 0.012590
 201.000000 0.074040 0.762604 2.003847 0.016298
 202.000000 0.087809 0.771343 2.160650 0.014909
 203.000000 0.050238 0.805403 2.261328 0.007709
 204.000000 0.058745 0.787977 2.124784 0.013184
 205.000000 0.037708 0.794701 2.158665 0.003109
 206.000000 0.037828 0.762039 1.877217 0.004256
 207.000000 0.034540 0.787893 2.030822 0.004404
 208.000000 0.024995 0.852407 2.235959 0.003481
 209.000000 0.032309 0.824913 2.170123 0.004666
 210.000000 0.039152 0.836767 2.397041 0.005698
 211.000000 0.041212 0.816169 2.220418 0.005700
 212.000000 0.065372 0.788182 2.064282 0.019807
 213.000000 0.075203 0.787488 2.150727 0.013240
 214.000000 0.056600 0.807006 2.176890 0.011771
 215.000000 0.059325 0.807109 2.326659 0.009772
 216.000000 0.132520 0.721182 2.059971 0.027269
 217.000000 0.116748 0.709953 2.031697 0.020653
 218.000000 0.113037 0.719054 2.071336 0.018131
 219.000000 0.096042 0.707986 1.898682 0.023068
 220.000000 0.051228 0.819583 2.367077 0.007036
 221.000000 0.100914 0.724262 2.070647 0.018086
 222.000000 0.103485 0.745222 2.190758 0.021816
 223.000000 0.065784 0.780912 2.267899 0.023816
 224.000000 0.063900 0.777559 2.138351 0.008609
 225.000000 0.104193 0.722591 2.093514 0.019013
 226.000000 0.101698 0.716885 2.094987 0.016583
 227.000000 0.093197 0.714731 2.064182 0.017358
 228.000000 0.088883 0.721960 2.042114 0.021498
 229.000000 0.114425 0.713578 2.046524 0.017820
 230.000000 0.092328 0.733547 2.091068 0.011439
 231.000000 0.087155 0.737629 2.094195 0.011993
 232.000000 0.045748 0.780756 2.212753 0.007213
 233.000000 0.064336 0.744672 2.051379 0.014446
 234.000000 0.048620 0.771092 2.163955 0.009149
 235.000000 0.068012 0.743142 1.971726 0.016758
 236.000000 0.079873 0.761661 2.116566 0.018824
 237.000000 0.068572 0.777255 2.197472 0.013028
 238.000000 0.065754 0.766053 2.024434 0.007515
 239.000000 0.062386 0.751975 2.042280 0.007311
 240.000000 0.056695 0.811690 2.298197 0.010530
 241.000000 0.046254 0.834123 2.410654 0.010736
 242.000000 0.035338 0.857713 2.432401 0.005081
 243.000000 0.060728 0.814116 2.363932 0.013360
 244.000000 0.027003 0.881365 2.545320 0.003847
 245.000000 0.016918 0.926183 2.676312 0.002233
 246.000000 0.018668 0.931620 2.699053 0.002415
 247.000000 0.016396 0.924062 2.680097 0.002252
 248.000000 0.021898 0.897293 2.563733 0.003650
 249.000000 0.019357 0.926349 2.700014 0.002964
 250.000000 0.019765 0.907764 2.682680 0.003036
 251.000000 0.033542 0.819040 2.334340 0.004374
 252.000000 0.035451 0.836793 2.401512 0.007705
 253.000000 0.032547 0.848345 2.431332 0.004907
 254.000000 0.049703 0.785317 2.185480 0.006966
 255.000000 0.034154 0.796896 2.280677 0.005188
 256.000000 0.038762 0.786908 2.039583 0.003420
 257.000000 0.115008 0.673605 1.619089 0.014898
 258.000000 0.161028 0.664070 1.743352 0.022017
 259.000000 0.128828 0.700165 1.910146 0.010166
 260.000000 0.156113 0.654628 1.713337 0.017342
 261.000000 0.097334 0.684417 1.697529 0.007035
 262.000000 0.108647 0.658988 1.484279 0.013980
 263.000000 0.123545 0.657672 1.652760 0.013986
 264.000000 0.145862 0.668892 1.659153 0.020207
 265.000000 0.150016 0.653716 1.717676 0.013749
 266.000000 0.163456 0.653298 1.696911 0.020598
 267.000000 0.166922 0.634451 1.523020 0.017699
 268.000000 0.165602 0.643666 1.530373 0.018723
 269.000000 0.160065 0.655321 1.725511 0.021911
 270.000000 0.132345 0.640603 1.597954 0.012153
 271.000000 0.105195 0.643114 1.546942 0.012281
 272.000000 0.110982 0.605775 1.436398 0.007742
 273.000000 0.114575 0.632303 1.558754 0.014956
 274.000000 0.109160 0.638174 1.519243 0.016964
 275.000000 0.130654 0.643388 1.487272 0.016659
 276.000000 0.102126 0.683413 1.474230 0.029064
 277.000000 0.119428 0.621926 1.431543 0.053833
 278.000000 0.092292 0.661365 1.461349 0.021004
 279.000000 0.099769 0.626370 1.289757 0.017414
 280.000000 0.100250 0.641300 1.252310 0.048810
 281.000000 0.088101 0.636806 1.018510 0.013995
 282.000000 0.104288 0.614081 0.897129 0.020008
 283.000000 0.087588 0.639924 1.233166 0.016361
 284.000000 0.104768 0.643536 1.469721 0.014197
 285.000000 0.098256 0.626833 1.452488 0.022154
 286.000000 0.095661 0.630548 1.330103 0.014347
 287.000000 0.075424 0.693657 1.679430 0.012723
 288.000000 0.068014 0.720840 1.972715 0.007166
 289.000000 0.073922 0.684031 1.626832 0.009613
 290.000000 0.063880 0.752429 1.945595 0.009432
 291.000000 0.061643 0.756984 2.101518 0.009911
 292.000000 0.053383 0.731037 1.872174 0.008300
 293.000000 0.076208 0.738903 2.024604 0.015635
 294.000000 0.040538 0.795001 2.209101 0.008532
 295.000000 0.036136 0.812547 2.253044 0.005398
 296.000000 0.087360 0.755187 2.041820 0.015618
 297.000000 0.078582 0.766230 2.130669 0.014453
 298.000000 0.081455 0.767238 2.056050 0.018961
 299.000000 0.099799 0.715780 1.834518 0.019573
 300.000000 0.094248 0.698664 1.689664 0.013752
 301.000000 0.084242 0.716813 1.876666 0.012435
 302.000000 0.092702 0.716542 1.863785 0.013587
 303.000000 0.101351 0.747144 2.003834 0.022170
 304.000000 0.111871 0.720868 1.840417 0.018446
 305.000000 0.128051 0.680533 1.623281 0.031903
 306.000000 0.100443 0.661471 1.632291 0.035312
 307.000000 0.090764 0.738546 1.996058 0.015182
 308.000000 0.078651 0.778386 2.095455 0.020340
 309.000000 0.086911 0.782178 2.204426 0.014915
 310.000000 0.069796 0.788725 2.139599 0.012164
 311.000000 0.067328 0.755120 1.948201 0.013297
 312.000000 0.091494 0.733898 1.950439 0.012263
 313.000000 0.059248 0.748235 1.929739 0.006774
 314.000000 0.087294 0.710377 1.790128 0.036633
 315.000000 0.087769 0.740570 1.981963 0.016855
 316.000000 0.048086 0.795998 2.255525 0.006383
 317.000000 0.078054 0.768003 2.169309 0.005879
 318.000000 0.078591 0.768960 2.166107 0.011518
 319.000000 0.084150 0.758915 2.118746 0.011035
 320.000000 0.058858 0.803290 2.302710 0.006393
 321.000000 0.050395 0.782656 2.192374 0.008032
 322.000000 0.082785 0.745593 2.053282 0.015282
 323.000000 0.058995 0.773604 2.186986 0.005780
 324.000000 0.055260 0.842509 2.411597 0.009568
 325.000000 0.073635 0.787987 2.297564 0.009629
 326.000000 0.090986 0.757211 1.966366 0.014263
 327.000000 0.068126 0.780118 2.061606 0.010900
 328.000000 0.093993 0.753607 2.152687 0.022911
 329.000000 0.068790 0.803614 2.400228 0.013070
 330.000000 0.089807 0.778570 2.260893 0.020577
 331.000000 0.073485 0.741680 1.923475 0.007089
 332.000000 0.084761 0.724074 1.925635 0.027406
 333.000000 0.097964 0.729984 2.021647 0.019137
 334.000000 0.091863 0.743085 2.016875 0.028596
 335.000000 0.063504 0.774061 2.126218 0.014006
 336.000000 0.075884 0.755950 2.018878 0.022214
 337.000000 0.115897 0.718875 1.843853 0.045989
 338.000000 0.086130 0.717186 1.776391 0.036078
 339.000000 0.082542 0.756180 2.043856 0.030398
 340.000000 0.078732 0.753311 1.976149 0.029784
 341.000000 0.086500 0.743338 2.039480 0.018715
 342.000000 0.088054 0.726099 1.837188 0.014471
 343.000000 0.078424 0.683272 1.655965 0.013730
 344.000000 0.098192 0.720130 1.974874 0.014051
 345.000000 0.080713 0.715075 1.699308 0.016390
 346.000000 0.052443 0.770685 1.895526 0.013166
 347.000000 0.099890 0.747903 1.982131 0.026600
 348.000000 0.087313 0.713996 1.900343 0.014118
 349.000000 0.060021 0.721956 1.916618 0.007149
 350.000000 0.087763 0.734047 1.988533 0.019044
 351.000000 0.061561 0.788422 2.211571 0.007243
 352.000000 0.090085 0.740013 2.077964 0.017509
 353.000000 0.079576 0.768440 2.207941 0.012244
 354.000000 0.036204 0.826478 2.339628 0.005941
 355.000000 0.048231 0.834815 2.424636 0.007010
 356.000000 0.059713 0.802735 2.296994 0.007994
 357.000000 0.086455 0.756147 2.179720 0.018790
 358.000000 0.115224 0.731956 2.015388 0.024381
 359.000000 0.115163 0.704884 1.815460 0.020852
 360.000000 0.086644 0.759148 2.127828 0.012615
 361.000000 0.076853 0.778078 2.217213 0.012141
 362.000000 0.078576 0.796172 2.338103 0.012730
 363.000000 0.083687 0.752165 2.082191 0.012819
 364.000000 0.094015 0.763890 2.062315 0.012022
 365.000000 0.086087 0.777189 2.190957 0.015935
 366.000000 0.109101 0.707373 1.963940 0.020506
 367.000000 0.106343 0.712387 1.960156 0.019658
 368.000000 0.096690 0.684068 1.737300 0.019592
 369.000000 0.086998 0.734663 1.860001 0.016310
 370.000000 0.076328 0.737929 1.924220 0.013946
 371.000000 0.116567 0.689644 1.821151 0.029356
 372.000000 0.077709 0.743699 1.971229 0.012464
 373.000000 0.067150 0.777021 2.095978 0.013391
 374.000000 0.093338 0.739610 1.977649 0.015243
 375.000000 0.079339 0.771558 2.162239 0.010082
 376.000000 0.081549 0.724656 1.767289 0.017106
 377.000000 0.087496 0.720103 1.852278 0.016606
 378.000000 0.113483 0.723768 1.992207 0.023170
 379.000000 0.105111 0.737715 2.030172 0.027842
 380.000000 0.115801 0.723908 2.023448 0.029898
 381.000000 0.070782 0.779643 2.202626 0.015223
 382.000000 0.075082 0.743909 2.002149 0.011829
 383.000000 0.088744 0.751390 1.882543 0.017650
 384.000000 0.090815 0.728833 1.872781 0.017295
 385.000000 0.087831 0.743845 1.940896 0.015754
 386.000000 0.076581 0.730303 1.901275 0.016363
 387.000000 0.087818 0.717734 1.831044 0.022115
 388.000000 0.105662 0.652609 1.606619 0.013805
 389.000000 0.129947 0.630249 1.417347 0.026523
 390.000000 0.134235 0.613221 1.091930 0.016482
 391.000000 0.076653 0.609303 0.782347 0.012836
 392.000000 0.077807 0.625698 0.718472 0.013452
 393.000000 0.087325 0.609217 0.710325 0.029938
 394.000000 0.058619 0.627343 0.839330 0.006914
 395.000000 0.056861 0.646220 0.975305 0.005974
 396.000000 0.040393 0.658857 0.949072 0.004360
 397.000000 0.079989 0.654366 1.150879 0.009645
 398.000000 0.044068 0.693735 1.521174 0.005120
 399.000000 0.050958 0.685969 1.540354 0.007217
 400.000000 0.046046 0.687164 1.458770 0.004543
 401.000000 0.058087 0.639682 1.139738 0.004293
 402.000000 0.042889 0.683656 1.231591 0.003523
 403.000000 0.046945 0.653835 1.015104 0.004168
 404.000000 0.036873 0.650771 0.825578 0.003676
 405.000000 0.049404 0.666346 1.157778 0.003145
 406.000000 0.045797 0.669528 1.158009 0.004091
 407.000000 0.051927 0.674033 1.452456 0.003701
 408.000000 0.023123 0.775653 1.782925 0.001797
 409.000000 0.043177 0.706116 1.367828 0.002786
 410.000000 0.027683 0.765095 1.691942 0.002643
 411.000000 0.038140 0.791644 1.976068 0.002947
 412.000000 0.030303 0.808818 2.014856 0.002348
 413.000000 0.030402 0.812243 2.013958 0.002657
 414.000000 0.023755 0.828427 2.049908 0.002314
 415.000000 0.030570 0.815485 2.000486 0.003092
 416.000000 0.036833 0.745930 1.605650 0.003523
 417.000000 0.063390 0.707186 1.530989 0.005602
 418.000000 0.046191 0.738367 1.628026 0.003907
 419.000000 0.032701 0.812799 1.918252 0.005203
 420.000000 0.024772 0.813090 1.927257 0.002161
 421.000000 0.018626 0.890115 2.352851 0.002122
 422.000000 0.019991 0.880826 2.403384 0.001816
 423.000000 0.025601 0.840413 2.208098 0.002614
 424.000000 0.029620 0.819137 2.055777 0.003686
 425.000000 0.028775 0.810015 2.014653 0.002935
 426.000000 0.036442 0.769748 1.802524 0.004511
 427.000000 0.024092 0.778665 1.615763 0.002742
 428.000000 0.050384 0.736252 1.526768 0.006902
 429.000000 0.029760 0.795448 1.915291 0.004015
 430.000000 0.041374 0.790235 1.999444 0.003891
 431.000000 0.044873 0.724059 1.741791 0.004593
 432.000000 0.041982 0.730880 1.699234 0.003808
 433.000000 0.035522 0.791537 1.939247 0.004352
 434.000000 0.025666 0.805481 2.021993 0.002715
 435.000000 0.030222 0.769202 1.828917 0.002914
 436.000000 0.050155 0.709416 1.546902 0.003804
 437.000000 0.031371 0.750388 1.722122 0.003245
 438.000000 0.041550 0.711196 1.626411 0.003855
 439.000000 0.021290 0.788955 1.912669 0.003017
 440.000000 0.033547 0.710339 1.563498 0.002830
 441.000000 0.044246 0.643093 1.211235 0.003439
 442.000000 0.064484 0.662031 1.365558 0.005435
 443.000000 0.063614 0.675824 1.290015 0.005662
 444.000000 0.048265 0.688667 1.427675 0.002665
 445.000000 0.048690 0.678606 1.384822 0.004069
 446.000000 0.057400 0.656322 1.244474 0.004146
 447.000000 0.058738 0.692357 1.436382 0.007887
 448.000000 0.060159 0.704847 1.597533 0.003889
 449.000000 0.060402 0.670800 1.260780 0.005151
 450.000000 0.067861 0.652682 1.056834 0.011499
 451.000000 0.038552 0.670089 0.929234 0.003989
 452.000000 0.040142 0.704571 1.269233 0.003554
 453.000000 0.039543 0.721254 1.326979 0.003308
 454.000000 0.040257 0.676900 1.358830 0.004209
 455.000000 0.033300 0.744888 1.711224 0.002723
 456.000000 0.031801 0.759289 1.909118 0.002209
 457.000000 0.043362 0.708702 1.505843 0.002916
 458.000000 0.032230 0.746618 1.691161 0.002516
 459.000000 0.030240 0.782240 1.820113 0.002686
 460.000000 0.024821 0.807025 1.819309 0.002067
 461.000000 0.020437 0.794007 1.723544 0.002200
 462.000000 0.019150 0.780557 1.618432 0.001607
 463.000000 0.023134 0.803129 1.808956 0.002322
 464.000000 0.025529 0.790483 1.773139 0.001959
 465.000000 0.038070 0.776483 1.993834 0.003415
 466.000000 0.031059 0.800993 2.175699 0.002493
 467.000000 0.032038 0.788217 1.982599 0.004542
 468.000000 0.047540 0.751987 1.872542 0.004337
 469.000000 0.040858 0.699997 1.413996 0.004746
 470.000000 0.038124 0.771008 1.831408 0.003404
 471.000000 0.030427 0.776048 1.937067 0.003177
 472.000000 0.043464 0.740928 1.716244 0.004592
 473.000000 0.022481 0.779498 1.917847 0.002500
 474.000000 0.029878 0.764153 1.875583 0.005081
 475.000000 0.017458 0.847659 2.216405 0.002561
 476.000000 0.020843 0.851728 2.184104 0.002882
 477.000000 0.016907 0.867558 2.255685 0.002023
 478.000000 0.035641 0.771702 1.965523 0.003967
 479.000000 0.027023 0.852082 2.318073 0.002823
 480.000000 0.017989 0.887792 2.326118 0.001927
 481.000000 0.018322 0.880858 2.227739 0.002062
 482.000000 0.023521 0.864783 2.334072 0.002753
 483.000000 0.019096 0.814903 2.021602 0.001653
 484.000000 0.018555 0.849927 2.280737 0.002147
 485.000000 0.014040 0.861914 2.222306 0.001431
 486.000000 0.013896 0.887901 2.341478 0.001601
 487.000000 0.013557 0.909576 2.291513 0.001580
 488.000000 0.016773 0.900168 2.330196 0.001897
 489.000000 0.013996 0.931519 2.426941 0.001499
 490.000000 0.012058 0.952901 2.569004 0.001576
 491.000000 0.013339 0.943676 2.619196 0.002098
 492.000000 0.015254 0.945364 2.607499 0.001451
 493.000000 0.015748 0.916620 2.509681 0.001526
 494.000000 0.013527 0.955243 2.707589 0.001394
 495.000000 0.015217 0.929311 2.615873 0.001741
 496.000000 0.015550 0.937775 2.693084 0.001399
 497.000000 0.014057 0.941162 2.692319 0.001232
 498.000000 0.012667 0.961105 2.798211 0.001211
 499.000000 0.014129 0.953165 2.737651 0.001349
 500.000000 0.010579 0.986597 2.892089 0.001101
