#! FIELDS time alpha rg e2e hbond
 0.000000 0.029477 0.815158 2.086484 0.002489
 1.000000 0.047851 0.781982 1.980654 0.005197
 2.000000 0.100573 0.663728 1.316298 0.013495
 3.000000 0.113127 0.637860 1.134927 0.019879
 4.000000 0.094197 0.675984 1.263561 0.009782
 5.000000 0.070955 0.748313 1.854371 0.009083
 6.000000 0.086435 0.705544 1.702336 0.019166
 7.000000 0.088593 0.723472 1.570485 0.015100
 8.000000 0.090437 0.720180 1.480855 0.010778
 9.000000 0.089866 0.713560 1.389178 0.012110
 10.000000 0.132314 0.645561 0.952335 0.014167
 11.000000 0.093974 0.687230 1.055148 0.016350
 12.000000 0.087865 0.722086 1.415952 0.010834
 13.000000 0.045898 0.778241 1.732613 0.004672
 14.000000 0.047058 0.747052 1.566666 0.004572
 15.000000 0.041976 0.745205 1.513419 0.002641
 16.000000 0.057668 0.739490 1.608037 0.003762
 17.000000 0.062959 0.768816 1.763335 0.006878
 18.000000 0.063885 0.761890 1.723882 0.007054
 19.000000 0.063546 0.765877 1.834363 0.007161
 20.000000 0.043085 0.810638 2.147084 0.005458
 21.000000 0.088487 0.768444 1.763351 0.010394
 22.000000 0.092251 0.748099 1.672869 0.012610
 23.000000 0.100329 0.712130 1.443658 0.010633
 24.000000 0.096232 0.701894 1.414003 0.017837
 25.000000 0.100367 0.696177 1.325981 0.019696
 26.000000 0.110386 0.702616 1.301277 0.011828
 27.000000 0.103686 0.689693 1.170448 0.013371
 28.000000 0.104503 0.725368 1.519624 0.013141
 29.000000 0.080673 0.687859 1.349751 0.015602
 30.000000 0.072776 0.753418 1.718123 0.009097
 31.000000 0.092125 0.718742 1.536011 0.012998
 32.000000 0.086439 0.754573 1.808207 0.010846
 33.000000 0.093460 0.727199 1.616165 0.017947
 34.000000 0.091126 0.707981 1.536345 0.018494
 35.000000 0.095004 0.720798 1.498050 0.008685
 36.000000 0.098627 0.723155 1.603262 0.015323
 37.000000 0.131306 0.718726 1.599427 0.014927
 38.000000 0.114043 0.696990 1.340467 0.014574
 39.000000 0.125379 0.718328 1.537164 0.014947
 40.000000 0.108179 0.666026 1.305993 0.033010
 41.000000 0.104959 0.710960 1.564212 0.017147
 42.000000 0.092733 0.663338 1.117337 0.017098
 43.000000 0.088442 0.683473 1.314726 0.020599
 44.000000 0.096240 0.675412 1.242264 0.026698
 45.000000 0.065401 0.714962 1.471452 0.008166
 46.000000 0.090566 0.722460 1.758521 0.010720
 47.000000 0.088390 0.728985 1.804209 0.008422
 48.000000 0.308767 0.726850 1.969799 0.244192
 49.000000 0.358891 0.759332 2.183601 0.128266
 50.000000 0.360890 0.741230 1.977910 0.324367
 51.000000 0.179332 0.749460 2.144135 0.035589
 52.000000 0.312318 0.755984 2.213105 0.085477
 53.000000 0.141637 0.758919 2.107703 0.049522
 54.000000 0.109857 0.789048 2.209285 0.017895
 55.000000 0.080015 0.793561 2.250148 0.008235
 56.000000 0.044870 0.831586 2.394686 0.003795
 57.000000 0.032129 0.887017 2.592877 0.002590
 58.000000 0.032874 0.860813 2.474156 0.004295
 59.000000 0.032048 0.847529 2.324187 0.002952
 60.000000 0.032738 0.811411 1.876991 0.003583
 61.000000 0.039662 0.798777 1.707512 0.004000
 62.000000 0.036451 0.782847 1.716614 0.002294
 63.000000 0.020034 0.840367 1.822038 0.001670
 64.000000 0.034438 0.809888 1.900426 0.003342
 65.000000 0.031981 0.756522 1.380080 0.002445
 66.000000 0.031887 0.759221 1.492396 0.002467
 67.000000 0.028524 0.793345 1.897740 0.002478
 68.000000 0.022668 0.817575 2.118321 0.001820
 69.000000 0.022927 0.806329 1.904080 0.002340
 70.000000 0.026825 0.840942 2.350903 0.001734
 71.000000 0.056029 0.783325 2.267494 0.003796
 72.000000 0.022767 0.883576 2.534120 0.001778
 73.000000 0.025805 0.883310 2.548495 0.002505
 74.000000 0.026266 0.899725 2.612302 0.002680
 75.000000 0.014942 0.939161 2.751097 0.001502
 76.000000 0.012571 0.952274 2.788588 0.001326
 77.000000 0.015527 0.946938 2.761453 0.001856
 78.000000 0.016351 0.917784 2.635070 0.001683
 79.000000 0.023739 0.875899 2.513400 0.002850
 80.000000 0.019447 0.915799 2.601228 0.001832
 81.000000 0.032018 0.865664 2.469897 0.003238
 82.000000 0.030391 0.888063 2.605410 0.002918
 83.000000 0.023901 0.883726 2.393419 0.002063
 84.000000 0.032026 0.856201 2.195467 0.003162
 85.000000 0.031201 0.827605 2.038145 0.002472
 86.000000 0.033815 0.799209 1.736184 0.001871
 87.000000 0.050538 0.795187 1.909935 0.002170
 88.000000 0.035296 0.843600 2.315893 0.002647
 89.000000 0.032772 0.829760 2.195588 0.002267
 90.000000 0.027560 0.792849 1.849194 0.002175
 91.000000 0.063765 0.746096 1.339083 0.009124
 92.000000 0.038180 0.757261 1.433166 0.002425
 93.000000 0.034840 0.776343 1.597504 0.002440
 94.000000 0.043281 0.748944 1.430556 0.002539
 95.000000 0.030463 0.815731 1.987825 0.002690
 96.000000 0.036685 0.775244 1.697672 0.002656
 97.000000 0.049293 0.773586 1.836021 0.002697
 98.000000 0.092887 0.758171 1.979574 0.002771
 99.000000 0.062905 0.756344 1.798009 0.003744
 100.000000 0.047039 0.788640 2.071414 0.003395
 101.000000 0.031940 0.814493 2.139158 0.002854
 102.000000 0.048970 0.764971 2.014530 0.002896
 103.000000 0.031358 0.813222 2.221239 0.002774
 104.000000 0.055342 0.772460 1.977938 0.003263
 105.000000 0.039579 0.797564 2.050991 0.002609
 106.000000 0.040233 0.776654 1.773468 0.003183
 107.000000 0.031101 0.788164 2.009671 0.002583
 108.000000 0.054843 0.740190 1.790339 0.004229
 109.000000 0.047892 0.778875 2.065955 0.004178
 110.000000 0.032641 0.793993 1.838074 0.003065
 111.000000 0.026224 0.798058 2.011603 0.003757
 112.000000 0.028579 0.794676 1.799994 0.003013
 113.000000 0.052006 0.726722 1.383414 0.006608
 114.000000 0.057879 0.701805 1.238543 0.008774
 115.000000 0.050456 0.701017 1.272411 0.005333
 116.000000 0.039448 0.727465 1.444009 0.003542
 117.000000 0.036038 0.734312 1.519888 0.006264
 118.000000 0.039700 0.688852 1.206671 0.004849
 119.000000 0.040892 0.677072 0.998463 0.007909
 120.000000 0.042061 0.650343 1.025804 0.004683
 121.000000 0.055215 0.630939 0.882793 0.004521
 122.000000 0.033106 0.717628 1.277274 0.003399
 123.000000 0.029630 0.720945 1.412136 0.002770
 124.000000 0.029458 0.737540 1.455408 0.002742
 125.000000 0.038709 0.722480 1.308864 0.013469
 126.000000 0.027887 0.746046 1.617225 0.005848
 127.000000 0.049703 0.746990 1.861354 0.004944
 128.000000 0.053462 0.703744 1.558735 0.006826
 129.000000 0.047707 0.763127 1.970948 0.007167
 130.000000 0.048648 0.765101 1.830674 0.007283
 131.000000 0.081444 0.755794 1.990607 0.013253
 132.000000 0.083540 0.752469 1.953038 0.011810
 133.000000 0.026828 0.851835 2.280620 0.002509
 134.000000 0.026916 0.850300 2.365785 0.002967
 135.000000 0.031258 0.813712 2.221576 0.003324
 136.000000 0.017385 0.887275 2.460198 0.001936
 137.000000 0.027566 0.845545 2.294399 0.002343
 138.000000 0.037646 0.824058 2.118194 0.002973
 139.000000 0.023985 0.860972 2.281316 0.002697
 140.000000 0.029488 0.855680 2.231404 0.003187
 141.000000 0.020869 0.870348 2.273968 0.002854
 142.000000 0.044220 0.788100 1.972470 0.003980
 143.000000 0.049902 0.722776 1.682276 0.006724
 144.000000 0.042618 0.768350 1.942023 0.003574
 145.000000 0.036984 0.724700 1.544905 0.003750
 146.000000 0.051274 0.733481 1.630577 0.004432
 147.000000 0.030042 0.796814 1.907615 0.003015
 148.000000 0.038034 0.789469 1.980838 0.003254
 149.000000 0.033558 0.792073 2.053303 0.002883
 150.000000 0.037526 0.810090 2.154256 0.003429
 151.000000 0.047693 0.782932 2.106147 0.005319
 152.000000 0.028895 0.779138 1.918710 0.002618
 153.000000 0.023457 0.781527 1.912196 0.003521
 154.000000 0.031281 0.803367 2.081149 0.003511
 155.000000 0.028710 0.781449 1.953160 0.004287
 156.000000 0.042443 0.750916 1.831802 0.004738
 157.000000 0.040515 0.735809 1.641727 0.003081
 158.000000 0.023113 0.823195 2.211507 0.006078
 159.000000 0.018128 0.837500 2.197773 0.001903
 160.000000 0.021117 0.855329 2.358883 0.003102
 161.000000 0.023030 0.852401 2.426719 0.003073
 162.000000 0.016313 0.921851 2.704912 0.001944
 163.000000 0.010912 0.954719 2.756938 0.001084
 164.000000 0.020900 0.873349 2.472133 0.001632
 165.000000 0.014119 0.926782 2.721432 0.001184
 166.000000 0.019087 0.884797 2.413412 0.001566
 167.000000 0.012057 0.938195 2.622968 0.001988
 168.000000 0.008876 0.945213 2.559926 0.000897
 169.000000 0.016849 0.888459 2.363940 0.002949
 170.000000 0.013449 0.916322 2.572032 0.001255
 171.000000 0.014707 0.892197 2.441905 0.001491
 172.000000 0.011320 0.938565 2.668282 0.000892
 173.000000 0.016927 0.889732 2.520561 0.001425
 174.000000 0.024165 0.834101 2.361934 0.002819
 175.000000 0.015654 0.884014 2.445706 0.002042
 176.000000 0.016975 0.902351 2.534484 0.003632
 177.000000 0.026754 0.866174 2.387840 0.006533
 178.000000 0.012977 0.933050 2.553279 0.002652
 179.000000 0.016469 0.882592 2.325308 0.002677
 180.000000 0.016711 0.870900 2.309353 0.001937
 181.000000 0.012645 0.900613 2.402259 0.001448
 182.000000 0.020474 0.839474 2.128475 0.004290
 183.000000 0.027811 0.828744 2.175550 0.006321
 184.000000 0.019587 0.848911 2.361353 0.003663
 185.000000 0.021166 0.822191 2.163667 0.001829
 186.000000 0.021396 0.853873 2.258997 0.005829
 187.000000 0.022067 0.874352 2.368660 0.005678
 188.000000 0.018811 0.866713 2.403367 0.001789
 189.000000 0.016006 0.924047 2.578537 0.002320
 190.000000 0.020069 0.898107 2.485883 0.003577
 191.000000 0.014294 0.916179 2.480578 0.003503
 192.000000 0.021730 0.831340 2.001173 0.001656
 193.000000 0.029681 0.811202 2.104753 0.003291
 194.000000 0.018765 0.850271 2.192751 0.004766
 195.000000 0.028181 0.806521 2.044884 0.010292
 196.000000 0.015773 0.863247 2.234668 0.001623
 197.000000 0.017979 0.864376 2.238766 0.006101
 198.000000 0.031672 0.815511 2.221256 0.003502
 199.000000 0.019946 0.860840 2.295691 0.001892
 200.000000 0.016501 0.864900 2.247461 0.002024
 201.000000 0.025649 0.827596 2.175493 0.002644
 202.000000 0.025038 0.861692 2.341388 0.005755
 203.000000 0.031089 0.815945 1.946561 0.008790
 204.000000 0.027474 0.859694 2.349270 0.003094
 205.000000 0.014424 0.919366 2.631542 0.001263
 206.000000 0.016705 0.910610 2.601171 0.001347
 207.000000 0.012987 0.928827 2.598106 0.003104
 208.000000 0.012730 0.904864 2.489096 0.001928
 209.000000 0.019375 0.857222 2.289932 0.002551
 210.000000 0.014101 0.907071 2.436572 0.001599
 211.000000 0.009938 0.940479 2.594497 0.001000
 212.000000 0.012902 0.917641 2.513472 0.001633
 213.000000 0.013006 0.899592 2.304233 0.001227
 214.000000 0.014483 0.894451 2.309972 0.001626
 215.000000 0.015052 0.880413 2.271626 0.002374
 216.000000 0.019064 0.899217 2.350925 0.006849
 217.000000 0.019396 0.907923 2.400452 0.006759
 218.000000 0.019839 0.887415 2.549413 0.004038
 219.000000 0.021028 0.893057 2.475630 0.015544
 220.000000 0.022939 0.860864 2.385190 0.011398
 221.000000 0.024047 0.857120 2.326242 0.006241
 222.000000 0.017414 0.884635 2.440191 0.003531
 223.000000 0.018588 0.848549 2.232180 0.004207
 224.000000 0.013230 0.884217 2.325729 0.001103
 225.000000 0.019432 0.826317 2.136943 0.002417
 226.000000 0.027674 0.762351 1.778671 0.007258
 227.000000 0.022081 0.847095 2.344246 0.002671
 228.000000 0.018730 0.880911 2.530172 0.001702
 229.000000 0.013685 0.893377 2.292910 0.002525
 230.000000 0.015774 0.896208 2.410294 0.001881
 231.000000 0.016261 0.914695 2.471661 0.002876
 232.000000 0.021648 0.889729 2.340389 0.004265
 233.000000 0.015748 0.917551 2.463455 0.002114
 234.000000 0.032709 0.870349 2.324219 0.005054
 235.000000 0.018591 0.882173 2.219118 0.002572
 236.000000 0.021017 0.851927 2.192490 0.002741
 237.000000 0.032451 0.795585 1.862317 0.003291
 238.000000 0.098558 0.768353 1.728084 0.020761
 239.000000 0.044876 0.760327 1.632397 0.007129
 240.000000 0.028657 0.801506 1.856275 0.003917
 241.000000 0.024350 0.847614 2.143330 0.003822
 242.000000 0.037441 0.837165 2.041326 0.006014
 243.000000 0.035657 0.814777 1.882527 0.008500
 244.000000 0.042026 0.809345 1.905445 0.005712
 245.000000 0.053279 0.791010 1.865195 0.005167
 246.000000 0.035721 0.786764 1.842395 0.002527
 247.000000 0.025672 0.790015 1.749854 0.003322
 248.000000 0.031080 0.774285 1.716324 0.004567
 249.000000 0.033882 0.780676 1.716997 0.004974
 250.000000 0.037579 0.765039 1.551712 0.003697
 251.000000 0.050410 0.799241 1.899312 0.007602
 252.000000 0.047813 0.838958 2.171265 0.006550
 253.000000 0.032204 0.868329 2.359146 0.004130
 254.000000 0.045796 0.841310 2.141146 0.007591
 255.000000 0.032750 0.853951 2.276201 0.004332
 256.000000 0.036432 0.845448 2.244343 0.008719
 257.000000 0.019849 0.912047 2.500400 0.003771
 258.000000 0.020218 0.889067 2.406098 0.003923
 259.000000 0.015831 0.916813 2.521739 0.002184
 260.000000 0.027571 0.864683 2.358388 0.003651
 261.000000 0.030917 0.842228 2.281048 0.006793
 262.000000 0.032034 0.849891 2.266651 0.006238
 263.000000 0.038485 0.851830 2.327511 0.003330
 264.000000 0.031189 0.850018 2.277140 0.003819
 265.000000 0.021514 0.880938 2.350908 0.003729
 266.000000 0.013447 0.940249 2.635183 0.001513
 267.000000 0.014610 0.945294 2.736650 0.001240
 268.000000 0.009572 0.996673 2.871397 0.000901
 269.000000 0.009182 0.995331 2.857709 0.000900
 270.000000 0.007848 1.005250 2.879001 0.000835
 271.000000 0.014386 0.944730 2.735553 0.001745
 272.000000 0.013692 0.952517 2.641005 0.001658
 273.000000 0.023728 0.875314 2.231436 0.002381
 274.000000 0.018827 0.896343 2.327358 0.002113
 275.000000 0.030151 0.853136 2.263313 0.002201
 276.000000 0.031001 0.836790 2.141279 0.002890
 277.000000 0.043362 0.775032 1.865944 0.003118
 278.000000 0.026088 0.857365 2.313812 0.003073
 279.000000 0.023611 0.873067 2.347274 0.002578
 280.000000 0.025212 0.870544 2.327991 0.002619
 281.000000 0.017877 0.902561 2.284687 0.001356
 282.000000 0.026076 0.858411 2.295332 0.001602
 283.000000 0.031075 0.885238 2.455432 0.007541
 284.000000 0.021247 0.883892 2.441620 0.002390
 285.000000 0.032808 0.832010 2.228635 0.004779
 286.000000 0.038281 0.830417 2.281192 0.005139
 287.000000 0.026667 0.865381 2.269556 0.003681
 288.000000 0.021897 0.846245 2.162419 0.003156
 289.000000 0.029210 0.812387 1.962069 0.004007
 290.000000 0.023574 0.840327 2.118817 0.006033
 291.000000 0.031651 0.814619 2.176231 0.006637
 292.000000 0.021018 0.869131 2.313467 0.006332
 293.000000 0.022189 0.860172 2.298925 0.003055
 294.000000 0.031555 0.813771 2.199353 0.007074
 295.000000 0.039817 0.797692 2.135521 0.006262
 296.000000 0.042252 0.806776 2.169329 0.005649
 297.000000 0.057784 0.771561 2.019429 0.007937
 298.000000 0.032219 0.846325 2.215918 0.004804
 299.000000 0.021110 0.883874 2.270895 0.006397
 300.000000 0.065979 0.801098 2.011118 0.009214
 301.000000 0.050196 0.814942 2.031204 0.011870
 302.000000 0.060296 0.766087 1.924317 0.009606
 303.000000 0.037212 0.768885 1.789940 0.009204
 304.000000 0.060084 0.713260 1.472586 0.008258
 305.000000 0.062072 0.699163 1.209437 0.006319
 306.000000 0.051968 0.744425 1.432060 0.004599
 307.000000 0.070310 0.706388 1.532383 0.005879
 308.000000 0.052038 0.718025 1.492343 0.021442
 309.000000 0.035388 0.756403 1.421542 0.008225
 310.000000 0.038368 0.759567 1.464141 0.006661
 311.000000 0.060645 0.724194 1.317448 0.006844
 312.000000 0.035817 0.779069 1.656466 0.005054
 313.000000 0.036860 0.790868 1.750385 0.004372
 314.000000 0.031611 0.778987 1.625675 0.003057
 315.000000 0.036097 0.791543 1.816963 0.004156
 316.000000 0.031237 0.820841 1.947373 0.002881
 317.000000 0.023981 0.838322 2.065646 0.002212
 318.000000 0.022312 0.843935 2.133734 0.002252
 319.000000 0.019034 0.877163 2.102177 0.001540
 320.000000 0.023673 0.866522 2.122842 0.001724
 321.000000 0.015621 0.917542 2.457474 0.001514
 322.000000 0.014208 0.945850 2.607512 0.001229
 323.000000 0.016845 0.923283 2.439488 0.001461
 324.000000 0.010725 0.970386 2.586563 0.001288
 325.000000 0.012176 0.943408 2.634957 0.001537
 326.000000 0.017498 0.912032 2.454812 0.002338
 327.000000 0.016138 0.915666 2.557857 0.002459
 328.000000 0.014849 0.922395 2.489192 0.002606
 329.000000 0.013762 0.936447 2.520703 0.001352
 330.000000 0.016441 0.904147 2.442000 0.002008
 331.000000 0.017924 0.896311 2.501193 0.001850
 332.000000 0.030311 0.822268 2.224836 0.003594
 333.000000 0.020250 0.886121 2.448720 0.002158
 334.000000 0.034645 0.808246 2.105751 0.005871
 335.000000 0.043367 0.796107 2.040416 0.005362
 336.000000 0.016876 0.858894 2.218230 0.001307
 337.000000 0.012923 0.918370 2.593305 0.001446
 338.000000 0.018512 0.866019 2.217573 0.001447
 339.000000 0.017088 0.878716 2.211478 0.001089
 340.000000 0.018733 0.858042 2.262734 0.001354
 341.000000 0.027930 0.809305 1.922582 0.002264
 342.000000 0.028474 0.806523 2.018821 0.003321
 343.000000 0.027398 0.843700 2.185918 0.003300
 344.000000 0.030690 0.823548 2.239681 0.002819
 345.000000 0.032136 0.826616 2.206749 0.003474
 346.000000 0.024309 0.861333 2.297441 0.002890
 347.000000 0.025356 0.850774 2.317465 0.002931
 348.000000 0.053331 0.760346 1.996952 0.005527
 349.000000 0.054052 0.743424 1.884869 0.005661
 350.000000 0.065787 0.730967 1.909950 0.006403
 351.000000 0.063079 0.727435 1.722757 0.008763
 352.000000 0.075057 0.709441 1.819755 0.009217
 353.000000 0.049722 0.760754 1.975300 0.007570
 354.000000 0.049605 0.733559 1.909806 0.006121
 355.000000 0.072286 0.711062 1.810067 0.010522
 356.000000 0.075013 0.706463 1.732734 0.010405
 357.000000 0.047860 0.699649 1.499924 0.007012
 358.000000 0.054827 0.713625 1.464396 0.007087
 359.000000 0.026100 0.758982 1.742090 0.003265
 360.000000 0.043349 0.731311 1.654380 0.004454
 361.000000 0.032228 0.805976 1.971453 0.003122
 362.000000 0.049008 0.771061 1.872780 0.007553
 363.000000 0.050712 0.760835 2.030500 0.005609
 364.000000 0.050579 0.758854 1.908384 0.004649
 365.000000 0.051884 0.757320 1.975770 0.005623
 366.000000 0.054331 0.719639 1.825379 0.009242
 367.000000 0.046413 0.745308 1.566511 0.006073
 368.000000 0.034514 0.763253 1.724321 0.003930
 369.000000 0.033667 0.777567 1.757203 0.003067
 370.000000 0.043646 0.773365 1.768127 0.004022
 371.000000 0.041667 0.774265 1.989307 0.004719
 372.000000 0.034493 0.811239 1.955886 0.004448
 373.000000 0.027668 0.815025 2.103393 0.003513
 374.000000 0.031164 0.789346 1.847287 0.003064
 375.000000 0.018159 0.861857 2.238063 0.001944
 376.000000 0.021078 0.860545 2.148525 0.001842
 377.000000 0.028674 0.795950 1.806956 0.002894
 378.000000 0.069387 0.750117 1.925771 0.006212
 379.000000 0.039643 0.759586 1.743557 0.005138
 380.000000 0.064720 0.732819 1.822151 0.006537
 381.000000 0.067482 0.681683 1.371791 0.011969
 382.000000 0.070557 0.638738 1.036878 0.009755
 383.000000 0.039498 0.717402 1.367838 0.003098
 384.000000 0.047445 0.690474 1.317873 0.004517
 385.000000 0.097344 0.629431 1.151989 0.022853
 386.000000 0.027883 0.723390 1.276920 0.002343
 387.000000 0.037619 0.720243 1.376202 0.004747
 388.000000 0.029174 0.740917 1.401816 0.002371
 389.000000 0.058194 0.655840 1.131475 0.005486
 390.000000 0.056496 0.643622 0.983710 0.006730
 391.000000 0.040401 0.675677 1.123022 0.005223
 392.000000 0.051933 0.657865 1.032131 0.004841
 393.000000 0.045875 0.698166 1.260334 0.007491
 394.000000 0.058923 0.660054 1.236871 0.009677
 395.000000 0.036429 0.691811 1.343015 0.004866
 396.000000 0.025698 0.753224 1.589824 0.003113
 397.000000 0.023555 0.812092 1.871949 0.002807
 398.000000 0.028356 0.803005 2.024364 0.002707
 399.000000 0.025686 0.803464 2.032104 0.003844
 400.000000 0.031551 0.781271 1.942636 0.003352
 401.000000 0.021066 0.835715 2.184968 0.003033
 402.000000 0.024649 0.822221 2.134857 0.004127
 403.000000 0.026629 0.780784 2.015377 0.002607
 404.000000 0.025818 0.813850 2.117919 0.005035
 405.000000 0.028984 0.804388 2.001025 0.005723
 406.000000 0.022037 0.857294 2.206520 0.002320
 407.000000 0.027930 0.803997 2.028959 0.003717
 408.000000 0.035365 0.784170 2.026495 0.007695
 409.000000 0.034644 0.777795 1.887776 0.005008
 410.000000 0.028012 0.811249 1.977236 0.002582
 411.000000 0.023441 0.831629 2.126905 0.002236
 412.000000 0.024633 0.827665 2.186086 0.002731
 413.000000 0.031543 0.791534 1.955978 0.005540
 414.000000 0.021700 0.800497 1.891292 0.003820
 415.000000 0.026676 0.777202 1.920476 0.003118
 416.000000 0.035927 0.785573 1.923124 0.005466
 417.000000 0.031605 0.745580 1.660073 0.005600
 418.000000 0.034249 0.781867 1.864798 0.005688
 419.000000 0.034925 0.778589 1.886885 0.005123
 420.000000 0.032027 0.812574 2.125887 0.005267
 421.000000 0.031064 0.777682 1.864041 0.003346
 422.000000 0.046658 0.706588 1.416877 0.008638
 423.000000 0.050496 0.730052 1.531962 0.012229
 424.000000 0.044633 0.745762 1.583094 0.005415
 425.000000 0.025212 0.793559 1.887016 0.002860
 426.000000 0.033214 0.782083 1.894703 0.007032
 427.000000 0.033648 0.781341 1.882788 0.011428
 428.000000 0.033615 0.784730 1.957302 0.009550
 429.000000 0.033441 0.778235 1.782103 0.006973
 430.000000 0.030549 0.800552 1.853921 0.004473
 431.000000 0.019693 0.862385 2.226092 0.002359
 432.000000 0.046491 0.756886 1.823107 0.007695
 433.000000 0.031996 0.782333 1.838387 0.004443
 434.000000 0.037561 0.752856 1.693889 0.012555
 435.000000 0.034068 0.781121 1.997729 0.004830
 436.000000 0.031368 0.779087 1.790664 0.004407
 437.000000 0.041589 0.753627 1.640423 0.005675
 438.000000 0.027976 0.819510 1.927226 0.003707
 439.000000 0.036468 0.794968 1.882203 0.003063
 440.000000 0.022877 0.842187 2.088891 0.004969
 441.000000 0.019115 0.880794 2.293785 0.002436
 442.000000 0.030616 0.822275 2.147007 0.002705
 443.000000 0.029773 0.827968 2.074466 0.003406
 444.000000 0.036294 0.820910 1.832236 0.003096
 445.000000 0.045899 0.763338 1.664589 0.004306
 446.000000 0.026275 0.813690 1.790636 0.002172
 447.000000 0.025186 0.829315 1.909382 0.002130
 448.000000 0.022989 0.856364 2.233621 0.002094
 449.000000 0.019235 0.864935 2.338416 0.002097
 450.000000 0.021548 0.847418 2.334578 0.002702
 451.000000 0.022893 0.847360 2.375146 0.004543
 452.000000 0.036845 0.764877 1.779311 0.005747
 453.000000 0.023657 0.856125 2.267285 0.003112
 454.000000 0.051701 0.789037 2.035264 0.004059
 455.000000 0.057715 0.791863 2.086115 0.004346
 456.000000 0.054927 0.797333 2.168246 0.004376
 457.000000 0.043199 0.819789 2.216317 0.004435
 458.000000 0.027953 0.856540 2.300818 0.002906
 459.000000 0.022503 0.850772 2.094216 0.003516
 460.000000 0.025815 0.822124 1.995628 0.002385
 461.000000 0.025153 0.861838 2.127240 0.002808
 462.000000 0.019887 0.879445 2.274177 0.002893
 463.000000 0.021146 0.870720 2.260132 0.003212
 464.000000 0.019221 0.896845 2.399845 0.001965
 465.000000 0.036285 0.811361 2.170934 0.003151
 466.000000 0.028540 0.825481 2.161324 0.002421
 467.000000 0.067340 0.712531 1.766535 0.008134
 468.000000 0.089518 0.701568 1.813441 0.007221
 469.000000 0.066267 0.724656 1.866395 0.003482
 470.000000 0.044756 0.784070 2.200099 0.003206
 471.000000 0.025892 0.853559 2.315089 0.002236
 472.000000 0.018493 0.848574 2.272726 0.001676
 473.000000 0.036123 0.793379 2.075775 0.003095
 474.000000 0.051992 0.784266 2.051323 0.003371
 475.000000 0.049226 0.768514 1.873669 0.006009
 476.000000 0.038275 0.798040 1.940263 0.003293
 477.000000 0.038689 0.763169 1.819352 0.003045
 478.000000 0.037772 0.787310 1.820679 0.002789
 479.000000 0.039934 0.794998 2.022712 0.003106
 480.000000 0.062656 0.739808 1.767698 0.003384
 481.000000 0.046099 0.769746 2.003200 0.003862
 482.000000 0.059365 0.760181 2.099343 0.005533
 483.000000 0.038754 0.810837 2.165229 0.005005
 484.000000 0.066931 0.728470 1.898467 0.007368
 485.000000 0.059076 0.741179 1.830616 0.005218
 486.000000 0.074875 0.726240 1.722305 0.007072
 487.000000 0.046808 0.789233 2.049042 0.005085
 488.000000 0.048156 0.799747 2.043526 0.006082
 489.000000 0.043918 0.808542 2.199759 0.004141
 490.000000 0.050185 0.797773 2.291081 0.004557
 491.000000 0.049379 0.791868 2.182757 0.003291
 492.000000 0.067105 0.759041 1.999150 0.004738
 493.000000 0.064447 0.765914 1.990967 0.011178
 494.000000 0.082687 0.727400 1.837132 0.011969
 495.000000 0.059091 0.744059 1.849805 0.006513
 496.000000 0.049504 0.785867 2.104876 0.003281
 497.000000 0.083936 0.719793 1.856497 0.006413
 498.000000 0.070655 0.757618 1.900086 0.008563
 499.000000 0.071077 0.758400 2.015481 0.008050
 500.000000 0.055328 0.793597 2.034078 0.003507
