#! FIELDS time alpha rg e2e hbond
 0.000000 0.038573 0.788857 1.958650 0.004980
 1.000000 0.107445 0.708939 1.852461 0.006298
 2.000000 0.046705 0.777651 2.110588 0.004305
 3.000000 0.067035 0.744835 1.926232 0.005840
 4.000000 0.044533 0.774328 2.049002 0.003282
 5.000000 0.097937 0.670960 1.452651 0.009449
 6.000000 0.117011 0.644163 1.358086 0.017394
 7.000000 0.078976 0.690369 1.646031 0.009336
 8.000000 0.076344 0.707145 1.595065 0.010332
 9.000000 0.066430 0.724688 1.835491 0.004654
 10.000000 0.083955 0.668136 1.499870 0.007363
 11.000000 0.094733 0.651492 1.611162 0.029480
 12.000000 0.133610 0.645877 1.497348 0.045913
 13.000000 0.124371 0.641685 1.567494 0.026568
 14.000000 0.146020 0.620983 1.570501 0.095404
 15.000000 0.136867 0.695177 1.863120 0.053595
 16.000000 0.101099 0.710751 1.948219 0.011137
 17.000000 0.119563 0.726397 2.028979 0.027699
 18.000000 0.105626 0.743407 2.089911 0.022229
 19.000000 0.075901 0.753432 2.125808 0.012557
 20.000000 0.077525 0.742524 2.054399 0.013132
 21.000000 0.062753 0.760273 2.059556 0.008288
 22.000000 0.102642 0.734231 2.074678 0.017893
 23.000000 0.082943 0.746907 2.125534 0.011464
 24.000000 0.041247 0.786226 2.230451 0.007232
 25.000000 0.040830 0.814621 2.331235 0.004689
 26.000000 0.059408 0.785761 2.113801 0.020053
 27.000000 0.084468 0.743532 2.078806 0.020902
 28.000000 0.051413 0.777302 2.186620 0.007406
 29.000000 0.087453 0.754136 2.190582 0.011139
 30.000000 0.041990 0.819443 2.313179 0.004984
 31.000000 0.078563 0.784703 2.096591 0.012021
 32.000000 0.051190 0.820060 2.120153 0.004470
 33.000000 0.096735 0.794990 2.057919 0.028415
 34.000000 0.054322 0.807118 2.269618 0.006549
 35.000000 0.068820 0.804236 2.213014 0.016189
 36.000000 0.079934 0.775701 2.112497 0.013227
 37.000000 0.105467 0.742596 2.031059 0.024231
 38.000000 0.148363 0.723191 1.935210 0.068905
 39.000000 0.062270 0.779632 2.133687 0.016422
 40.000000 0.074189 0.764360 1.969323 0.016163
 41.000000 0.077822 0.766595 2.160807 0.011138
 42.000000 0.060459 0.792358 2.208495 0.009521
 43.000000 0.064738 0.754256 2.064746 0.005852
 44.000000 0.085129 0.736881 1.955420 0.007883
 45.000000 0.066355 0.752272 2.044394 0.009920
 46.000000 0.114087 0.738713 2.144136 0.031754
 47.000000 0.063208 0.766187 2.119462 0.008051
 48.000000 0.066890 0.743576 2.036717 0.008144
 49.000000 0.072189 0.774598 2.195588 0.014094
 50.000000 0.068266 0.779896 2.224033 0.012337
 51.000000 0.044570 0.837487 2.432493 0.005512
 52.000000 0.038250 0.840285 2.446205 0.003526
 53.000000 0.065800 0.810066 2.319600 0.015649
 54.000000 0.067315 0.804530 2.183984 0.015917
 55.000000 0.057365 0.763350 1.937239 0.011411
 56.000000 0.069487 0.705325 1.574881 0.006411
 57.000000 0.132077 0.673903 1.485844 0.040885
 58.000000 0.135570 0.653046 1.354194 0.024117
 59.000000 0.104525 0.655648 1.238624 0.016281
 60.000000 0.214415 0.589237 1.115549 0.076364
 61.000000 0.188608 0.607323 0.976916 0.213470
 62.000000 0.115101 0.674881 1.268440 0.030719
 63.000000 0.130524 0.666570 1.386843 0.061388
 64.000000 0.135400 0.662352 1.495717 0.051675
 65.000000 0.143030 0.658605 1.500303 0.023225
 66.000000 0.148140 0.672743 1.535223 0.020927
 67.000000 0.218771 0.620731 1.376253 0.089926
 68.000000 0.158398 0.670266 1.610466 0.049095
 69.000000 0.113814 0.723749 1.889895 0.016978
 70.000000 0.106679 0.726266 1.977020 0.021954
 71.000000 0.131083 0.705802 1.982764 0.023704
 72.000000 0.080235 0.769824 2.158664 0.011527
 73.000000 0.022447 0.886440 2.428947 0.002170
 74.000000 0.022429 0.865498 2.372753 0.001833
 75.000000 0.030650 0.836868 2.324298 0.002963
 76.000000 0.045428 0.774421 1.946820 0.003328
 77.000000 0.029166 0.775001 1.593501 0.002443
 78.000000 0.023447 0.809191 1.835251 0.002360
 79.000000 0.029009 0.794336 1.780622 0.002218
 80.000000 0.031865 0.804243 1.824314 0.002539
 81.000000 0.028528 0.799787 1.835862 0.002324
 82.000000 0.025058 0.820052 2.032068 0.002079
 83.000000 0.023522 0.835712 2.025332 0.002721
 84.000000 0.020909 0.853858 2.061372 0.001859
 85.000000 0.022149 0.839754 1.882392 0.002138
 86.000000 0.028245 0.780145 1.721329 0.001468
 87.000000 0.029848 0.780296 1.832985 0.002622
 88.000000 0.028939 0.810574 1.908219 0.003150
 89.000000 0.022628 0.878926 2.339718 0.002796
 90.000000 0.022135 0.850552 2.121121 0.001996
 91.000000 0.018070 0.837530 1.989096 0.001813
 92.000000 0.022215 0.839072 2.046027 0.002305
 93.000000 0.013974 0.896204 2.271753 0.001234
 94.000000 0.016231 0.880020 2.366625 0.001560
 95.000000 0.018959 0.873662 2.295777 0.001695
 96.000000 0.021354 0.863505 2.246132 0.001551
 97.000000 0.024918 0.846760 2.192448 0.002173
 98.000000 0.039921 0.776247 1.890652 0.003649
 99.000000 0.054142 0.770120 1.838809 0.006570
 100.000000 0.029322 0.821003 1.992784 0.002633
 101.000000 0.025196 0.848966 2.335919 0.002697
 102.000000 0.034433 0.848678 2.378389 0.004570
 103.000000 0.017153 0.891437 2.555675 0.001816
 104.000000 0.015272 0.928796 2.706227 0.001441
 105.000000 0.013096 0.931897 2.646886 0.001210
 106.000000 0.011505 0.962361 2.707783 0.001294
 107.000000 0.020964 0.848578 2.122072 0.002412
 108.000000 0.021190 0.869152 2.289467 0.001956
 109.000000 0.022341 0.867385 2.376336 0.002083
 110.000000 0.021221 0.872119 2.286920 0.002079
 111.000000 0.025664 0.844269 2.150365 0.002608
 112.000000 0.017216 0.831131 2.166694 0.001517
 113.000000 0.023144 0.813309 2.097554 0.002764
 114.000000 0.016902 0.871446 2.376732 0.001814
 115.000000 0.018248 0.891762 2.491237 0.002191
 116.000000 0.023140 0.872808 2.513523 0.001939
 117.000000 0.024287 0.887511 2.528110 0.002308
 118.000000 0.017996 0.900414 2.558697 0.001637
 119.000000 0.018219 0.871122 2.422586 0.001585
 120.000000 0.035042 0.828344 2.223962 0.002821
 121.000000 0.016471 0.868356 2.145276 0.001280
 122.000000 0.024956 0.825527 1.964398 0.002337
 123.000000 0.028402 0.777347 1.810540 0.002203
 124.000000 0.022343 0.833973 2.161759 0.001759
 125.000000 0.027702 0.817020 2.021895 0.002895
 126.000000 0.061299 0.793902 2.035678 0.011035
 127.000000 0.041787 0.809560 2.108298 0.005520
 128.000000 0.064732 0.816612 2.239120 0.008889
 129.000000 0.039989 0.848988 2.315935 0.005933
 130.000000 0.081012 0.756000 1.868141 0.013217
 131.000000 0.074259 0.788424 2.044967 0.013864
 132.000000 0.073248 0.782525 1.997738 0.014415
 133.000000 0.065852 0.765501 1.931800 0.007184
 134.000000 0.076927 0.744382 1.746905 0.008546
 135.000000 0.095994 0.706868 1.429949 0.011601
 136.000000 0.095609 0.735746 1.599366 0.011081
 137.000000 0.097271 0.769350 1.843289 0.014231
 138.000000 0.055849 0.769645 1.937325 0.006427
 139.000000 0.082344 0.784922 2.087236 0.010062
 140.000000 0.056952 0.775888 1.948743 0.008272
 141.000000 0.074064 0.775742 2.013883 0.010438
 142.000000 0.064158 0.748513 1.846050 0.010693
 143.000000 0.100027 0.746501 2.040118 0.013122
 144.000000 0.200553 0.708278 1.743427 0.023615
 145.000000 0.102395 0.762449 1.833657 0.013047
 146.000000 0.114962 0.736972 1.877368 0.016390
 147.000000 0.084594 0.766957 1.996275 0.015367
 148.000000 0.093984 0.770225 2.064774 0.011479
 149.000000 0.074724 0.754885 1.957820 0.011903
 150.000000 0.045561 0.817337 2.110316 0.005074
 151.000000 0.043100 0.823021 2.096975 0.007940
 152.000000 0.050634 0.839518 2.258200 0.005681
 153.000000 0.071244 0.740371 1.790135 0.008802
 154.000000 0.065261 0.784730 1.902019 0.010997
 155.000000 0.083894 0.784448 2.032843 0.009300
 156.000000 0.070453 0.762319 1.877782 0.014025
 157.000000 0.049088 0.761171 1.762011 0.009253
 158.000000 0.107787 0.727341 1.666285 0.021482
 159.000000 0.068973 0.691268 1.407914 0.018694
 160.000000 0.077407 0.652660 1.084318 0.013667
 161.000000 0.086992 0.628115 1.082378 0.031941
 162.000000 0.105966 0.630793 1.158783 0.023953
 163.000000 0.086185 0.655323 1.140161 0.012977
 164.000000 0.085427 0.665018 1.336948 0.023605
 165.000000 0.096058 0.609531 0.924561 0.011059
 166.000000 0.117046 0.598054 0.964333 0.018564
 167.000000 0.094276 0.605259 0.961710 0.008239
 168.000000 0.086908 0.636723 1.070689 0.010066
 169.000000 0.129993 0.604132 1.047875 0.017188
 170.000000 0.098217 0.632801 0.932137 0.012448
 171.000000 0.138090 0.587027 0.826819 0.014101
 172.000000 0.119965 0.602731 1.009335 0.014992
 173.000000 0.135861 0.604516 1.243023 0.012124
 174.000000 0.151319 0.587810 1.191888 0.011402
 175.000000 0.136408 0.600810 0.880837 0.013681
 176.000000 0.094238 0.598677 0.695736 0.024670
 177.000000 0.112972 0.611138 0.791725 0.016769
 178.000000 0.122153 0.604663 0.884991 0.025607
 179.000000 0.160415 0.515546 0.586129 0.016952
 180.000000 0.175808 0.505608 0.659299 0.016329
 181.000000 0.158435 0.513965 0.635910 0.014408
 182.000000 0.208228 0.512214 0.521433 0.023311
 183.000000 0.212164 0.523676 0.541912 0.019146
 184.000000 0.170381 0.534867 0.614199 0.019855
 185.000000 0.160878 0.517678 0.617655 0.019601
 186.000000 0.145893 0.529273 0.510747 0.016421
 187.000000 0.186834 0.530774 0.700104 0.019791
 188.000000 0.178634 0.529942 0.574450 0.028232
 189.000000 0.148625 0.528048 0.467575 0.012981
 190.000000 0.091344 0.560191 0.629027 0.009644
 191.000000 0.078863 0.570857 0.708845 0.005373
 192.000000 0.087411 0.570974 0.672759 0.005743
 193.000000 0.118889 0.549749 0.570558 0.005945
 194.000000 0.144685 0.545359 0.440551 0.016188
 195.000000 0.121386 0.554336 0.551817 0.011694
 196.000000 0.170436 0.524903 0.413767 0.012789
 197.000000 0.130813 0.534176 0.482662 0.010234
 198.000000 0.148864 0.521621 0.414584 0.018210
 199.000000 0.130207 0.529942 0.468474 0.010265
 200.000000 0.144502 0.540212 0.386250 0.015302
 201.000000 0.122860 0.577175 0.438768 0.011734
 202.000000 0.177570 0.503553 0.430206 0.022679
 203.000000 0.174697 0.526549 0.423691 0.020188
 204.000000 0.137681 0.563360 0.429229 0.014053
 205.000000 0.163932 0.544456 0.437256 0.017633
 206.000000 0.226561 0.539766 0.524032 0.021772
 207.000000 0.119513 0.589033 0.710503 0.016415
 208.000000 0.066137 0.624311 0.999815 0.006026
 209.000000 0.099102 0.642366 1.315278 0.012077
 210.000000 0.044718 0.729955 1.756702 0.002592
 211.000000 0.046220 0.764481 1.916093 0.004763
 212.000000 0.025134 0.780505 1.771926 0.001506
 213.000000 0.041432 0.780988 1.679199 0.001680
 214.000000 0.034512 0.779198 1.799328 0.001413
 215.000000 0.039867 0.779088 1.910581 0.001850
 216.000000 0.042130 0.785655 1.776700 0.002276
 217.000000 0.026752 0.777216 1.604779 0.001757
 218.000000 0.043133 0.767346 1.713533 0.002104
 219.000000 0.032407 0.749365 1.666890 0.002018
 220.000000 0.031525 0.793174 1.847112 0.002143
 221.000000 0.023393 0.892275 2.464454 0.001900
 222.000000 0.033551 0.849532 2.375602 0.002538
 223.000000 0.039275 0.867593 2.472145 0.002946
 224.000000 0.033189 0.864380 2.343414 0.002085
 225.000000 0.034296 0.860607 2.342821 0.002565
 226.000000 0.026257 0.876494 2.490636 0.001696
 227.000000 0.030713 0.882771 2.413326 0.003074
 228.000000 0.032351 0.875275 2.474488 0.002594
 229.000000 0.040629 0.835697 2.335257 0.002473
 230.000000 0.026461 0.878669 2.420557 0.002084
 231.000000 0.029357 0.857792 2.452538 0.002641
 232.000000 0.034878 0.864013 2.469610 0.002860
 233.000000 0.031514 0.800928 2.132888 0.002145
 234.000000 0.050910 0.784994 1.908997 0.002319
 235.000000 0.028048 0.817125 2.080811 0.001704
 236.000000 0.026621 0.794705 1.902270 0.001834
 237.000000 0.052268 0.766777 1.892850 0.003587
 238.000000 0.041164 0.779471 1.695534 0.001956
 239.000000 0.047113 0.787460 1.834014 0.003479
 240.000000 0.028111 0.849135 2.230592 0.001803
 241.000000 0.036498 0.822217 1.901884 0.001856
 242.000000 0.046361 0.802532 1.856182 0.003568
 243.000000 0.038386 0.773261 1.751237 0.002133
 244.000000 0.045623 0.755593 1.697926 0.003509
 245.000000 0.034937 0.812592 1.886802 0.002069
 246.000000 0.026821 0.799522 1.888069 0.001979
 247.000000 0.032285 0.822129 2.002121 0.001584
 248.000000 0.036765 0.786355 1.793322 0.002133
 249.000000 0.041403 0.785419 1.794294 0.002824
 250.000000 0.031088 0.792138 1.908024 0.002388
 251.000000 0.050643 0.765359 1.743667 0.003096
 252.000000 0.033205 0.791868 1.656662 0.002210
 253.000000 0.027186 0.798776 1.602768 0.001679
 254.000000 0.026865 0.789921 1.560963 0.002078
 255.000000 0.040975 0.810693 1.745231 0.003097
 256.000000 0.047665 0.772277 1.528466 0.003354
 257.000000 0.040348 0.807128 1.792420 0.002798
 258.000000 0.057128 0.730366 1.479647 0.004651
 259.000000 0.026316 0.800960 1.735176 0.001292
 260.000000 0.030261 0.797406 1.725082 0.002204
 261.000000 0.039004 0.761299 1.531051 0.002783
 262.000000 0.031352 0.765194 1.407246 0.001769
 263.000000 0.032848 0.807715 1.793059 0.001652
 264.000000 0.046714 0.741013 1.410037 0.003335
 265.000000 0.030050 0.774179 1.509717 0.001898
 266.000000 0.045612 0.761095 1.645105 0.004505
 267.000000 0.045556 0.737099 1.671368 0.003053
 268.000000 0.104839 0.655777 1.354550 0.010710
 269.000000 0.032076 0.747775 1.795408 0.002761
 270.000000 0.036034 0.779027 1.854106 0.002318
 271.000000 0.033712 0.761710 1.834992 0.002283
 272.000000 0.072879 0.709001 1.408362 0.006758
 273.000000 0.049273 0.718449 1.138233 0.002766
 274.000000 0.047637 0.722441 1.352191 0.003637
 275.000000 0.056858 0.682815 1.109862 0.003739
 276.000000 0.066069 0.709339 1.306839 0.005367
 277.000000 0.046385 0.734822 1.371757 0.003520
 278.000000 0.034729 0.786978 1.716166 0.002434
 279.000000 0.044713 0.775635 1.668939 0.004129
 280.000000 0.037686 0.771706 1.735593 0.008020
 281.000000 0.045803 0.732098 1.350097 0.006009
 282.000000 0.053063 0.746882 1.533738 0.002710
 283.000000 0.050059 0.716844 1.262860 0.004158
 284.000000 0.031842 0.829021 2.003699 0.004648
 285.000000 0.032641 0.806838 1.913174 0.004363
 286.000000 0.051974 0.770331 1.739952 0.004874
 287.000000 0.061860 0.748175 1.581214 0.004393
 288.000000 0.051732 0.750783 1.545451 0.003633
 289.000000 0.047460 0.765193 1.479712 0.003135
 290.000000 0.052667 0.748230 1.468319 0.003518
 291.000000 0.057062 0.738736 1.381157 0.005600
 292.000000 0.074905 0.729822 1.332498 0.008898
 293.000000 0.077444 0.692405 1.168911 0.008809
 294.000000 0.058897 0.747209 1.517701 0.006032
 295.000000 0.044387 0.775366 1.572849 0.005739
 296.000000 0.048623 0.728895 1.209814 0.005930
 297.000000 0.064057 0.763651 1.430665 0.016784
 298.000000 0.041570 0.784291 1.714967 0.005574
 299.000000 0.049454 0.765987 1.672789 0.005600
 300.000000 0.035902 0.801646 1.756760 0.003060
 301.000000 0.046120 0.732124 1.369215 0.003506
 302.000000 0.041847 0.770663 1.609421 0.002923
 303.000000 0.061721 0.772344 1.570340 0.011507
 304.000000 0.049915 0.744605 1.366284 0.012536
 305.000000 0.043318 0.724727 1.209036 0.004728
 306.000000 0.075384 0.711052 1.350183 0.008992
 307.000000 0.054075 0.759976 1.300068 0.014323
 308.000000 0.058858 0.732680 1.303082 0.005244
 309.000000 0.060158 0.778248 1.523659 0.015678
 310.000000 0.062183 0.748947 1.399166 0.009601
 311.000000 0.069204 0.750028 1.483194 0.010733
 312.000000 0.064307 0.756656 1.504193 0.007795
 313.000000 0.055702 0.751103 1.409378 0.007868
 314.000000 0.067040 0.768529 1.538635 0.009707
 315.000000 0.041890 0.749165 1.398291 0.003644
 316.000000 0.054523 0.750112 1.574003 0.008034
 317.000000 0.043045 0.757010 1.493651 0.002772
 318.000000 0.060929 0.759723 1.588620 0.005353
 319.000000 0.063909 0.775446 1.627793 0.006773
 320.000000 0.050225 0.767292 1.581748 0.004719
 321.000000 0.065234 0.775411 1.644623 0.009521
 322.000000 0.042409 0.809889 1.669578 0.005135
 323.000000 0.055994 0.786566 1.690245 0.005047
 324.000000 0.051346 0.793581 1.676068 0.006120
 325.000000 0.064266 0.739005 1.432620 0.011216
 326.000000 0.056286 0.731412 1.352691 0.010135
 327.000000 0.065376 0.739682 1.365245 0.007604
 328.000000 0.095696 0.716269 1.337759 0.014506
 329.000000 0.090134 0.693073 1.417647 0.008072
 330.000000 0.099716 0.651143 1.237031 0.011805
 331.000000 0.084061 0.658229 1.200450 0.011899
 332.000000 0.090306 0.680966 1.379817 0.015616
 333.000000 0.085727 0.678991 1.445530 0.008806
 334.000000 0.080462 0.691696 1.377328 0.016932
 335.000000 0.087759 0.659776 1.245546 0.009507
 336.000000 0.089354 0.673582 1.399164 0.011065
 337.000000 0.087559 0.630182 1.333202 0.005849
 338.000000 0.068015 0.713049 1.710149 0.004472
 339.000000 0.053180 0.755986 1.825720 0.005114
 340.000000 0.044958 0.720692 1.516991 0.004096
 341.000000 0.063673 0.704196 1.455722 0.005578
 342.000000 0.078894 0.682651 1.319699 0.015897
 343.000000 0.101007 0.665995 1.449934 0.011733
 344.000000 0.088232 0.665632 1.335685 0.010034
 345.000000 0.088193 0.674587 1.360750 0.012653
 346.000000 0.061780 0.721563 1.534309 0.005931
 347.000000 0.052775 0.729577 1.586313 0.004414
 348.000000 0.089985 0.682885 1.334172 0.011007
 349.000000 0.058842 0.716449 1.510037 0.005765
 350.000000 0.074765 0.730491 1.674100 0.005194
 351.000000 0.098535 0.676233 1.448193 0.009970
 352.000000 0.088175 0.692220 1.464310 0.026591
 353.000000 0.069587 0.683995 1.260217 0.006064
 354.000000 0.070603 0.717972 1.553257 0.005437
 355.000000 0.059353 0.736326 1.719474 0.006129
 356.000000 0.081896 0.681729 1.506112 0.009928
 357.000000 0.062563 0.718904 1.638812 0.006145
 358.000000 0.061438 0.752543 1.679389 0.010616
 359.000000 0.056936 0.747342 1.855844 0.006145
 360.000000 0.072226 0.722935 1.652054 0.008760
 361.000000 0.100834 0.658823 1.454673 0.015874
 362.000000 0.100608 0.656522 1.391082 0.011452
 363.000000 0.094126 0.644165 1.365345 0.008143
 364.000000 0.055518 0.748438 1.730170 0.008685
 365.000000 0.076954 0.703150 1.464140 0.011049
 366.000000 0.058845 0.720053 1.576029 0.004032
 367.000000 0.085875 0.678452 1.490463 0.007700
 368.000000 0.124531 0.676186 1.628835 0.009640
 369.000000 0.052067 0.763241 2.086397 0.003676
 370.000000 0.040472 0.790795 2.093903 0.003322
 371.000000 0.067769 0.767912 1.822389 0.003264
 372.000000 0.055759 0.753153 1.555831 0.005058
 373.000000 0.066772 0.738513 1.353937 0.010499
 374.000000 0.067084 0.711516 1.381971 0.015701
 375.000000 0.052104 0.715963 1.298574 0.007378
 376.000000 0.055854 0.720604 1.306324 0.007681
 377.000000 0.046363 0.749614 1.400147 0.005260
 378.000000 0.057528 0.708657 1.482258 0.004444
 379.000000 0.071122 0.690423 1.290265 0.005236
 380.000000 0.071730 0.710780 1.559143 0.004100
 381.000000 0.073967 0.747306 1.799703 0.004041
 382.000000 0.052331 0.754702 1.945649 0.002785
 383.000000 0.063784 0.754922 1.826764 0.004559
 384.000000 0.048608 0.775737 1.914593 0.002697
 385.000000 0.061814 0.763086 1.920600 0.003372
 386.000000 0.043268 0.813372 2.213697 0.003400
 387.000000 0.036481 0.813447 1.936572 0.002656
 388.000000 0.047680 0.776000 1.798216 0.004408
 389.000000 0.050598 0.773682 1.918988 0.007872
 390.000000 0.056026 0.789092 2.176394 0.005247
 391.000000 0.021417 0.867445 2.412871 0.002063
 392.000000 0.025594 0.910425 2.641042 0.002709
 393.000000 0.017867 0.906642 2.521030 0.001793
 394.000000 0.034824 0.846650 2.278786 0.003156
 395.000000 0.030751 0.832961 2.072582 0.003320
 396.000000 0.032276 0.847463 2.067084 0.003827
 397.000000 0.032438 0.785010 1.573360 0.003384
 398.000000 0.037249 0.747617 1.338845 0.002877
 399.000000 0.024882 0.808725 1.830714 0.002388
 400.000000 0.024850 0.826565 1.819797 0.002263
 401.000000 0.029404 0.827912 2.025759 0.002903
 402.000000 0.033619 0.825152 2.023916 0.003067
 403.000000 0.026301 0.821016 1.828085 0.002128
 404.000000 0.046222 0.788566 1.751210 0.003270
 405.000000 0.029911 0.849733 2.175940 0.003109
 406.000000 0.050374 0.804801 2.075673 0.002874
 407.000000 0.038854 0.818893 2.055132 0.003106
 408.000000 0.038262 0.834258 2.109861 0.002312
 409.000000 0.027026 0.873857 2.261919 0.002402
 410.000000 0.023652 0.902877 2.470501 0.001927
 411.000000 0.023675 0.901808 2.413868 0.001608
 412.000000 0.032945 0.864788 2.384592 0.002067
 413.000000 0.031222 0.860285 2.219757 0.001860
 414.000000 0.052530 0.769956 1.740309 0.002131
 415.000000 0.032928 0.823145 1.922100 0.001661
 416.000000 0.052886 0.780815 1.680457 0.001851
 417.000000 0.030560 0.768679 1.491007 0.001351
 418.000000 0.051281 0.700907 1.192353 0.001911
 419.000000 0.060035 0.717481 1.307787 0.002863
 420.000000 0.067893 0.754289 1.753381 0.004725
 421.000000 0.086183 0.736265 1.402391 0.006089
 422.000000 0.074217 0.738032 1.466849 0.007930
 423.000000 0.039207 0.797997 1.665291 0.005024
 424.000000 0.078935 0.732120 1.629758 0.005008
 425.000000 0.043694 0.788600 1.830701 0.003534
 426.000000 0.027469 0.832960 1.954140 0.002911
 427.000000 0.059929 0.729774 1.586961 0.004882
 428.000000 0.056492 0.755371 1.743005 0.004958
 429.000000 0.067653 0.777269 1.874060 0.004368
 430.000000 0.065481 0.756619 1.704933 0.004617
 431.000000 0.058872 0.760449 1.628380 0.005319
 432.000000 0.087401 0.761819 1.676130 0.007033
 433.000000 0.055252 0.810578 1.927753 0.006935
 434.000000 0.036533 0.850934 2.068458 0.005623
 435.000000 0.037502 0.847522 2.136630 0.005301
 436.000000 0.038802 0.816761 1.906964 0.004931
 437.000000 0.069030 0.766605 1.674313 0.004669
 438.000000 0.092410 0.745627 1.581768 0.005775
 439.000000 0.125761 0.727172 1.462281 0.009083
 440.000000 0.074763 0.722894 1.356258 0.005360
 441.000000 0.084785 0.707031 1.258539 0.005557
 442.000000 0.054898 0.751650 1.411604 0.009745
 443.000000 0.071269 0.746624 1.448044 0.007210
 444.000000 0.059806 0.747670 1.435109 0.007520
 445.000000 0.068012 0.737952 1.388016 0.013994
 446.000000 0.056039 0.771268 1.530171 0.006625
 447.000000 0.056009 0.783466 1.678015 0.008258
 448.000000 0.110642 0.717872 1.497968 0.007482
 449.000000 0.098334 0.726360 1.513297 0.007137
 450.000000 0.065899 0.746734 1.468480 0.008742
 451.000000 0.049037 0.772016 1.538249 0.005930
 452.000000 0.041059 0.786712 1.545606 0.006926
 453.000000 0.070824 0.721869 1.321463 0.009276
 454.000000 0.068459 0.754987 1.600232 0.009195
 455.000000 0.064747 0.771158 1.606094 0.008534
 456.000000 0.049218 0.798643 1.746793 0.010195
 457.000000 0.048371 0.792669 1.697494 0.007596
 458.000000 0.065555 0.774838 1.732603 0.007729
 459.000000 0.053118 0.783977 1.770123 0.006811
 460.000000 0.052729 0.738764 1.419004 0.006973
 461.000000 0.038509 0.795052 1.682006 0.004969
 462.000000 0.041781 0.820221 1.818164 0.003757
 463.000000 0.037641 0.835132 1.885668 0.004059
 464.000000 0.071538 0.761559 1.521003 0.006768
 465.000000 0.067484 0.794430 1.934589 0.003771
 466.000000 0.044832 0.833607 2.070529 0.003831
 467.000000 0.070314 0.776860 1.868017 0.004608
 468.000000 0.049911 0.807341 2.080895 0.004771
 469.000000 0.069487 0.787705 1.811974 0.005210
 470.000000 0.078752 0.782252 1.888560 0.004938
 471.000000 0.103265 0.704112 1.450384 0.006921
 472.000000 0.075858 0.642664 1.133007 0.006166
 473.000000 0.108594 0.652491 1.263460 0.006305
 474.000000 0.084513 0.676428 1.289628 0.007375
 475.000000 0.080169 0.655903 1.051496 0.005663
 476.000000 0.062256 0.665076 1.074903 0.005900
 477.000000 0.064893 0.708945 1.219830 0.007305
 478.000000 0.056202 0.677601 1.080471 0.005199
 479.000000 0.078348 0.605241 0.872499 0.007349
 480.000000 0.060831 0.632587 0.910678 0.008226
 481.000000 0.071490 0.633425 1.117649 0.005432
 482.000000 0.060500 0.652474 0.965175 0.005469
 483.000000 0.066384 0.659035 1.036902 0.006797
 484.000000 0.075338 0.625486 0.854373 0.011583
 485.000000 0.103254 0.609366 0.855395 0.009440
 486.000000 0.060488 0.652284 1.251250 0.016017
 487.000000 0.069182 0.649769 1.082938 0.017350
 488.000000 0.067752 0.618382 0.956015 0.009437
 489.000000 0.094789 0.571125 0.846448 0.015046
 490.000000 0.087124 0.634595 0.832825 0.018642
 491.000000 0.065770 0.626263 0.762380 0.005307
 492.000000 0.082704 0.686317 1.060607 0.007301
 493.000000 0.044498 0.737805 1.282030 0.010915
 494.000000 0.056431 0.730946 1.378436 0.007546
 495.000000 0.049068 0.761413 1.409162 0.003423
 496.000000 0.045164 0.737969 1.299673 0.004543
 497.000000 0.065895 0.727043 1.237141 0.006745
 498.000000 0.055531 0.728701 1.237105 0.005757
 499.000000 0.094967 0.697968 1.076973 0.006732
 500.000000 0.085273 0.666469 0.979029 0.007764
