#! FIELDS time alpha rg e2e hbond
 0.000000 0.074418 0.577040 0.991066 0.012826
 1.000000 0.087084 0.558447 0.745303 0.021485
 2.000000 0.093742 0.551473 0.710388 0.012142
 3.000000 0.113912 0.532388 0.510299 0.007519
 4.000000 0.125169 0.547126 0.646127 0.009513
 5.000000 0.091489 0.563993 0.944601 0.009880
 6.000000 0.107060 0.561328 0.828719 0.012807
 7.000000 0.064802 0.603216 0.894216 0.009606
 8.000000 0.079744 0.598663 1.023723 0.011981
 9.000000 0.093231 0.608681 1.143105 0.013371
 10.000000 0.077546 0.583648 0.853205 0.010982
 11.000000 0.096802 0.567809 0.878224 0.011043
 12.000000 0.093370 0.563793 0.937265 0.009328
 13.000000 0.098978 0.556451 0.847774 0.009289
 14.000000 0.072350 0.587781 1.049107 0.014243
 15.000000 0.073385 0.566624 0.921635 0.010564
 16.000000 0.098888 0.577891 0.938688 0.011792
 17.000000 0.080053 0.602824 0.918318 0.011501
 18.000000 0.085325 0.609604 0.908683 0.009791
 19.000000 0.074593 0.615346 0.959859 0.012817
 20.000000 0.067032 0.627248 1.253246 0.011198
 21.000000 0.088539 0.556566 0.961136 0.011768
 22.000000 0.092490 0.568260 0.942364 0.013004
 23.000000 0.100511 0.567997 0.772081 0.012053
 24.000000 0.123784 0.559150 0.872171 0.007845
 25.000000 0.092415 0.604270 1.057195 0.005227
 26.000000 0.083926 0.615376 1.073669 0.004832
 27.000000 0.083445 0.636497 1.486000 0.005261
 28.000000 0.073665 0.654274 1.456614 0.004520
 29.000000 0.066254 0.675663 1.582885 0.004376
 30.000000 0.062299 0.683089 1.556128 0.004802
 31.000000 0.085889 0.705586 1.763999 0.005131
 32.000000 0.068559 0.722356 1.938365 0.003932
 33.000000 0.065018 0.745029 1.910967 0.004613
 34.000000 0.031441 0.833156 2.301578 0.002564
 35.000000 0.036928 0.810838 2.240694 0.002985
 36.000000 0.030397 0.838191 2.401917 0.002254
 37.000000 0.044426 0.825943 2.309678 0.005693
 38.000000 0.069217 0.767161 2.159196 0.005282
 39.000000 0.055694 0.805326 2.238120 0.006641
 40.000000 0.070652 0.780626 2.230902 0.008025
 41.000000 0.058267 0.798014 2.286500 0.005200
 42.000000 0.044813 0.826394 2.377092 0.005591
 43.000000 0.034443 0.825284 2.311732 0.003603
 44.000000 0.043994 0.798145 2.230981 0.003648
 45.000000 0.036826 0.817906 2.240505 0.002452
 46.000000 0.033393 0.856357 2.387785 0.003177
 47.000000 0.029179 0.870009 2.407032 0.002573
 48.000000 0.038180 0.816973 2.158390 0.002639
 49.000000 0.046357 0.793511 2.088208 0.003280
 50.000000 0.036366 0.828507 2.294439 0.002683
 51.000000 0.042016 0.809104 2.216595 0.005249
 52.000000 0.041081 0.785542 2.022469 0.003807
 53.000000 0.037020 0.804877 2.193412 0.003381
 54.000000 0.054073 0.773088 2.204116 0.003969
 55.000000 0.059622 0.770192 2.195467 0.004487
 56.000000 0.052374 0.796007 2.310870 0.003945
 57.000000 0.052046 0.781283 2.250636 0.005174
 58.000000 0.079395 0.734964 2.053038 0.008160
 59.000000 0.061118 0.730895 1.959946 0.005547
 60.000000 0.097451 0.703791 1.993080 0.011144
 61.000000 0.067179 0.728204 1.923862 0.004317
 62.000000 0.053299 0.765148 2.031285 0.003690
 63.000000 0.070675 0.764482 2.134231 0.006054
 64.000000 0.036558 0.796444 2.213533 0.003316
 65.000000 0.032849 0.772731 1.924379 0.002165
 66.000000 0.038784 0.771905 1.851698 0.007358
 67.000000 0.027233 0.813400 1.955211 0.005819
 68.000000 0.033931 0.791881 1.785756 0.004985
 69.000000 0.063502 0.754109 1.684466 0.003809
 70.000000 0.092134 0.718842 1.706168 0.006068
 71.000000 0.061473 0.720332 1.497745 0.008185
 72.000000 0.076521 0.730582 1.541087 0.007653
 73.000000 0.065643 0.734661 1.626443 0.006999
 74.000000 0.074068 0.707677 1.600666 0.005049
 75.000000 0.078340 0.728881 1.733929 0.008020
 76.000000 0.055233 0.758867 1.719151 0.006104
 77.000000 0.084027 0.723716 1.599366 0.007423
 78.000000 0.040932 0.784429 1.865804 0.005306
 79.000000 0.045887 0.746424 1.578235 0.003685
 80.000000 0.068673 0.753946 1.716654 0.006461
 81.000000 0.064937 0.738348 1.630514 0.007476
 82.000000 0.048553 0.752314 1.616133 0.006382
 83.000000 0.024607 0.831414 2.033134 0.004119
 84.000000 0.026699 0.800226 2.005903 0.005063
 85.000000 0.038619 0.800791 2.129341 0.004967
 86.000000 0.034259 0.811096 2.119505 0.005489
 87.000000 0.041824 0.767522 2.001407 0.005316
 88.000000 0.029064 0.802358 2.071646 0.003182
 89.000000 0.019695 0.865297 2.301402 0.002221
 90.000000 0.021526 0.853379 2.260537 0.002580
 91.000000 0.025850 0.840163 2.212121 0.004227
 92.000000 0.031846 0.846262 2.386652 0.004924
 93.000000 0.015583 0.898726 2.481899 0.002252
 94.000000 0.016372 0.900406 2.470345 0.003011
 95.000000 0.028772 0.834546 2.212884 0.003318
 96.000000 0.051215 0.760834 1.885756 0.015410
 97.000000 0.032653 0.796925 2.039065 0.002947
 98.000000 0.030816 0.844149 2.288472 0.006641
 99.000000 0.047674 0.781528 1.942840 0.006963
 100.000000 0.031860 0.776682 1.906100 0.003103
 101.000000 0.026824 0.812526 2.110062 0.004156
 102.000000 0.027339 0.834134 2.332054 0.002971
 103.000000 0.014799 0.874657 2.368012 0.001318
 104.000000 0.037858 0.813278 2.206512 0.003607
 105.000000 0.031260 0.845562 2.278152 0.003947
 106.000000 0.027156 0.832412 2.129697 0.002499
 107.000000 0.067655 0.789618 1.975487 0.015241
 108.000000 0.050595 0.829048 2.221416 0.007149
 109.000000 0.056844 0.829464 2.222413 0.010314
 110.000000 0.098200 0.752736 1.947754 0.010325
 111.000000 0.079968 0.769835 2.003710 0.015530
 112.000000 0.095152 0.753444 1.928255 0.021754
 113.000000 0.148377 0.767362 1.892312 0.143466
 114.000000 0.204139 0.718322 1.790621 0.165605
 115.000000 0.170665 0.680149 1.592162 0.047716
 116.000000 0.248619 0.695224 1.700168 0.176982
 117.000000 0.183828 0.695427 1.634604 0.349093
 118.000000 0.155037 0.764434 1.976226 0.237218
 119.000000 0.079733 0.804240 2.140786 0.065853
 120.000000 0.045774 0.821078 2.271723 0.009083
 121.000000 0.048238 0.807204 2.219797 0.005422
 122.000000 0.054130 0.769736 1.986846 0.005375
 123.000000 0.098609 0.738930 1.784149 0.028933
 124.000000 0.060420 0.824304 2.301839 0.008994
 125.000000 0.073198 0.758071 1.962880 0.004838
 126.000000 0.088019 0.716544 1.639374 0.010751
 127.000000 0.102676 0.711413 1.581365 0.012619
 128.000000 0.030407 0.806799 1.914577 0.002399
 129.000000 0.035365 0.782038 1.727694 0.002543
 130.000000 0.031037 0.788137 1.610800 0.001976
 131.000000 0.059181 0.758634 1.683848 0.006476
 132.000000 0.036561 0.811959 1.953689 0.005579
 133.000000 0.041347 0.836956 2.066204 0.006069
 134.000000 0.038594 0.895879 2.342153 0.005679
 135.000000 0.029621 0.888639 2.366808 0.004866
 136.000000 0.029789 0.888016 2.486920 0.003018
 137.000000 0.014475 0.914964 2.474061 0.001046
 138.000000 0.027239 0.875871 2.406413 0.001918
 139.000000 0.027378 0.837211 2.107385 0.002504
 140.000000 0.033161 0.806376 1.872920 0.003219
 141.000000 0.022862 0.833045 1.978952 0.002383
 142.000000 0.015727 0.852250 1.980071 0.002287
 143.000000 0.022368 0.838963 2.137856 0.002424
 144.000000 0.023877 0.820528 1.968545 0.001996
 145.000000 0.028985 0.785012 1.958863 0.003195
 146.000000 0.022585 0.826391 2.054953 0.002181
 147.000000 0.021180 0.811420 1.862725 0.002369
 148.000000 0.022883 0.823153 2.066985 0.003022
 149.000000 0.024552 0.847630 2.317116 0.002915
 150.000000 0.040750 0.802349 2.099487 0.005794
 151.000000 0.025473 0.841051 2.385376 0.004420
 152.000000 0.017749 0.896540 2.483715 0.002354
 153.000000 0.024182 0.846534 2.255053 0.002706
 154.000000 0.037159 0.789450 2.039338 0.004657
 155.000000 0.048979 0.771567 1.786398 0.012525
 156.000000 0.032218 0.783909 1.736993 0.003907
 157.000000 0.049455 0.731085 1.399006 0.017618
 158.000000 0.058045 0.707866 1.403441 0.017729
 159.000000 0.048497 0.756852 1.549987 0.014190
 160.000000 0.049999 0.762493 1.641261 0.011078
 161.000000 0.051712 0.714227 1.435945 0.013140
 162.000000 0.037701 0.777798 1.642229 0.010501
 163.000000 0.041269 0.780976 1.705841 0.012150
 164.000000 0.042174 0.745664 1.546053 0.011101
 165.000000 0.038913 0.742179 1.397829 0.006166
 166.000000 0.039379 0.724888 1.280615 0.013412
 167.000000 0.027054 0.781539 1.556963 0.012370
 168.000000 0.039784 0.758470 1.721510 0.008491
 169.000000 0.030127 0.743223 1.278019 0.014728
 170.000000 0.055797 0.702351 1.279054 0.012435
 171.000000 0.046231 0.706416 1.085835 0.017275
 172.000000 0.051197 0.724291 1.359785 0.011834
 173.000000 0.029224 0.769334 1.492186 0.005368
 174.000000 0.036474 0.784180 1.599468 0.009376
 175.000000 0.029346 0.809098 1.876491 0.007192
 176.000000 0.030923 0.804294 1.764530 0.009266
 177.000000 0.025600 0.796124 1.864785 0.003920
 178.000000 0.033787 0.784063 1.740579 0.006161
 179.000000 0.023899 0.819864 1.916216 0.002792
 180.000000 0.024309 0.807526 1.876815 0.002630
 181.000000 0.026682 0.788275 1.956931 0.002428
 182.000000 0.024696 0.838362 2.161343 0.002635
 183.000000 0.028797 0.818982 2.109050 0.004023
 184.000000 0.030104 0.790354 1.784853 0.004438
 185.000000 0.041414 0.803853 2.049840 0.008316
 186.000000 0.028636 0.819924 2.001264 0.004399
 187.000000 0.046198 0.760894 1.776485 0.006931
 188.000000 0.039579 0.764803 1.713545 0.004680
 189.000000 0.037321 0.757710 1.617908 0.006196
 190.000000 0.044192 0.731439 1.564848 0.005229
 191.000000 0.036924 0.739863 1.481156 0.005676
 192.000000 0.057466 0.695722 1.278672 0.007300
 193.000000 0.044000 0.705366 1.271810 0.004746
 194.000000 0.036128 0.755251 1.521127 0.004409
 195.000000 0.035956 0.704388 1.193556 0.004627
 196.000000 0.039922 0.739372 1.489339 0.005711
 197.000000 0.031786 0.812952 1.896182 0.005306
 198.000000 0.033256 0.848767 2.028576 0.007341
 199.000000 0.030798 0.839350 2.030560 0.006047
 200.000000 0.035200 0.832192 1.960138 0.008825
 201.000000 0.030023 0.867740 2.213829 0.007294
 202.000000 0.021650 0.883079 2.378105 0.004512
 203.000000 0.025086 0.849319 2.098681 0.005447
 204.000000 0.027843 0.842022 2.028288 0.003696
 205.000000 0.042776 0.779150 1.806753 0.007043
 206.000000 0.029455 0.809536 1.895298 0.004210
 207.000000 0.034107 0.777817 1.730052 0.005259
 208.000000 0.036601 0.777985 1.705557 0.006529
 209.000000 0.040021 0.776358 1.750985 0.010390
 210.000000 0.036750 0.794834 1.807350 0.008362
 211.000000 0.028587 0.836958 2.053401 0.007711
 212.000000 0.045693 0.752509 1.699281 0.009986
 213.000000 0.035028 0.760403 1.463894 0.008232
 214.000000 0.038475 0.744051 1.524098 0.011435
 215.000000 0.056436 0.687704 1.482183 0.011184
 216.000000 0.027622 0.767704 1.646645 0.005072
 217.000000 0.055358 0.688653 1.443704 0.010136
 218.000000 0.053022 0.706298 1.371724 0.015821
 219.000000 0.041825 0.743734 1.386898 0.010831
 220.000000 0.047510 0.705479 1.199510 0.014224
 221.000000 0.030271 0.720501 1.119515 0.007544
 222.000000 0.035681 0.715488 1.231947 0.009001
 223.000000 0.036237 0.742191 1.602471 0.012251
 224.000000 0.030262 0.828013 2.111386 0.006294
 225.000000 0.046404 0.773824 1.913660 0.008714
 226.000000 0.033864 0.791466 1.869793 0.009933
 227.000000 0.027862 0.836085 2.296733 0.004963
 228.000000 0.028208 0.808606 2.222351 0.003361
 229.000000 0.026293 0.827394 2.253723 0.004744
 230.000000 0.030687 0.817276 2.173352 0.004417
 231.000000 0.028283 0.817561 2.122992 0.004699
 232.000000 0.033323 0.806098 2.079581 0.007630
 233.000000 0.052834 0.781000 2.029753 0.007315
 234.000000 0.022785 0.854244 2.319816 0.002199
 235.000000 0.022484 0.873566 2.402422 0.002328
 236.000000 0.019425 0.891074 2.255055 0.002433
 237.000000 0.018800 0.885388 2.192451 0.001941
 238.000000 0.020307 0.875651 2.284001 0.002407
 239.000000 0.030101 0.822946 2.222396 0.002696
 240.000000 0.040543 0.796578 2.044396 0.004545
 241.000000 0.032750 0.782788 1.925144 0.002510
 242.000000 0.066120 0.732036 1.727789 0.007256
 243.000000 0.040762 0.760695 1.712499 0.002831
 244.000000 0.037599 0.764012 1.709135 0.003272
 245.000000 0.038922 0.779767 1.820985 0.002584
 246.000000 0.043369 0.706357 1.228091 0.002430
 247.000000 0.037388 0.717859 1.336678 0.002380
 248.000000 0.042645 0.715979 1.465481 0.003754
 249.000000 0.029136 0.794555 1.786021 0.001909
 250.000000 0.026013 0.825998 2.022876 0.001963
 251.000000 0.028059 0.815460 1.944025 0.001917
 252.000000 0.024729 0.819730 2.019208 0.001637
 253.000000 0.026953 0.804579 1.907722 0.001646
 254.000000 0.061453 0.754708 2.064821 0.002902
 255.000000 0.063796 0.716592 1.906634 0.005473
 256.000000 0.132700 0.702698 1.954209 0.010973
 257.000000 0.062126 0.706675 1.831722 0.005274
 258.000000 0.051644 0.777677 2.113509 0.003926
 259.000000 0.026684 0.834943 2.365239 0.002715
 260.000000 0.059277 0.790256 2.284441 0.006131
 261.000000 0.027014 0.861120 2.499827 0.001668
 262.000000 0.035964 0.799898 2.175512 0.002612
 263.000000 0.033294 0.796558 1.964193 0.002839
 264.000000 0.087754 0.724813 1.796786 0.008378
 265.000000 0.121970 0.648814 1.448372 0.008355
 266.000000 0.068569 0.659303 1.279467 0.004670
 267.000000 0.079681 0.655278 1.268710 0.003319
 268.000000 0.084595 0.676540 1.357302 0.005148
 269.000000 0.089031 0.668147 1.267704 0.005048
 270.000000 0.075818 0.688673 1.404398 0.004158
 271.000000 0.124352 0.649307 1.445192 0.007790
 272.000000 0.115787 0.660590 1.505661 0.007243
 273.000000 0.110960 0.679071 1.590714 0.005961
 274.000000 0.093833 0.689861 1.683482 0.005646
 275.000000 0.115572 0.651729 1.588258 0.010657
 276.000000 0.099220 0.644611 1.358273 0.009183
 277.000000 0.099416 0.669920 1.620635 0.007786
 278.000000 0.049559 0.750905 2.046869 0.002776
 279.000000 0.065371 0.748786 2.061811 0.003094
 280.000000 0.028237 0.813032 2.295853 0.002034
 281.000000 0.020131 0.852281 2.277434 0.001347
 282.000000 0.020129 0.846699 2.169344 0.001183
 283.000000 0.024379 0.833415 2.156310 0.002064
 284.000000 0.023464 0.863597 2.298278 0.001961
 285.000000 0.025241 0.854109 2.395533 0.002442
 286.000000 0.035129 0.810289 2.327393 0.003471
 287.000000 0.028861 0.821720 2.262939 0.006988
 288.000000 0.025252 0.829918 2.144023 0.002815
 289.000000 0.039094 0.763540 1.981399 0.004235
 290.000000 0.040377 0.745765 1.867761 0.006251
 291.000000 0.029811 0.821663 2.289283 0.003479
 292.000000 0.024793 0.845554 2.436655 0.002494
 293.000000 0.031746 0.843761 2.363996 0.004189
 294.000000 0.028667 0.852431 2.330721 0.002988
 295.000000 0.014439 0.930685 2.540573 0.002263
 296.000000 0.026204 0.883668 2.468809 0.003157
 297.000000 0.016037 0.914398 2.646741 0.001475
 298.000000 0.035939 0.811394 2.294444 0.003315
 299.000000 0.027292 0.850335 2.324921 0.002958
 300.000000 0.018478 0.877934 2.378925 0.001991
 301.000000 0.030743 0.807815 2.099126 0.002523
 302.000000 0.020714 0.876760 2.423308 0.002117
 303.000000 0.026330 0.801293 2.084063 0.002412
 304.000000 0.024199 0.845897 2.334551 0.001972
 305.000000 0.019511 0.855433 2.342206 0.001729
 306.000000 0.021179 0.845380 2.258097 0.001687
 307.000000 0.024725 0.852116 2.333132 0.001801
 308.000000 0.020839 0.863158 2.297943 0.001540
 309.000000 0.040627 0.817246 2.195978 0.004789
 310.000000 0.024908 0.819231 2.095709 0.002015
 311.000000 0.033118 0.743647 1.655833 0.002527
 312.000000 0.034891 0.766075 1.853482 0.002769
 313.000000 0.025293 0.788822 1.920784 0.001970
 314.000000 0.035378 0.787554 2.001720 0.003182
 315.000000 0.038273 0.759814 1.796525 0.002964
 316.000000 0.029712 0.751965 1.623792 0.002537
 317.000000 0.047111 0.777427 2.023131 0.006495
 318.000000 0.046432 0.771265 2.026337 0.006599
 319.000000 0.030086 0.806120 1.952320 0.002362
 320.000000 0.024678 0.834873 2.199327 0.001743
 321.000000 0.031769 0.822713 2.131200 0.002811
 322.000000 0.021424 0.867073 2.215546 0.002151
 323.000000 0.058974 0.777443 1.889305 0.007059
 324.000000 0.036527 0.760842 1.761041 0.006451
 325.000000 0.022918 0.828009 2.069183 0.002715
 326.000000 0.046896 0.733364 1.592928 0.003640
 327.000000 0.036286 0.785163 1.779337 0.003338
 328.000000 0.036035 0.795122 1.976937 0.002178
 329.000000 0.034872 0.802093 2.119743 0.003659
 330.000000 0.029069 0.818175 2.210096 0.002647
 331.000000 0.026280 0.822066 2.166622 0.002583
 332.000000 0.023172 0.854881 2.180823 0.002347
 333.000000 0.024046 0.829552 2.185047 0.002366
 334.000000 0.035889 0.809818 2.071478 0.004576
 335.000000 0.030644 0.813840 2.159406 0.002534
 336.000000 0.027939 0.818006 2.186887 0.001950
 337.000000 0.035832 0.786575 2.059710 0.002906
 338.000000 0.032939 0.827472 2.282377 0.003736
 339.000000 0.030548 0.818269 2.167545 0.003502
 340.000000 0.045864 0.767857 2.051875 0.004567
 341.000000 0.026261 0.828394 2.152583 0.002361
 342.000000 0.028275 0.796508 1.902072 0.002646
 343.000000 0.031008 0.791638 1.898729 0.002394
 344.000000 0.021351 0.842920 2.092145 0.001923
 345.000000 0.029036 0.813580 1.969496 0.002486
 346.000000 0.057030 0.752722 1.679336 0.004411
 347.000000 0.042096 0.753617 1.699410 0.004889
 348.000000 0.037537 0.767278 1.881323 0.002724
 349.000000 0.029378 0.763089 1.755943 0.003018
 350.000000 0.028252 0.777856 1.876433 0.002758
 351.000000 0.026145 0.801227 1.870782 0.002561
 352.000000 0.028533 0.739790 1.615829 0.002966
 353.000000 0.036360 0.673632 1.319299 0.003816
 354.000000 0.050418 0.697211 1.489601 0.004006
 355.000000 0.059997 0.672430 1.467407 0.005172
 356.000000 0.046698 0.698318 1.517143 0.003701
 357.000000 0.055305 0.674696 1.421648 0.003425
 358.000000 0.060842 0.651197 1.418294 0.004148
 359.000000 0.049718 0.684013 1.368443 0.004159
 360.000000 0.059260 0.681328 1.444991 0.003722
 361.000000 0.047141 0.686614 1.374793 0.004305
 362.000000 0.057425 0.677724 1.358018 0.007386
 363.000000 0.033885 0.715925 1.330559 0.003011
 364.000000 0.045885 0.709284 1.501179 0.006530
 365.000000 0.042181 0.773374 1.832701 0.004824
 366.000000 0.037058 0.759430 1.867723 0.003178
 367.000000 0.036052 0.816120 2.268306 0.003597
 368.000000 0.039763 0.828984 2.303596 0.003008
 369.000000 0.040399 0.833206 2.434840 0.003066
 370.000000 0.039590 0.810399 2.191558 0.006556
 371.000000 0.035668 0.801201 2.324192 0.002919
 372.000000 0.065550 0.769633 2.167230 0.005788
 373.000000 0.040039 0.798514 2.138841 0.005230
 374.000000 0.035830 0.833282 2.374847 0.003902
 375.000000 0.080841 0.774219 2.182923 0.007839
 376.000000 0.058231 0.786257 2.151646 0.005666
 377.000000 0.046650 0.792691 2.240560 0.003159
 378.000000 0.042755 0.780829 2.011304 0.005826
 379.000000 0.031192 0.800219 2.177364 0.004834
 380.000000 0.037299 0.769015 1.965792 0.004201
 381.000000 0.042472 0.785036 2.034084 0.005017
 382.000000 0.024173 0.842668 2.176538 0.002622
 383.000000 0.025225 0.814266 1.953672 0.003464
 384.000000 0.022627 0.836885 2.129172 0.002741
 385.000000 0.037490 0.838304 2.301996 0.007648
 386.000000 0.024716 0.868733 2.385768 0.003660
 387.000000 0.019479 0.898077 2.583283 0.003670
 388.000000 0.020070 0.904490 2.545526 0.004790
 389.000000 0.018095 0.899425 2.565692 0.002831
 390.000000 0.021694 0.866595 2.466167 0.003631
 391.000000 0.013677 0.929827 2.612151 0.001556
 392.000000 0.022169 0.881850 2.454560 0.002649
 393.000000 0.017538 0.896412 2.376101 0.003377
 394.000000 0.018055 0.898413 2.387844 0.003013
 395.000000 0.016644 0.910728 2.403043 0.003149
 396.000000 0.019348 0.879188 2.332080 0.003504
 397.000000 0.023061 0.846733 2.076683 0.006131
 398.000000 0.015524 0.861851 2.119058 0.003712
 399.000000 0.016994 0.882895 2.291620 0.003059
 400.000000 0.018310 0.867443 2.381284 0.003492
 401.000000 0.018909 0.876851 2.386728 0.002900
 402.000000 0.015292 0.915217 2.391194 0.002998
 403.000000 0.026848 0.849372 2.065599 0.004821
 404.000000 0.016257 0.877041 2.229845 0.001484
 405.000000 0.022361 0.844010 2.138381 0.003110
 406.000000 0.025499 0.837196 2.071675 0.003030
 407.000000 0.031372 0.808855 1.669920 0.004081
 408.000000 0.028426 0.790545 1.697020 0.007421
 409.000000 0.039208 0.791237 1.801288 0.006014
 410.000000 0.025458 0.817590 1.934955 0.003218
 411.000000 0.039985 0.782489 1.897993 0.006034
 412.000000 0.022242 0.858884 2.188662 0.004845
 413.000000 0.020868 0.861075 2.254182 0.004829
 414.000000 0.019704 0.886122 2.349638 0.005273
 415.000000 0.017818 0.889968 2.445440 0.004674
 416.000000 0.015635 0.903843 2.432494 0.005887
 417.000000 0.031854 0.819150 2.130724 0.004562
 418.000000 0.022428 0.841349 2.262450 0.001919
 419.000000 0.016854 0.882064 2.370305 0.002703
 420.000000 0.023592 0.826196 2.142765 0.002932
 421.000000 0.044265 0.765289 1.935148 0.007205
 422.000000 0.043071 0.812110 2.169648 0.008349
 423.000000 0.040475 0.815886 2.232716 0.007507
 424.000000 0.029120 0.842861 2.206540 0.003355
 425.000000 0.042067 0.765032 2.121156 0.003894
 426.000000 0.035814 0.786289 2.076685 0.002549
 427.000000 0.026712 0.829441 2.274646 0.002420
 428.000000 0.014813 0.869199 2.281188 0.001669
 429.000000 0.012202 0.930808 2.579151 0.001823
 430.000000 0.012809 0.922439 2.502921 0.002201
 431.000000 0.017244 0.909841 2.341404 0.007661
 432.000000 0.015409 0.911258 2.346083 0.002901
 433.000000 0.019418 0.913099 2.546309 0.002839
 434.000000 0.014834 0.927011 2.524431 0.002272
 435.000000 0.021109 0.850815 1.994197 0.004678
 436.000000 0.028302 0.824213 2.063697 0.002714
 437.000000 0.019411 0.883858 2.383253 0.003020
 438.000000 0.012335 0.942208 2.512870 0.004330
 439.000000 0.016582 0.936308 2.710454 0.001964
 440.000000 0.013405 0.934396 2.629706 0.002050
 441.000000 0.010940 0.932432 2.459869 0.001480
 442.000000 0.014605 0.910656 2.463040 0.001502
 443.000000 0.011177 0.972720 2.753174 0.001309
 444.000000 0.013082 0.936144 2.627741 0.002200
 445.000000 0.016357 0.911597 2.554089 0.002292
 446.000000 0.011313 0.961687 2.753195 0.001634
 447.000000 0.015841 0.911157 2.563436 0.001783
 448.000000 0.026918 0.845515 2.299398 0.003340
 449.000000 0.022560 0.843622 2.178961 0.004932
 450.000000 0.015253 0.902510 2.395701 0.002517
 451.000000 0.013623 0.910974 2.462461 0.001662
 452.000000 0.019548 0.874501 2.408948 0.001943
 453.000000 0.022017 0.874373 2.350762 0.002705
 454.000000 0.015416 0.901943 2.358672 0.002817
 455.000000 0.014506 0.919643 2.437506 0.003097
 456.000000 0.014702 0.917851 2.484117 0.002136
 457.000000 0.011459 0.960198 2.729538 0.001454
 458.000000 0.011237 0.946746 2.614479 0.001608
 459.000000 0.016063 0.923516 2.471621 0.001502
 460.000000 0.015192 0.913736 2.547555 0.001363
 461.000000 0.015615 0.914516 2.495494 0.002473
 462.000000 0.015321 0.896951 2.421187 0.001965
 463.000000 0.011852 0.907557 2.483167 0.001716
 464.000000 0.015279 0.877485 2.398010 0.001109
 465.000000 0.025127 0.847644 2.198053 0.002622
 466.000000 0.014825 0.892361 2.215320 0.001893
 467.000000 0.015663 0.886766 2.325273 0.002094
 468.000000 0.018178 0.886477 2.376461 0.003136
 469.000000 0.015755 0.922498 2.534655 0.002124
 470.000000 0.011895 0.957152 2.681180 0.002086
 471.000000 0.014268 0.922460 2.438140 0.002135
 472.000000 0.012037 0.928594 2.306065 0.001551
 473.000000 0.019897 0.895279 2.420211 0.002527
 474.000000 0.023308 0.885645 2.432330 0.003248
 475.000000 0.017174 0.929275 2.552478 0.002806
 476.000000 0.028067 0.861975 2.313737 0.003385
 477.000000 0.018186 0.906181 2.363246 0.002780
 478.000000 0.017658 0.902590 2.355232 0.003042
 479.000000 0.022643 0.888848 2.275762 0.002367
 480.000000 0.019273 0.898756 2.286620 0.001923
 481.000000 0.023779 0.866484 2.136144 0.002321
 482.000000 0.023275 0.883433 2.386631 0.002334
 483.000000 0.023534 0.890912 2.402636 0.002227
 484.000000 0.029231 0.862463 2.298953 0.006773
 485.000000 0.017394 0.918895 2.631058 0.002834
 486.000000 0.021740 0.860582 2.149117 0.001808
 487.000000 0.025131 0.864159 2.187838 0.004144
 488.000000 0.036263 0.817475 1.916547 0.012824
 489.000000 0.029937 0.841462 1.957507 0.004153
 490.000000 0.021269 0.879874 2.283104 0.002665
 491.000000 0.028551 0.845393 2.217390 0.004371
 492.000000 0.019911 0.908975 2.381565 0.002069
 493.000000 0.019192 0.856765 2.170010 0.001804
 494.000000 0.017966 0.878898 2.196407 0.002297
 495.000000 0.023696 0.866584 2.285477 0.002829
 496.000000 0.016851 0.899154 2.267216 0.001700
 497.000000 0.017573 0.907060 2.362293 0.001569
 498.000000 0.012459 0.953329 2.650600 0.001324
 499.000000 0.013242 0.938431 2.518583 0.001641
 500.000000 0.015180 0.898198 2.275737 0.001601
