#! FIELDS time alpha rg e2e hbond
 0.000000 0.118433 0.632087 1.487460 0.043878
 1.000000 0.095850 0.643216 1.579940 0.021295
 2.000000 0.138987 0.622640 1.564763 0.031210
 3.000000 0.121437 0.627996 1.482127 0.014819
 4.000000 0.170400 0.640357 1.609293 0.018764
 5.000000 0.180314 0.630341 1.436145 0.039597
 6.000000 0.080986 0.651988 1.528866 0.004012
 7.000000 0.093593 0.638702 1.472050 0.010320
 8.000000 0.044379 0.748436 1.857988 0.003122
 9.000000 0.058646 0.739395 1.877140 0.003593
 10.000000 0.066017 0.775281 2.188314 0.004458
 11.000000 0.079358 0.761760 2.179401 0.022111
 12.000000 0.080406 0.735097 2.020109 0.020253
 13.000000 0.111090 0.750942 2.023913 0.027828
 14.000000 0.132645 0.662050 1.641213 0.008868
 15.000000 0.174022 0.662641 1.680982 0.024837
 16.000000 0.106057 0.721141 1.932603 0.014941
 17.000000 0.087146 0.751230 2.080970 0.010055
 18.000000 0.124914 0.741146 1.969307 0.026633
 19.000000 0.102967 0.758264 2.163183 0.013712
 20.000000 0.043483 0.782884 2.162782 0.002477
 21.000000 0.061067 0.689154 1.724345 0.003601
 22.000000 0.078371 0.692840 1.697979 0.005377
 23.000000 0.052716 0.713651 1.713382 0.004183
 24.000000 0.067374 0.657397 1.438577 0.003938
 25.000000 0.071740 0.659474 1.441161 0.004627
 26.000000 0.051503 0.705109 1.686978 0.003694
 27.000000 0.031986 0.792135 2.086965 0.004053
 28.000000 0.033509 0.803037 2.175598 0.003644
 29.000000 0.027313 0.828071 2.075909 0.002664
 30.000000 0.035552 0.800306 2.037165 0.003176
 31.000000 0.048792 0.739627 1.842554 0.005401
 32.000000 0.054987 0.705754 1.695327 0.004439
 33.000000 0.120457 0.637423 1.534242 0.011120
 34.000000 0.079133 0.638084 1.421650 0.004581
 35.000000 0.093860 0.640945 1.510544 0.006831
 36.000000 0.084675 0.655736 1.611717 0.008573
 37.000000 0.092183 0.659850 1.527991 0.005575
 38.000000 0.068292 0.694545 1.666905 0.004983
 39.000000 0.073937 0.693847 1.635194 0.004374
 40.000000 0.045185 0.756475 1.774962 0.002338
 41.000000 0.067312 0.720585 1.776502 0.005440
 42.000000 0.063088 0.764494 2.000033 0.003958
 43.000000 0.060744 0.766170 1.991048 0.005279
 44.000000 0.022391 0.848900 2.334025 0.001721
 45.000000 0.039604 0.802230 2.144791 0.003105
 46.000000 0.042188 0.797280 2.205997 0.002812
 47.000000 0.042013 0.792783 2.190859 0.002247
 48.000000 0.066533 0.761517 2.052411 0.006201
 49.000000 0.045897 0.769443 1.952873 0.003057
 50.000000 0.055910 0.728757 1.793152 0.003480
 51.000000 0.040368 0.750552 1.772800 0.002501
 52.000000 0.041355 0.757205 1.777239 0.004247
 53.000000 0.037346 0.760616 1.857957 0.003560
 54.000000 0.065507 0.722616 1.655022 0.006648
 55.000000 0.064331 0.675791 1.256134 0.008339
 56.000000 0.050853 0.712599 1.365812 0.003820
 57.000000 0.036863 0.787840 1.858262 0.002845
 58.000000 0.030746 0.749710 1.649784 0.003730
 59.000000 0.064830 0.685689 1.394410 0.003855
 60.000000 0.059778 0.689832 1.326809 0.005518
 61.000000 0.056127 0.666344 1.198079 0.005547
 62.000000 0.040285 0.684096 1.220464 0.003630
 63.000000 0.054910 0.696976 1.162106 0.002420
 64.000000 0.048161 0.708558 1.326304 0.004050
 65.000000 0.051839 0.676813 1.165383 0.004035
 66.000000 0.086827 0.605421 1.049104 0.003998
 67.000000 0.110405 0.574431 0.864034 0.008893
 68.000000 0.086406 0.597456 0.946791 0.006570
 69.000000 0.061560 0.656465 1.202608 0.004230
 70.000000 0.074330 0.685389 1.449501 0.005182
 71.000000 0.069605 0.685168 1.509401 0.003872
 72.000000 0.035428 0.747704 1.793756 0.002776
 73.000000 0.024375 0.826293 2.025505 0.002133
 74.000000 0.029007 0.761654 1.661080 0.002417
 75.000000 0.032012 0.753119 1.607770 0.002551
 76.000000 0.028343 0.775383 1.657786 0.002689
 77.000000 0.041403 0.709564 1.476004 0.003359
 78.000000 0.044295 0.693789 1.444552 0.002387
 79.000000 0.042851 0.724701 1.568008 0.002499
 80.000000 0.044366 0.739649 1.677186 0.003401
 81.000000 0.030416 0.748592 1.701126 0.002766
 82.000000 0.043767 0.735542 1.675191 0.003364
 83.000000 0.066065 0.714050 1.672911 0.005549
 84.000000 0.063318 0.691732 1.322471 0.003794
 85.000000 0.044277 0.714337 1.516914 0.004907
 86.000000 0.053534 0.696462 1.435090 0.003019
 87.000000 0.048132 0.706492 1.526481 0.002318
 88.000000 0.061615 0.680194 1.370426 0.002787
 89.000000 0.061984 0.651875 1.198257 0.003713
 90.000000 0.046770 0.719153 1.602963 0.002566
 91.000000 0.041011 0.726702 1.473066 0.003396
 92.000000 0.037233 0.749059 1.659738 0.003371
 93.000000 0.029092 0.791772 1.890738 0.002285
 94.000000 0.035471 0.814431 2.186062 0.002368
 95.000000 0.049575 0.809294 2.206208 0.004293
 96.000000 0.040128 0.797691 2.115342 0.004133
 97.000000 0.030785 0.790210 2.031270 0.003200
 98.000000 0.052683 0.732773 1.753564 0.010887
 99.000000 0.052681 0.696275 1.518618 0.005576
 100.000000 0.043710 0.758799 1.795312 0.004174
 101.000000 0.027140 0.829150 2.248666 0.002876
 102.000000 0.036547 0.830626 2.202354 0.002889
 103.000000 0.032051 0.842692 2.324368 0.003468
 104.000000 0.044909 0.822000 2.251443 0.007337
 105.000000 0.018265 0.919049 2.683457 0.001659
 106.000000 0.035538 0.818145 2.276707 0.002938
 107.000000 0.018528 0.903390 2.560869 0.001597
 108.000000 0.020152 0.885170 2.417236 0.002286
 109.000000 0.023791 0.877478 2.461518 0.002427
 110.000000 0.061206 0.819659 2.271618 0.008156
 111.000000 0.025244 0.882267 2.482392 0.002150
 112.000000 0.029818 0.849629 2.422848 0.003640
 113.000000 0.033468 0.854024 2.430081 0.003027
 114.000000 0.030667 0.854898 2.464859 0.003436
 115.000000 0.022279 0.878379 2.375095 0.002300
 116.000000 0.016317 0.893264 2.535098 0.001573
 117.000000 0.012141 0.948654 2.650119 0.001119
 118.000000 0.014776 0.925959 2.632910 0.001288
 119.000000 0.011644 0.954506 2.774236 0.001046
 120.000000 0.016307 0.937358 2.697449 0.001780
 121.000000 0.009418 0.999269 2.883211 0.000962
 122.000000 0.011261 0.977612 2.876691 0.001038
 123.000000 0.016924 0.917540 2.627682 0.001340
 124.000000 0.013956 0.940121 2.690904 0.001276
 125.000000 0.010726 0.957911 2.701957 0.001052
 126.000000 0.014178 0.923052 2.630669 0.001380
 127.000000 0.013394 0.915683 2.562574 0.001344
 128.000000 0.010575 0.939689 2.609970 0.001081
 129.000000 0.013085 0.907652 2.446302 0.001302
 130.000000 0.011094 0.913821 2.364881 0.001322
 131.000000 0.011177 0.928210 2.458196 0.001049
 132.000000 0.014090 0.883588 2.404758 0.001378
 133.000000 0.014246 0.895792 2.376334 0.001343
 134.000000 0.013486 0.936671 2.549187 0.001280
 135.000000 0.018475 0.914803 2.615881 0.002730
 136.000000 0.014423 0.933986 2.642141 0.001539
 137.000000 0.013423 0.938059 2.594649 0.001576
 138.000000 0.012937 0.931804 2.524075 0.001667
 139.000000 0.013400 0.927155 2.574761 0.001770
 140.000000 0.011962 0.941805 2.553955 0.001398
 141.000000 0.011998 0.953271 2.768040 0.001373
 142.000000 0.024624 0.884008 2.507157 0.002268
 143.000000 0.015511 0.931827 2.558002 0.001691
 144.000000 0.015899 0.921424 2.577331 0.001698
 145.000000 0.015930 0.914390 2.560919 0.001841
 146.000000 0.014983 0.924748 2.635593 0.001972
 147.000000 0.016020 0.911821 2.573399 0.002124
 148.000000 0.016991 0.922605 2.648436 0.002167
 149.000000 0.015727 0.913459 2.602132 0.001733
 150.000000 0.015993 0.911410 2.571915 0.001729
 151.000000 0.020474 0.872120 2.414285 0.002621
 152.000000 0.017648 0.885015 2.477403 0.001833
 153.000000 0.018621 0.905511 2.564488 0.002487
 154.000000 0.014759 0.928505 2.533106 0.001352
 155.000000 0.012349 0.957637 2.686445 0.001074
 156.000000 0.014281 0.909529 2.499052 0.001985
 157.000000 0.013919 0.921078 2.556821 0.001157
 158.000000 0.014875 0.909378 2.461956 0.001313
 159.000000 0.011787 0.918588 2.483536 0.001063
 160.000000 0.012406 0.916061 2.389753 0.001223
 161.000000 0.010220 0.928373 2.426235 0.001053
 162.000000 0.013020 0.902522 2.442439 0.001532
 163.000000 0.012597 0.901479 2.439866 0.001677
 164.000000 0.010138 0.969808 2.747955 0.001001
 165.000000 0.010603 0.976731 2.631163 0.000919
 166.000000 0.013481 0.924169 2.353590 0.000918
 167.000000 0.015038 0.919052 2.442544 0.001265
 168.000000 0.009470 0.960904 2.511233 0.000994
 169.000000 0.009666 0.957720 2.563383 0.001066
 170.000000 0.015580 0.898866 2.371742 0.001482
 171.000000 0.015223 0.884992 2.241811 0.001472
 172.000000 0.021973 0.869354 2.307511 0.003004
 173.000000 0.018337 0.867141 2.111033 0.002364
 174.000000 0.022166 0.859616 2.161864 0.003191
 175.000000 0.017352 0.887205 2.191759 0.001727
 176.000000 0.020538 0.883739 2.243434 0.003277
 177.000000 0.036955 0.797776 1.940616 0.003836
 178.000000 0.039785 0.784445 1.838994 0.004285
 179.000000 0.027110 0.849008 2.185531 0.003202
 180.000000 0.015626 0.880357 2.166308 0.001764
 181.000000 0.034218 0.796726 1.886907 0.004910
 182.000000 0.029888 0.805591 1.922924 0.003354
 183.000000 0.036498 0.786193 1.874990 0.003396
 184.000000 0.027123 0.815991 1.848804 0.003090
 185.000000 0.051896 0.735462 1.775353 0.005427
 186.000000 0.042675 0.735187 1.544817 0.004018
 187.000000 0.031572 0.755891 1.593349 0.003322
 188.000000 0.033369 0.751870 1.698589 0.003070
 189.000000 0.052732 0.707619 1.424850 0.004571
 190.000000 0.043573 0.756773 1.786563 0.004406
 191.000000 0.028471 0.765667 1.466159 0.003464
 192.000000 0.031609 0.800129 1.857303 0.003460
 193.000000 0.027749 0.814694 2.058071 0.003816
 194.000000 0.036831 0.779567 1.904266 0.003072
 195.000000 0.050610 0.751334 1.732486 0.005251
 196.000000 0.040286 0.785597 1.847625 0.005566
 197.000000 0.036550 0.809485 1.975770 0.005239
 198.000000 0.029053 0.823598 1.997313 0.003267
 199.000000 0.032522 0.812146 1.926759 0.002657
 200.000000 0.060839 0.758083 1.754078 0.007966
 201.000000 0.036723 0.794484 1.905477 0.003441
 202.000000 0.032622 0.781114 1.681247 0.004982
 203.000000 0.038918 0.767492 1.651056 0.003434
 204.000000 0.027027 0.791080 1.670060 0.002201
 205.000000 0.022166 0.838653 1.942301 0.003234
 206.000000 0.013063 0.869131 1.948267 0.001533
 207.000000 0.021162 0.842770 1.991896 0.002668
 208.000000 0.011216 0.916331 2.349234 0.001348
 209.000000 0.011321 0.944598 2.482266 0.001485
 210.000000 0.008982 0.986609 2.778790 0.000984
 211.000000 0.009373 0.983319 2.805877 0.000984
 212.000000 0.007732 0.997886 2.824875 0.000771
 213.000000 0.009643 0.968478 2.725002 0.000871
 214.000000 0.009411 0.976006 2.763413 0.000939
 215.000000 0.009464 0.988180 2.775182 0.000776
 216.000000 0.012867 0.943390 2.616742 0.001160
 217.000000 0.017599 0.932342 2.575189 0.001410
 218.000000 0.012073 0.946839 2.711355 0.001400
 219.000000 0.012013 0.959859 2.719320 0.001242
 220.000000 0.008662 1.002409 2.869335 0.000894
 221.000000 0.010733 0.969042 2.847449 0.001013
 222.000000 0.007678 0.996116 2.830499 0.000667
 223.000000 0.010827 0.939398 2.691040 0.001163
 224.000000 0.009364 0.984232 2.841975 0.001063
 225.000000 0.013342 0.942383 2.712015 0.001328
 226.000000 0.010953 0.958461 2.809717 0.001022
 227.000000 0.010523 0.993306 2.906960 0.001014
 228.000000 0.011802 0.961141 2.789697 0.001176
 229.000000 0.008555 1.008071 2.957945 0.000830
 230.000000 0.009828 0.972990 2.770990 0.001015
 231.000000 0.012745 0.960920 2.825754 0.001293
 232.000000 0.011713 0.970069 2.763946 0.001138
 233.000000 0.017335 0.928329 2.712624 0.001789
 234.000000 0.018770 0.909976 2.725381 0.001753
 235.000000 0.019355 0.915255 2.674868 0.002072
 236.000000 0.018624 0.923676 2.689702 0.002079
 237.000000 0.011929 0.976385 2.867948 0.001230
 238.000000 0.016923 0.920999 2.669434 0.001454
 239.000000 0.015775 0.940714 2.697704 0.001427
 240.000000 0.014546 0.927291 2.645237 0.001318
 241.000000 0.019941 0.878436 2.299174 0.002176
 242.000000 0.020538 0.886311 2.298769 0.001829
 243.000000 0.021256 0.873445 2.251033 0.002401
 244.000000 0.024091 0.873244 2.334294 0.002382
 245.000000 0.019223 0.898944 2.409547 0.001875
 246.000000 0.020648 0.861287 2.387672 0.002244
 247.000000 0.024405 0.844672 2.254378 0.002157
 248.000000 0.014401 0.920933 2.462285 0.001228
 249.000000 0.017126 0.886956 2.315228 0.002047
 250.000000 0.012349 0.928557 2.515349 0.001395
 251.000000 0.015745 0.896641 2.416568 0.001591
 252.000000 0.023820 0.847996 2.312473 0.002995
 253.000000 0.030393 0.812855 2.175556 0.004068
 254.000000 0.035583 0.803998 2.167222 0.003293
 255.000000 0.024897 0.844960 2.333966 0.002611
 256.000000 0.050280 0.795356 2.037602 0.006185
 257.000000 0.030487 0.794706 1.968331 0.002426
 258.000000 0.077188 0.705990 1.550249 0.014243
 259.000000 0.078933 0.674480 1.206398 0.007163
 260.000000 0.059136 0.725408 1.451243 0.004427
 261.000000 0.054032 0.723432 1.609086 0.007029
 262.000000 0.060189 0.715303 1.651923 0.006155
 263.000000 0.050822 0.770469 1.793291 0.007551
 264.000000 0.032958 0.825451 1.979900 0.002966
 265.000000 0.031726 0.814005 1.999222 0.002458
 266.000000 0.025087 0.859077 2.275065 0.002288
 267.000000 0.018811 0.924780 2.551887 0.002271
 268.000000 0.040688 0.846055 2.306465 0.003862
 269.000000 0.019328 0.869430 2.327367 0.001725
 270.000000 0.033941 0.845146 2.252154 0.002853
 271.000000 0.045521 0.805027 2.131921 0.006423
 272.000000 0.037638 0.805684 2.051318 0.004776
 273.000000 0.036506 0.772022 1.788163 0.002656
 274.000000 0.038405 0.755344 1.698972 0.003169
 275.000000 0.032192 0.829820 2.205202 0.002895
 276.000000 0.041263 0.813642 2.110720 0.007558
 277.000000 0.038726 0.777309 1.882273 0.003547
 278.000000 0.025511 0.788222 1.801889 0.003021
 279.000000 0.045158 0.784341 1.988661 0.005232
 280.000000 0.024162 0.857111 2.214191 0.002274
 281.000000 0.029125 0.834122 2.192697 0.003887
 282.000000 0.036086 0.795729 1.924649 0.004309
 283.000000 0.032943 0.825155 2.135906 0.002882
 284.000000 0.048013 0.790647 2.006585 0.004461
 285.000000 0.054216 0.772195 1.964633 0.005854
 286.000000 0.076079 0.756466 1.978878 0.017419
 287.000000 0.040504 0.779364 1.942638 0.003149
 288.000000 0.057931 0.716218 1.478442 0.007707
 289.000000 0.022582 0.791536 1.645906 0.002225
 290.000000 0.041126 0.738474 1.497532 0.004480
 291.000000 0.041498 0.740302 1.557020 0.003250
 292.000000 0.025310 0.803278 1.829263 0.002557
 293.000000 0.038556 0.809624 2.109475 0.002758
 294.000000 0.038022 0.798343 1.959328 0.004194
 295.000000 0.049605 0.754685 1.662103 0.006199
 296.000000 0.018250 0.852749 2.126098 0.001841
 297.000000 0.012201 0.918599 2.477288 0.001485
 298.000000 0.025675 0.837247 2.287505 0.001831
 299.000000 0.031244 0.827054 2.280134 0.002310
 300.000000 0.028131 0.811356 2.080596 0.002127
 301.000000 0.027562 0.849710 2.240890 0.002463
 302.000000 0.043228 0.799715 2.144422 0.004664
 303.000000 0.033140 0.808761 2.000018 0.004673
 304.000000 0.038396 0.775980 1.863848 0.004326
 305.000000 0.024229 0.829712 2.102337 0.001725
 306.000000 0.033785 0.782174 1.883551 0.002169
 307.000000 0.025476 0.835816 2.194143 0.002574
 308.000000 0.032887 0.836659 2.227017 0.003141
 309.000000 0.020243 0.891043 2.463454 0.002028
 310.000000 0.013961 0.932066 2.640622 0.001398
 311.000000 0.025940 0.893160 2.520851 0.002958
 312.000000 0.021080 0.891200 2.513964 0.003601
 313.000000 0.012981 0.952562 2.762544 0.001704
 314.000000 0.015572 0.914530 2.598591 0.001554
 315.000000 0.019861 0.905090 2.521892 0.003236
 316.000000 0.025586 0.871707 2.455253 0.005254
 317.000000 0.046330 0.874079 2.452905 0.015504
 318.000000 0.058390 0.855529 2.342677 0.042088
 319.000000 0.038873 0.874240 2.418432 0.031126
 320.000000 0.036333 0.906100 2.500598 0.025635
 321.000000 0.032895 0.892552 2.479564 0.014074
 322.000000 0.028410 0.889957 2.510301 0.004907
 323.000000 0.030367 0.842538 2.296608 0.003550
 324.000000 0.022579 0.883004 2.504191 0.002129
 325.000000 0.015213 0.912089 2.562175 0.001880
 326.000000 0.015257 0.937216 2.750147 0.001389
 327.000000 0.012008 0.955424 2.734290 0.001201
 328.000000 0.011750 0.950284 2.683880 0.001156
 329.000000 0.012279 0.929350 2.505616 0.001360
 330.000000 0.009930 0.971159 2.731675 0.001105
 331.000000 0.010760 0.948875 2.584996 0.001072
 332.000000 0.012974 0.949828 2.579659 0.001212
 333.000000 0.013291 0.908769 2.319686 0.001318
 334.000000 0.008626 0.994879 2.781702 0.001041
 335.000000 0.012325 0.943052 2.681411 0.001490
 336.000000 0.008811 0.966577 2.667797 0.000727
 337.000000 0.010761 0.965151 2.609614 0.000987
 338.000000 0.012243 0.964907 2.757501 0.001221
 339.000000 0.013705 0.928735 2.565147 0.001213
 340.000000 0.013894 0.920372 2.542593 0.001396
 341.000000 0.014493 0.870567 2.109255 0.001257
 342.000000 0.013349 0.905403 2.391679 0.001165
 343.000000 0.013486 0.909544 2.422702 0.001315
 344.000000 0.014845 0.906857 2.511020 0.001206
 345.000000 0.018703 0.875644 2.377961 0.001623
 346.000000 0.021432 0.844832 2.169191 0.002124
 347.000000 0.023944 0.842334 2.238700 0.002210
 348.000000 0.013902 0.906457 2.376656 0.001322
 349.000000 0.011779 0.917079 2.417355 0.000967
 350.000000 0.013916 0.898486 2.351273 0.001170
 351.000000 0.013758 0.906485 2.384036 0.001206
 352.000000 0.013787 0.901061 2.384683 0.001176
 353.000000 0.012323 0.909048 2.382394 0.000962
 354.000000 0.022577 0.853706 2.233749 0.002201
 355.000000 0.012501 0.916927 2.473738 0.001334
 356.000000 0.011789 0.951972 2.739653 0.001072
 357.000000 0.009078 0.981147 2.775222 0.000831
 358.000000 0.011533 0.943475 2.676272 0.001123
 359.000000 0.013976 0.926487 2.680251 0.001221
 360.000000 0.014478 0.938024 2.686247 0.001517
 361.000000 0.018883 0.909956 2.571152 0.001615
 362.000000 0.015688 0.942539 2.750269 0.001761
 363.000000 0.011493 0.949114 2.764164 0.001120
 364.000000 0.013522 0.953532 2.778700 0.001166
 365.000000 0.009050 0.999567 2.917799 0.000799
 366.000000 0.011321 0.973788 2.847590 0.001049
 367.000000 0.014261 0.951640 2.777828 0.001456
 368.000000 0.010623 0.979660 2.866394 0.001031
 369.000000 0.013531 0.949014 2.731403 0.001288
 370.000000 0.017917 0.923877 2.657224 0.001679
 371.000000 0.021335 0.887730 2.568966 0.002200
 372.000000 0.021968 0.880927 2.505639 0.001834
 373.000000 0.013599 0.914495 2.472134 0.001300
 374.000000 0.027400 0.817830 2.096201 0.002702
 375.000000 0.029939 0.826436 2.191042 0.003430
 376.000000 0.022032 0.873565 2.373577 0.001657
 377.000000 0.023947 0.859777 2.396793 0.002998
 378.000000 0.037409 0.799779 2.191297 0.003170
 379.000000 0.039661 0.765925 2.061539 0.003067
 380.000000 0.032857 0.799549 2.068837 0.002928
 381.000000 0.019817 0.872268 2.356911 0.001720
 382.000000 0.018229 0.878907 2.415470 0.001712
 383.000000 0.017078 0.865983 2.315558 0.001355
 384.000000 0.013352 0.924001 2.501404 0.001260
 385.000000 0.034288 0.845025 2.326355 0.002741
 386.000000 0.025776 0.876825 2.481951 0.002043
 387.000000 0.021496 0.873916 2.389091 0.002519
 388.000000 0.032772 0.794405 1.960737 0.003696
 389.000000 0.033746 0.832477 2.176471 0.003057
 390.000000 0.031346 0.803131 2.006292 0.003419
 391.000000 0.030348 0.830384 2.262438 0.003580
 392.000000 0.018666 0.846631 2.205796 0.002312
 393.000000 0.031357 0.794917 1.923295 0.002132
 394.000000 0.030396 0.774498 1.868796 0.002700
 395.000000 0.032633 0.787930 1.949073 0.002587
 396.000000 0.031595 0.788729 1.990440 0.003461
 397.000000 0.029261 0.843950 2.251345 0.002536
 398.000000 0.042218 0.825552 2.167985 0.004462
 399.000000 0.026271 0.863338 2.429950 0.002672
 400.000000 0.024956 0.813548 2.044039 0.002721
 401.000000 0.028645 0.835591 2.256695 0.002213
 402.000000 0.024222 0.845782 2.285779 0.001766
 403.000000 0.024724 0.860975 2.353159 0.002881
 404.000000 0.020987 0.909730 2.669003 0.002514
 405.000000 0.023227 0.872206 2.444955 0.002195
 406.000000 0.015756 0.886721 2.429214 0.001566
 407.000000 0.025282 0.890154 2.570514 0.003116
 408.000000 0.027302 0.862683 2.453551 0.003077
 409.000000 0.032401 0.862252 2.338022 0.003394
 410.000000 0.026835 0.832817 2.040174 0.003233
 411.000000 0.027863 0.825986 2.180006 0.002504
 412.000000 0.030278 0.803952 2.129267 0.002406
 413.000000 0.035106 0.806253 2.121391 0.003473
 414.000000 0.038941 0.772824 2.022639 0.002448
 415.000000 0.031726 0.791790 2.040091 0.001748
 416.000000 0.031536 0.803743 2.026625 0.002640
 417.000000 0.044944 0.761388 1.812452 0.008941
 418.000000 0.032047 0.727683 1.639354 0.002804
 419.000000 0.043394 0.731119 1.575125 0.002785
 420.000000 0.061742 0.667897 1.318604 0.004342
 421.000000 0.060297 0.684372 1.508188 0.005141
 422.000000 0.039150 0.705695 1.404684 0.003053
 423.000000 0.050716 0.695655 1.389724 0.003832
 424.000000 0.042437 0.752495 1.499623 0.004697
 425.000000 0.039147 0.767835 1.650276 0.003381
 426.000000 0.042997 0.795955 1.949962 0.003972
 427.000000 0.031110 0.844142 2.285521 0.003607
 428.000000 0.020137 0.898925 2.576776 0.001752
 429.000000 0.019026 0.881817 2.422034 0.002302
 430.000000 0.019606 0.895034 2.520889 0.002162
 431.000000 0.020697 0.892048 2.435275 0.001909
 432.000000 0.020459 0.872949 2.330052 0.001619
 433.000000 0.022279 0.878429 2.379712 0.001808
 434.000000 0.017805 0.903658 2.568947 0.001566
 435.000000 0.018380 0.892969 2.432471 0.001781
 436.000000 0.019597 0.851752 2.231958 0.001821
 437.000000 0.015368 0.889299 2.351770 0.001297
 438.000000 0.014104 0.933195 2.620907 0.001456
 439.000000 0.015628 0.892683 2.392858 0.001257
 440.000000 0.016572 0.857721 2.277261 0.001370
 441.000000 0.014565 0.904073 2.535255 0.001288
 442.000000 0.014835 0.871579 2.198319 0.001164
 443.000000 0.013283 0.885212 2.278415 0.001238
 444.000000 0.014788 0.890404 2.342555 0.001280
 445.000000 0.016512 0.859319 2.174934 0.001321
 446.000000 0.026634 0.837537 2.112520 0.001976
 447.000000 0.020076 0.854487 2.193564 0.001680
 448.000000 0.015460 0.877066 2.246417 0.001394
 449.000000 0.017208 0.885015 2.388586 0.001565
 450.000000 0.013589 0.909032 2.493060 0.001009
 451.000000 0.012532 0.935824 2.581447 0.001026
 452.000000 0.011001 0.960130 2.727623 0.001051
 453.000000 0.017794 0.907749 2.560244 0.001743
 454.000000 0.017210 0.921142 2.662577 0.001926
 455.000000 0.018299 0.906868 2.570595 0.001925
 456.000000 0.014767 0.933689 2.629727 0.001142
 457.000000 0.014328 0.942096 2.716886 0.001293
 458.000000 0.011705 0.963375 2.729353 0.000990
 459.000000 0.011929 0.969715 2.852550 0.001302
 460.000000 0.013114 0.952949 2.753441 0.001182
 461.000000 0.016633 0.924008 2.637231 0.001479
 462.000000 0.016607 0.939371 2.732247 0.002019
 463.000000 0.016464 0.915962 2.627475 0.001508
 464.000000 0.013581 0.949080 2.788430 0.001181
 465.000000 0.017569 0.927350 2.748811 0.001834
 466.000000 0.014468 0.935997 2.727713 0.001292
 467.000000 0.014382 0.935429 2.636723 0.001336
 468.000000 0.014702 0.927806 2.679462 0.001516
 469.000000 0.015990 0.939966 2.743825 0.001682
 470.000000 0.014930 0.956719 2.771485 0.001382
 471.000000 0.013683 0.949946 2.680699 0.001205
 472.000000 0.013961 0.957055 2.778432 0.001157
 473.000000 0.016519 0.908195 2.662124 0.001504
 474.000000 0.016368 0.896219 2.510322 0.001482
 475.000000 0.023332 0.847959 2.069593 0.002165
 476.000000 0.022284 0.835926 2.151295 0.001825
 477.000000 0.022147 0.854301 2.323698 0.002279
 478.000000 0.015431 0.908200 2.520868 0.001195
 479.000000 0.012780 0.932149 2.585475 0.001201
 480.000000 0.012190 0.947408 2.732822 0.001203
 481.000000 0.015440 0.886936 2.425440 0.001611
 482.000000 0.020711 0.875271 2.480535 0.001917
 483.000000 0.011504 0.961084 2.812340 0.001127
 484.000000 0.012104 0.970627 2.846041 0.001190
 485.000000 0.010580 0.966868 2.771784 0.001305
 486.000000 0.017930 0.927105 2.639158 0.002252
 487.000000 0.016973 0.931031 2.589311 0.001828
 488.000000 0.020979 0.928946 2.780805 0.001702
 489.000000 0.014153 0.963869 2.777718 0.001270
 490.000000 0.013453 0.950577 2.744486 0.001213
 491.000000 0.017932 0.889895 2.486310 0.001840
 492.000000 0.014217 0.918278 2.634516 0.001693
 493.000000 0.013515 0.926751 2.483425 0.001472
 494.000000 0.016037 0.883604 2.369348 0.001907
 495.000000 0.013310 0.907914 2.364243 0.001973
 496.000000 0.010821 0.947178 2.642872 0.001422
 497.000000 0.009743 0.934108 2.496289 0.001467
 498.000000 0.015427 0.903929 2.456875 0.001972
 499.000000 0.010040 0.946686 2.644748 0.001306
 500.000000 0.014020 0.935517 2.533255 0.002142
