#! FIELDS time alpha rg e2e hbond
 0.000000 0.135968 0.704308 1.696391 0.015890
 1.000000 0.136540 0.694600 1.720554 0.015366
 2.000000 0.131609 0.682794 1.695035 0.018348
 3.000000 0.196021 0.638775 1.567188 0.024796
 4.000000 0.104343 0.674696 1.473069 0.012458
 5.000000 0.221194 0.664247 1.748444 0.029922
 6.000000 0.136611 0.657943 1.622932 0.017374
 7.000000 0.106170 0.684758 1.734892 0.010586
 8.000000 0.099009 0.683240 1.772078 0.010278
 9.000000 0.106011 0.671535 1.641224 0.010809
 10.000000 0.152300 0.635065 1.496677 0.014592
 11.000000 0.213665 0.657561 1.711345 0.030761
 12.000000 0.260200 0.630405 1.632332 0.035769
 13.000000 0.190832 0.641799 1.558380 0.027159
 14.000000 0.203083 0.685659 1.851182 0.023216
 15.000000 0.231066 0.642128 1.567056 0.034918
 16.000000 0.134536 0.698452 1.840418 0.018491
 17.000000 0.188639 0.648473 1.599553 0.023045
 18.000000 0.149742 0.657856 1.691535 0.019335
 19.000000 0.331114 0.604675 1.335701 0.042946
 20.000000 0.146277 0.657751 1.566335 0.014920
 21.000000 0.184333 0.633142 1.455921 0.019735
 22.000000 0.141315 0.631637 1.480908 0.015526
 23.000000 0.218782 0.632465 1.411409 0.040581
 24.000000 0.122907 0.645106 1.380031 0.014933
 25.000000 0.100412 0.683078 1.727162 0.013456
 26.000000 0.142117 0.679319 1.681310 0.019205
 27.000000 0.088244 0.740152 1.921514 0.012507
 28.000000 0.087572 0.729344 1.829444 0.012131
 29.000000 0.145998 0.706476 1.930196 0.018797
 30.000000 0.177731 0.710053 1.897769 0.018729
 31.000000 0.292045 0.670983 1.612954 0.037798
 32.000000 0.092754 0.735510 1.994351 0.012174
 33.000000 0.105898 0.791138 2.245179 0.015217
 34.000000 0.160613 0.728823 1.988190 0.019714
 35.000000 0.078792 0.748979 1.973932 0.010827
 36.000000 0.104759 0.757828 2.058297 0.013326
 37.000000 0.063187 0.776037 2.072036 0.009744
 38.000000 0.081470 0.733888 1.864881 0.011885
 39.000000 0.107941 0.675638 1.669534 0.009871
 40.000000 0.145011 0.660680 1.627015 0.018652
 41.000000 0.120493 0.649869 1.530377 0.010934
 42.000000 0.159667 0.645088 1.589685 0.022509
 43.000000 0.229547 0.633527 1.466479 0.029694
 44.000000 0.151014 0.667433 1.521732 0.026611
 45.000000 0.140482 0.641963 1.466338 0.021679
 46.000000 0.143254 0.630768 1.381804 0.026797
 47.000000 0.134035 0.623825 1.495475 0.021567
 48.000000 0.150408 0.587952 1.029084 0.024105
 49.000000 0.121362 0.603453 1.000258 0.023174
 50.000000 0.173413 0.592590 1.088881 0.050110
 51.000000 0.160075 0.576515 0.948521 0.033835
 52.000000 0.168548 0.613841 1.201595 0.051078
 53.000000 0.163527 0.600812 1.177493 0.023941
 54.000000 0.140958 0.610477 1.008321 0.055133
 55.000000 0.176867 0.602823 1.253432 0.024906
 56.000000 0.175071 0.598254 1.277891 0.031893
 57.000000 0.117946 0.633345 1.214416 0.044819
 58.000000 0.175127 0.604412 1.065893 0.058548
 59.000000 0.168180 0.619548 1.351179 0.055138
 60.000000 0.151781 0.654926 1.644677 0.019773
 61.000000 0.139516 0.674404 1.818757 0.016886
 62.000000 0.097185 0.690600 1.773014 0.008942
 63.000000 0.068483 0.735528 1.955083 0.009353
 64.000000 0.091553 0.730732 1.954238 0.018044
 65.000000 0.172525 0.633802 1.530836 0.037048
 66.000000 0.109141 0.680645 1.701367 0.012652
 67.000000 0.110998 0.703294 1.911123 0.013019
 68.000000 0.060469 0.783094 2.201641 0.007680
 69.000000 0.055101 0.834926 2.428409 0.010515
 70.000000 0.085484 0.808686 2.335037 0.019558
 71.000000 0.051978 0.817408 2.374309 0.012051
 72.000000 0.034800 0.889323 2.628630 0.003838
 73.000000 0.049030 0.861264 2.574601 0.005635
 74.000000 0.038941 0.850986 2.513739 0.005538
 75.000000 0.052150 0.853640 2.493808 0.006596
 76.000000 0.049749 0.853090 2.535734 0.009348
 77.000000 0.081780 0.813695 2.387336 0.041501
 78.000000 0.059963 0.807577 2.274045 0.008565
 79.000000 0.079613 0.786134 2.229925 0.010869
 80.000000 0.068972 0.781890 2.034442 0.024187
 81.000000 0.047994 0.809674 2.133675 0.007588
 82.000000 0.065553 0.769649 1.990041 0.008313
 83.000000 0.085643 0.731857 1.700290 0.016320
 84.000000 0.102784 0.755527 1.981091 0.018617
 85.000000 0.113293 0.760732 2.054901 0.029990
 86.000000 0.080458 0.772774 2.048621 0.013303
 87.000000 0.056634 0.760163 1.955874 0.006385
 88.000000 0.065323 0.748534 1.991175 0.010988
 89.000000 0.052679 0.787091 2.085421 0.007842
 90.000000 0.058442 0.759094 1.979604 0.004886
 91.000000 0.061661 0.799365 2.223840 0.011476
 92.000000 0.051847 0.789522 2.200736 0.005992
 93.000000 0.049060 0.787540 2.196365 0.005751
 94.000000 0.070781 0.793067 2.212428 0.011321
 95.000000 0.081346 0.778315 2.142983 0.017720
 96.000000 0.044273 0.806104 2.267840 0.011015
 97.000000 0.056611 0.794550 2.173365 0.011134
 98.000000 0.129783 0.716835 1.988413 0.039491
 99.000000 0.087132 0.748114 1.944501 0.016541
 100.000000 0.051269 0.790589 2.205367 0.008343
 101.000000 0.028996 0.862673 2.372616 0.003931
 102.000000 0.024336 0.895030 2.580832 0.002277
 103.000000 0.076144 0.806052 2.340974 0.019367
 104.000000 0.057279 0.837402 2.466172 0.011995
 105.000000 0.026670 0.880557 2.477768 0.003189
 106.000000 0.026464 0.899762 2.641925 0.002992
 107.000000 0.073340 0.833552 2.460021 0.012757
 108.000000 0.049524 0.840006 2.454575 0.006443
 109.000000 0.068539 0.808701 2.279304 0.008596
 110.000000 0.112824 0.760084 2.003671 0.058372
 111.000000 0.132988 0.716189 1.926687 0.077060
 112.000000 0.150198 0.688757 1.808922 0.097320
 113.000000 0.145198 0.691992 1.808390 0.057381
 114.000000 0.140421 0.696772 1.734509 0.037286
 115.000000 0.145881 0.689426 1.637413 0.033831
 116.000000 0.118540 0.734232 1.948981 0.042109
 117.000000 0.086980 0.711939 1.552218 0.010699
 118.000000 0.109113 0.694371 1.520422 0.030582
 119.000000 0.090478 0.673379 1.431442 0.007297
 120.000000 0.090976 0.655189 1.207987 0.009412
 121.000000 0.100568 0.648513 1.375884 0.020704
 122.000000 0.123628 0.643738 1.380400 0.067679
 123.000000 0.142750 0.636850 1.343392 0.086047
 124.000000 0.110966 0.654170 1.280265 0.080455
 125.000000 0.079257 0.680803 1.398773 0.008181
 126.000000 0.097719 0.667897 1.371750 0.009151
 127.000000 0.072987 0.655526 1.175904 0.005364
 128.000000 0.080787 0.624619 1.058933 0.007693
 129.000000 0.074507 0.631454 0.958564 0.007858
 130.000000 0.070699 0.647363 1.162288 0.012205
 131.000000 0.070116 0.653044 1.187585 0.015332
 132.000000 0.084894 0.661717 1.064119 0.010654
 133.000000 0.081011 0.669747 1.193611 0.008273
 134.000000 0.078956 0.623379 1.061332 0.022088
 135.000000 0.098398 0.636322 1.325903 0.053083
 136.000000 0.075326 0.612897 0.825958 0.015009
 137.000000 0.110412 0.599575 1.074680 0.026978
 138.000000 0.100475 0.598447 1.015243 0.014230
 139.000000 0.152115 0.626515 1.102058 0.017475
 140.000000 0.093900 0.642280 1.145458 0.016080
 141.000000 0.095833 0.632461 0.892395 0.015266
 142.000000 0.106547 0.610559 0.649009 0.014376
 143.000000 0.150644 0.584156 0.523039 0.027504
 144.000000 0.137091 0.605280 0.727626 0.022857
 145.000000 0.120158 0.621290 0.912592 0.010418
 146.000000 0.108601 0.607898 0.814780 0.011953
 147.000000 0.097415 0.601042 0.913633 0.015028
 148.000000 0.092873 0.599391 1.041056 0.013423
 149.000000 0.102080 0.607929 1.213383 0.013722
 150.000000 0.136170 0.614681 1.162684 0.013235
 151.000000 0.080959 0.627363 1.201685 0.009807
 152.000000 0.068339 0.619058 1.108489 0.008017
 153.000000 0.085882 0.659248 1.247386 0.007900
 154.000000 0.075828 0.660348 1.219990 0.008590
 155.000000 0.063715 0.672767 1.248531 0.004358
 156.000000 0.132449 0.678051 1.339569 0.016868
 157.000000 0.092384 0.720707 1.661286 0.010539
 158.000000 0.100513 0.659554 1.488074 0.011391
 159.000000 0.103232 0.666711 1.431935 0.013793
 160.000000 0.109920 0.684862 1.351293 0.011194
 161.000000 0.177468 0.669978 1.487620 0.019544
 162.000000 0.135246 0.666487 1.238041 0.015117
 163.000000 0.090379 0.711541 1.409622 0.017957
 164.000000 0.072037 0.710126 1.639775 0.008497
 165.000000 0.115720 0.690047 1.589963 0.017119
 166.000000 0.110730 0.671821 1.400748 0.014125
 167.000000 0.086515 0.684983 1.296160 0.013958
 168.000000 0.073413 0.734696 1.525555 0.010607
 169.000000 0.082975 0.731437 1.540332 0.012026
 170.000000 0.118238 0.648193 1.113855 0.014551
 171.000000 0.111695 0.626731 0.969624 0.017233
 172.000000 0.098789 0.564244 0.546936 0.012188
 173.000000 0.115425 0.562136 0.639506 0.019040
 174.000000 0.110122 0.572549 0.704424 0.042197
 175.000000 0.117643 0.572986 0.729563 0.614625
 176.000000 0.100577 0.575271 0.700502 0.016382
 177.000000 0.106325 0.558224 0.616323 0.038164
 178.000000 0.128838 0.537020 0.436345 0.156826
 179.000000 0.264888 0.554343 0.443651 0.710370
 180.000000 0.203833 0.531267 0.427076 0.643989
 181.000000 0.198415 0.549971 0.429278 0.312718
 182.000000 0.195347 0.550699 0.452886 0.243581
 183.000000 0.215953 0.544707 0.460102 0.398159
 184.000000 0.181188 0.558156 0.439687 0.699267
 185.000000 0.224889 0.558042 0.483236 0.772710
 186.000000 0.167040 0.572133 0.432418 0.656210
 187.000000 0.159115 0.583647 0.447218 0.126527
 188.000000 0.137334 0.632964 0.918208 0.313147
 189.000000 0.246809 0.624546 1.094110 0.206222
 190.000000 0.228435 0.609673 0.974053 0.744404
 191.000000 0.272170 0.627327 1.215545 0.425807
 192.000000 0.282933 0.610768 1.178136 0.564489
 193.000000 0.294896 0.596365 1.189211 0.890327
 194.000000 0.321129 0.611029 1.458713 0.588677
 195.000000 0.314792 0.655224 1.374576 0.065052
 196.000000 0.080944 0.783551 2.091808 0.014416
 197.000000 0.154529 0.759157 2.131494 0.018739
 198.000000 0.104988 0.755932 1.809152 0.024780
 199.000000 0.091918 0.794612 2.084724 0.012371
 200.000000 0.111574 0.759799 1.927249 0.022428
 201.000000 0.158801 0.740476 1.994907 0.035803
 202.000000 0.091909 0.788269 2.134597 0.011805
 203.000000 0.082496 0.802250 2.236165 0.013525
 204.000000 0.090964 0.819267 2.317406 0.014498
 205.000000 0.101968 0.799274 2.220436 0.020953
 206.000000 0.136221 0.765330 2.125884 0.024287
 207.000000 0.104388 0.788657 2.191051 0.023259
 208.000000 0.106669 0.741310 1.958317 0.043202
 209.000000 0.294007 0.691790 1.711854 0.133671
 210.000000 0.234843 0.700845 1.687067 0.116777
 211.000000 0.143555 0.695047 1.709954 0.031922
 212.000000 0.140035 0.698557 1.799669 0.047451
 213.000000 0.153544 0.688033 1.621344 0.077090
 214.000000 0.184833 0.681499 1.862537 0.476434
 215.000000 0.308892 0.685549 1.812781 0.532156
 216.000000 0.309014 0.641440 1.444506 0.787392
 217.000000 0.239336 0.631837 1.319303 0.599727
 218.000000 0.293491 0.637851 1.140107 0.405353
 219.000000 0.306309 0.648075 1.230107 0.559799
 220.000000 0.184499 0.624280 1.193855 0.347213
 221.000000 0.248977 0.651852 1.363693 0.421285
 222.000000 0.299258 0.664079 1.564834 0.288606
 223.000000 0.283018 0.646103 1.586788 0.777356
 224.000000 0.270222 0.642979 1.569060 0.157476
 225.000000 0.447345 0.632947 1.608443 0.153025
 226.000000 0.285469 0.628137 1.446885 0.109851
 227.000000 0.388791 0.639728 1.539103 0.841367
 228.000000 0.387733 0.642730 1.559409 0.734738
 229.000000 0.349802 0.642190 1.548665 0.589546
 230.000000 0.327990 0.676797 1.719589 0.717197
 231.000000 0.345065 0.673937 1.648197 0.757246
 232.000000 0.278819 0.623897 1.184261 0.840730
 233.000000 0.282141 0.607335 1.042844 0.633604
 234.000000 0.324202 0.612108 1.171502 0.409876
 235.000000 0.285725 0.620126 1.120476 0.749527
 236.000000 0.253096 0.626137 1.150074 0.784551
 237.000000 0.384077 0.642417 1.507969 0.517607
 238.000000 0.359198 0.626532 1.322725 0.817755
 239.000000 0.390952 0.641601 1.538827 0.561168
 240.000000 0.248717 0.647889 1.504250 0.206716
 241.000000 0.302070 0.648796 1.528460 0.635536
 242.000000 0.288995 0.689976 1.637658 0.069271
 243.000000 0.315031 0.648774 1.454521 0.888042
 244.000000 0.330782 0.655927 1.508612 0.852456
 245.000000 0.420858 0.662894 1.525100 0.787835
 246.000000 0.286358 0.660304 1.335914 0.240485
 247.000000 0.452289 0.661000 1.493876 0.862029
 248.000000 0.282938 0.677127 1.704962 0.414750
 249.000000 0.318241 0.681393 1.603725 0.125388
 250.000000 0.258747 0.627632 1.421786 0.528975
 251.000000 0.216711 0.643802 1.410520 0.424747
 252.000000 0.195122 0.713372 1.959533 0.027347
 253.000000 0.175561 0.689638 1.794176 0.021245
 254.000000 0.135366 0.675765 1.718970 0.010682
 255.000000 0.204008 0.674278 1.695852 0.039909
 256.000000 0.116328 0.659735 1.460888 0.020246
 257.000000 0.204948 0.646533 1.422332 0.139347
 258.000000 0.176815 0.650700 1.522198 0.280492
 259.000000 0.216290 0.645109 1.507433 0.873117
 260.000000 0.270923 0.663783 1.502649 0.381378
 261.000000 0.176743 0.636584 1.232719 0.736657
 262.000000 0.145771 0.619294 1.200559 0.811775
 263.000000 0.173256 0.607195 1.044203 0.202527
 264.000000 0.191492 0.621400 1.014468 0.423912
 265.000000 0.221668 0.625821 1.023991 0.271077
 266.000000 0.200889 0.604315 1.083952 0.552243
 267.000000 0.143810 0.597726 1.016110 0.392814
 268.000000 0.155092 0.615693 0.918479 0.741822
 269.000000 0.214217 0.613590 1.229715 0.433681
 270.000000 0.139550 0.607694 1.095518 0.604324
 271.000000 0.163081 0.636602 1.431518 0.172106
 272.000000 0.109183 0.653880 1.551413 0.054408
 273.000000 0.116471 0.670141 1.501463 0.068201
 274.000000 0.052865 0.769933 2.039350 0.012334
 275.000000 0.055257 0.731507 1.951219 0.007542
 276.000000 0.084479 0.675640 1.539094 0.010465
 277.000000 0.080646 0.628357 1.019289 0.006036
 278.000000 0.085778 0.619088 1.262206 0.009672
 279.000000 0.089703 0.633509 1.379277 0.006753
 280.000000 0.080307 0.605122 1.190350 0.005996
 281.000000 0.096401 0.596044 1.149492 0.020951
 282.000000 0.089494 0.591837 1.047711 0.020698
 283.000000 0.112636 0.603884 1.233396 0.019205
 284.000000 0.106257 0.579990 1.083581 0.033853
 285.000000 0.105976 0.589924 1.014550 0.015196
 286.000000 0.109384 0.592037 1.003387 0.023737
 287.000000 0.101426 0.604819 0.923459 0.018991
 288.000000 0.108101 0.641354 1.195861 0.013651
 289.000000 0.116714 0.577766 0.935563 0.020666
 290.000000 0.128658 0.571198 0.693403 0.019373
 291.000000 0.141307 0.561314 0.794330 0.023174
 292.000000 0.142214 0.565966 0.887984 0.020784
 293.000000 0.160644 0.562372 0.913627 0.030992
 294.000000 0.106382 0.583597 0.869222 0.022154
 295.000000 0.128185 0.565224 0.915834 0.020329
 296.000000 0.116413 0.563403 0.945146 0.019338
 297.000000 0.103209 0.588243 0.968193 0.013698
 298.000000 0.188071 0.588580 0.934542 0.086525
 299.000000 0.125974 0.613821 0.923249 0.014019
 300.000000 0.164571 0.643979 1.225033 0.024698
 301.000000 0.095447 0.668496 1.213715 0.010351
 302.000000 0.131257 0.624832 1.155720 0.024006
 303.000000 0.118965 0.622490 0.948206 0.014123
 304.000000 0.104675 0.668670 1.338945 0.010610
 305.000000 0.085273 0.676341 1.329579 0.015459
 306.000000 0.095018 0.693491 1.477639 0.017831
 307.000000 0.081966 0.736548 1.794948 0.012884
 308.000000 0.061863 0.679563 1.340985 0.006796
 309.000000 0.063826 0.625325 0.983573 0.008715
 310.000000 0.039303 0.650781 1.059730 0.004128
 311.000000 0.056228 0.633425 1.057595 0.005921
 312.000000 0.050188 0.616472 0.868786 0.006069
 313.000000 0.074467 0.609674 0.733344 0.004285
 314.000000 0.068410 0.591737 0.685795 0.005022
 315.000000 0.049019 0.611214 0.727019 0.003747
 316.000000 0.069365 0.597663 0.974514 0.007463
 317.000000 0.058861 0.615166 0.968662 0.003809
 318.000000 0.058171 0.664664 1.438881 0.005722
 319.000000 0.085138 0.651622 1.531247 0.006098
 320.000000 0.051373 0.667884 1.494090 0.003554
 321.000000 0.043467 0.711696 1.682121 0.004372
 322.000000 0.039791 0.729038 1.672367 0.002892
 323.000000 0.053554 0.672811 1.394799 0.003625
 324.000000 0.045389 0.693467 1.355124 0.003462
 325.000000 0.044257 0.683131 1.200784 0.003914
 326.000000 0.038164 0.686951 1.019744 0.003930
 327.000000 0.026004 0.713779 1.192643 0.001832
 328.000000 0.051276 0.673209 1.145590 0.007445
 329.000000 0.041369 0.660453 1.061874 0.003114
 330.000000 0.041843 0.655304 0.862859 0.003650
 331.000000 0.042650 0.632167 0.660492 0.003642
 332.000000 0.047301 0.634553 0.748683 0.004451
 333.000000 0.048821 0.661579 1.016760 0.003494
 334.000000 0.061824 0.654591 1.197730 0.006116
 335.000000 0.040445 0.695385 1.398347 0.002478
 336.000000 0.043144 0.732522 1.423656 0.003003
 337.000000 0.036039 0.755842 1.614905 0.002694
 338.000000 0.019158 0.806093 1.985380 0.001992
 339.000000 0.041025 0.772752 1.839032 0.005066
 340.000000 0.055255 0.730524 1.576166 0.010258
 341.000000 0.071930 0.716370 1.512157 0.006228
 342.000000 0.053760 0.758114 1.827300 0.005559
 343.000000 0.040697 0.755495 1.698339 0.003221
 344.000000 0.032804 0.759813 1.647362 0.002925
 345.000000 0.021984 0.792255 1.740513 0.002130
 346.000000 0.020659 0.872651 2.296170 0.001954
 347.000000 0.016029 0.923808 2.541473 0.001823
 348.000000 0.022971 0.885510 2.502759 0.003365
 349.000000 0.033667 0.794384 2.003777 0.003244
 350.000000 0.029027 0.786549 1.911727 0.002969
 351.000000 0.033762 0.763500 1.804669 0.005209
 352.000000 0.048854 0.765691 1.971382 0.004801
 353.000000 0.048904 0.772930 2.021406 0.005107
 354.000000 0.037984 0.789171 1.907781 0.003588
 355.000000 0.050755 0.709647 1.615348 0.003592
 356.000000 0.053254 0.687412 1.358155 0.005322
 357.000000 0.040299 0.743124 1.757758 0.003258
 358.000000 0.048472 0.785386 2.086518 0.005150
 359.000000 0.035038 0.775820 1.863072 0.002644
 360.000000 0.052888 0.746776 1.886447 0.003335
 361.000000 0.036175 0.791658 2.116553 0.002416
 362.000000 0.034182 0.813043 2.082044 0.003772
 363.000000 0.032768 0.829283 2.247150 0.005527
 364.000000 0.053891 0.791043 2.200296 0.004779
 365.000000 0.038893 0.818064 2.321339 0.003345
 366.000000 0.037941 0.822902 2.193821 0.003313
 367.000000 0.033851 0.785344 1.991508 0.004009
 368.000000 0.026785 0.789603 1.918707 0.001992
 369.000000 0.033577 0.769493 1.884989 0.003406
 370.000000 0.032446 0.750889 1.597047 0.002094
 371.000000 0.050934 0.740076 1.552234 0.002971
 372.000000 0.022256 0.825575 1.966356 0.001524
 373.000000 0.019685 0.832946 2.073429 0.001336
 374.000000 0.023870 0.817744 2.110710 0.002314
 375.000000 0.024951 0.839356 2.247142 0.002575
 376.000000 0.016168 0.898240 2.590952 0.001346
 377.000000 0.017783 0.933413 2.701876 0.002094
 378.000000 0.018473 0.892698 2.524893 0.001631
 379.000000 0.019768 0.904536 2.574802 0.001608
 380.000000 0.026837 0.875541 2.510444 0.002095
 381.000000 0.019043 0.903195 2.532253 0.001949
 382.000000 0.021214 0.871825 2.404320 0.001825
 383.000000 0.024607 0.822848 2.138538 0.001769
 384.000000 0.026090 0.847096 2.377102 0.002306
 385.000000 0.023545 0.890184 2.571422 0.001869
 386.000000 0.017291 0.891692 2.499137 0.001556
 387.000000 0.014987 0.913169 2.571247 0.001552
 388.000000 0.020493 0.881411 2.493541 0.001444
 389.000000 0.021507 0.882329 2.568700 0.001683
 390.000000 0.018610 0.899144 2.624679 0.001596
 391.000000 0.022310 0.888270 2.575029 0.001924
 392.000000 0.046613 0.797507 2.115017 0.004793
 393.000000 0.052237 0.782436 2.100235 0.005637
 394.000000 0.035638 0.803624 2.261838 0.002854
 395.000000 0.026425 0.820675 2.225930 0.002090
 396.000000 0.018838 0.868388 2.239693 0.001865
 397.000000 0.027066 0.803377 2.016185 0.002205
 398.000000 0.020618 0.812855 1.873927 0.001930
 399.000000 0.025333 0.802070 2.034277 0.002629
 400.000000 0.035186 0.778463 2.090784 0.003174
 401.000000 0.035461 0.782635 2.133876 0.002596
 402.000000 0.039629 0.782659 2.122008 0.002932
 403.000000 0.033083 0.809033 2.165146 0.003510
 404.000000 0.020033 0.881291 2.418143 0.002656
 405.000000 0.024602 0.867736 2.420267 0.002302
 406.000000 0.057640 0.794519 2.215142 0.009015
 407.000000 0.020001 0.898885 2.622061 0.002739
 408.000000 0.022287 0.889962 2.580983 0.002821
 409.000000 0.022719 0.861874 2.376770 0.002652
 410.000000 0.015343 0.898940 2.429259 0.001502
 411.000000 0.032017 0.796760 1.918848 0.003730
 412.000000 0.070994 0.730842 1.774014 0.010079
 413.000000 0.042153 0.754647 1.709402 0.003620
 414.000000 0.022773 0.801226 1.819708 0.001620
 415.000000 0.026640 0.794980 2.055642 0.002249
 416.000000 0.060119 0.759939 1.927577 0.003976
 417.000000 0.024614 0.800260 2.013514 0.001858
 418.000000 0.020845 0.842057 2.246115 0.001849
 419.000000 0.040121 0.780293 2.099339 0.003596
 420.000000 0.027859 0.811824 2.119268 0.002852
 421.000000 0.030312 0.791310 1.968930 0.003404
 422.000000 0.024368 0.811317 2.017170 0.002494
 423.000000 0.029162 0.835633 2.351877 0.002602
 424.000000 0.031244 0.854107 2.440458 0.002365
 425.000000 0.028376 0.845683 2.414598 0.002476
 426.000000 0.030932 0.828113 2.291572 0.001943
 427.000000 0.022155 0.898876 2.604428 0.002398
 428.000000 0.028340 0.875342 2.502466 0.002511
 429.000000 0.016080 0.938297 2.726218 0.001723
 430.000000 0.017552 0.922089 2.647976 0.001642
 431.000000 0.016080 0.935957 2.559451 0.001563
 432.000000 0.012777 0.937195 2.575900 0.001247
 433.000000 0.011339 0.962430 2.746201 0.001232
 434.000000 0.011409 0.976028 2.871537 0.001103
 435.000000 0.014458 0.929626 2.672186 0.001417
 436.000000 0.017166 0.910968 2.609953 0.001354
 437.000000 0.013347 0.946059 2.670706 0.001309
 438.000000 0.016848 0.913372 2.551086 0.001372
 439.000000 0.015390 0.932366 2.664803 0.001329
 440.000000 0.013756 0.952726 2.724164 0.001071
 441.000000 0.013730 0.946804 2.715806 0.001250
 442.000000 0.015572 0.931846 2.667831 0.001545
 443.000000 0.012897 0.941298 2.704572 0.001086
 444.000000 0.013267 0.963190 2.762312 0.001335
 445.000000 0.012866 0.958585 2.778328 0.001105
 446.000000 0.011975 0.942315 2.639091 0.001204
 447.000000 0.015872 0.863340 2.236120 0.001320
 448.000000 0.016057 0.875042 2.282121 0.001430
 449.000000 0.016161 0.827926 1.909547 0.001140
 450.000000 0.021650 0.797521 1.867587 0.001679
 451.000000 0.013418 0.907116 2.499357 0.001305
 452.000000 0.011204 0.952661 2.579386 0.001123
 453.000000 0.017499 0.861415 2.280450 0.001626
 454.000000 0.013401 0.897611 2.425543 0.001207
 455.000000 0.012319 0.886742 2.303303 0.000894
 456.000000 0.014393 0.891431 2.389937 0.001245
 457.000000 0.015032 0.899777 2.425754 0.001462
 458.000000 0.011469 0.956473 2.712393 0.001476
 459.000000 0.009255 0.984283 2.844101 0.001000
 460.000000 0.010034 0.989268 2.789508 0.000917
 461.000000 0.013752 0.950825 2.706247 0.001459
 462.000000 0.012800 0.934536 2.625512 0.001381
 463.000000 0.009895 0.966409 2.704921 0.000911
 464.000000 0.012288 0.935780 2.605855 0.001511
 465.000000 0.009668 0.980060 2.830684 0.000881
 466.000000 0.012423 0.970936 2.844877 0.001249
 467.000000 0.010220 0.989998 2.840942 0.000899
 468.000000 0.012970 0.963886 2.743866 0.001307
 469.000000 0.011461 0.978306 2.780869 0.001167
 470.000000 0.010183 0.990619 2.798405 0.000972
 471.000000 0.013473 0.952126 2.744827 0.001357
 472.000000 0.012526 0.951755 2.706165 0.001374
 473.000000 0.012183 0.956929 2.775211 0.001317
 474.000000 0.008248 0.998146 2.927323 0.000883
 475.000000 0.011885 0.923880 2.513164 0.000999
 476.000000 0.015345 0.888254 2.276831 0.001160
 477.000000 0.013568 0.952711 2.742790 0.001219
 478.000000 0.014512 0.922063 2.594554 0.001422
 479.000000 0.015220 0.900100 2.516199 0.001388
 480.000000 0.013406 0.939387 2.614614 0.001361
 481.000000 0.019501 0.885041 2.476970 0.001676
 482.000000 0.012203 0.957261 2.727623 0.001128
 483.000000 0.010719 0.980969 2.869901 0.001035
 484.000000 0.015580 0.939528 2.763443 0.001672
 485.000000 0.014119 0.950772 2.737591 0.001366
 486.000000 0.014169 0.943178 2.664894 0.001581
 487.000000 0.012801 0.934559 2.567017 0.001225
 488.000000 0.016125 0.927470 2.709020 0.001587
 489.000000 0.016952 0.931832 2.709550 0.001839
 490.000000 0.012859 0.950976 2.793135 0.001158
 491.000000 0.010557 0.970668 2.569559 0.000918
 492.000000 0.015217 0.922149 2.593747 0.001671
 493.000000 0.011260 0.942539 2.648010 0.001059
 494.000000 0.015932 0.899291 2.463225 0.001584
 495.000000 0.017957 0.861606 2.211933 0.001408
 496.000000 0.013804 0.902451 2.389804 0.001307
 497.000000 0.013851 0.880263 2.241420 0.001331
 498.000000 0.014864 0.899386 2.470389 0.001476
 499.000000 0.014507 0.919730 2.598413 0.001819
 500.000000 0.013100 0.935607 2.704186 0.001306
