#! FIELDS time alpha rg e2e hbond
 0.000000 0.326805 0.629034 1.461485 0.095541
 1.000000 0.215891 0.641084 1.256205 0.062714
 2.000000 0.227405 0.638327 1.455426 0.099314
 3.000000 0.299786 0.680619 1.561264 0.363223
 4.000000 0.138163 0.671288 1.325195 0.023292
 5.000000 0.149056 0.710248 1.710065 0.017701
 6.000000 0.211340 0.694097 1.404607 0.186603
 7.000000 0.206833 0.705450 1.650281 0.061704
 8.000000 0.177847 0.695344 1.592882 0.043816
 9.000000 0.167993 0.736446 1.713238 0.048050
 10.000000 0.091167 0.753957 1.830315 0.026560
 11.000000 0.050026 0.755543 1.723925 0.003763
 12.000000 0.030007 0.797508 1.927691 0.002156
 13.000000 0.026270 0.803019 1.946353 0.001974
 14.000000 0.028901 0.764405 1.700833 0.002409
 15.000000 0.036310 0.793490 1.816909 0.004426
 16.000000 0.088352 0.721723 1.576913 0.010685
 17.000000 0.073471 0.726143 1.547366 0.012087
 18.000000 0.125740 0.691249 1.542211 0.193969
 19.000000 0.141577 0.708068 1.700583 0.021249
 20.000000 0.072443 0.768759 1.974823 0.005371
 21.000000 0.062073 0.782388 1.865661 0.004492
 22.000000 0.049764 0.818186 2.190981 0.005020
 23.000000 0.116953 0.747213 1.828790 0.012541
 24.000000 0.107483 0.743711 1.792632 0.027673
 25.000000 0.086548 0.755026 1.959277 0.008089
 26.000000 0.061773 0.774844 1.866316 0.004702
 27.000000 0.124479 0.693159 1.534212 0.014719
 28.000000 0.098721 0.724051 1.620788 0.005590
 29.000000 0.103672 0.690187 1.546978 0.017578
 30.000000 0.115982 0.711855 1.712281 0.014175
 31.000000 0.081346 0.736095 1.782718 0.010298
 32.000000 0.094087 0.723635 1.834139 0.006823
 33.000000 0.128426 0.731955 1.919246 0.013519
 34.000000 0.078384 0.753147 1.870248 0.006079
 35.000000 0.098593 0.775312 2.128374 0.007006
 36.000000 0.090891 0.729967 1.776424 0.005187
 37.000000 0.048733 0.743478 1.619042 0.005419
 38.000000 0.099975 0.709623 1.466608 0.006500
 39.000000 0.124889 0.674849 1.320861 0.011324
 40.000000 0.097847 0.695608 1.221736 0.006020
 41.000000 0.094481 0.668191 1.174490 0.006752
 42.000000 0.080429 0.667040 1.012741 0.007371
 43.000000 0.090535 0.637037 0.998672 0.017917
 44.000000 0.096035 0.643813 1.023397 0.014589
 45.000000 0.104512 0.626499 0.982078 0.013613
 46.000000 0.094051 0.627441 1.092369 0.026446
 47.000000 0.103912 0.628848 0.959213 0.014122
 48.000000 0.112370 0.602582 0.901748 0.016655
 49.000000 0.115339 0.597159 0.720518 0.020492
 50.000000 0.138153 0.620183 0.981478 0.029876
 51.000000 0.108694 0.603530 0.920405 0.015002
 52.000000 0.109880 0.609574 0.797170 0.012344
 53.000000 0.101586 0.615511 0.800456 0.012612
 54.000000 0.086908 0.587799 0.956714 0.014428
 55.000000 0.109721 0.611094 1.278933 0.012632
 56.000000 0.133120 0.571443 1.025653 0.017066
 57.000000 0.133254 0.566041 0.791811 0.016157
 58.000000 0.098173 0.584038 0.806836 0.017453
 59.000000 0.099142 0.598437 0.916009 0.013400
 60.000000 0.148221 0.590931 0.836419 0.042247
 61.000000 0.116630 0.612289 0.818546 0.019086
 62.000000 0.113673 0.597046 0.752081 0.041981
 63.000000 0.089665 0.619312 0.789262 0.011997
 64.000000 0.104320 0.588052 0.702639 0.015999
 65.000000 0.136577 0.552200 0.673045 0.023999
 66.000000 0.146133 0.610803 0.923966 0.020234
 67.000000 0.121069 0.602186 0.965110 0.020241
 68.000000 0.115581 0.662523 1.187710 0.017222
 69.000000 0.120477 0.631483 1.074081 0.017444
 70.000000 0.103978 0.678217 1.410295 0.011601
 71.000000 0.118090 0.680053 1.373152 0.020080
 72.000000 0.075843 0.726206 1.349469 0.007402
 73.000000 0.051730 0.736795 1.546457 0.007929
 74.000000 0.039986 0.785646 1.941335 0.004824
 75.000000 0.037852 0.807257 2.230903 0.004372
 76.000000 0.057745 0.767658 2.084703 0.006786
 77.000000 0.080009 0.729959 1.938926 0.006664
 78.000000 0.059073 0.794796 2.232391 0.004847
 79.000000 0.046274 0.800286 2.269252 0.006263
 80.000000 0.045174 0.815598 2.242251 0.003718
 81.000000 0.043960 0.811086 2.364105 0.004248
 82.000000 0.053102 0.789405 2.203828 0.003740
 83.000000 0.022584 0.869790 2.456273 0.002126
 84.000000 0.025299 0.838813 2.246908 0.001663
 85.000000 0.033526 0.809111 2.205720 0.002609
 86.000000 0.020696 0.879850 2.324174 0.001682
 87.000000 0.057726 0.813329 2.298199 0.006997
 88.000000 0.062853 0.773418 2.183110 0.006202
 89.000000 0.055855 0.790746 2.285600 0.004059
 90.000000 0.100159 0.691886 1.932685 0.008100
 91.000000 0.055319 0.777690 2.219983 0.005778
 92.000000 0.053369 0.789318 2.214814 0.004080
 93.000000 0.029526 0.840359 2.418897 0.002505
 94.000000 0.044012 0.804729 2.229549 0.002518
 95.000000 0.028177 0.802114 2.105376 0.003416
 96.000000 0.040355 0.779357 2.057351 0.005836
 97.000000 0.046298 0.753220 1.968426 0.004001
 98.000000 0.038766 0.795222 2.171386 0.003393
 99.000000 0.090974 0.745512 2.128508 0.015870
 100.000000 0.073603 0.757004 2.102408 0.012234
 101.000000 0.054677 0.749907 2.043788 0.003228
 102.000000 0.053929 0.792894 2.199051 0.006998
 103.000000 0.050137 0.775820 2.147739 0.003454
 104.000000 0.027729 0.823052 2.280642 0.001865
 105.000000 0.044700 0.786423 2.194682 0.004024
 106.000000 0.047339 0.749776 1.922553 0.003923
 107.000000 0.042411 0.750052 1.918323 0.002547
 108.000000 0.031497 0.780037 1.953401 0.002570
 109.000000 0.033237 0.792765 2.066836 0.003376
 110.000000 0.040379 0.748676 1.878135 0.002607
 111.000000 0.022658 0.828556 2.205339 0.001939
 112.000000 0.031438 0.812694 2.221827 0.002352
 113.000000 0.030348 0.835801 2.420990 0.002021
 114.000000 0.034272 0.836113 2.372051 0.003553
 115.000000 0.052449 0.766902 2.047457 0.003896
 116.000000 0.050261 0.800234 2.107383 0.004212
 117.000000 0.026072 0.841984 2.243060 0.002409
 118.000000 0.028191 0.792169 2.041673 0.002093
 119.000000 0.034658 0.791396 2.071452 0.003297
 120.000000 0.023218 0.852837 2.362130 0.001877
 121.000000 0.026792 0.806158 2.205800 0.002362
 122.000000 0.030601 0.779775 1.946996 0.003002
 123.000000 0.040689 0.772003 1.985456 0.002935
 124.000000 0.025360 0.804909 2.099101 0.001489
 125.000000 0.029767 0.768568 1.945923 0.002043
 126.000000 0.022236 0.797316 1.922590 0.001687
 127.000000 0.027701 0.783896 1.959140 0.001541
 128.000000 0.041059 0.751934 1.982139 0.003274
 129.000000 0.070465 0.758023 2.068970 0.010663
 130.000000 0.054527 0.778322 2.150588 0.007884
 131.000000 0.076959 0.752052 2.096329 0.007457
 132.000000 0.052924 0.768821 2.157806 0.004645
 133.000000 0.047189 0.812584 2.336896 0.002577
 134.000000 0.030166 0.843927 2.439531 0.001963
 135.000000 0.051090 0.781516 2.222742 0.004946
 136.000000 0.046810 0.783502 2.215525 0.004583
 137.000000 0.048207 0.789972 2.205471 0.005488
 138.000000 0.024054 0.873511 2.487338 0.002177
 139.000000 0.020372 0.867770 2.417635 0.001842
 140.000000 0.031003 0.832274 2.237820 0.002309
 141.000000 0.025898 0.851382 2.345326 0.002496
 142.000000 0.032477 0.840598 2.412159 0.004144
 143.000000 0.037116 0.817218 2.294027 0.003652
 144.000000 0.037942 0.832028 2.321624 0.004738
 145.000000 0.025817 0.862081 2.456883 0.002329
 146.000000 0.033447 0.820915 2.274968 0.002579
 147.000000 0.052302 0.773560 2.167785 0.003093
 148.000000 0.045678 0.754258 2.008437 0.002802
 149.000000 0.044572 0.791386 2.279050 0.003409
 150.000000 0.029457 0.851679 2.470784 0.002015
 151.000000 0.045233 0.801056 2.323729 0.002955
 152.000000 0.040722 0.788136 2.198091 0.003347
 153.000000 0.063632 0.721392 1.896535 0.009121
 154.000000 0.056811 0.703546 1.694470 0.003929
 155.000000 0.033438 0.772503 2.063868 0.003231
 156.000000 0.081191 0.740787 2.089399 0.014230
 157.000000 0.061482 0.755814 2.175948 0.005701
 158.000000 0.055102 0.771895 2.148211 0.004968
 159.000000 0.069659 0.679967 1.552933 0.007177
 160.000000 0.041335 0.713820 1.743961 0.003001
 161.000000 0.049620 0.767082 2.111482 0.003814
 162.000000 0.070353 0.753456 2.163059 0.006113
 163.000000 0.044461 0.784354 2.223780 0.003991
 164.000000 0.038209 0.797785 2.188893 0.002889
 165.000000 0.044856 0.756435 2.051416 0.003073
 166.000000 0.052011 0.784202 2.224583 0.006772
 167.000000 0.032215 0.817318 2.320774 0.002322
 168.000000 0.033238 0.819349 2.295202 0.002852
 169.000000 0.029066 0.847619 2.262277 0.003384
 170.000000 0.040034 0.822092 2.302878 0.005243
 171.000000 0.036981 0.825407 2.196046 0.004372
 172.000000 0.023928 0.829732 2.143848 0.002408
 173.000000 0.028726 0.843173 2.125734 0.002055
 174.000000 0.031109 0.837936 2.204030 0.005650
 175.000000 0.034571 0.839884 2.323193 0.003448
 176.000000 0.028481 0.853127 2.311889 0.002827
 177.000000 0.028842 0.873122 2.493546 0.002685
 178.000000 0.027568 0.859114 2.327580 0.002865
 179.000000 0.024018 0.875513 2.416881 0.002675
 180.000000 0.034261 0.846414 2.366706 0.004088
 181.000000 0.042134 0.816047 2.233855 0.004541
 182.000000 0.035939 0.808132 2.168931 0.004395
 183.000000 0.047066 0.761355 1.750414 0.004859
 184.000000 0.028757 0.802707 1.962219 0.003768
 185.000000 0.023553 0.835624 2.140118 0.003237
 186.000000 0.017593 0.868257 2.260197 0.001795
 187.000000 0.026485 0.863682 2.417054 0.002635
 188.000000 0.029936 0.851998 2.365472 0.003222
 189.000000 0.031325 0.822089 2.106472 0.003260
 190.000000 0.042757 0.780776 2.045687 0.004286
 191.000000 0.031030 0.838242 2.222158 0.003169
 192.000000 0.026747 0.853369 2.389896 0.002951
 193.000000 0.027513 0.839498 2.195646 0.003157
 194.000000 0.038723 0.825183 2.227291 0.004001
 195.000000 0.024484 0.834140 2.175620 0.002255
 196.000000 0.019927 0.867601 2.304178 0.002357
 197.000000 0.021945 0.874805 2.389120 0.002254
 198.000000 0.035435 0.826490 2.026675 0.004957
 199.000000 0.042990 0.778958 1.737250 0.003730
 200.000000 0.030067 0.811128 2.011902 0.002141
 201.000000 0.024938 0.838565 2.148176 0.002176
 202.000000 0.030811 0.842939 2.335690 0.003264
 203.000000 0.015306 0.920606 2.679832 0.001506
 204.000000 0.018550 0.910719 2.642552 0.001912
 205.000000 0.014612 0.937176 2.710317 0.001704
 206.000000 0.017679 0.947272 2.777111 0.002073
 207.000000 0.009589 0.991989 2.872839 0.001128
 208.000000 0.013404 0.957282 2.744148 0.001670
 209.000000 0.019027 0.912284 2.627218 0.001827
 210.000000 0.021223 0.889240 2.560542 0.002038
 211.000000 0.018906 0.886179 2.469620 0.001949
 212.000000 0.017565 0.912514 2.612547 0.001822
 213.000000 0.023842 0.901014 2.620113 0.002316
 214.000000 0.015850 0.923793 2.650384 0.001339
 215.000000 0.061894 0.821916 2.401888 0.002981
 216.000000 0.035990 0.808044 2.084413 0.002373
 217.000000 0.040980 0.785494 1.907639 0.004368
 218.000000 0.053776 0.801491 2.051230 0.004911
 219.000000 0.046068 0.821517 2.151922 0.003995
 220.000000 0.015462 0.896152 2.372732 0.001870
 221.000000 0.019691 0.905297 2.510816 0.002064
 222.000000 0.016240 0.931210 2.727397 0.001504
 223.000000 0.014321 0.947991 2.749575 0.001579
 224.000000 0.012892 0.959975 2.699825 0.001711
 225.000000 0.018099 0.949559 2.753233 0.002513
 226.000000 0.015464 0.940500 2.766514 0.001918
 227.000000 0.019380 0.934055 2.684394 0.002069
 228.000000 0.024394 0.899600 2.545846 0.002477
 229.000000 0.035772 0.870077 2.439959 0.003292
 230.000000 0.061383 0.799702 2.179032 0.007887
 231.000000 0.027600 0.869085 2.399285 0.001985
 232.000000 0.035844 0.850004 2.366920 0.003276
 233.000000 0.029127 0.840996 2.346724 0.002856
 234.000000 0.025462 0.855765 2.336141 0.002526
 235.000000 0.047381 0.854394 2.501036 0.005086
 236.000000 0.026758 0.891046 2.577984 0.003069
 237.000000 0.014851 0.923092 2.685908 0.001360
 238.000000 0.016538 0.932482 2.693231 0.002089
 239.000000 0.019883 0.907792 2.636773 0.001915
 240.000000 0.016225 0.942873 2.750186 0.001739
 241.000000 0.030940 0.853149 2.329391 0.004117
 242.000000 0.020003 0.905444 2.531382 0.001897
 243.000000 0.018035 0.905527 2.603117 0.001656
 244.000000 0.023383 0.896998 2.564188 0.002230
 245.000000 0.019088 0.903130 2.613467 0.001987
 246.000000 0.023034 0.859222 2.392828 0.002322
 247.000000 0.019175 0.888294 2.390951 0.002001
 248.000000 0.023745 0.824777 2.148653 0.002230
 249.000000 0.043638 0.782487 1.997809 0.003295
 250.000000 0.028882 0.846783 2.276814 0.001972
 251.000000 0.039527 0.814333 2.147527 0.003337
 252.000000 0.037467 0.831338 2.295431 0.002515
 253.000000 0.016137 0.898772 2.576899 0.001357
 254.000000 0.027053 0.869157 2.311147 0.002353
 255.000000 0.035540 0.816669 1.862987 0.002413
 256.000000 0.032742 0.838811 1.891170 0.002704
 257.000000 0.034992 0.829373 2.104552 0.003913
 258.000000 0.020805 0.862168 2.155580 0.002108
 259.000000 0.020786 0.871216 2.269084 0.002239
 260.000000 0.023578 0.869059 2.368857 0.003239
 261.000000 0.021612 0.855705 2.133440 0.002574
 262.000000 0.010395 0.945248 2.544640 0.001078
 263.000000 0.012265 0.962877 2.816080 0.001508
 264.000000 0.012095 0.939046 2.639786 0.001569
 265.000000 0.025419 0.855162 2.244579 0.002394
 266.000000 0.045708 0.813703 1.979974 0.001806
 267.000000 0.060912 0.716352 1.458545 0.003016
 268.000000 0.068868 0.671665 0.999718 0.004394
 269.000000 0.080139 0.639504 0.804138 0.006275
 270.000000 0.050676 0.647980 0.749349 0.004024
 271.000000 0.057555 0.660655 0.829490 0.003725
 272.000000 0.068831 0.641910 0.842425 0.005149
 273.000000 0.050419 0.702340 1.204556 0.004099
 274.000000 0.050059 0.694305 1.085708 0.003416
 275.000000 0.036287 0.715415 1.288702 0.002912
 276.000000 0.048051 0.744672 1.603008 0.002496
 277.000000 0.037929 0.764983 1.730384 0.003698
 278.000000 0.032944 0.778943 1.835501 0.003512
 279.000000 0.028536 0.834052 2.124035 0.003187
 280.000000 0.027135 0.865492 2.457293 0.002026
 281.000000 0.026859 0.849172 2.332586 0.002021
 282.000000 0.021216 0.879788 2.484743 0.001810
 283.000000 0.039809 0.836040 2.199800 0.004456
 284.000000 0.027426 0.864998 2.307580 0.002829
 285.000000 0.025050 0.857816 2.380825 0.003862
 286.000000 0.014915 0.928833 2.616462 0.001715
 287.000000 0.029962 0.860928 2.410004 0.004029
 288.000000 0.032728 0.871695 2.514084 0.003951
 289.000000 0.018577 0.890588 2.539384 0.001815
 290.000000 0.021847 0.888048 2.521019 0.002749
 291.000000 0.032714 0.837899 2.206341 0.003758
 292.000000 0.039752 0.814316 2.131715 0.005011
 293.000000 0.025706 0.855744 2.406752 0.003927
 294.000000 0.050448 0.799271 2.154516 0.005597
 295.000000 0.037820 0.815225 2.296424 0.004677
 296.000000 0.053676 0.797749 2.219941 0.006405
 297.000000 0.048769 0.820895 2.287416 0.005017
 298.000000 0.030591 0.846261 2.349238 0.003317
 299.000000 0.020693 0.889172 2.571455 0.001726
 300.000000 0.026002 0.874678 2.405061 0.002029
 301.000000 0.021040 0.846518 2.079672 0.002280
 302.000000 0.022483 0.831832 2.084262 0.002191
 303.000000 0.029867 0.801369 1.907957 0.002702
 304.000000 0.024849 0.803076 2.018225 0.003057
 305.000000 0.027342 0.773129 1.770527 0.002661
 306.000000 0.025796 0.804851 1.909174 0.001753
 307.000000 0.032870 0.784875 1.883500 0.002612
 308.000000 0.038460 0.793983 2.066991 0.003430
 309.000000 0.040929 0.805663 2.049596 0.002479
 310.000000 0.034713 0.810762 1.914340 0.004586
 311.000000 0.017140 0.855060 2.158813 0.001572
 312.000000 0.018249 0.896783 2.403335 0.001558
 313.000000 0.031541 0.835777 2.172689 0.003119
 314.000000 0.030613 0.829584 2.144287 0.002648
 315.000000 0.031351 0.804513 2.030716 0.001881
 316.000000 0.033510 0.847390 2.227076 0.003836
 317.000000 0.018354 0.891051 2.485262 0.001507
 318.000000 0.030935 0.870289 2.447606 0.006179
 319.000000 0.026392 0.874143 2.446087 0.003059
 320.000000 0.027614 0.862902 2.420179 0.003687
 321.000000 0.022417 0.884815 2.466675 0.002507
 322.000000 0.028067 0.881590 2.500219 0.002862
 323.000000 0.016762 0.918291 2.638254 0.002240
 324.000000 0.010222 0.959031 2.703308 0.001131
 325.000000 0.014178 0.936350 2.696031 0.001415
 326.000000 0.016467 0.912170 2.568410 0.002164
 327.000000 0.036231 0.813403 2.200992 0.004066
 328.000000 0.032996 0.837474 2.273784 0.004153
 329.000000 0.034662 0.816690 2.142895 0.006753
 330.000000 0.037266 0.804552 2.122757 0.003825
 331.000000 0.015940 0.910082 2.515426 0.001739
 332.000000 0.018609 0.875713 2.384563 0.001435
 333.000000 0.018260 0.889246 2.530410 0.002068
 334.000000 0.019944 0.898101 2.508563 0.002027
 335.000000 0.014243 0.940093 2.715205 0.001487
 336.000000 0.009610 0.975987 2.838628 0.000990
 337.000000 0.011508 0.967795 2.831044 0.001290
 338.000000 0.008893 0.971091 2.758281 0.000833
 339.000000 0.012864 0.885296 2.324680 0.001018
 340.000000 0.009327 0.951706 2.626088 0.000860
 341.000000 0.015485 0.912683 2.377468 0.001284
 342.000000 0.010922 0.947668 2.597903 0.001128
 343.000000 0.012268 0.936042 2.596882 0.001184
 344.000000 0.012552 0.938579 2.587468 0.001185
 345.000000 0.010854 0.942004 2.627484 0.001013
 346.000000 0.013444 0.913711 2.501778 0.001466
 347.000000 0.010517 0.929855 2.548689 0.000926
 348.000000 0.011395 0.907095 2.431057 0.001031
 349.000000 0.016417 0.910778 2.558714 0.002337
 350.000000 0.008174 0.995934 2.836724 0.000877
 351.000000 0.007176 1.015263 2.906303 0.000675
 352.000000 0.012689 0.951450 2.648428 0.001494
 353.000000 0.015413 0.890830 2.268865 0.001388
 354.000000 0.022493 0.831437 2.057616 0.001685
 355.000000 0.015457 0.889475 2.264309 0.001177
 356.000000 0.017955 0.864605 2.183332 0.001385
 357.000000 0.023980 0.862562 2.171290 0.002192
 358.000000 0.016098 0.896204 2.299540 0.002266
 359.000000 0.018337 0.877042 2.169143 0.001779
 360.000000 0.016447 0.853905 2.056801 0.002305
 361.000000 0.017084 0.873708 2.091552 0.001834
 362.000000 0.021573 0.858567 2.029634 0.002125
 363.000000 0.026871 0.824476 1.770569 0.002298
 364.000000 0.022161 0.840032 1.935960 0.002329
 365.000000 0.024082 0.854695 2.114116 0.001821
 366.000000 0.012762 0.928467 2.457615 0.001143
 367.000000 0.015246 0.899036 2.261783 0.001108
 368.000000 0.018393 0.879676 2.184547 0.001341
 369.000000 0.022320 0.880789 2.444565 0.001891
 370.000000 0.023197 0.870437 2.339616 0.002208
 371.000000 0.016090 0.898633 2.497754 0.001350
 372.000000 0.019561 0.873158 2.336219 0.001422
 373.000000 0.015120 0.887072 2.212648 0.001310
 374.000000 0.021961 0.869268 2.093461 0.001966
 375.000000 0.016011 0.902269 2.273624 0.001404
 376.000000 0.011886 0.945950 2.612285 0.001451
 377.000000 0.014710 0.937429 2.618367 0.001388
 378.000000 0.019413 0.905126 2.483798 0.001770
 379.000000 0.024572 0.886202 2.310315 0.001888
 380.000000 0.015920 0.927475 2.577863 0.001510
 381.000000 0.014231 0.922255 2.529684 0.001268
 382.000000 0.022115 0.885972 2.404373 0.001996
 383.000000 0.018565 0.902086 2.443330 0.001842
 384.000000 0.018921 0.879997 2.328954 0.001761
 385.000000 0.022520 0.868874 2.449827 0.002302
 386.000000 0.026593 0.881098 2.281983 0.001830
 387.000000 0.020516 0.893554 2.258961 0.001533
 388.000000 0.016627 0.932777 2.601294 0.001399
 389.000000 0.017348 0.914998 2.489689 0.001966
 390.000000 0.019707 0.909727 2.509708 0.002595
 391.000000 0.015172 0.923517 2.482761 0.001419
 392.000000 0.018219 0.913652 2.475759 0.002218
 393.000000 0.016246 0.910197 2.443566 0.001759
 394.000000 0.023923 0.878921 2.383174 0.002354
 395.000000 0.019388 0.898898 2.537701 0.002031
 396.000000 0.021746 0.894336 2.417829 0.002506
 397.000000 0.017310 0.919226 2.570122 0.001832
 398.000000 0.011386 0.959149 2.691518 0.001027
 399.000000 0.014931 0.950292 2.743019 0.001420
 400.000000 0.014709 0.944659 2.723090 0.001421
 401.000000 0.016271 0.948204 2.746313 0.001689
 402.000000 0.016118 0.923356 2.686169 0.001964
 403.000000 0.015329 0.917877 2.714560 0.001517
 404.000000 0.012123 0.928671 2.611670 0.001088
 405.000000 0.017043 0.883849 2.514313 0.001618
 406.000000 0.016202 0.897831 2.505984 0.001506
 407.000000 0.015213 0.884632 2.458530 0.001508
 408.000000 0.016208 0.926312 2.671307 0.001365
 409.000000 0.011840 0.948306 2.696931 0.001244
 410.000000 0.012060 0.934323 2.595764 0.001716
 411.000000 0.015637 0.911632 2.536255 0.001762
 412.000000 0.011998 0.931616 2.593095 0.001138
 413.000000 0.012203 0.928160 2.529529 0.001511
 414.000000 0.019489 0.879826 2.430147 0.002241
 415.000000 0.013330 0.924037 2.533169 0.001879
 416.000000 0.017384 0.905747 2.541327 0.002119
 417.000000 0.013978 0.937391 2.609724 0.001630
 418.000000 0.017261 0.908465 2.566506 0.002009
 419.000000 0.016650 0.897308 2.414718 0.002153
 420.000000 0.012447 0.917326 2.528665 0.001261
 421.000000 0.015751 0.873816 2.279357 0.001846
 422.000000 0.017434 0.874264 2.304691 0.001569
 423.000000 0.014881 0.887940 2.248515 0.002710
 424.000000 0.017357 0.873934 2.243466 0.002311
 425.000000 0.015513 0.891941 2.234073 0.002084
 426.000000 0.012337 0.925733 2.437479 0.001622
 427.000000 0.018037 0.907078 2.434856 0.002525
 428.000000 0.012709 0.952797 2.643046 0.001833
 429.000000 0.010356 0.970797 2.667059 0.001436
 430.000000 0.012095 0.969890 2.750422 0.001728
 431.000000 0.014157 0.956893 2.786950 0.001352
 432.000000 0.014550 0.944547 2.678571 0.001392
 433.000000 0.010602 0.980938 2.833686 0.000884
 434.000000 0.012020 0.957805 2.660322 0.001018
 435.000000 0.009705 0.993154 2.885228 0.000866
 436.000000 0.011747 0.959675 2.779000 0.001557
 437.000000 0.011739 0.967767 2.767443 0.001107
 438.000000 0.012589 0.945243 2.718564 0.001169
 439.000000 0.013363 0.936268 2.766518 0.001174
 440.000000 0.016103 0.953213 2.785662 0.001379
 441.000000 0.022027 0.903942 2.559610 0.001762
 442.000000 0.013957 0.947702 2.651574 0.001295
 443.000000 0.014133 0.947304 2.781780 0.001513
 444.000000 0.012537 0.966604 2.867284 0.001156
 445.000000 0.009488 0.983765 2.867997 0.000795
 446.000000 0.014199 0.945623 2.749018 0.001206
 447.000000 0.012905 0.951039 2.793622 0.001134
 448.000000 0.017603 0.932355 2.732948 0.001621
 449.000000 0.017144 0.921612 2.722210 0.001491
 450.000000 0.014216 0.935138 2.657575 0.001357
 451.000000 0.014817 0.947358 2.748773 0.001512
 452.000000 0.011046 0.983786 2.875473 0.000968
 453.000000 0.015259 0.934331 2.709346 0.001631
 454.000000 0.018542 0.926908 2.729106 0.001775
 455.000000 0.019816 0.893922 2.592750 0.002066
 456.000000 0.013447 0.953927 2.754548 0.001459
 457.000000 0.015839 0.908268 2.560461 0.001435
 458.000000 0.015113 0.901245 2.541507 0.001464
 459.000000 0.014586 0.897565 2.411451 0.001390
 460.000000 0.017377 0.918666 2.662303 0.001956
 461.000000 0.012202 0.962733 2.810213 0.001098
 462.000000 0.017046 0.942534 2.750447 0.001510
 463.000000 0.016235 0.947610 2.762943 0.001472
 464.000000 0.015022 0.957739 2.773517 0.001397
 465.000000 0.012735 0.973465 2.844403 0.001301
 466.000000 0.015173 0.932619 2.690982 0.001597
 467.000000 0.010697 0.956970 2.712970 0.000877
 468.000000 0.015897 0.895223 2.521593 0.001342
 469.000000 0.019884 0.867545 2.362301 0.001377
 470.000000 0.018634 0.875080 2.324750 0.001608
 471.000000 0.023849 0.853088 2.351728 0.001642
 472.000000 0.018797 0.896613 2.520299 0.001374
 473.000000 0.016032 0.894543 2.495485 0.001228
 474.000000 0.015063 0.922478 2.627025 0.001208
 475.000000 0.010660 0.962642 2.757230 0.001113
 476.000000 0.012123 0.914336 2.436869 0.001202
 477.000000 0.013014 0.905533 2.439169 0.001129
 478.000000 0.010384 0.941544 2.582202 0.001109
 479.000000 0.012903 0.938662 2.647679 0.001204
 480.000000 0.015374 0.925435 2.619988 0.001444
 481.000000 0.013763 0.937198 2.713965 0.001115
 482.000000 0.017208 0.928377 2.677853 0.002010
 483.000000 0.010382 0.983930 2.867570 0.001024
 484.000000 0.019108 0.924021 2.656323 0.001815
 485.000000 0.016230 0.933214 2.743588 0.001408
 486.000000 0.012061 0.947663 2.786109 0.001116
 487.000000 0.016522 0.932930 2.704387 0.001593
 488.000000 0.010717 0.975777 2.793424 0.001083
 489.000000 0.013952 0.940322 2.666109 0.001253
 490.000000 0.013441 0.955786 2.804637 0.001307
 491.000000 0.013123 0.974646 2.860322 0.001177
 492.000000 0.018821 0.920663 2.696883 0.001977
 493.000000 0.013516 0.950258 2.732814 0.001562
 494.000000 0.012535 0.950643 2.697201 0.001521
 495.000000 0.015832 0.929234 2.688137 0.001546
 496.000000 0.015625 0.929546 2.677204 0.001428
 497.000000 0.013893 0.939860 2.648219 0.001347
 498.000000 0.011372 0.952819 2.691525 0.001078
 499.000000 0.012145 0.927756 2.595822 0.000926
 500.000000 0.012430 0.911088 2.488251 0.001148
