#! FIELDS time alpha rg e2e hbond
 0.000000 0.134072 0.643085 1.133087 0.014513
 1.000000 0.114412 0.682722 1.511523 0.009711
 2.000000 0.094462 0.666082 1.314794 0.007501
 3.000000 0.100642 0.676997 1.416088 0.007493
 4.000000 0.158130 0.615563 1.144461 0.010815
 5.000000 0.109637 0.613504 1.086605 0.007556
 6.000000 0.133263 0.644909 1.412747 0.013072
 7.000000 0.111010 0.621985 1.244196 0.010253
 8.000000 0.113727 0.609461 1.159940 0.008271
 9.000000 0.085630 0.636914 1.157405 0.006893
 10.000000 0.078290 0.668558 1.458816 0.007774
 11.000000 0.075988 0.662594 1.513568 0.007545
 12.000000 0.087193 0.651741 1.418246 0.006136
 13.000000 0.056461 0.663501 1.476529 0.003008
 14.000000 0.117825 0.629669 1.419018 0.006514
 15.000000 0.102426 0.601744 1.366856 0.005505
 16.000000 0.104031 0.600031 1.256443 0.007671
 17.000000 0.086426 0.633617 1.417653 0.004456
 18.000000 0.079236 0.604394 1.108504 0.008911
 19.000000 0.086262 0.590039 1.237188 0.007868
 20.000000 0.095068 0.571870 1.164497 0.007136
 21.000000 0.086984 0.590373 1.154981 0.006711
 22.000000 0.084850 0.610212 1.213922 0.006703
 23.000000 0.071984 0.634679 1.211005 0.008478
 24.000000 0.074534 0.601652 0.958057 0.007849
 25.000000 0.068213 0.618100 1.063078 0.004713
 26.000000 0.047382 0.660097 1.317599 0.003406
 27.000000 0.045561 0.688604 1.423220 0.003753
 28.000000 0.042675 0.700404 1.450775 0.003123
 29.000000 0.052345 0.684574 1.501596 0.003226
 30.000000 0.039946 0.704809 1.487670 0.003981
 31.000000 0.073778 0.656330 1.446038 0.008545
 32.000000 0.087228 0.616901 1.189240 0.007141
 33.000000 0.080597 0.632413 1.099252 0.005711
 34.000000 0.072509 0.666953 1.243271 0.009479
 35.000000 0.057339 0.740645 1.835526 0.005161
 36.000000 0.046335 0.795713 2.021321 0.004197
 37.000000 0.104784 0.698179 1.539190 0.008703
 38.000000 0.054678 0.670832 1.281500 0.004187
 39.000000 0.062610 0.692951 1.501543 0.005117
 40.000000 0.081146 0.672918 1.296207 0.010462
 41.000000 0.055119 0.723331 1.693200 0.004658
 42.000000 0.037011 0.753376 1.744441 0.003137
 43.000000 0.040471 0.752938 1.803459 0.003349
 44.000000 0.027037 0.795389 2.006626 0.003515
 45.000000 0.020748 0.850298 2.190323 0.002038
 46.000000 0.014171 0.923066 2.533923 0.001770
 47.000000 0.013176 0.915415 2.546405 0.001457
 48.000000 0.014562 0.898589 2.488970 0.001651
 49.000000 0.015059 0.892333 2.449859 0.001492
 50.000000 0.013412 0.934668 2.627007 0.001707
 51.000000 0.023044 0.849368 2.252295 0.001932
 52.000000 0.024108 0.877756 2.492505 0.001952
 53.000000 0.012334 0.935831 2.652437 0.001035
 54.000000 0.028358 0.842847 2.284616 0.003005
 55.000000 0.026217 0.889246 2.558736 0.001893
 56.000000 0.025475 0.878409 2.509070 0.002141
 57.000000 0.016527 0.908554 2.494490 0.001827
 58.000000 0.022774 0.865132 2.384757 0.002150
 59.000000 0.023229 0.883771 2.530640 0.002557
 60.000000 0.027954 0.843035 2.263577 0.002694
 61.000000 0.014292 0.886258 2.360121 0.001248
 62.000000 0.024973 0.859461 2.375972 0.002914
 63.000000 0.027595 0.843336 2.251077 0.003008
 64.000000 0.030232 0.840753 2.293148 0.004062
 65.000000 0.019995 0.907312 2.621867 0.002357
 66.000000 0.014880 0.935902 2.695497 0.001668
 67.000000 0.018604 0.909113 2.607043 0.002301
 68.000000 0.025151 0.880773 2.486959 0.002803
 69.000000 0.016798 0.918506 2.566021 0.002053
 70.000000 0.022250 0.920936 2.693346 0.002891
 71.000000 0.010524 0.988926 2.754460 0.001062
 72.000000 0.009751 0.980175 2.798670 0.000836
 73.000000 0.012465 0.949661 2.711229 0.001477
 74.000000 0.018299 0.916300 2.691749 0.002195
 75.000000 0.015577 0.919107 2.559181 0.002346
 76.000000 0.014114 0.921469 2.566335 0.001590
 77.000000 0.016600 0.882014 2.330587 0.001649
 78.000000 0.010176 0.940884 2.586935 0.001326
 79.000000 0.012265 0.941201 2.552869 0.001618
 80.000000 0.012619 0.950924 2.609238 0.001284
 81.000000 0.020781 0.878948 2.505723 0.003063
 82.000000 0.024852 0.892135 2.585069 0.002238
 83.000000 0.023205 0.882965 2.424241 0.002222
 84.000000 0.027415 0.859082 2.338230 0.003631
 85.000000 0.019819 0.904587 2.539913 0.002699
 86.000000 0.013243 0.934160 2.613504 0.001735
 87.000000 0.019820 0.889001 2.515588 0.002590
 88.000000 0.021143 0.874831 2.379993 0.002938
 89.000000 0.032223 0.847334 2.276608 0.004201
 90.000000 0.020008 0.855733 2.371289 0.002177
 91.000000 0.029382 0.848344 2.287221 0.004496
 92.000000 0.027193 0.844463 2.195396 0.003187
 93.000000 0.029107 0.819535 2.066689 0.006389
 94.000000 0.044482 0.788029 1.781599 0.010209
 95.000000 0.039749 0.807553 1.921237 0.008506
 96.000000 0.039413 0.847796 2.281985 0.004897
 97.000000 0.027325 0.874026 2.346377 0.003309
 98.000000 0.014472 0.925096 2.502036 0.001654
 99.000000 0.011507 0.952707 2.641777 0.001022
 100.000000 0.015989 0.916940 2.616238 0.001501
 101.000000 0.014682 0.926971 2.661949 0.001541
 102.000000 0.012549 0.923933 2.576343 0.001120
 103.000000 0.018052 0.894310 2.516011 0.001591
 104.000000 0.010610 0.958926 2.642268 0.000846
 105.000000 0.009719 0.938265 2.492269 0.000789
 106.000000 0.016502 0.867764 2.226054 0.001404
 107.000000 0.013633 0.918872 2.525959 0.001231
 108.000000 0.012029 0.913899 2.466159 0.001189
 109.000000 0.012545 0.917590 2.510334 0.001178
 110.000000 0.013391 0.895356 2.406754 0.001233
 111.000000 0.009809 0.960888 2.759650 0.000848
 112.000000 0.017854 0.918516 2.652026 0.002151
 113.000000 0.025354 0.879927 2.621345 0.003215
 114.000000 0.017044 0.928284 2.646674 0.002108
 115.000000 0.018051 0.919812 2.613448 0.001672
 116.000000 0.020161 0.901767 2.554620 0.002287
 117.000000 0.019002 0.918512 2.663532 0.001884
 118.000000 0.014534 0.949407 2.779590 0.001562
 119.000000 0.020587 0.904466 2.571312 0.002606
 120.000000 0.012415 0.946041 2.703876 0.001443
 121.000000 0.014573 0.954293 2.740015 0.001734
 122.000000 0.024940 0.884454 2.554756 0.003156
 123.000000 0.011021 0.976231 2.849995 0.001318
 124.000000 0.012814 0.953724 2.736128 0.001313
 125.000000 0.016608 0.917615 2.695040 0.001990
 126.000000 0.016005 0.932230 2.755169 0.001717
 127.000000 0.016860 0.929493 2.714351 0.002327
 128.000000 0.013198 0.955850 2.751248 0.001504
 129.000000 0.015192 0.928917 2.510871 0.001124
 130.000000 0.025341 0.862421 2.356590 0.002656
 131.000000 0.018425 0.903477 2.485107 0.001873
 132.000000 0.015115 0.929505 2.679418 0.001735
 133.000000 0.015550 0.907709 2.576602 0.001966
 134.000000 0.017882 0.889411 2.419289 0.002316
 135.000000 0.018729 0.878131 2.379901 0.002090
 136.000000 0.020805 0.848637 2.214371 0.002329
 137.000000 0.015071 0.925090 2.652753 0.001693
 138.000000 0.018658 0.888220 2.473413 0.002068
 139.000000 0.013332 0.915784 2.480200 0.001441
 140.000000 0.012531 0.951121 2.683822 0.001427
 141.000000 0.018988 0.921465 2.702167 0.001997
 142.000000 0.017540 0.912026 2.662788 0.002483
 143.000000 0.019473 0.917693 2.700090 0.002887
 144.000000 0.024997 0.860417 2.365405 0.003796
 145.000000 0.023239 0.853373 2.249457 0.003622
 146.000000 0.022848 0.879881 2.473591 0.003270
 147.000000 0.018902 0.901418 2.493365 0.002636
 148.000000 0.025949 0.853435 2.345975 0.003375
 149.000000 0.023244 0.887307 2.574711 0.002709
 150.000000 0.016534 0.911903 2.655672 0.001972
 151.000000 0.020938 0.876438 2.428949 0.002858
 152.000000 0.026719 0.862633 2.265861 0.004897
 153.000000 0.045071 0.822342 2.052629 0.008131
 154.000000 0.056728 0.774307 1.839977 0.008091
 155.000000 0.055791 0.748585 1.815319 0.007684
 156.000000 0.034359 0.809598 2.088868 0.004852
 157.000000 0.029190 0.823567 2.128838 0.004788
 158.000000 0.044470 0.829131 2.112137 0.006296
 159.000000 0.029090 0.829116 1.935740 0.003476
 160.000000 0.087749 0.750736 1.814348 0.022904
 161.000000 0.093234 0.727503 1.479229 0.040169
 162.000000 0.080460 0.713105 1.522006 0.015237
 163.000000 0.046664 0.797928 1.940628 0.008691
 164.000000 0.035943 0.782749 1.847847 0.007668
 165.000000 0.027120 0.782236 1.939293 0.004343
 166.000000 0.036829 0.799033 1.987818 0.005310
 167.000000 0.040532 0.762418 1.811800 0.005537
 168.000000 0.035443 0.763522 1.766648 0.006701
 169.000000 0.018506 0.847440 2.039479 0.002402
 170.000000 0.026791 0.857113 2.440581 0.004578
 171.000000 0.021373 0.896881 2.497949 0.003631
 172.000000 0.012729 0.962448 2.777846 0.001203
 173.000000 0.021432 0.892310 2.596402 0.002868
 174.000000 0.023018 0.869132 2.463618 0.003388
 175.000000 0.021123 0.876761 2.506974 0.003496
 176.000000 0.017690 0.891780 2.593060 0.002539
 177.000000 0.017762 0.911419 2.670815 0.002203
 178.000000 0.016657 0.914388 2.746310 0.002294
 179.000000 0.018406 0.911006 2.659974 0.002557
 180.000000 0.017472 0.910188 2.627313 0.002367
 181.000000 0.017848 0.912163 2.677190 0.001948
 182.000000 0.016706 0.932425 2.726297 0.002126
 183.000000 0.021835 0.892883 2.507435 0.002662
 184.000000 0.012661 0.949930 2.739018 0.001216
 185.000000 0.013003 0.958391 2.770252 0.001161
 186.000000 0.010778 0.951183 2.679621 0.001157
 187.000000 0.012010 0.929596 2.669509 0.001156
 188.000000 0.012441 0.955520 2.769013 0.001297
 189.000000 0.012006 0.947319 2.731096 0.001175
 190.000000 0.015198 0.909069 2.582561 0.001738
 191.000000 0.015681 0.911142 2.592748 0.001918
 192.000000 0.012035 0.965805 2.797601 0.001275
 193.000000 0.014942 0.954820 2.743075 0.001508
 194.000000 0.011663 0.957780 2.744427 0.001085
 195.000000 0.013510 0.967154 2.839938 0.001249
 196.000000 0.013246 0.954622 2.811080 0.001295
 197.000000 0.012347 0.962902 2.760974 0.001207
 198.000000 0.019177 0.930467 2.669240 0.001970
 199.000000 0.012596 0.950457 2.709574 0.001165
 200.000000 0.017937 0.924462 2.683681 0.001748
 201.000000 0.013402 0.955822 2.789323 0.001292
 202.000000 0.013238 0.948358 2.795557 0.001353
 203.000000 0.013952 0.940677 2.744900 0.001382
 204.000000 0.015209 0.944688 2.666142 0.001321
 205.000000 0.012441 0.958686 2.803394 0.001331
 206.000000 0.015394 0.951157 2.814444 0.001593
 207.000000 0.013520 0.935098 2.669914 0.001191
 208.000000 0.010525 0.955448 2.720320 0.001012
 209.000000 0.008626 0.956029 2.506973 0.000680
 210.000000 0.010156 0.987579 2.714413 0.000933
 211.000000 0.013858 0.912372 2.453764 0.001489
 212.000000 0.013714 0.909420 2.416786 0.001646
 213.000000 0.020977 0.879859 2.337327 0.003115
 214.000000 0.024427 0.888337 2.563478 0.003258
 215.000000 0.030826 0.842762 2.430127 0.003089
 216.000000 0.023247 0.873085 2.512398 0.002000
 217.000000 0.020806 0.884309 2.518612 0.002045
 218.000000 0.022244 0.887543 2.424812 0.002057
 219.000000 0.022873 0.885502 2.532211 0.003279
 220.000000 0.010636 0.969403 2.815416 0.001524
 221.000000 0.006349 1.037939 3.011796 0.000672
 222.000000 0.010684 0.958671 2.757736 0.001200
 223.000000 0.007631 1.003917 2.901079 0.000771
 224.000000 0.008474 0.981891 2.823471 0.000817
 225.000000 0.008928 0.989671 2.813230 0.001060
 226.000000 0.009606 0.993224 2.903069 0.000915
 227.000000 0.012361 0.981837 2.850630 0.001184
 228.000000 0.007659 1.003883 2.899761 0.000728
 229.000000 0.009512 0.976824 2.807803 0.001367
 230.000000 0.008755 0.988851 2.906920 0.000847
 231.000000 0.008707 0.967913 2.813477 0.000821
 232.000000 0.008388 0.977773 2.799510 0.000844
 233.000000 0.009976 0.975074 2.795856 0.001004
 234.000000 0.011439 0.971405 2.809317 0.001159
 235.000000 0.013150 0.955183 2.758491 0.001218
 236.000000 0.015647 0.899140 2.520563 0.001305
 237.000000 0.014311 0.925053 2.592416 0.001289
 238.000000 0.013605 0.927062 2.575704 0.001154
 239.000000 0.015498 0.890282 2.395898 0.001309
 240.000000 0.015557 0.890421 2.373230 0.001501
 241.000000 0.021600 0.853684 2.368518 0.001548
 242.000000 0.014881 0.930119 2.628465 0.001284
 243.000000 0.010990 0.940311 2.579951 0.000931
 244.000000 0.016038 0.920335 2.620500 0.001735
 245.000000 0.011518 0.919458 2.469194 0.000958
 246.000000 0.016941 0.914943 2.531740 0.001807
 247.000000 0.010524 0.948348 2.658256 0.001020
 248.000000 0.012922 0.901827 2.422472 0.001037
 249.000000 0.012168 0.893098 2.307992 0.000950
 250.000000 0.014061 0.924843 2.597154 0.001234
 251.000000 0.016366 0.900155 2.510007 0.001529
 252.000000 0.011350 0.948890 2.670319 0.001180
 253.000000 0.008041 0.984376 2.799360 0.000621
 254.000000 0.012982 0.956698 2.750797 0.001235
 255.000000 0.013561 0.951674 2.755328 0.001472
 256.000000 0.012879 0.941638 2.653124 0.001013
 257.000000 0.010960 0.961611 2.759606 0.001009
 258.000000 0.012879 0.956443 2.783599 0.001135
 259.000000 0.011175 0.966379 2.761225 0.001203
 260.000000 0.010552 0.949305 2.671209 0.001125
 261.000000 0.011520 0.929535 2.593175 0.001022
 262.000000 0.011677 0.946967 2.729723 0.001127
 263.000000 0.016835 0.920070 2.628931 0.002125
 264.000000 0.011592 0.962658 2.776299 0.001351
 265.000000 0.010120 0.976774 2.828871 0.001052
 266.000000 0.013459 0.941190 2.721115 0.001397
 267.000000 0.011813 0.947176 2.640522 0.001043
 268.000000 0.016276 0.897365 2.476993 0.001459
 269.000000 0.012319 0.938189 2.711445 0.001130
 270.000000 0.012677 0.964651 2.818836 0.001289
 271.000000 0.013121 0.946603 2.711001 0.001277
 272.000000 0.012211 0.961471 2.808885 0.001224
 273.000000 0.012160 0.954993 2.722498 0.001240
 274.000000 0.015053 0.939453 2.651327 0.001390
 275.000000 0.015672 0.935327 2.717434 0.001806
 276.000000 0.014021 0.931974 2.633670 0.001492
 277.000000 0.016043 0.933135 2.680737 0.001648
 278.000000 0.010849 0.979877 2.838015 0.000988
 279.000000 0.013186 0.950483 2.757446 0.001328
 280.000000 0.017702 0.907894 2.601091 0.001520
 281.000000 0.014768 0.933489 2.713393 0.001440
 282.000000 0.011124 0.958764 2.760033 0.001134
 283.000000 0.012951 0.945181 2.759194 0.001369
 284.000000 0.014071 0.940321 2.730672 0.001543
 285.000000 0.013533 0.951261 2.746282 0.001127
 286.000000 0.010850 0.959964 2.717924 0.001073
 287.000000 0.015939 0.906300 2.582954 0.001496
 288.000000 0.021325 0.893127 2.543174 0.002294
 289.000000 0.013243 0.922983 2.593818 0.001092
 290.000000 0.016427 0.910432 2.510811 0.001458
 291.000000 0.015086 0.928144 2.629426 0.001342
 292.000000 0.016344 0.921197 2.623440 0.001469
 293.000000 0.015765 0.922097 2.685203 0.001484
 294.000000 0.014601 0.917340 2.634559 0.001526
 295.000000 0.015365 0.924786 2.647489 0.001598
 296.000000 0.013095 0.953202 2.722261 0.001324
 297.000000 0.017594 0.927735 2.669369 0.001911
 298.000000 0.018274 0.897380 2.549198 0.001568
 299.000000 0.016478 0.921371 2.640674 0.001608
 300.000000 0.012644 0.948983 2.747492 0.001152
 301.000000 0.012959 0.947502 2.778248 0.001240
 302.000000 0.011384 0.965928 2.802909 0.001340
 303.000000 0.014394 0.944519 2.727212 0.001424
 304.000000 0.013350 0.957960 2.797012 0.001306
 305.000000 0.015027 0.955313 2.779620 0.001694
 306.000000 0.017709 0.918606 2.647136 0.001582
 307.000000 0.015019 0.923371 2.608920 0.001573
 308.000000 0.016884 0.904281 2.580784 0.001488
 309.000000 0.012167 0.968587 2.820858 0.001187
 310.000000 0.017477 0.887930 2.403223 0.001604
 311.000000 0.015725 0.929716 2.600154 0.001622
 312.000000 0.010941 0.956210 2.728555 0.001016
 313.000000 0.015594 0.941215 2.713008 0.001685
 314.000000 0.012505 0.959910 2.779080 0.001263
 315.000000 0.015462 0.937271 2.750349 0.001626
 316.000000 0.013903 0.942966 2.722345 0.001308
 317.000000 0.013271 0.949516 2.755646 0.001612
 318.000000 0.016327 0.923543 2.688388 0.001407
 319.000000 0.015954 0.916556 2.660683 0.001343
 320.000000 0.016590 0.903847 2.552847 0.001792
 321.000000 0.014088 0.908815 2.569951 0.001285
 322.000000 0.014127 0.906920 2.515690 0.001319
 323.000000 0.015909 0.897730 2.463827 0.001434
 324.000000 0.015727 0.904315 2.559486 0.001545
 325.000000 0.015594 0.880527 2.392337 0.001260
 326.000000 0.011027 0.926504 2.552997 0.001027
 327.000000 0.012933 0.932801 2.649476 0.001171
 328.000000 0.012645 0.940414 2.700063 0.001315
 329.000000 0.011627 0.959572 2.765339 0.001047
 330.000000 0.015139 0.945295 2.760073 0.001612
 331.000000 0.015687 0.952931 2.779776 0.001696
 332.000000 0.015961 0.935398 2.720485 0.001784
 333.000000 0.011360 0.954075 2.688515 0.000935
 334.000000 0.014482 0.960931 2.766060 0.001520
 335.000000 0.012988 0.963413 2.803908 0.001258
 336.000000 0.014108 0.954855 2.793451 0.001245
 337.000000 0.010781 0.987289 2.825965 0.000915
 338.000000 0.010307 0.989935 2.891033 0.000953
 339.000000 0.011126 0.956129 2.766093 0.000935
 340.000000 0.010636 0.976787 2.884184 0.001128
 341.000000 0.013567 0.948275 2.808294 0.001221
 342.000000 0.010369 0.974236 2.757572 0.000944
 343.000000 0.009308 0.986198 2.800763 0.000884
 344.000000 0.011887 0.956194 2.705637 0.001049
 345.000000 0.013932 0.939916 2.640911 0.001201
 346.000000 0.013435 0.953884 2.632272 0.001104
 347.000000 0.016498 0.903633 2.438523 0.001484
 348.000000 0.009804 0.975265 2.741500 0.000960
 349.000000 0.012818 0.951279 2.715839 0.001188
 350.000000 0.017911 0.897077 2.349077 0.001630
 351.000000 0.015157 0.913543 2.420836 0.001225
 352.000000 0.012343 0.931439 2.556524 0.001018
 353.000000 0.012455 0.949447 2.775417 0.001169
 354.000000 0.012607 0.940210 2.662436 0.001302
 355.000000 0.014632 0.926409 2.636513 0.001656
 356.000000 0.012618 0.951739 2.737679 0.001105
 357.000000 0.012182 0.964339 2.848305 0.001059
 358.000000 0.013467 0.963203 2.755730 0.001161
 359.000000 0.015225 0.952729 2.806233 0.001399
 360.000000 0.014054 0.945651 2.751179 0.001431
 361.000000 0.012486 0.950066 2.782337 0.001258
 362.000000 0.013013 0.959512 2.713514 0.001406
 363.000000 0.013905 0.937402 2.599459 0.001243
 364.000000 0.014076 0.944493 2.741251 0.001556
 365.000000 0.009983 0.974725 2.722261 0.001108
 366.000000 0.012260 0.959628 2.737786 0.001222
 367.000000 0.009706 0.984129 2.839965 0.000964
 368.000000 0.011098 0.966246 2.731880 0.001396
 369.000000 0.010298 0.987132 2.855898 0.000916
 370.000000 0.015043 0.938047 2.666258 0.001587
 371.000000 0.009028 0.982862 2.813657 0.000786
 372.000000 0.009227 0.977089 2.863762 0.000804
 373.000000 0.014843 0.930285 2.728663 0.001619
 374.000000 0.011690 0.948384 2.722372 0.001239
 375.000000 0.010447 0.952037 2.659851 0.000974
 376.000000 0.010345 0.971609 2.729451 0.001114
 377.000000 0.011622 0.948345 2.641205 0.001140
 378.000000 0.010135 0.971326 2.774569 0.001007
 379.000000 0.017665 0.913390 2.623271 0.002406
 380.000000 0.012406 0.937283 2.638288 0.001161
 381.000000 0.011936 0.964978 2.823973 0.001191
 382.000000 0.015930 0.946381 2.762151 0.001616
 383.000000 0.012691 0.962047 2.778271 0.001178
 384.000000 0.013999 0.930089 2.690595 0.001430
 385.000000 0.011583 0.953631 2.719052 0.001082
 386.000000 0.012715 0.946028 2.643961 0.001023
 387.000000 0.010865 0.984317 2.792979 0.001042
 388.000000 0.010606 0.978683 2.782439 0.000929
 389.000000 0.015001 0.950326 2.785535 0.001724
 390.000000 0.009897 0.991205 2.849336 0.000985
 391.000000 0.013697 0.933977 2.655119 0.001108
 392.000000 0.018160 0.933466 2.699908 0.001673
 393.000000 0.013869 0.942844 2.698651 0.001320
 394.000000 0.013923 0.943613 2.712751 0.001628
 395.000000 0.011554 0.961388 2.789161 0.001353
 396.000000 0.015212 0.953877 2.759800 0.001430
 397.000000 0.014869 0.959181 2.770962 0.001352
 398.000000 0.011456 0.970198 2.782267 0.000960
 399.000000 0.009002 1.003115 2.913482 0.000861
 400.000000 0.010268 0.992287 2.839504 0.000975
 401.000000 0.012994 0.965261 2.830690 0.001169
 402.000000 0.015829 0.919433 2.642209 0.002316
 403.000000 0.019868 0.898551 2.571056 0.002119
 404.000000 0.019671 0.879849 2.450965 0.001769
 405.000000 0.013393 0.914973 2.468053 0.002262
 406.000000 0.011683 0.953326 2.738147 0.001590
 407.000000 0.017809 0.889520 2.518149 0.001936
 408.000000 0.016681 0.886148 2.384790 0.001319
 409.000000 0.024160 0.859094 2.421047 0.003150
 410.000000 0.021233 0.864699 2.396025 0.001499
 411.000000 0.017311 0.904251 2.614715 0.002001
 412.000000 0.020176 0.925022 2.649532 0.002984
 413.000000 0.017450 0.935940 2.695165 0.001759
 414.000000 0.016599 0.939281 2.683434 0.001816
 415.000000 0.010486 0.975736 2.830121 0.001229
 416.000000 0.014644 0.936553 2.721236 0.001597
 417.000000 0.021185 0.886319 2.542132 0.002262
 418.000000 0.025222 0.870395 2.509404 0.003197
 419.000000 0.018234 0.889458 2.452156 0.001757
 420.000000 0.014175 0.918552 2.533297 0.001258
 421.000000 0.013904 0.937475 2.712181 0.001357
 422.000000 0.020893 0.880603 2.501162 0.003833
 423.000000 0.018016 0.872942 2.375085 0.001484
 424.000000 0.016800 0.913395 2.627404 0.001165
 425.000000 0.011456 0.941447 2.697247 0.001001
 426.000000 0.019103 0.889458 2.468603 0.001902
 427.000000 0.015562 0.909929 2.521169 0.001550
 428.000000 0.012875 0.938398 2.612539 0.001358
 429.000000 0.013869 0.931050 2.612564 0.001266
 430.000000 0.016817 0.874557 2.300238 0.001281
 431.000000 0.013419 0.883707 2.316925 0.001022
 432.000000 0.018779 0.885878 2.503683 0.001632
 433.000000 0.019009 0.886261 2.449164 0.001771
 434.000000 0.019269 0.890875 2.445492 0.001658
 435.000000 0.017060 0.890289 2.459232 0.001357
 436.000000 0.012516 0.929000 2.479952 0.001165
 437.000000 0.020197 0.902916 2.591471 0.001990
 438.000000 0.018081 0.895960 2.489061 0.002070
 439.000000 0.022329 0.873246 2.458230 0.002161
 440.000000 0.014954 0.928366 2.661464 0.001570
 441.000000 0.016161 0.933217 2.729458 0.001624
 442.000000 0.015693 0.908425 2.493794 0.001385
 443.000000 0.013720 0.906971 2.509752 0.001165
 444.000000 0.029020 0.858790 2.429717 0.003108
 445.000000 0.025776 0.863920 2.460775 0.003127
 446.000000 0.034159 0.849528 2.390959 0.003038
 447.000000 0.036375 0.854246 2.510003 0.003158
 448.000000 0.014164 0.934828 2.667473 0.001390
 449.000000 0.020692 0.880744 2.431270 0.002862
 450.000000 0.043637 0.835113 2.388425 0.005555
 451.000000 0.028843 0.836498 2.430840 0.002028
 452.000000 0.047946 0.827261 2.297196 0.004137
 453.000000 0.060996 0.761087 1.972399 0.006400
 454.000000 0.074472 0.758923 1.964264 0.008931
 455.000000 0.050458 0.791287 2.013530 0.004606
 456.000000 0.169906 0.671574 1.759097 0.081410
 457.000000 0.128291 0.706299 1.789268 0.022863
 458.000000 0.044628 0.776992 1.991123 0.003025
 459.000000 0.024119 0.854972 2.263325 0.002504
 460.000000 0.015399 0.860893 2.249487 0.001734
 461.000000 0.024193 0.850098 2.085778 0.003863
 462.000000 0.052407 0.823970 2.087894 0.013654
 463.000000 0.059212 0.796861 2.044987 0.014221
 464.000000 0.069293 0.755004 1.907003 0.016264
 465.000000 0.066846 0.793396 1.967458 0.011623
 466.000000 0.050751 0.811028 2.140121 0.006431
 467.000000 0.021539 0.860662 2.227281 0.003016
 468.000000 0.039768 0.821968 2.116169 0.006360
 469.000000 0.045688 0.758151 1.882996 0.002765
 470.000000 0.061792 0.757156 1.914219 0.007804
 471.000000 0.052661 0.791594 1.985028 0.006327
 472.000000 0.045342 0.805232 2.142922 0.005784
 473.000000 0.037272 0.819817 2.134172 0.005235
 474.000000 0.040751 0.814167 2.240743 0.004815
 475.000000 0.025420 0.875567 2.387473 0.004131
 476.000000 0.020993 0.880476 2.385126 0.002236
 477.000000 0.048894 0.805710 2.156646 0.008202
 478.000000 0.042743 0.845336 2.320700 0.009126
 479.000000 0.025949 0.844498 2.224629 0.002201
 480.000000 0.025328 0.837608 2.272120 0.002319
 481.000000 0.032411 0.814509 2.139008 0.002781
 482.000000 0.033304 0.834643 2.250471 0.003375
 483.000000 0.029315 0.820948 2.211213 0.003470
 484.000000 0.024633 0.843349 2.242900 0.002737
 485.000000 0.037465 0.863084 2.435815 0.005196
 486.000000 0.032833 0.844365 2.200451 0.003489
 487.000000 0.047105 0.808632 2.189034 0.004993
 488.000000 0.049076 0.775144 2.038448 0.005618
 489.000000 0.072729 0.747080 1.737502 0.009515
 490.000000 0.059993 0.767429 1.758340 0.008367
 491.000000 0.062045 0.748683 1.697304 0.013307
 492.000000 0.071693 0.725198 1.658372 0.012338
 493.000000 0.032465 0.741165 1.679742 0.001848
 494.000000 0.073575 0.778919 1.891246 0.017645
 495.000000 0.041577 0.811511 1.968304 0.006933
 496.000000 0.051897 0.791250 1.922102 0.009934
 497.000000 0.024023 0.826689 1.903862 0.002657
 498.000000 0.020677 0.834826 1.989780 0.002482
 499.000000 0.024749 0.881425 2.279617 0.003089
 500.000000 0.015385 0.903702 2.399996 0.001387
