#! FIELDS time alpha rg e2e hbond
 0.000000 0.169696 0.768620 1.897575 0.233056
 1.000000 0.168925 0.817303 2.131831 0.172388
 2.000000 0.207911 0.755804 1.867783 0.638305
 3.000000 0.210763 0.764813 1.836170 0.860928
 4.000000 0.135792 0.742514 1.817312 0.323650
 5.000000 0.144389 0.716251 1.754631 0.869200
 6.000000 0.198343 0.714494 1.676781 0.716773
 7.000000 0.193788 0.725212 1.778977 0.518873
 8.000000 0.252225 0.727708 1.839418 0.826927
 9.000000 0.144045 0.695756 1.701660 0.804473
 10.000000 0.126275 0.735204 1.805627 0.407549
 11.000000 0.206012 0.764819 1.985568 0.119660
 12.000000 0.093375 0.776879 2.054802 0.027923
 13.000000 0.069025 0.818537 2.267624 0.030186
 14.000000 0.199283 0.798904 2.098636 0.385356
 15.000000 0.190158 0.763710 1.964513 0.824213
 16.000000 0.258892 0.754220 1.888404 0.237480
 17.000000 0.198647 0.763925 1.840059 0.878462
 18.000000 0.216437 0.778876 1.966472 0.140904
 19.000000 0.151404 0.775117 1.891394 0.567959
 20.000000 0.098239 0.782577 1.801980 0.573920
 21.000000 0.160288 0.766412 1.773751 0.293972
 22.000000 0.124138 0.768232 1.823713 0.537765
 23.000000 0.141098 0.746365 1.706606 0.136080
 24.000000 0.179655 0.734941 1.587815 0.067948
 25.000000 0.147383 0.767195 1.816283 0.232825
 26.000000 0.170107 0.785222 1.992334 0.147482
 27.000000 0.185112 0.794303 1.980094 0.613517
 28.000000 0.216051 0.778039 1.965307 0.591910
 29.000000 0.173889 0.746914 1.688067 0.593419
 30.000000 0.152510 0.743214 1.554974 0.863714
 31.000000 0.129651 0.724905 1.374378 0.838528
 32.000000 0.212200 0.746279 1.623004 0.317966
 33.000000 0.122328 0.725533 1.383160 0.714402
 34.000000 0.164130 0.738956 1.435768 0.340941
 35.000000 0.151766 0.791106 1.772192 0.326265
 36.000000 0.139516 0.722678 1.618031 0.877428
 37.000000 0.160142 0.746734 1.699589 0.896534
 38.000000 0.189118 0.754545 1.800360 0.067660
 39.000000 0.225060 0.768031 1.868391 0.101103
 40.000000 0.229879 0.794766 2.033164 0.333204
 41.000000 0.146682 0.797404 2.184071 0.096259
 42.000000 0.103044 0.804139 2.084084 0.041807
 43.000000 0.171145 0.774729 1.923644 0.277082
 44.000000 0.189365 0.773144 1.858539 0.220184
 45.000000 0.210950 0.769140 1.896670 0.364348
 46.000000 0.105363 0.755166 1.688780 0.053646
 47.000000 0.106361 0.731098 1.451687 0.100084
 48.000000 0.210862 0.729401 1.459362 0.379855
 49.000000 0.219150 0.727806 1.463396 0.692940
 50.000000 0.216402 0.722589 1.537124 0.472466
 51.000000 0.209224 0.748912 1.684413 0.129869
 52.000000 0.189085 0.742556 1.694326 0.841187
 53.000000 0.158095 0.796244 1.917040 0.872285
 54.000000 0.187393 0.757645 1.849015 0.484972
 55.000000 0.169468 0.724835 1.628642 0.662128
 56.000000 0.277058 0.775861 1.979443 0.199854
 57.000000 0.167501 0.736148 1.511334 0.285563
 58.000000 0.190858 0.764052 1.775063 0.777657
 59.000000 0.182960 0.777860 1.792903 0.415633
 60.000000 0.222669 0.743575 1.732669 0.274230
 61.000000 0.117696 0.756313 1.689045 0.404546
 62.000000 0.164942 0.714272 1.455274 0.415380
 63.000000 0.164041 0.724402 1.659591 0.779359
 64.000000 0.180653 0.732439 1.589553 0.592697
 65.000000 0.201819 0.753602 1.711937 0.613412
 66.000000 0.178735 0.756543 1.731820 0.462244
 67.000000 0.152189 0.722404 1.536540 0.922341
 68.000000 0.137667 0.759021 1.599037 0.857245
 69.000000 0.179197 0.727154 1.473692 0.767731
 70.000000 0.165383 0.734625 1.581055 0.487040
 71.000000 0.183532 0.759727 1.727874 0.649828
 72.000000 0.150188 0.750401 1.639857 0.150969
 73.000000 0.141752 0.761291 1.663941 0.384517
 74.000000 0.160192 0.793239 1.978954 0.097116
 75.000000 0.234135 0.796168 1.982062 0.192224
 76.000000 0.195138 0.785924 1.970797 0.076739
 77.000000 0.140057 0.796693 1.899155 0.590664
 78.000000 0.121578 0.782734 1.992871 0.136459
 79.000000 0.043533 0.836321 2.331426 0.014771
 80.000000 0.054023 0.829530 2.253988 0.020051
 81.000000 0.049259 0.786917 1.991831 0.011824
 82.000000 0.061415 0.761812 1.883351 0.029873
 83.000000 0.072786 0.756299 1.900891 0.034514
 84.000000 0.136327 0.717140 1.635904 0.796640
 85.000000 0.127785 0.760355 1.677876 0.864992
 86.000000 0.105121 0.757518 1.658131 0.376098
 87.000000 0.066026 0.713099 1.445485 0.052063
 88.000000 0.108204 0.683630 1.353611 0.217287
 89.000000 0.166231 0.703204 1.524183 0.536133
 90.000000 0.196687 0.695727 1.310576 0.680347
 91.000000 0.112406 0.737589 1.475204 0.169011
 92.000000 0.060731 0.779571 1.616379 0.025774
 93.000000 0.139224 0.680043 1.361686 0.462116
 94.000000 0.153868 0.750013 1.868051 0.064710
 95.000000 0.170066 0.727444 1.765670 0.209792
 96.000000 0.127643 0.762942 1.688756 0.113817
 97.000000 0.130702 0.763416 1.819795 0.266333
 98.000000 0.196138 0.742107 1.887788 0.102602
 99.000000 0.102344 0.810605 2.144359 0.082087
 100.000000 0.036964 0.872152 2.459835 0.004881
 101.000000 0.026364 0.861627 2.186960 0.002464
 102.000000 0.023048 0.917047 2.594653 0.003942
 103.000000 0.015341 0.903978 2.489434 0.001997
 104.000000 0.019716 0.909288 2.625375 0.001872
 105.000000 0.022405 0.914920 2.599672 0.003151
 106.000000 0.026549 0.854477 2.220978 0.002894
 107.000000 0.016998 0.871161 2.191644 0.001839
 108.000000 0.027411 0.817628 1.941500 0.003495
 109.000000 0.017506 0.840659 1.929480 0.001912
 110.000000 0.015109 0.876856 2.116223 0.001809
 111.000000 0.011188 0.956966 2.632543 0.001118
 112.000000 0.014922 0.907659 2.420429 0.001673
 113.000000 0.013081 0.934947 2.498761 0.001115
 114.000000 0.017185 0.898098 2.525592 0.001923
 115.000000 0.016088 0.910633 2.549746 0.001799
 116.000000 0.017591 0.907009 2.500818 0.001976
 117.000000 0.018236 0.915333 2.660805 0.002638
 118.000000 0.024642 0.881844 2.513149 0.003089
 119.000000 0.023397 0.893239 2.553823 0.002775
 120.000000 0.018035 0.930064 2.707328 0.001570
 121.000000 0.019181 0.915475 2.617039 0.001945
 122.000000 0.014367 0.923270 2.622944 0.001379
 123.000000 0.023942 0.888355 2.571909 0.002780
 124.000000 0.020711 0.902934 2.566540 0.002338
 125.000000 0.036225 0.842220 2.419288 0.003360
 126.000000 0.022186 0.908105 2.645505 0.002205
 127.000000 0.022345 0.857720 2.478268 0.001938
 128.000000 0.028924 0.816229 2.282968 0.002091
 129.000000 0.028326 0.804188 2.075319 0.002925
 130.000000 0.025830 0.817458 2.195367 0.002046
 131.000000 0.026093 0.857943 2.346235 0.001999
 132.000000 0.023434 0.817101 2.173411 0.001540
 133.000000 0.033990 0.799653 2.099236 0.002539
 134.000000 0.034118 0.784705 2.024758 0.003058
 135.000000 0.036716 0.778161 1.884676 0.003335
 136.000000 0.040799 0.787938 2.095715 0.006089
 137.000000 0.030703 0.805725 2.065667 0.003125
 138.000000 0.044124 0.782206 2.051992 0.002563
 139.000000 0.031392 0.852328 2.427081 0.001785
 140.000000 0.019079 0.902106 2.516174 0.001527
 141.000000 0.039306 0.833463 2.316017 0.003427
 142.000000 0.021393 0.878806 2.361459 0.001956
 143.000000 0.020583 0.865324 2.316416 0.002048
 144.000000 0.021243 0.878215 2.443896 0.001832
 145.000000 0.019409 0.851148 2.207686 0.001452
 146.000000 0.034045 0.781589 2.023144 0.002356
 147.000000 0.021095 0.826643 2.195923 0.001905
 148.000000 0.021540 0.829817 2.214982 0.001798
 149.000000 0.030821 0.826704 2.290265 0.003124
 150.000000 0.036226 0.802298 2.188877 0.003831
 151.000000 0.028230 0.834871 2.293676 0.002488
 152.000000 0.032967 0.805560 2.139928 0.003065
 153.000000 0.028151 0.795568 2.078304 0.002294
 154.000000 0.036322 0.814372 2.190727 0.002771
 155.000000 0.039992 0.759417 1.958460 0.002208
 156.000000 0.052673 0.756247 1.889722 0.006709
 157.000000 0.045646 0.758792 1.717488 0.005073
 158.000000 0.057407 0.746856 1.664741 0.006260
 159.000000 0.059392 0.735382 1.842287 0.004975
 160.000000 0.038679 0.751636 1.783917 0.003790
 161.000000 0.056953 0.739222 1.781531 0.012258
 162.000000 0.036229 0.776929 1.949709 0.002603
 163.000000 0.022296 0.828286 2.132774 0.002216
 164.000000 0.023453 0.811757 2.125626 0.001841
 165.000000 0.026635 0.810932 2.151391 0.002045
 166.000000 0.023140 0.827543 2.162387 0.001737
 167.000000 0.026043 0.806967 1.868532 0.002236
 168.000000 0.032754 0.800576 2.045542 0.003493
 169.000000 0.035442 0.754428 1.760831 0.002839
 170.000000 0.042669 0.744169 1.834445 0.004105
 171.000000 0.054780 0.714226 1.525964 0.003991
 172.000000 0.045431 0.749098 1.755205 0.005218
 173.000000 0.021697 0.742207 1.413202 0.001865
 174.000000 0.030201 0.700014 1.325457 0.003665
 175.000000 0.038583 0.762946 1.728388 0.002845
 176.000000 0.019916 0.824349 2.125688 0.001651
 177.000000 0.037635 0.760742 1.814213 0.002490
 178.000000 0.053666 0.703361 1.400570 0.004132
 179.000000 0.042147 0.759947 1.749030 0.005061
 180.000000 0.048963 0.713292 1.387458 0.003521
 181.000000 0.033224 0.730799 1.353455 0.003531
 182.000000 0.028374 0.743248 1.397443 0.003694
 183.000000 0.033226 0.730401 1.542087 0.002645
 184.000000 0.033271 0.732037 1.612000 0.002591
 185.000000 0.063260 0.667939 1.149465 0.004495
 186.000000 0.072164 0.673089 1.355942 0.005109
 187.000000 0.034188 0.761348 1.664712 0.002282
 188.000000 0.060411 0.709218 1.527864 0.003932
 189.000000 0.076921 0.709920 1.679677 0.004374
 190.000000 0.073899 0.719043 1.806970 0.004199
 191.000000 0.070542 0.718920 1.629163 0.007256
 192.000000 0.065880 0.772891 2.023440 0.004314
 193.000000 0.069986 0.749325 1.940918 0.004349
 194.000000 0.072733 0.749264 1.952130 0.003720
 195.000000 0.050679 0.767703 2.003144 0.003041
 196.000000 0.030582 0.875538 2.511060 0.002510
 197.000000 0.066133 0.802746 2.331935 0.004740
 198.000000 0.044943 0.832526 2.398732 0.003284
 199.000000 0.063833 0.792622 2.286961 0.005246
 200.000000 0.065273 0.780826 2.239358 0.003136
 201.000000 0.072322 0.764204 2.044085 0.005317
 202.000000 0.071933 0.744820 2.002162 0.003625
 203.000000 0.045623 0.817284 2.223807 0.003440
 204.000000 0.036963 0.800656 2.142844 0.002684
 205.000000 0.036433 0.811875 2.220845 0.003072
 206.000000 0.029380 0.861447 2.496310 0.002587
 207.000000 0.024757 0.874206 2.433411 0.002251
 208.000000 0.029271 0.869649 2.552845 0.002375
 209.000000 0.046547 0.834256 2.471548 0.003679
 210.000000 0.088819 0.762386 2.097322 0.005693
 211.000000 0.055919 0.759252 2.047117 0.003779
 212.000000 0.062475 0.761628 2.108816 0.003960
 213.000000 0.049942 0.763036 2.097325 0.003527
 214.000000 0.039766 0.795081 2.130070 0.003131
 215.000000 0.048724 0.777295 2.075246 0.003823
 216.000000 0.043389 0.808269 2.238656 0.002514
 217.000000 0.047513 0.804431 2.200566 0.003492
 218.000000 0.047380 0.764896 1.933180 0.004652
 219.000000 0.048443 0.758709 1.826842 0.003126
 220.000000 0.067722 0.683770 1.271279 0.004073
 221.000000 0.058513 0.746827 1.708821 0.004173
 222.000000 0.024615 0.826899 2.125023 0.001975
 223.000000 0.043951 0.794255 2.091498 0.003643
 224.000000 0.035151 0.724864 1.512444 0.002779
 225.000000 0.035011 0.723086 1.468499 0.002993
 226.000000 0.020477 0.782234 1.694102 0.001871
 227.000000 0.039284 0.800178 1.800442 0.004261
 228.000000 0.032060 0.857324 2.244695 0.003199
 229.000000 0.096265 0.783402 1.818673 0.010107
 230.000000 0.100328 0.724274 1.592494 0.012919
 231.000000 0.083941 0.731906 1.651023 0.008676
 232.000000 0.063600 0.743031 1.637667 0.007812
 233.000000 0.050201 0.735331 1.624260 0.006531
 234.000000 0.073590 0.649556 1.191948 0.007960
 235.000000 0.115447 0.649207 1.232077 0.013738
 236.000000 0.065449 0.710509 1.452744 0.007594
 237.000000 0.070964 0.691014 1.282492 0.006505
 238.000000 0.070149 0.678611 1.263121 0.007938
 239.000000 0.065998 0.664777 1.161990 0.006664
 240.000000 0.090976 0.653005 1.345796 0.010309
 241.000000 0.110547 0.669622 1.330313 0.014605
 242.000000 0.148959 0.632601 1.397415 0.016539
 243.000000 0.099256 0.664636 1.344005 0.011089
 244.000000 0.079967 0.693160 1.355569 0.009393
 245.000000 0.088465 0.649209 1.243713 0.009563
 246.000000 0.086909 0.629556 1.145081 0.012075
 247.000000 0.091212 0.671363 1.314149 0.010628
 248.000000 0.107269 0.720425 1.548811 0.011527
 249.000000 0.085250 0.747080 1.577717 0.009026
 250.000000 0.099126 0.711580 1.420506 0.010939
 251.000000 0.085948 0.723040 1.462687 0.009863
 252.000000 0.088131 0.705611 1.387938 0.011684
 253.000000 0.089501 0.718715 1.543575 0.010794
 254.000000 0.055411 0.723815 1.412091 0.003916
 255.000000 0.064665 0.708078 1.388922 0.004561
 256.000000 0.061690 0.681441 1.177058 0.005720
 257.000000 0.065404 0.679053 1.198355 0.006498
 258.000000 0.069887 0.683021 1.162171 0.008754
 259.000000 0.081941 0.706252 1.433616 0.011966
 260.000000 0.092096 0.726624 1.747014 0.008359
 261.000000 0.039738 0.790072 1.976164 0.003661
 262.000000 0.038695 0.822068 1.957198 0.003731
 263.000000 0.071257 0.770556 1.686892 0.005743
 264.000000 0.061193 0.799136 2.005574 0.008010
 265.000000 0.045561 0.803059 2.116785 0.005355
 266.000000 0.033124 0.820003 2.122575 0.002197
 267.000000 0.067510 0.743840 1.652854 0.007701
 268.000000 0.055860 0.765045 1.894673 0.006483
 269.000000 0.041497 0.796601 1.957078 0.007112
 270.000000 0.070752 0.735810 1.760065 0.008144
 271.000000 0.084615 0.728605 1.896948 0.011145
 272.000000 0.088076 0.685151 1.246879 0.012743
 273.000000 0.126437 0.716246 1.574843 0.017587
 274.000000 0.093434 0.734191 1.750804 0.013074
 275.000000 0.097812 0.746578 1.833153 0.009965
 276.000000 0.095619 0.731385 1.648932 0.011337
 277.000000 0.072772 0.695930 1.436736 0.011441
 278.000000 0.061790 0.740578 1.635057 0.010426
 279.000000 0.056840 0.707690 1.463929 0.006938
 280.000000 0.108937 0.709344 1.413344 0.011374
 281.000000 0.112434 0.706073 1.466532 0.014798
 282.000000 0.085502 0.687505 1.287379 0.012041
 283.000000 0.083351 0.704763 1.379593 0.013543
 284.000000 0.083438 0.703751 1.279269 0.009395
 285.000000 0.119935 0.671900 1.104593 0.012100
 286.000000 0.092208 0.651347 1.067627 0.014720
 287.000000 0.079824 0.653888 1.009526 0.036688
 288.000000 0.106463 0.676071 1.161428 0.015063
 289.000000 0.122969 0.657051 1.030046 0.015443
 290.000000 0.141037 0.650544 1.122873 0.021000
 291.000000 0.103547 0.704992 1.280877 0.020968
 292.000000 0.096927 0.714191 1.516760 0.020279
 293.000000 0.091327 0.714507 1.697570 0.012376
 294.000000 0.061639 0.701001 1.493785 0.005946
 295.000000 0.053292 0.754710 1.825971 0.003490
 296.000000 0.069160 0.714484 1.712487 0.005638
 297.000000 0.066150 0.703979 1.467043 0.007263
 298.000000 0.056439 0.670778 1.110868 0.006479
 299.000000 0.068547 0.690113 1.249333 0.004570
 300.000000 0.073213 0.661746 1.140182 0.008854
 301.000000 0.049762 0.721723 1.486191 0.003153
 302.000000 0.052112 0.708356 1.513376 0.005630
 303.000000 0.063379 0.734542 1.662184 0.008197
 304.000000 0.079935 0.772214 1.983689 0.008862
 305.000000 0.078681 0.770444 1.990510 0.011700
 306.000000 0.045740 0.780959 2.010788 0.006825
 307.000000 0.052428 0.781637 1.900070 0.004128
 308.000000 0.052619 0.826368 2.365971 0.006165
 309.000000 0.067230 0.800876 2.178702 0.009950
 310.000000 0.085064 0.779213 2.087879 0.012764
 311.000000 0.098891 0.801047 2.192804 0.014868
 312.000000 0.067924 0.794928 2.075656 0.009771
 313.000000 0.072977 0.805283 2.180818 0.010854
 314.000000 0.078880 0.808828 2.085990 0.009960
 315.000000 0.057586 0.799552 2.057760 0.010029
 316.000000 0.087089 0.775741 1.918875 0.011188
 317.000000 0.090808 0.737925 1.610531 0.010922
 318.000000 0.101578 0.729951 1.706474 0.012592
 319.000000 0.133422 0.714250 1.613407 0.014754
 320.000000 0.068151 0.771886 1.949622 0.008270
 321.000000 0.058138 0.794063 2.049534 0.008992
 322.000000 0.086534 0.729095 1.976138 0.012557
 323.000000 0.107336 0.697164 1.787022 0.015244
 324.000000 0.094246 0.733840 1.948655 0.011378
 325.000000 0.094859 0.708719 1.847918 0.011544
 326.000000 0.107644 0.685465 1.499130 0.013949
 327.000000 0.073256 0.741043 1.820512 0.007501
 328.000000 0.132147 0.653829 1.447330 0.013706
 329.000000 0.099866 0.710582 1.754459 0.015128
 330.000000 0.115468 0.703079 1.802410 0.014893
 331.000000 0.109608 0.660012 1.409799 0.011831
 332.000000 0.100955 0.679199 1.461211 0.009576
 333.000000 0.136959 0.630099 1.282110 0.021320
 334.000000 0.127405 0.614335 1.151379 0.019479
 335.000000 0.095235 0.653022 1.446562 0.012099
 336.000000 0.139143 0.654485 1.496752 0.026624
 337.000000 0.108910 0.635608 1.440933 0.012650
 338.000000 0.108938 0.629455 1.472176 0.012982
 339.000000 0.115744 0.651315 1.464828 0.012234
 340.000000 0.100087 0.647818 1.453025 0.016640
 341.000000 0.107944 0.621123 1.197963 0.017548
 342.000000 0.097729 0.612604 1.053663 0.022175
 343.000000 0.064342 0.664497 1.273171 0.007818
 344.000000 0.070081 0.692807 1.307826 0.006547
 345.000000 0.039431 0.743577 1.552876 0.003288
 346.000000 0.053741 0.725185 1.591632 0.004306
 347.000000 0.071642 0.750310 1.640042 0.005406
 348.000000 0.050110 0.755124 1.778114 0.004726
 349.000000 0.056300 0.736186 1.517965 0.005897
 350.000000 0.054146 0.733638 1.661420 0.004788
 351.000000 0.060966 0.736650 1.618065 0.004751
 352.000000 0.068102 0.738612 1.691380 0.008083
 353.000000 0.086692 0.698515 1.851043 0.011661
 354.000000 0.096101 0.692130 1.692299 0.009034
 355.000000 0.096786 0.697496 1.496077 0.008105
 356.000000 0.091750 0.685116 1.535352 0.013365
 357.000000 0.076950 0.689138 1.663887 0.006921
 358.000000 0.076072 0.709765 1.684417 0.006425
 359.000000 0.089323 0.687132 1.684686 0.006355
 360.000000 0.090903 0.687942 1.739177 0.009494
 361.000000 0.119130 0.664730 1.582064 0.009312
 362.000000 0.077051 0.713164 1.732748 0.005606
 363.000000 0.056669 0.726232 1.736202 0.004218
 364.000000 0.075856 0.680961 1.641316 0.009888
 365.000000 0.081481 0.682249 1.617538 0.010488
 366.000000 0.093409 0.659964 1.616701 0.008358
 367.000000 0.078424 0.702458 1.772504 0.006600
 368.000000 0.072235 0.716899 1.721843 0.006052
 369.000000 0.128031 0.686936 1.684058 0.016830
 370.000000 0.096473 0.722048 1.613131 0.015081
 371.000000 0.067991 0.737156 1.762689 0.006985
 372.000000 0.087758 0.729786 1.773065 0.014124
 373.000000 0.080892 0.735670 1.828015 0.012968
 374.000000 0.081266 0.763644 1.667081 0.008781
 375.000000 0.089133 0.724685 1.715147 0.009886
 376.000000 0.085362 0.708985 1.688372 0.013226
 377.000000 0.081666 0.723560 1.509203 0.009335
 378.000000 0.086067 0.687563 1.640856 0.009791
 379.000000 0.089015 0.707657 1.843610 0.011697
 380.000000 0.122153 0.678431 1.565059 0.016884
 381.000000 0.133233 0.666896 1.372426 0.016330
 382.000000 0.078374 0.714960 1.577670 0.009301
 383.000000 0.060018 0.742321 1.890544 0.003594
 384.000000 0.058808 0.775635 2.097642 0.005855
 385.000000 0.044460 0.794297 1.989799 0.003863
 386.000000 0.046676 0.802975 2.198270 0.004235
 387.000000 0.054665 0.786094 2.110953 0.005759
 388.000000 0.047044 0.784371 2.188743 0.004287
 389.000000 0.068203 0.760231 2.170272 0.006177
 390.000000 0.092542 0.754728 2.110506 0.010312
 391.000000 0.037457 0.815033 2.231058 0.002132
 392.000000 0.033165 0.824856 2.387858 0.002577
 393.000000 0.035643 0.864488 2.465493 0.003865
 394.000000 0.042122 0.808640 2.311037 0.004511
 395.000000 0.028330 0.839423 2.170804 0.004067
 396.000000 0.030319 0.833664 2.140669 0.002564
 397.000000 0.051233 0.783549 2.029422 0.005632
 398.000000 0.059078 0.764426 1.731435 0.004972
 399.000000 0.044655 0.765416 1.830469 0.004106
 400.000000 0.020556 0.837853 2.061470 0.002313
 401.000000 0.024103 0.817830 2.047470 0.002704
 402.000000 0.036335 0.756112 1.825337 0.003370
 403.000000 0.040942 0.769615 1.826519 0.004669
 404.000000 0.021328 0.848930 2.203630 0.002709
 405.000000 0.029289 0.818264 2.074925 0.002801
 406.000000 0.016572 0.880381 2.260001 0.001845
 407.000000 0.029024 0.853262 2.332410 0.002062
 408.000000 0.025560 0.815514 2.007071 0.002088
 409.000000 0.036736 0.795584 2.020738 0.003140
 410.000000 0.033007 0.800820 2.038883 0.002880
 411.000000 0.031885 0.846178 2.268391 0.003048
 412.000000 0.022932 0.876136 2.310265 0.002299
 413.000000 0.021658 0.834259 2.020800 0.001203
 414.000000 0.016469 0.894664 2.322311 0.001441
 415.000000 0.029888 0.802298 1.913259 0.002470
 416.000000 0.018101 0.849372 2.086864 0.001404
 417.000000 0.021080 0.863239 2.261430 0.001640
 418.000000 0.017250 0.917183 2.605769 0.001616
 419.000000 0.031303 0.846985 2.424476 0.002260
 420.000000 0.028735 0.810428 2.157307 0.002228
 421.000000 0.025659 0.851123 2.390289 0.001827
 422.000000 0.025659 0.866229 2.525450 0.002003
 423.000000 0.015022 0.903631 2.517460 0.001526
 424.000000 0.013340 0.874461 2.290352 0.001364
 425.000000 0.035989 0.804139 2.178690 0.002872
 426.000000 0.040718 0.740269 1.836192 0.003944
 427.000000 0.036835 0.781314 1.874591 0.003125
 428.000000 0.026952 0.798500 2.075933 0.002140
 429.000000 0.022274 0.833238 2.016676 0.001565
 430.000000 0.026895 0.797623 2.054862 0.002582
 431.000000 0.028718 0.795594 2.046850 0.002703
 432.000000 0.026486 0.808748 2.090007 0.002705
 433.000000 0.029904 0.823302 2.085691 0.002963
 434.000000 0.032951 0.772061 1.780232 0.003232
 435.000000 0.034795 0.808829 2.082432 0.003644
 436.000000 0.023873 0.805565 1.943180 0.003026
 437.000000 0.024912 0.817735 2.155490 0.002252
 438.000000 0.025167 0.817031 2.029319 0.002112
 439.000000 0.016148 0.868939 2.221522 0.001947
 440.000000 0.060170 0.757704 1.757657 0.007596
 441.000000 0.040601 0.774893 1.926092 0.002411
 442.000000 0.039732 0.831889 2.315595 0.003535
 443.000000 0.043370 0.795717 2.071102 0.003686
 444.000000 0.025758 0.816465 2.094911 0.002112
 445.000000 0.022235 0.783187 1.788014 0.002330
 446.000000 0.030462 0.802904 1.840843 0.003472
 447.000000 0.018724 0.888464 2.260198 0.001892
 448.000000 0.048976 0.773911 1.820380 0.003913
 449.000000 0.042891 0.793639 1.907242 0.004574
 450.000000 0.019853 0.846952 2.132126 0.001540
 451.000000 0.041251 0.809149 2.154872 0.004035
 452.000000 0.021517 0.884869 2.456769 0.001905
 453.000000 0.031730 0.855421 2.288058 0.003338
 454.000000 0.027461 0.850255 2.226684 0.002905
 455.000000 0.026335 0.829312 2.142802 0.001991
 456.000000 0.028554 0.845498 2.262180 0.003273
 457.000000 0.018271 0.833258 2.072108 0.001790
 458.000000 0.028663 0.836022 2.215981 0.003114
 459.000000 0.033561 0.810990 2.205563 0.003174
 460.000000 0.022046 0.844207 2.278885 0.001700
 461.000000 0.038401 0.821682 2.235130 0.002504
 462.000000 0.025571 0.842683 2.285515 0.002142
 463.000000 0.030815 0.852846 2.405301 0.003127
 464.000000 0.020903 0.849068 2.274558 0.002867
 465.000000 0.019300 0.913433 2.650475 0.002010
 466.000000 0.019565 0.903647 2.624717 0.002688
 467.000000 0.017532 0.921765 2.718288 0.002369
 468.000000 0.016425 0.927731 2.631026 0.001475
 469.000000 0.019254 0.903989 2.469128 0.002093
 470.000000 0.022920 0.903518 2.498987 0.002975
 471.000000 0.028436 0.895210 2.691909 0.003645
 472.000000 0.011925 0.935373 2.572817 0.001265
 473.000000 0.020332 0.861516 2.235035 0.001755
 474.000000 0.021219 0.882936 2.369018 0.001778
 475.000000 0.033423 0.780742 1.802218 0.003767
 476.000000 0.028097 0.804801 1.962179 0.005485
 477.000000 0.031280 0.783770 1.832772 0.005490
 478.000000 0.024262 0.829361 2.235109 0.004094
 479.000000 0.047679 0.767306 2.074340 0.004520
 480.000000 0.033277 0.785983 2.086763 0.002971
 481.000000 0.032832 0.780899 2.104947 0.004535
 482.000000 0.040401 0.771950 2.127212 0.003722
 483.000000 0.026474 0.845477 2.227261 0.002316
 484.000000 0.027069 0.823850 1.968465 0.003051
 485.000000 0.033168 0.798908 1.685966 0.004310
 486.000000 0.038576 0.772155 1.688464 0.003606
 487.000000 0.037773 0.793113 1.760118 0.002971
 488.000000 0.045569 0.741723 1.583993 0.003016
 489.000000 0.063852 0.720655 1.341582 0.006664
 490.000000 0.037198 0.761747 1.527922 0.003127
 491.000000 0.037644 0.758835 1.592477 0.002882
 492.000000 0.030244 0.755829 1.585462 0.002203
 493.000000 0.027778 0.794855 1.808439 0.002117
 494.000000 0.023936 0.840692 1.947553 0.001794
 495.000000 0.021605 0.847470 2.234173 0.001697
 496.000000 0.026434 0.826558 2.207470 0.001682
 497.000000 0.029164 0.830220 2.262312 0.001718
 498.000000 0.022784 0.852554 2.363625 0.002059
 499.000000 0.039329 0.777034 1.966202 0.002455
 500.000000 0.057194 0.721950 1.703904 0.003822
