#! FIELDS time alpha rg e2e hbond
 0.000000 0.108658 0.560701 1.160764 0.012439
 1.000000 0.106242 0.566019 1.059912 0.023415
 2.000000 0.115877 0.569493 1.014406 0.022407
 3.000000 0.086411 0.575660 0.999129 0.013902
 4.000000 0.102367 0.588296 0.998498 0.010149
 5.000000 0.082717 0.614786 0.959790 0.009940
 6.000000 0.085747 0.588308 0.960338 0.011962
 7.000000 0.109086 0.570110 0.857772 0.016959
 8.000000 0.103159 0.558411 0.686126 0.013247
 9.000000 0.083489 0.603190 1.059871 0.006837
 10.000000 0.108663 0.563987 0.934309 0.023906
 11.000000 0.093261 0.565291 0.780952 0.013761
 12.000000 0.112338 0.562583 0.839272 0.013442
 13.000000 0.099918 0.587417 0.716343 0.009786
 14.000000 0.111302 0.551600 0.614123 0.014352
 15.000000 0.092172 0.601514 0.894989 0.015834
 16.000000 0.090498 0.587635 1.238470 0.014573
 17.000000 0.132170 0.567409 0.906249 0.018874
 18.000000 0.130936 0.605812 1.218960 0.022463
 19.000000 0.122670 0.605242 1.198588 0.019367
 20.000000 0.071924 0.665913 1.251033 0.009585
 21.000000 0.225957 0.613557 1.054589 0.137325
 22.000000 0.129310 0.626736 1.099652 0.041502
 23.000000 0.149595 0.597436 1.073006 0.033737
 24.000000 0.144626 0.621082 1.425391 0.147947
 25.000000 0.211716 0.600275 1.469443 0.178002
 26.000000 0.193850 0.605375 1.542846 0.131674
 27.000000 0.188787 0.599948 1.419175 0.113098
 28.000000 0.351981 0.615002 1.567164 0.374955
 29.000000 0.377737 0.594821 1.423516 0.330370
 30.000000 0.459241 0.581798 1.303841 1.047484
 31.000000 0.647521 0.611072 1.364685 0.906910
 32.000000 0.481656 0.626820 1.371687 0.739878
 33.000000 0.418936 0.636412 1.197152 0.591772
 34.000000 0.555546 0.596253 1.109498 0.595339
 35.000000 1.355017 0.611886 1.439902 0.466236
 36.000000 1.299956 0.623646 1.588312 0.916230
 37.000000 1.348191 0.609533 1.479755 0.318719
 38.000000 1.273040 0.633692 1.611616 0.739839
 39.000000 1.438167 0.608498 1.516726 0.938233
 40.000000 1.368074 0.570311 1.268206 0.998182
 41.000000 1.196936 0.610240 1.430582 0.546816
 42.000000 1.253026 0.594679 1.334251 1.171514
 43.000000 1.574261 0.585545 1.393566 1.354393
 44.000000 1.532350 0.536985 1.213761 1.418878
 45.000000 1.425139 0.566346 1.218069 1.034305
 46.000000 1.495110 0.572040 1.361121 0.902343
 47.000000 1.638111 0.536454 1.162905 0.987736
 48.000000 1.422395 0.569767 1.273003 1.752834
 49.000000 0.780203 0.612836 1.426108 0.212895
 50.000000 0.620367 0.636438 1.469843 0.168515
 51.000000 0.524751 0.601173 1.367338 0.206045
 52.000000 0.584301 0.586044 1.483354 0.342005
 53.000000 0.473333 0.578155 1.423802 0.306190
 54.000000 0.400400 0.578540 1.358157 0.575394
 55.000000 0.496575 0.550174 1.219709 0.465644
 56.000000 0.634709 0.566408 1.303078 0.882665
 57.000000 0.686622 0.570479 1.357381 1.014536
 58.000000 0.530057 0.568154 1.276798 0.499575
 59.000000 0.541741 0.567012 1.229712 0.406094
 60.000000 0.632588 0.572784 1.347435 0.318010
 61.000000 0.519160 0.571858 1.374369 0.567217
 62.000000 0.424295 0.568618 1.336643 0.284432
 63.000000 0.595822 0.567797 1.354213 0.918945
 64.000000 0.646408 0.554877 1.189745 0.457798
 65.000000 0.567223 0.572856 1.350409 0.339270
 66.000000 0.564997 0.573033 1.350432 0.348044
 67.000000 0.505958 0.592627 1.394653 0.194598
 68.000000 0.522642 0.573188 1.261369 0.424068
 69.000000 0.410160 0.593936 1.256415 0.227235
 70.000000 0.373028 0.585009 1.254339 0.275337
 71.000000 0.485047 0.578522 1.168908 0.173314
 72.000000 0.330670 0.588837 1.213673 0.482578
 73.000000 0.447484 0.575159 1.088910 0.414104
 74.000000 0.561764 0.564746 1.265247 0.386348
 75.000000 0.741346 0.545433 1.211444 1.233616
 76.000000 0.486483 0.536870 1.150463 1.160734
 77.000000 0.611595 0.577346 1.317989 0.286881
 78.000000 0.597755 0.544861 1.229841 0.251983
 79.000000 0.585453 0.583154 1.357863 0.406644
 80.000000 0.626654 0.594459 1.446748 0.718104
 81.000000 0.652679 0.596104 1.592728 0.364699
 82.000000 0.724973 0.592814 1.506993 0.205831
 83.000000 0.452228 0.614393 1.447992 0.111528
 84.000000 0.420700 0.615456 1.442403 0.094715
 85.000000 0.808283 0.589578 1.413708 0.802800
 86.000000 0.581083 0.611180 1.376100 0.492601
 87.000000 0.694885 0.598342 1.353148 0.598889
 88.000000 0.599382 0.606864 1.363345 0.171448
 89.000000 0.353897 0.617224 1.511504 0.143373
 90.000000 0.739067 0.594741 1.525213 1.419712
 91.000000 0.458562 0.638700 1.718781 0.352845
 92.000000 0.662955 0.610283 1.632192 0.605334
 93.000000 0.560489 0.612266 1.594843 0.990058
 94.000000 0.272892 0.618468 1.389959 0.579232
 95.000000 0.184297 0.620013 1.218162 0.135524
 96.000000 0.181549 0.574114 1.055539 0.047958
 97.000000 0.275305 0.563725 0.936774 0.053619
 98.000000 0.159922 0.617707 1.140959 0.251673
 99.000000 0.323437 0.618131 1.258913 0.484760
 100.000000 0.435308 0.627423 1.661173 0.500357
 101.000000 0.487167 0.616278 1.533594 0.614415
 102.000000 0.548468 0.636190 1.596325 0.669471
 103.000000 0.635787 0.600971 1.405795 0.606330
 104.000000 0.378733 0.619987 1.571093 0.185798
 105.000000 0.530168 0.595290 1.511069 0.230702
 106.000000 0.726953 0.593279 1.429324 0.381208
 107.000000 0.800905 0.584142 1.448816 0.887707
 108.000000 0.483939 0.599703 1.569747 0.215749
 109.000000 0.548308 0.601645 1.579270 0.410970
 110.000000 0.451006 0.622910 1.605953 0.433641
 111.000000 0.439590 0.638720 1.734703 0.285879
 112.000000 0.733507 0.609401 1.579211 0.809113
 113.000000 0.719799 0.590441 1.480604 0.815761
 114.000000 0.573478 0.596337 1.533903 0.223667
 115.000000 0.535126 0.586540 1.361984 0.532609
 116.000000 0.492643 0.593167 1.458356 0.395144
 117.000000 0.508027 0.612239 1.632365 0.217178
 118.000000 0.559719 0.579968 1.443868 0.326188
 119.000000 0.460498 0.617707 1.601547 0.217775
 120.000000 0.607225 0.597351 1.614593 0.341441
 121.000000 0.503864 0.590530 1.543119 0.410784
 122.000000 0.566099 0.600705 1.557604 0.394804
 123.000000 0.582022 0.614387 1.657433 0.550332
 124.000000 0.636689 0.585326 1.448140 0.369183
 125.000000 0.346999 0.618075 1.501629 0.249910
 126.000000 0.587097 0.566386 1.456606 0.569625
 127.000000 0.701709 0.578545 1.533321 0.350874
 128.000000 0.873088 0.589346 1.396281 0.277272
 129.000000 0.229378 0.637017 1.613550 0.068463
 130.000000 0.383360 0.572039 1.389830 0.092674
 131.000000 0.339564 0.589053 1.437825 0.126898
 132.000000 0.658432 0.584640 1.429306 0.345456
 133.000000 0.729352 0.582164 1.487945 0.368131
 134.000000 0.654072 0.569493 1.414878 0.176808
 135.000000 0.563577 0.588295 1.473221 0.613238
 136.000000 0.398872 0.589005 1.528865 0.877226
 137.000000 0.416407 0.636283 1.723380 0.645763
 138.000000 0.530021 0.626501 1.619758 0.420556
 139.000000 0.090617 0.711758 1.932885 0.016880
 140.000000 0.107151 0.705914 1.959693 0.012796
 141.000000 0.034706 0.820872 2.347581 0.004575
 142.000000 0.028123 0.840581 2.340227 0.005654
 143.000000 0.028858 0.849703 2.371954 0.003831
 144.000000 0.039191 0.803631 2.212007 0.004835
 145.000000 0.059414 0.728188 1.930125 0.010808
 146.000000 0.046155 0.766228 2.111682 0.007655
 147.000000 0.034066 0.790009 2.125012 0.004650
 148.000000 0.026454 0.817700 2.244253 0.003131
 149.000000 0.047858 0.778001 2.154469 0.007030
 150.000000 0.046806 0.756037 1.990459 0.004465
 151.000000 0.046127 0.755161 2.065644 0.004249
 152.000000 0.064925 0.739840 1.932320 0.012583
 153.000000 0.046660 0.759733 1.962531 0.005565
 154.000000 0.049925 0.753745 1.850373 0.009462
 155.000000 0.062604 0.800308 2.169992 0.012300
 156.000000 0.065797 0.761977 2.014942 0.011529
 157.000000 0.057968 0.760246 1.941030 0.009515
 158.000000 0.072869 0.728369 1.822687 0.014869
 159.000000 0.059101 0.732128 1.802166 0.007146
 160.000000 0.062173 0.723689 1.667226 0.014842
 161.000000 0.046274 0.751481 1.898954 0.005522
 162.000000 0.022946 0.785275 1.731038 0.003332
 163.000000 0.041980 0.715160 1.393398 0.004868
 164.000000 0.068363 0.699031 1.495223 0.011318
 165.000000 0.025879 0.809866 1.921719 0.002675
 166.000000 0.022026 0.861041 2.289432 0.002691
 167.000000 0.021197 0.845478 2.186415 0.001706
 168.000000 0.018488 0.854862 2.152530 0.001822
 169.000000 0.023167 0.837926 2.202541 0.002219
 170.000000 0.020031 0.872181 2.359888 0.001806
 171.000000 0.014323 0.927420 2.610144 0.001248
 172.000000 0.019014 0.910214 2.587096 0.001988
 173.000000 0.013727 0.949085 2.740554 0.001453
 174.000000 0.016517 0.936063 2.706972 0.001531
 175.000000 0.015237 0.937819 2.733498 0.001542
 176.000000 0.015862 0.931195 2.680558 0.001316
 177.000000 0.015617 0.901824 2.434608 0.001359
 178.000000 0.019864 0.891607 2.425162 0.002082
 179.000000 0.016584 0.888024 2.333827 0.001468
 180.000000 0.013836 0.916332 2.503631 0.001287
 181.000000 0.009809 0.963196 2.751475 0.000898
 182.000000 0.013379 0.963624 2.836866 0.001378
 183.000000 0.013730 0.953287 2.786491 0.001437
 184.000000 0.015310 0.931029 2.712446 0.001374
 185.000000 0.016468 0.915067 2.607249 0.001343
 186.000000 0.014226 0.938707 2.720539 0.001260
 187.000000 0.014289 0.930103 2.614358 0.001319
 188.000000 0.015242 0.938696 2.647778 0.001525
 189.000000 0.013910 0.939408 2.716018 0.001316
 190.000000 0.009849 0.983941 2.860110 0.000991
 191.000000 0.012713 0.951472 2.773444 0.001408
 192.000000 0.010681 0.938317 2.620794 0.000969
 193.000000 0.012000 0.937070 2.699212 0.001041
 194.000000 0.014145 0.906956 2.454538 0.001141
 195.000000 0.010305 0.967217 2.793351 0.000819
 196.000000 0.016029 0.936502 2.732375 0.001446
 197.000000 0.012169 0.962870 2.847893 0.001170
 198.000000 0.018388 0.903313 2.426985 0.001624
 199.000000 0.016199 0.916217 2.603673 0.001682
 200.000000 0.013175 0.950934 2.766473 0.001309
 201.000000 0.018426 0.915888 2.636436 0.001805
 202.000000 0.016948 0.913755 2.630970 0.001647
 203.000000 0.012056 0.940762 2.719844 0.001111
 204.000000 0.016123 0.893208 2.495031 0.001543
 205.000000 0.017068 0.879571 2.439581 0.001474
 206.000000 0.016552 0.877990 2.435993 0.001433
 207.000000 0.016670 0.894191 2.469781 0.001320
 208.000000 0.013755 0.896181 2.396547 0.001267
 209.000000 0.015060 0.904318 2.514603 0.001340
 210.000000 0.014855 0.940429 2.659686 0.001433
 211.000000 0.012751 0.938140 2.563798 0.001203
 212.000000 0.016211 0.916854 2.452406 0.001402
 213.000000 0.015723 0.916778 2.637364 0.001373
 214.000000 0.020660 0.900199 2.592641 0.001903
 215.000000 0.014566 0.924121 2.580102 0.001362
 216.000000 0.015649 0.930504 2.539368 0.001625
 217.000000 0.014017 0.948203 2.684833 0.001615
 218.000000 0.020996 0.885549 2.340895 0.002790
 219.000000 0.017156 0.912349 2.528699 0.001775
 220.000000 0.012590 0.936113 2.560659 0.001461
 221.000000 0.021104 0.884050 2.332837 0.003435
 222.000000 0.021230 0.867622 2.359147 0.002309
 223.000000 0.017644 0.885509 2.330817 0.002932
 224.000000 0.016700 0.909374 2.495240 0.001957
 225.000000 0.017678 0.899805 2.378977 0.002430
 226.000000 0.016188 0.884990 2.422635 0.001926
 227.000000 0.019859 0.849796 2.347271 0.002101
 228.000000 0.021356 0.812912 1.953483 0.004123
 229.000000 0.023011 0.807606 1.876263 0.002062
 230.000000 0.024258 0.778517 1.762131 0.002531
 231.000000 0.024232 0.799090 1.943019 0.002069
 232.000000 0.016792 0.874163 2.036075 0.002098
 233.000000 0.020097 0.868073 2.142946 0.003159
 234.000000 0.019094 0.889697 2.404332 0.002602
 235.000000 0.012658 0.931350 2.397109 0.001907
 236.000000 0.030844 0.847252 2.044769 0.002805
 237.000000 0.035787 0.808497 1.855830 0.003331
 238.000000 0.093737 0.800039 1.962253 0.010819
 239.000000 0.063471 0.780320 1.886567 0.008390
 240.000000 0.024628 0.815630 2.078052 0.003228
 241.000000 0.026938 0.830588 2.066744 0.004572
 242.000000 0.050958 0.773392 2.098543 0.007478
 243.000000 0.049809 0.788337 2.060837 0.008524
 244.000000 0.048425 0.768758 1.870976 0.005846
 245.000000 0.066599 0.716733 1.560461 0.007157
 246.000000 0.045135 0.740862 1.688083 0.004374
 247.000000 0.052027 0.772961 1.704158 0.009484
 248.000000 0.072025 0.758376 1.688155 0.011114
 249.000000 0.092157 0.755709 1.618159 0.016365
 250.000000 0.067773 0.772421 1.589276 0.012151
 251.000000 0.080196 0.766067 1.619619 0.021867
 252.000000 0.070459 0.818408 1.839385 0.010669
 253.000000 0.092435 0.787940 1.950836 0.023061
 254.000000 0.067056 0.840339 2.089331 0.012636
 255.000000 0.074169 0.821356 1.923260 0.009628
 256.000000 0.076524 0.792853 1.858431 0.009428
 257.000000 0.061927 0.829693 2.040388 0.011730
 258.000000 0.067414 0.802515 1.885616 0.009228
 259.000000 0.081686 0.809498 1.916582 0.011432
 260.000000 0.055703 0.854910 2.243156 0.007526
 261.000000 0.058865 0.821626 2.177699 0.006840
 262.000000 0.074306 0.836693 2.007123 0.010508
 263.000000 0.037138 0.872552 2.273574 0.005773
 264.000000 0.066941 0.794963 1.946933 0.012493
 265.000000 0.032577 0.838945 2.011237 0.003818
 266.000000 0.047753 0.813265 1.828997 0.003602
 267.000000 0.081081 0.820172 1.947278 0.009602
 268.000000 0.085900 0.758336 1.649218 0.013750
 269.000000 0.075247 0.765149 1.587014 0.019246
 270.000000 0.070906 0.756750 1.523604 0.013434
 271.000000 0.072516 0.743891 1.456291 0.018782
 272.000000 0.074114 0.723215 1.427829 0.011383
 273.000000 0.065244 0.771625 1.597262 0.017876
 274.000000 0.079115 0.781038 1.677765 0.014701
 275.000000 0.071844 0.788865 1.830246 0.013492
 276.000000 0.093244 0.788885 1.866195 0.015901
 277.000000 0.079095 0.765605 1.753295 0.012017
 278.000000 0.049987 0.803737 2.021807 0.006962
 279.000000 0.060619 0.778888 1.823869 0.009664
 280.000000 0.084800 0.797677 1.867761 0.013517
 281.000000 0.054069 0.798671 1.794435 0.009628
 282.000000 0.073055 0.760417 1.725556 0.010636
 283.000000 0.063790 0.753997 1.853682 0.011511
 284.000000 0.065348 0.787873 1.787477 0.015100
 285.000000 0.044821 0.784511 1.940291 0.007073
 286.000000 0.079958 0.779159 1.624673 0.013832
 287.000000 0.063637 0.785165 1.689995 0.010224
 288.000000 0.056456 0.793698 1.652208 0.005118
 289.000000 0.078243 0.722925 1.407018 0.014498
 290.000000 0.068948 0.707304 1.187204 0.012351
 291.000000 0.093825 0.709145 1.234296 0.012523
 292.000000 0.079076 0.711665 1.273479 0.010688
 293.000000 0.093245 0.689166 1.206377 0.014523
 294.000000 0.113540 0.721728 1.355505 0.016180
 295.000000 0.067893 0.805108 1.910360 0.009926
 296.000000 0.063952 0.812435 2.057874 0.010214
 297.000000 0.074850 0.820369 2.001658 0.017744
 298.000000 0.091634 0.811146 1.910635 0.016912
 299.000000 0.064568 0.773211 1.645849 0.010437
 300.000000 0.093820 0.770919 1.660819 0.015161
 301.000000 0.087265 0.802047 1.974450 0.009074
 302.000000 0.076781 0.795729 1.939459 0.012857
 303.000000 0.095951 0.778567 1.955825 0.014847
 304.000000 0.071977 0.790905 1.943159 0.010672
 305.000000 0.099265 0.791400 2.036657 0.016531
 306.000000 0.063126 0.818509 2.064511 0.009353
 307.000000 0.085542 0.802680 2.042570 0.012994
 308.000000 0.089010 0.783707 1.902967 0.015254
 309.000000 0.076252 0.786245 1.901466 0.015700
 310.000000 0.068488 0.794600 1.950766 0.013917
 311.000000 0.062860 0.818091 2.023122 0.009114
 312.000000 0.062468 0.785826 1.799667 0.010299
 313.000000 0.056867 0.788006 1.791433 0.008866
 314.000000 0.078695 0.774939 1.713118 0.010676
 315.000000 0.054309 0.820680 1.789380 0.008783
 316.000000 0.080641 0.777883 1.712692 0.024196
 317.000000 0.076961 0.826079 1.974453 0.011204
 318.000000 0.080707 0.800386 1.962830 0.023134
 319.000000 0.058214 0.786448 1.547451 0.016581
 320.000000 0.080401 0.765775 1.431443 0.027229
 321.000000 0.047690 0.814679 1.746490 0.006554
 322.000000 0.092106 0.785866 1.668218 0.025975
 323.000000 0.080166 0.780211 1.764899 0.021308
 324.000000 0.068912 0.800948 1.920198 0.010148
 325.000000 0.054530 0.831449 2.022137 0.007700
 326.000000 0.093479 0.784741 1.825237 0.015726
 327.000000 0.052837 0.812089 1.862554 0.007262
 328.000000 0.060897 0.787408 1.850763 0.008242
 329.000000 0.057917 0.756013 1.557150 0.008482
 330.000000 0.058782 0.764505 1.558583 0.005804
 331.000000 0.049455 0.785401 1.557280 0.004275
 332.000000 0.052153 0.786320 1.618741 0.006394
 333.000000 0.042869 0.815394 1.895178 0.005461
 334.000000 0.042418 0.819149 1.743458 0.006232
 335.000000 0.025487 0.852220 1.992949 0.002072
 336.000000 0.018548 0.879049 2.288793 0.001570
 337.000000 0.022291 0.858656 2.228612 0.002412
 338.000000 0.014362 0.896003 2.422879 0.001643
 339.000000 0.020648 0.838636 2.095256 0.002909
 340.000000 0.024511 0.836854 2.119757 0.002773
 341.000000 0.039593 0.820938 2.024580 0.006428
 342.000000 0.021274 0.862823 2.202281 0.002084
 343.000000 0.018321 0.901325 2.454969 0.002027
 344.000000 0.029643 0.869699 2.322186 0.003703
 345.000000 0.027777 0.821754 1.987601 0.002920
 346.000000 0.028977 0.815072 2.002804 0.003407
 347.000000 0.019958 0.877926 2.341339 0.002098
 348.000000 0.013683 0.934173 2.576718 0.001592
 349.000000 0.017405 0.899125 2.347281 0.002190
 350.000000 0.020364 0.876408 2.362008 0.002025
 351.000000 0.013872 0.909605 2.338310 0.001130
 352.000000 0.020874 0.876331 2.244662 0.002242
 353.000000 0.035720 0.833788 2.027058 0.003869
 354.000000 0.030377 0.875274 2.331785 0.005587
 355.000000 0.017721 0.887915 2.222184 0.001648
 356.000000 0.022058 0.887609 2.388338 0.003257
 357.000000 0.018390 0.839585 2.022455 0.001527
 358.000000 0.026311 0.852260 2.351839 0.003302
 359.000000 0.015639 0.934292 2.714650 0.001953
 360.000000 0.018356 0.930104 2.716667 0.002510
 361.000000 0.016807 0.906426 2.525515 0.002177
 362.000000 0.027640 0.871418 2.361224 0.003461
 363.000000 0.028190 0.853239 2.290768 0.003893
 364.000000 0.028402 0.860540 2.252484 0.003138
 365.000000 0.025249 0.865315 2.349443 0.002598
 366.000000 0.023321 0.885450 2.390371 0.002095
 367.000000 0.018186 0.891023 2.459519 0.001771
 368.000000 0.018195 0.899293 2.467672 0.001522
 369.000000 0.023818 0.888618 2.505239 0.002568
 370.000000 0.026361 0.856969 2.317507 0.002218
 371.000000 0.017819 0.901710 2.493264 0.001809
 372.000000 0.017967 0.886808 2.397452 0.001740
 373.000000 0.027164 0.874250 2.348398 0.002124
 374.000000 0.020635 0.881701 2.477160 0.002345
 375.000000 0.011280 0.952594 2.737832 0.000997
 376.000000 0.009549 0.981812 2.843135 0.000851
 377.000000 0.011377 0.932535 2.595406 0.001035
 378.000000 0.020810 0.852537 2.247453 0.001514
 379.000000 0.023854 0.814258 2.049583 0.002057
 380.000000 0.026175 0.819645 2.124263 0.002155
 381.000000 0.019867 0.853977 2.202971 0.001528
 382.000000 0.020970 0.841169 2.176929 0.001755
 383.000000 0.017844 0.897298 2.462056 0.001576
 384.000000 0.020787 0.894358 2.614563 0.002620
 385.000000 0.012527 0.949398 2.728848 0.001010
 386.000000 0.016763 0.930265 2.650990 0.001759
 387.000000 0.025795 0.883934 2.446052 0.002257
 388.000000 0.020506 0.874642 2.294909 0.001965
 389.000000 0.013473 0.934635 2.612250 0.001284
 390.000000 0.015003 0.895000 2.393948 0.001152
 391.000000 0.010164 0.956953 2.733869 0.000865
 392.000000 0.008710 0.984298 2.795447 0.000865
 393.000000 0.012371 0.922118 2.533040 0.001203
 394.000000 0.016477 0.907423 2.563218 0.001378
 395.000000 0.011929 0.945094 2.691882 0.001051
 396.000000 0.013894 0.948249 2.748673 0.001455
 397.000000 0.012201 0.919991 2.514735 0.001202
 398.000000 0.013642 0.878041 2.246087 0.000982
 399.000000 0.010660 0.969013 2.812181 0.000966
 400.000000 0.013405 0.948718 2.710702 0.001559
 401.000000 0.012597 0.938171 2.711064 0.001345
 402.000000 0.013090 0.936314 2.638411 0.001253
 403.000000 0.019082 0.921559 2.654071 0.002007
 404.000000 0.011730 0.958519 2.789121 0.000939
 405.000000 0.011302 0.991736 2.901837 0.001055
 406.000000 0.009987 0.979800 2.854328 0.001032
 407.000000 0.015794 0.935733 2.736084 0.001549
 408.000000 0.012766 0.959864 2.770235 0.001118
 409.000000 0.015893 0.932860 2.634816 0.001527
 410.000000 0.019753 0.907770 2.633122 0.002081
 411.000000 0.019819 0.864241 2.425266 0.001681
 412.000000 0.012459 0.915650 2.574334 0.001081
 413.000000 0.014357 0.908631 2.571813 0.001321
 414.000000 0.018410 0.887540 2.349058 0.001777
 415.000000 0.023052 0.858341 2.216802 0.001923
 416.000000 0.015501 0.874848 2.164668 0.001571
 417.000000 0.015866 0.873565 2.212899 0.001318
 418.000000 0.014750 0.885871 2.290148 0.001376
 419.000000 0.013714 0.909518 2.446722 0.001279
 420.000000 0.019219 0.866322 2.263107 0.001559
 421.000000 0.016681 0.846129 2.202855 0.001150
 422.000000 0.014873 0.917385 2.599851 0.001408
 423.000000 0.011410 0.954268 2.741159 0.001069
 424.000000 0.012264 0.946111 2.673345 0.001083
 425.000000 0.013820 0.946002 2.764133 0.001296
 426.000000 0.014504 0.939391 2.681185 0.001621
 427.000000 0.015377 0.933886 2.741848 0.001519
 428.000000 0.016242 0.912830 2.630050 0.001513
 429.000000 0.011906 0.965871 2.764673 0.001006
 430.000000 0.017128 0.924138 2.670009 0.001916
 431.000000 0.017745 0.933194 2.742982 0.001893
 432.000000 0.013611 0.920810 2.506844 0.001305
 433.000000 0.013889 0.931772 2.680689 0.001326
 434.000000 0.012738 0.927512 2.627868 0.001191
 435.000000 0.012652 0.944183 2.740668 0.001274
 436.000000 0.017080 0.923949 2.659147 0.001732
 437.000000 0.015243 0.908807 2.550597 0.001336
 438.000000 0.015578 0.905306 2.517656 0.001235
 439.000000 0.013404 0.930159 2.643503 0.001248
 440.000000 0.022055 0.822209 2.113150 0.001633
 441.000000 0.018126 0.827700 1.992306 0.001346
 442.000000 0.026185 0.801056 1.953771 0.003288
 443.000000 0.019660 0.792581 1.840672 0.001514
 444.000000 0.022472 0.804583 1.884222 0.002044
 445.000000 0.016380 0.880197 2.413512 0.001597
 446.000000 0.016614 0.857953 2.192949 0.001372
 447.000000 0.011830 0.900904 2.267193 0.000958
 448.000000 0.016735 0.895478 2.498218 0.001651
 449.000000 0.011997 0.957888 2.747305 0.001149
 450.000000 0.012527 0.970701 2.849113 0.001190
 451.000000 0.013041 0.949442 2.763655 0.001211
 452.000000 0.010957 0.946041 2.732703 0.000935
 453.000000 0.013412 0.943821 2.703052 0.001393
 454.000000 0.013387 0.909539 2.442169 0.001136
 455.000000 0.011584 0.935062 2.578232 0.001050
 456.000000 0.017512 0.894593 2.539770 0.001449
 457.000000 0.008753 0.981062 2.843857 0.000992
 458.000000 0.010490 0.969718 2.825060 0.001015
 459.000000 0.013167 0.928737 2.593616 0.002104
 460.000000 0.009747 0.971916 2.751612 0.001215
 461.000000 0.011833 0.941472 2.646096 0.001745
 462.000000 0.011012 0.977106 2.832962 0.001280
 463.000000 0.014237 0.913358 2.581967 0.001763
 464.000000 0.011858 0.896995 2.170821 0.001100
 465.000000 0.012679 0.906094 2.282804 0.001143
 466.000000 0.012314 0.930065 2.511561 0.001078
 467.000000 0.013085 0.868000 1.979529 0.001036
 468.000000 0.013596 0.860178 2.077932 0.001058
 469.000000 0.014488 0.875681 2.041802 0.001402
 470.000000 0.027495 0.862815 2.365130 0.003024
 471.000000 0.018992 0.858827 2.287542 0.002650
 472.000000 0.024176 0.845704 2.354124 0.002172
 473.000000 0.018222 0.844936 2.272005 0.002855
 474.000000 0.027006 0.816609 2.153300 0.003449
 475.000000 0.018966 0.864289 2.339707 0.002444
 476.000000 0.029622 0.836104 2.295398 0.002437
 477.000000 0.032734 0.817203 2.194374 0.003658
 478.000000 0.036093 0.805481 2.188663 0.003214
 479.000000 0.050149 0.772619 2.038726 0.006700
 480.000000 0.019212 0.882574 2.455621 0.001629
 481.000000 0.018393 0.888866 2.438180 0.002299
 482.000000 0.023065 0.876786 2.422015 0.002193
 483.000000 0.019113 0.892979 2.468790 0.002859
 484.000000 0.017236 0.903982 2.341938 0.002218
 485.000000 0.032182 0.784968 1.936911 0.002638
 486.000000 0.031819 0.784166 1.850666 0.002574
 487.000000 0.020335 0.843575 2.211350 0.001718
 488.000000 0.031481 0.821926 2.006239 0.002895
 489.000000 0.030039 0.828481 2.218799 0.002580
 490.000000 0.029929 0.817270 2.078661 0.002748
 491.000000 0.037681 0.819414 1.986345 0.003309
 492.000000 0.042821 0.822537 2.062932 0.003579
 493.000000 0.046801 0.816719 2.063256 0.003889
 494.000000 0.034469 0.777121 1.736142 0.002737
 495.000000 0.040717 0.772148 1.765156 0.003777
 496.000000 0.050358 0.785736 1.840734 0.003340
 497.000000 0.056871 0.786080 1.645567 0.007247
 498.000000 0.057137 0.789664 1.647546 0.008815
 499.000000 0.040203 0.790783 1.575186 0.006840
 500.000000 0.063956 0.763278 1.574547 0.013459
