#! FIELDS time alpha rg e2e hbond
 0.000000 0.016636 0.826445 1.969998 0.002161
 1.000000 0.020729 0.849030 2.256065 0.004880
 2.000000 0.024589 0.845111 2.353093 0.003340
 3.000000 0.016313 0.889713 2.418487 0.002754
 4.000000 0.022797 0.869696 2.250502 0.004373
 5.000000 0.021167 0.869244 2.265701 0.003755
 6.000000 0.029158 0.832556 2.019519 0.010100
 7.000000 0.022280 0.846307 1.885336 0.006277
 8.000000 0.028254 0.887768 2.128403 0.018203
 9.000000 0.022767 0.871131 2.241286 0.005000
 10.000000 0.029508 0.865628 2.214951 0.008400
 11.000000 0.024343 0.872084 2.093505 0.007099
 12.000000 0.020029 0.875126 2.013736 0.007828
 13.000000 0.024831 0.854790 2.051662 0.010202
 14.000000 0.017785 0.890021 2.162343 0.001602
 15.000000 0.020961 0.853194 2.005035 0.005375
 16.000000 0.027389 0.881216 2.085296 0.008768
 17.000000 0.023336 0.893191 2.314744 0.005033
 18.000000 0.031545 0.834932 1.992965 0.011112
 19.000000 0.019947 0.868698 2.189475 0.004211
 20.000000 0.018646 0.878916 2.270185 0.003540
 21.000000 0.028434 0.873147 2.279120 0.010855
 22.000000 0.030310 0.853695 2.290610 0.005008
 23.000000 0.027348 0.830645 1.954697 0.007006
 24.000000 0.031568 0.870859 2.234673 0.008277
 25.000000 0.026591 0.829277 2.048006 0.004786
 26.000000 0.023333 0.859258 2.034156 0.005953
 27.000000 0.025726 0.855748 2.064049 0.010537
 28.000000 0.026873 0.836014 1.813496 0.028972
 29.000000 0.016653 0.865718 1.998670 0.002887
 30.000000 0.016329 0.877699 2.170115 0.001995
 31.000000 0.020790 0.863104 2.065867 0.004596
 32.000000 0.023180 0.861438 2.119832 0.005589
 33.000000 0.023657 0.872345 2.301772 0.005198
 34.000000 0.025389 0.852298 2.104686 0.006128
 35.000000 0.019459 0.851933 2.041645 0.001784
 36.000000 0.023036 0.840647 1.950658 0.004675
 37.000000 0.024653 0.892012 2.443541 0.004620
 38.000000 0.018067 0.903964 2.501071 0.002613
 39.000000 0.017724 0.916626 2.583076 0.002177
 40.000000 0.014821 0.946764 2.750909 0.001208
 41.000000 0.012504 0.939738 2.634539 0.001067
 42.000000 0.015589 0.934597 2.703445 0.001385
 43.000000 0.021545 0.907581 2.659082 0.002405
 44.000000 0.018483 0.908331 2.643096 0.001943
 45.000000 0.017827 0.896200 2.539324 0.001504
 46.000000 0.014579 0.936448 2.686859 0.001331
 47.000000 0.014475 0.943402 2.779845 0.001481
 48.000000 0.018855 0.922183 2.589154 0.001943
 49.000000 0.018217 0.918927 2.545838 0.001699
 50.000000 0.017296 0.886348 2.246845 0.002042
 51.000000 0.012690 0.909633 2.339754 0.001094
 52.000000 0.013133 0.917573 2.543614 0.001769
 53.000000 0.011735 0.903421 2.242900 0.001270
 54.000000 0.011412 0.928335 2.359674 0.001368
 55.000000 0.011785 0.951393 2.576806 0.001447
 56.000000 0.009423 0.964282 2.622421 0.000940
 57.000000 0.015855 0.921119 2.459031 0.001388
 58.000000 0.015318 0.941632 2.584843 0.001243
 59.000000 0.015114 0.951563 2.802658 0.001474
 60.000000 0.012344 0.956925 2.808420 0.001307
 61.000000 0.015390 0.933264 2.637561 0.001150
 62.000000 0.010919 0.956781 2.727859 0.001105
 63.000000 0.010468 0.963707 2.769258 0.001228
 64.000000 0.010021 0.968982 2.734840 0.001000
 65.000000 0.010776 0.963753 2.768008 0.001061
 66.000000 0.009170 0.982009 2.739678 0.000827
 67.000000 0.010564 0.944215 2.602783 0.001012
 68.000000 0.011284 0.931707 2.585507 0.001044
 69.000000 0.010076 0.953469 2.643102 0.000863
 70.000000 0.009524 0.971583 2.805981 0.001120
 71.000000 0.010612 0.969398 2.799748 0.001295
 72.000000 0.008992 0.998231 2.820798 0.000917
 73.000000 0.009905 0.980559 2.823475 0.001014
 74.000000 0.009644 0.973272 2.807469 0.001103
 75.000000 0.011917 0.943572 2.671202 0.001247
 76.000000 0.011010 0.981050 2.834993 0.001071
 77.000000 0.018847 0.926474 2.648785 0.002216
 78.000000 0.023290 0.890180 2.456922 0.002257
 79.000000 0.017282 0.928504 2.728649 0.001880
 80.000000 0.033896 0.854817 2.378438 0.005390
 81.000000 0.021151 0.861404 2.256512 0.003083
 82.000000 0.019308 0.852051 2.057501 0.002681
 83.000000 0.029224 0.805180 1.858438 0.004156
 84.000000 0.031848 0.803815 1.708997 0.003087
 85.000000 0.032418 0.751724 1.332754 0.003117
 86.000000 0.022137 0.749359 1.399715 0.002052
 87.000000 0.023432 0.825008 1.868238 0.005132
 88.000000 0.014673 0.874831 2.174610 0.001653
 89.000000 0.023213 0.825136 2.019284 0.002352
 90.000000 0.033215 0.827852 1.811625 0.007297
 91.000000 0.025069 0.836236 2.064870 0.002873
 92.000000 0.035229 0.788025 2.048229 0.007243
 93.000000 0.032794 0.827612 2.275976 0.003809
 94.000000 0.044246 0.767152 1.963597 0.003857
 95.000000 0.029306 0.821896 2.133666 0.002503
 96.000000 0.028039 0.849093 2.344564 0.003157
 97.000000 0.037388 0.832071 2.268870 0.005745
 98.000000 0.041262 0.797698 2.084851 0.004071
 99.000000 0.018788 0.872840 2.351171 0.002528
 100.000000 0.035090 0.825112 2.274655 0.003463
 101.000000 0.028820 0.848072 2.415526 0.003175
 102.000000 0.027115 0.854589 2.437476 0.003849
 103.000000 0.032366 0.841072 2.364902 0.003541
 104.000000 0.035315 0.843870 2.414991 0.003739
 105.000000 0.014353 0.949999 2.812136 0.001759
 106.000000 0.020992 0.907194 2.667333 0.001849
 107.000000 0.016848 0.923175 2.667782 0.001791
 108.000000 0.051165 0.807188 2.112100 0.004824
 109.000000 0.049186 0.791543 2.016640 0.004967
 110.000000 0.022942 0.851413 2.152710 0.002107
 111.000000 0.032963 0.792521 1.860183 0.002872
 112.000000 0.028331 0.785656 1.805165 0.001793
 113.000000 0.034788 0.784019 1.887411 0.003408
 114.000000 0.053404 0.794078 2.072865 0.005174
 115.000000 0.035398 0.796009 1.971569 0.004042
 116.000000 0.029556 0.784395 1.787064 0.002216
 117.000000 0.044442 0.737801 1.770152 0.003771
 118.000000 0.054426 0.688172 1.698442 0.003700
 119.000000 0.042258 0.781734 2.083975 0.004668
 120.000000 0.051027 0.759488 2.059263 0.004403
 121.000000 0.099177 0.716838 1.992533 0.014575
 122.000000 0.063045 0.709279 1.875210 0.004261
 123.000000 0.071644 0.705484 1.863470 0.006071
 124.000000 0.074720 0.715910 1.995450 0.009862
 125.000000 0.068936 0.719198 1.914003 0.006737
 126.000000 0.023184 0.826102 2.212706 0.001853
 127.000000 0.047144 0.776779 2.253648 0.002435
 128.000000 0.017594 0.891827 2.478716 0.001704
 129.000000 0.026126 0.885637 2.487755 0.004613
 130.000000 0.012155 0.964189 2.816989 0.001376
 131.000000 0.022660 0.898905 2.597963 0.002255
 132.000000 0.020553 0.922716 2.706854 0.002367
 133.000000 0.067664 0.789137 2.161167 0.009971
 134.000000 0.039654 0.855599 2.434778 0.005056
 135.000000 0.064126 0.781727 2.073640 0.008946
 136.000000 0.064925 0.793119 2.059518 0.013085
 137.000000 0.057061 0.814027 2.143717 0.007255
 138.000000 0.028262 0.825906 2.049986 0.002602
 139.000000 0.017650 0.892226 2.385275 0.001240
 140.000000 0.026354 0.855430 2.311797 0.002091
 141.000000 0.025237 0.832929 2.203148 0.001849
 142.000000 0.028238 0.814130 2.050823 0.002304
 143.000000 0.039699 0.779372 1.923601 0.002973
 144.000000 0.052356 0.775154 1.973756 0.005931
 145.000000 0.020348 0.860098 2.256825 0.001738
 146.000000 0.064831 0.787389 2.183626 0.007942
 147.000000 0.061087 0.825519 2.272318 0.010072
 148.000000 0.085930 0.786705 1.997893 0.010279
 149.000000 0.045975 0.797794 2.058507 0.003391
 150.000000 0.024962 0.823706 2.059467 0.003002
 151.000000 0.025026 0.839706 2.199474 0.002301
 152.000000 0.028896 0.839464 2.219617 0.002569
 153.000000 0.039276 0.841791 2.348276 0.004926
 154.000000 0.028435 0.866179 2.489670 0.004153
 155.000000 0.029466 0.846004 2.383741 0.003461
 156.000000 0.024761 0.873149 2.484082 0.001992
 157.000000 0.014343 0.931592 2.683342 0.001489
 158.000000 0.014499 0.928004 2.653413 0.001469
 159.000000 0.013843 0.933270 2.651949 0.001308
 160.000000 0.016787 0.914759 2.571011 0.001556
 161.000000 0.012648 0.952755 2.697596 0.001257
 162.000000 0.014557 0.912936 2.548308 0.001587
 163.000000 0.014185 0.945161 2.762382 0.001470
 164.000000 0.013637 0.946216 2.743259 0.001221
 165.000000 0.015147 0.933101 2.674249 0.001475
 166.000000 0.015610 0.901721 2.508009 0.001638
 167.000000 0.017312 0.880345 2.422326 0.001460
 168.000000 0.013420 0.925177 2.571175 0.001075
 169.000000 0.014279 0.907296 2.536339 0.001430
 170.000000 0.023723 0.875028 2.383610 0.001917
 171.000000 0.023002 0.860737 2.355882 0.001809
 172.000000 0.035941 0.825799 2.243255 0.004014
 173.000000 0.021448 0.909663 2.593053 0.002133
 174.000000 0.024212 0.893485 2.521905 0.002685
 175.000000 0.057192 0.811761 2.281255 0.007265
 176.000000 0.040048 0.826894 2.288598 0.005277
 177.000000 0.045012 0.800861 2.061191 0.005427
 178.000000 0.036658 0.801839 1.981894 0.004891
 179.000000 0.059880 0.777762 1.973309 0.007975
 180.000000 0.028807 0.820094 2.017322 0.003028
 181.000000 0.022166 0.870823 2.278221 0.001704
 182.000000 0.035271 0.795590 1.982493 0.002343
 183.000000 0.022294 0.831885 2.059262 0.002269
 184.000000 0.031200 0.831610 2.191896 0.003062
 185.000000 0.037102 0.842327 2.287988 0.003550
 186.000000 0.021402 0.879606 2.415989 0.002833
 187.000000 0.024891 0.852230 2.294145 0.002570
 188.000000 0.026236 0.857906 2.351107 0.003612
 189.000000 0.023407 0.888882 2.536468 0.003142
 190.000000 0.014676 0.936070 2.696948 0.001616
 191.000000 0.012252 0.966645 2.764700 0.001497
 192.000000 0.010347 0.970461 2.807950 0.001063
 193.000000 0.009619 0.988052 2.731426 0.000959
 194.000000 0.010453 0.990148 2.831764 0.000982
 195.000000 0.012788 0.951994 2.717863 0.001330
 196.000000 0.024159 0.870480 2.364918 0.002218
 197.000000 0.023248 0.883513 2.546334 0.002552
 198.000000 0.019897 0.886399 2.373572 0.002084
 199.000000 0.022862 0.884079 2.403766 0.002531
 200.000000 0.023561 0.847305 2.144882 0.002476
 201.000000 0.020202 0.885111 2.467191 0.001776
 202.000000 0.017905 0.887692 2.445073 0.001367
 203.000000 0.016364 0.884790 2.280268 0.001313
 204.000000 0.024140 0.876506 2.357529 0.002290
 205.000000 0.034944 0.821246 2.192317 0.002714
 206.000000 0.041027 0.815312 2.113783 0.004173
 207.000000 0.039723 0.836991 2.303027 0.005886
 208.000000 0.032848 0.815030 2.141797 0.003888
 209.000000 0.024611 0.852838 2.337932 0.001845
 210.000000 0.022234 0.886294 2.525555 0.001756
 211.000000 0.015383 0.893671 2.432541 0.001114
 212.000000 0.030391 0.829897 2.389314 0.002359
 213.000000 0.017253 0.898149 2.523890 0.001297
 214.000000 0.016746 0.891508 2.406509 0.001317
 215.000000 0.014258 0.911563 2.509733 0.001216
 216.000000 0.030677 0.837152 2.181022 0.004587
 217.000000 0.030684 0.872275 2.391701 0.003375
 218.000000 0.042338 0.817471 2.126731 0.008329
 219.000000 0.031059 0.840214 2.343821 0.003679
 220.000000 0.025581 0.844209 2.204315 0.002743
 221.000000 0.020103 0.872713 2.213606 0.001522
 222.000000 0.022862 0.884256 2.450860 0.001873
 223.000000 0.016416 0.919071 2.506766 0.001250
 224.000000 0.016061 0.936942 2.639327 0.001660
 225.000000 0.028297 0.854399 2.234650 0.003033
 226.000000 0.016155 0.915889 2.625957 0.001538
 227.000000 0.016452 0.917922 2.636047 0.001517
 228.000000 0.025518 0.856663 2.351464 0.002297
 229.000000 0.021240 0.881896 2.425496 0.002128
 230.000000 0.021886 0.892122 2.537552 0.002259
 231.000000 0.020173 0.885496 2.448128 0.002585
 232.000000 0.019348 0.902625 2.550503 0.001892
 233.000000 0.028247 0.849748 2.298654 0.002454
 234.000000 0.028763 0.861961 2.371419 0.002990
 235.000000 0.025724 0.843530 2.342863 0.001650
 236.000000 0.040475 0.799111 2.102105 0.002495
 237.000000 0.042364 0.799714 2.016484 0.003420
 238.000000 0.044919 0.794967 1.975664 0.005394
 239.000000 0.035055 0.811299 2.150841 0.002934
 240.000000 0.032392 0.805367 2.075601 0.002783
 241.000000 0.027094 0.835293 2.177330 0.002622
 242.000000 0.026419 0.869410 2.360319 0.002468
 243.000000 0.019134 0.888086 2.422906 0.001866
 244.000000 0.019303 0.861454 2.308708 0.001530
 245.000000 0.020733 0.864513 2.373505 0.001453
 246.000000 0.020759 0.888914 2.490506 0.001926
 247.000000 0.027614 0.862443 2.433361 0.002842
 248.000000 0.015546 0.920193 2.620009 0.001681
 249.000000 0.015409 0.906857 2.524769 0.001341
 250.000000 0.019952 0.887144 2.396247 0.001647
 251.000000 0.023797 0.867150 2.362413 0.002509
 252.000000 0.017830 0.861053 2.193118 0.001219
 253.000000 0.031183 0.838748 2.247000 0.002247
 254.000000 0.023619 0.851506 2.284399 0.001704
 255.000000 0.029192 0.848596 2.388520 0.002373
 256.000000 0.023752 0.858453 2.373161 0.002145
 257.000000 0.031396 0.850176 2.336310 0.003067
 258.000000 0.039849 0.816575 2.250695 0.003458
 259.000000 0.034147 0.789621 2.050575 0.003253
 260.000000 0.030423 0.799105 1.861448 0.002676
 261.000000 0.037323 0.803162 1.949822 0.004079
 262.000000 0.032028 0.832084 2.160388 0.003228
 263.000000 0.030921 0.823476 2.167778 0.003739
 264.000000 0.035938 0.775113 1.908055 0.002787
 265.000000 0.029316 0.796445 1.906439 0.002230
 266.000000 0.029909 0.811230 2.043775 0.002468
 267.000000 0.030683 0.809008 2.029941 0.002537
 268.000000 0.034300 0.802583 2.079669 0.004223
 269.000000 0.042727 0.818220 2.202815 0.004181
 270.000000 0.037553 0.815048 2.172116 0.003624
 271.000000 0.023358 0.829706 2.167589 0.001615
 272.000000 0.022302 0.854821 2.336874 0.001723
 273.000000 0.031617 0.839291 2.301769 0.003147
 274.000000 0.042854 0.814136 2.144468 0.004219
 275.000000 0.033190 0.817628 2.199707 0.002451
 276.000000 0.033532 0.819040 2.150912 0.004352
 277.000000 0.036747 0.840901 2.251505 0.003051
 278.000000 0.018015 0.870074 2.405961 0.002367
 279.000000 0.010852 0.950884 2.700801 0.001307
 280.000000 0.013589 0.951012 2.752049 0.001407
 281.000000 0.010581 0.959772 2.654673 0.000936
 282.000000 0.016217 0.928754 2.628996 0.001543
 283.000000 0.012526 0.945197 2.609776 0.001082
 284.000000 0.015609 0.922252 2.592100 0.001567
 285.000000 0.015161 0.895634 2.283851 0.001251
 286.000000 0.016369 0.920459 2.549765 0.001655
 287.000000 0.011049 0.972019 2.715944 0.001162
 288.000000 0.010937 0.947553 2.578849 0.000855
 289.000000 0.011923 0.947702 2.693877 0.001083
 290.000000 0.008518 0.994699 2.824522 0.000772
 291.000000 0.010646 0.972253 2.703943 0.001278
 292.000000 0.010714 0.971762 2.720339 0.001070
 293.000000 0.012867 0.960177 2.779891 0.001174
 294.000000 0.012090 0.946309 2.748320 0.001124
 295.000000 0.014917 0.906206 2.414212 0.001334
 296.000000 0.018416 0.892626 2.457133 0.002272
 297.000000 0.014743 0.896411 2.433107 0.001390
 298.000000 0.016268 0.867350 2.306669 0.001499
 299.000000 0.026518 0.811488 2.159864 0.001670
 300.000000 0.012181 0.945927 2.586410 0.001073
 301.000000 0.008698 0.999895 2.851383 0.001040
 302.000000 0.009278 0.968593 2.775570 0.001008
 303.000000 0.007640 1.008276 2.911311 0.000769
 304.000000 0.010398 0.974850 2.732047 0.001227
 305.000000 0.009280 0.978097 2.738595 0.001378
 306.000000 0.011282 0.961910 2.666917 0.001768
 307.000000 0.014868 0.931337 2.677837 0.001584
 308.000000 0.012877 0.956220 2.717945 0.001485
 309.000000 0.016249 0.931618 2.622588 0.001650
 310.000000 0.015622 0.916985 2.595442 0.001442
 311.000000 0.010463 0.961129 2.622737 0.001617
 312.000000 0.016408 0.923159 2.569545 0.002321
 313.000000 0.013640 0.939149 2.660002 0.001579
 314.000000 0.016425 0.923475 2.567384 0.001969
 315.000000 0.010206 0.980119 2.741936 0.001455
 316.000000 0.015191 0.938191 2.675251 0.002532
 317.000000 0.012329 0.957364 2.712234 0.001542
 318.000000 0.011886 0.960071 2.811721 0.001204
 319.000000 0.013243 0.947342 2.487295 0.001189
 320.000000 0.014945 0.915135 2.464550 0.001356
 321.000000 0.015034 0.915219 2.395497 0.001270
 322.000000 0.018961 0.904433 2.376339 0.001752
 323.000000 0.011775 0.950410 2.596595 0.001071
 324.000000 0.012308 0.916063 2.322408 0.000982
 325.000000 0.017110 0.901651 2.364824 0.002037
 326.000000 0.013423 0.895326 2.303435 0.001113
 327.000000 0.009563 0.954210 2.630971 0.000766
 328.000000 0.013320 0.931061 2.661154 0.001242
 329.000000 0.009945 0.967954 2.755968 0.001060
 330.000000 0.008947 0.988194 2.856750 0.000898
 331.000000 0.012717 0.933677 2.555895 0.001033
 332.000000 0.017833 0.885016 2.464689 0.001424
 333.000000 0.013010 0.924722 2.621419 0.001166
 334.000000 0.014324 0.877058 2.333926 0.001219
 335.000000 0.013185 0.877883 2.267180 0.001179
 336.000000 0.016043 0.893455 2.399182 0.001469
 337.000000 0.021869 0.862052 2.319423 0.001866
 338.000000 0.028184 0.832576 2.118780 0.002407
 339.000000 0.042595 0.792468 1.978594 0.005709
 340.000000 0.038935 0.774853 1.935255 0.002881
 341.000000 0.021606 0.861453 2.253979 0.002522
 342.000000 0.021033 0.859635 2.275946 0.002042
 343.000000 0.033121 0.810053 2.109024 0.003048
 344.000000 0.028890 0.807427 2.033013 0.001864
 345.000000 0.021904 0.858308 2.305560 0.002450
 346.000000 0.075491 0.749240 1.972570 0.006053
 347.000000 0.037443 0.776877 1.882889 0.002522
 348.000000 0.035352 0.798665 2.108798 0.002812
 349.000000 0.019188 0.880154 2.447715 0.001578
 350.000000 0.032752 0.800708 2.182190 0.002841
 351.000000 0.033722 0.836301 2.270437 0.005205
 352.000000 0.028245 0.854465 2.306650 0.002487
 353.000000 0.038958 0.814950 2.296338 0.003955
 354.000000 0.026501 0.870178 2.402241 0.002285
 355.000000 0.026359 0.828350 2.093055 0.001996
 356.000000 0.039349 0.809631 2.125806 0.002862
 357.000000 0.030272 0.837445 2.214784 0.004718
 358.000000 0.027909 0.849901 2.373987 0.003541
 359.000000 0.031162 0.844902 2.351210 0.002464
 360.000000 0.021817 0.881480 2.487368 0.001891
 361.000000 0.041472 0.811379 2.118407 0.006049
 362.000000 0.032273 0.817954 2.165865 0.002696
 363.000000 0.030571 0.816068 2.027348 0.002006
 364.000000 0.030720 0.824619 2.145083 0.003200
 365.000000 0.024660 0.861101 2.385532 0.001840
 366.000000 0.023481 0.882964 2.549615 0.002160
 367.000000 0.020837 0.877435 2.367238 0.001803
 368.000000 0.029341 0.848412 2.257667 0.002785
 369.000000 0.030889 0.809657 2.089331 0.002702
 370.000000 0.017664 0.866959 2.295945 0.001286
 371.000000 0.022529 0.843858 2.208081 0.002031
 372.000000 0.026706 0.871714 2.391222 0.002640
 373.000000 0.026582 0.852544 2.347443 0.001964
 374.000000 0.024580 0.849233 2.334369 0.002215
 375.000000 0.022882 0.878502 2.459800 0.001808
 376.000000 0.021925 0.897422 2.510196 0.001835
 377.000000 0.028540 0.831675 2.207072 0.001911
 378.000000 0.030654 0.839625 2.243240 0.002618
 379.000000 0.025312 0.852522 2.287106 0.001629
 380.000000 0.021696 0.867430 2.283236 0.001447
 381.000000 0.027844 0.843443 2.091302 0.003100
 382.000000 0.019939 0.854251 2.259967 0.001988
 383.000000 0.016790 0.902617 2.522861 0.001438
 384.000000 0.019042 0.899980 2.584178 0.002103
 385.000000 0.014169 0.922452 2.531315 0.001684
 386.000000 0.020904 0.891234 2.461443 0.001622
 387.000000 0.015480 0.912403 2.565609 0.001069
 388.000000 0.015209 0.923947 2.659715 0.001116
 389.000000 0.016809 0.918545 2.512044 0.001707
 390.000000 0.021353 0.861939 2.374017 0.001641
 391.000000 0.026105 0.859282 2.448835 0.002228
 392.000000 0.029788 0.836696 2.237783 0.001831
 393.000000 0.020693 0.883964 2.413623 0.001730
 394.000000 0.015834 0.921603 2.593540 0.001656
 395.000000 0.011522 0.947573 2.706176 0.001285
 396.000000 0.014502 0.940837 2.703804 0.001702
 397.000000 0.017508 0.889227 2.547690 0.001652
 398.000000 0.016356 0.914546 2.576167 0.001584
 399.000000 0.012262 0.936186 2.707033 0.001190
 400.000000 0.010948 0.960139 2.735442 0.001189
 401.000000 0.012549 0.925591 2.456815 0.001183
 402.000000 0.011956 0.922810 2.428457 0.001149
 403.000000 0.013084 0.937705 2.607042 0.001146
 404.000000 0.010800 0.939017 2.571814 0.000769
 405.000000 0.020299 0.880427 2.389213 0.001723
 406.000000 0.013126 0.929024 2.639601 0.001155
 407.000000 0.012096 0.947175 2.741233 0.001452
 408.000000 0.020288 0.887947 2.526611 0.002253
 409.000000 0.016625 0.935629 2.670695 0.001279
 410.000000 0.017039 0.927057 2.639428 0.001639
 411.000000 0.016256 0.925523 2.663085 0.001363
 412.000000 0.015176 0.927822 2.674098 0.001504
 413.000000 0.013098 0.949491 2.741097 0.001390
 414.000000 0.021089 0.906353 2.640488 0.002194
 415.000000 0.014545 0.937842 2.685735 0.001349
 416.000000 0.013103 0.943360 2.653232 0.001330
 417.000000 0.011024 0.965783 2.812544 0.001196
 418.000000 0.010811 0.959886 2.712940 0.000916
 419.000000 0.012435 0.940470 2.677191 0.001194
 420.000000 0.011129 0.948107 2.654588 0.001122
 421.000000 0.008862 0.968155 2.722516 0.000810
 422.000000 0.008668 0.987751 2.849535 0.000883
 423.000000 0.007441 1.008767 2.935463 0.000731
 424.000000 0.012342 0.944786 2.704788 0.001045
 425.000000 0.013136 0.936750 2.714525 0.001370
 426.000000 0.012423 0.933168 2.586179 0.001219
 427.000000 0.014137 0.928540 2.666205 0.001465
 428.000000 0.012298 0.960850 2.788091 0.001366
 429.000000 0.012279 0.952892 2.773505 0.001213
 430.000000 0.007889 0.997548 2.869593 0.000707
 431.000000 0.009729 0.989925 2.868324 0.001199
 432.000000 0.013310 0.941038 2.731307 0.001399
 433.000000 0.009656 0.961955 2.578783 0.000873
 434.000000 0.013226 0.935016 2.580794 0.001217
 435.000000 0.008698 0.996100 2.925518 0.000968
 436.000000 0.010615 0.953490 2.649559 0.000943
 437.000000 0.010121 0.965931 2.737073 0.001147
 438.000000 0.009035 0.971211 2.732218 0.000864
 439.000000 0.009721 0.963233 2.772631 0.001012
 440.000000 0.018371 0.897932 2.537152 0.002210
 441.000000 0.020701 0.894048 2.519438 0.002737
 442.000000 0.042179 0.824769 2.270089 0.004046
 443.000000 0.022273 0.884635 2.404126 0.002077
 444.000000 0.023779 0.888720 2.575923 0.002561
 445.000000 0.014007 0.948954 2.723487 0.001614
 446.000000 0.013608 0.949394 2.808086 0.001848
 447.000000 0.026563 0.885238 2.564542 0.002373
 448.000000 0.017692 0.908514 2.607289 0.001885
 449.000000 0.023603 0.893903 2.526697 0.002617
 450.000000 0.022817 0.872725 2.474890 0.002273
 451.000000 0.012671 0.936269 2.631177 0.001423
 452.000000 0.008734 0.979487 2.704400 0.000956
 453.000000 0.008823 0.976119 2.684237 0.000989
 454.000000 0.009403 0.971485 2.825149 0.001068
 455.000000 0.008515 0.980485 2.789518 0.000961
 456.000000 0.009939 0.984083 2.810180 0.000995
 457.000000 0.014209 0.936457 2.729483 0.001392
 458.000000 0.015138 0.934072 2.724355 0.001601
 459.000000 0.013105 0.931195 2.648732 0.001202
 460.000000 0.017715 0.911062 2.468345 0.001833
 461.000000 0.017985 0.908497 2.324276 0.001368
 462.000000 0.017412 0.899354 2.242166 0.001439
 463.000000 0.012900 0.956525 2.720576 0.001298
 464.000000 0.013052 0.950677 2.719123 0.001123
 465.000000 0.016749 0.932995 2.620538 0.001715
 466.000000 0.022332 0.851957 2.081296 0.001988
 467.000000 0.017265 0.895107 2.310898 0.001697
 468.000000 0.017970 0.900749 2.364278 0.001785
 469.000000 0.011786 0.949994 2.673909 0.001400
 470.000000 0.014502 0.934620 2.655482 0.001441
 471.000000 0.016117 0.913129 2.612900 0.001439
 472.000000 0.011680 0.905328 2.322357 0.001207
 473.000000 0.014805 0.871042 2.174366 0.001234
 474.000000 0.023774 0.835145 1.978717 0.002020
 475.000000 0.014668 0.867525 2.094079 0.001334
 476.000000 0.013083 0.902508 2.286830 0.001173
 477.000000 0.016131 0.894336 2.391307 0.001363
 478.000000 0.012702 0.917062 2.430773 0.001148
 479.000000 0.014654 0.910817 2.472605 0.001344
 480.000000 0.013692 0.935102 2.549812 0.001150
 481.000000 0.014450 0.919314 2.491491 0.001292
 482.000000 0.026893 0.846886 2.296417 0.001919
 483.000000 0.013377 0.917709 2.582280 0.000998
 484.000000 0.014100 0.908981 2.587801 0.001154
 485.000000 0.018119 0.881595 2.462634 0.001813
 486.000000 0.013648 0.904637 2.493726 0.001216
 487.000000 0.011729 0.918048 2.590086 0.000964
 488.000000 0.014514 0.883594 2.348992 0.001098
 489.000000 0.013135 0.917369 2.520123 0.001364
 490.000000 0.013795 0.924450 2.548680 0.001129
 491.000000 0.010753 0.951346 2.704935 0.000906
 492.000000 0.015371 0.919303 2.622637 0.001749
 493.000000 0.012152 0.959683 2.783455 0.001124
 494.000000 0.013398 0.942121 2.709003 0.001240
 495.000000 0.012641 0.928051 2.580714 0.001107
 496.000000 0.011533 0.944348 2.663634 0.000987
 497.000000 0.013806 0.934791 2.648027 0.001164
 498.000000 0.014743 0.888521 2.335376 0.001335
 499.000000 0.015178 0.863573 2.232740 0.001165
 500.000000 0.021017 0.804340 1.956759 0.001572
