#! FIELDS time alpha rg e2e hbond
 0.000000 0.060421 0.824302 2.301835 0.008994
 1.000000 0.023475 0.850474 2.136780 0.003016
 2.000000 0.081519 0.762593 1.993511 0.011385
 3.000000 0.035825 0.804936 2.138484 0.009381
 4.000000 0.065173 0.782575 1.983424 0.026253
 5.000000 0.160185 0.724136 1.769706 0.255301
 6.000000 0.063088 0.792067 1.982194 0.125285
 7.000000 0.133254 0.769732 1.848161 0.155144
 8.000000 0.160323 0.771079 1.920664 0.563695
 9.000000 0.102442 0.752942 1.845078 0.236701
 10.000000 0.110117 0.787889 1.985824 0.357288
 11.000000 0.158134 0.767029 1.923944 0.672623
 12.000000 0.089119 0.801423 2.054582 0.122610
 13.000000 0.170134 0.767111 2.022967 0.279499
 14.000000 0.125729 0.795646 2.006721 0.090335
 15.000000 0.206596 0.744890 1.966394 0.129588
 16.000000 0.153214 0.742663 1.994406 0.018672
 17.000000 0.070176 0.764515 2.079892 0.008306
 18.000000 0.189473 0.768831 2.043357 0.098630
 19.000000 0.058149 0.750661 1.968483 0.007472
 20.000000 0.036441 0.807311 2.116054 0.003153
 21.000000 0.046189 0.742842 1.911433 0.003486
 22.000000 0.063753 0.679544 1.516376 0.004728
 23.000000 0.072070 0.659722 1.286958 0.006481
 24.000000 0.091832 0.709073 1.711331 0.004544
 25.000000 0.035680 0.742640 1.850485 0.003751
 26.000000 0.050242 0.737233 1.681745 0.005069
 27.000000 0.061820 0.685226 1.342435 0.005315
 28.000000 0.040311 0.749238 1.859138 0.004261
 29.000000 0.077368 0.718707 1.775481 0.006869
 30.000000 0.048102 0.744411 1.830330 0.006655
 31.000000 0.065246 0.741430 1.991576 0.004322
 32.000000 0.045987 0.755733 1.867847 0.003189
 33.000000 0.048621 0.720407 1.691988 0.005558
 34.000000 0.038795 0.780103 2.092572 0.002557
 35.000000 0.050958 0.749360 2.026211 0.004154
 36.000000 0.051813 0.730836 1.849579 0.004381
 37.000000 0.050140 0.704689 1.664256 0.003824
 38.000000 0.077142 0.668011 1.470938 0.004449
 39.000000 0.086046 0.654155 1.461869 0.005454
 40.000000 0.098541 0.647823 1.517251 0.007760
 41.000000 0.072141 0.677199 1.597336 0.003964
 42.000000 0.085553 0.665580 1.615240 0.007212
 43.000000 0.103032 0.628055 1.389692 0.006271
 44.000000 0.108661 0.644307 1.398977 0.014354
 45.000000 0.107503 0.664766 1.589784 0.008867
 46.000000 0.093733 0.639500 1.367749 0.008329
 47.000000 0.063099 0.728108 1.781690 0.004712
 48.000000 0.060106 0.733254 1.730835 0.004489
 49.000000 0.060393 0.734391 1.778425 0.008810
 50.000000 0.065325 0.666153 1.481489 0.005192
 51.000000 0.087717 0.702022 1.512470 0.009574
 52.000000 0.045146 0.719298 1.439592 0.007143
 53.000000 0.066253 0.673062 1.222905 0.006965
 54.000000 0.040726 0.698445 1.322807 0.004715
 55.000000 0.066209 0.731341 1.626467 0.004647
 56.000000 0.033580 0.815385 2.073764 0.005340
 57.000000 0.025552 0.862690 2.223727 0.004432
 58.000000 0.029106 0.840006 2.139745 0.002770
 59.000000 0.029322 0.821731 1.954485 0.002569
 60.000000 0.028693 0.834617 1.942077 0.003924
 61.000000 0.025687 0.828594 2.013456 0.003169
 62.000000 0.024534 0.843322 1.933350 0.005219
 63.000000 0.033271 0.836041 1.975569 0.006897
 64.000000 0.022099 0.863218 2.179608 0.002317
 65.000000 0.032141 0.825840 1.986635 0.005106
 66.000000 0.033773 0.803162 1.969595 0.005145
 67.000000 0.052525 0.749317 1.960761 0.006611
 68.000000 0.049270 0.774166 1.990425 0.005905
 69.000000 0.062785 0.732236 1.834115 0.008963
 70.000000 0.036389 0.773509 2.086673 0.003900
 71.000000 0.033948 0.791650 2.191973 0.004934
 72.000000 0.037434 0.809043 2.167290 0.004281
 73.000000 0.025747 0.827526 1.971809 0.004138
 74.000000 0.028287 0.837558 2.222971 0.005607
 75.000000 0.030990 0.840275 2.375839 0.004516
 76.000000 0.024629 0.866674 2.453026 0.002906
 77.000000 0.033536 0.804754 2.282620 0.002170
 78.000000 0.032764 0.850378 2.468656 0.003674
 79.000000 0.031677 0.863728 2.404842 0.003494
 80.000000 0.025434 0.862074 2.414310 0.002664
 81.000000 0.023547 0.853269 2.384027 0.002987
 82.000000 0.041432 0.785976 2.152991 0.004213
 83.000000 0.036366 0.744010 1.903925 0.002718
 84.000000 0.051883 0.685777 1.663110 0.004327
 85.000000 0.038234 0.706234 1.744190 0.002928
 86.000000 0.035068 0.764450 1.973266 0.002294
 87.000000 0.074032 0.727669 1.891393 0.006388
 88.000000 0.050124 0.722966 1.879937 0.007547
 89.000000 0.044234 0.725953 1.823557 0.004181
 90.000000 0.043984 0.747977 1.971523 0.003007
 91.000000 0.065879 0.709121 1.712066 0.004470
 92.000000 0.067989 0.702771 1.668332 0.005465
 93.000000 0.053565 0.728189 1.732211 0.004880
 94.000000 0.047970 0.727529 1.916622 0.003188
 95.000000 0.056069 0.771581 2.067970 0.007956
 96.000000 0.023633 0.810203 2.040970 0.002176
 97.000000 0.038775 0.820547 2.203469 0.002937
 98.000000 0.039129 0.818254 2.311963 0.002950
 99.000000 0.029035 0.851758 2.327766 0.002860
 100.000000 0.023035 0.896712 2.561522 0.002084
 101.000000 0.020724 0.899074 2.618291 0.001887
 102.000000 0.019986 0.878025 2.298104 0.001887
 103.000000 0.021549 0.880575 2.326610 0.002158
 104.000000 0.050146 0.783785 1.955363 0.007123
 105.000000 0.027741 0.815293 2.063902 0.002172
 106.000000 0.035492 0.820452 2.137315 0.003566
 107.000000 0.036265 0.787107 1.814783 0.003737
 108.000000 0.046472 0.734343 1.803863 0.002827
 109.000000 0.024399 0.812609 2.014271 0.001932
 110.000000 0.029217 0.792420 2.001883 0.002652
 111.000000 0.029583 0.805380 2.049029 0.002062
 112.000000 0.030766 0.798151 2.127971 0.002796
 113.000000 0.040404 0.781637 2.054978 0.005573
 114.000000 0.046127 0.787344 2.106801 0.007497
 115.000000 0.044901 0.784228 2.155626 0.006688
 116.000000 0.039792 0.815009 2.278137 0.007214
 117.000000 0.028564 0.846739 2.329836 0.002279
 118.000000 0.036912 0.817516 2.201429 0.004925
 119.000000 0.042593 0.775471 1.970436 0.005435
 120.000000 0.048222 0.776908 2.089370 0.012842
 121.000000 0.026355 0.838013 2.281885 0.004323
 122.000000 0.030085 0.793427 2.109410 0.002571
 123.000000 0.033058 0.796962 2.119088 0.002917
 124.000000 0.038543 0.751495 1.758659 0.005042
 125.000000 0.029813 0.799103 2.008785 0.005124
 126.000000 0.085749 0.769852 1.846461 0.014612
 127.000000 0.120991 0.722392 1.731017 0.010821
 128.000000 0.083947 0.750927 1.845975 0.010801
 129.000000 0.097744 0.692069 1.371543 0.014675
 130.000000 0.170513 0.640874 1.307769 0.027670
 131.000000 0.221563 0.624084 1.266410 0.033500
 132.000000 0.172882 0.649969 1.322891 0.029102
 133.000000 0.167615 0.641185 1.402752 0.019843
 134.000000 0.084223 0.693950 1.581957 0.006799
 135.000000 0.078010 0.748754 1.833393 0.007280
 136.000000 0.034872 0.852237 2.281030 0.003695
 137.000000 0.043206 0.841121 2.358217 0.007940
 138.000000 0.016744 0.899323 2.426286 0.002168
 139.000000 0.012220 0.881475 2.271958 0.000960
 140.000000 0.031999 0.805355 1.932121 0.003621
 141.000000 0.036703 0.782447 1.780107 0.005254
 142.000000 0.033702 0.764209 1.712964 0.004349
 143.000000 0.036438 0.740009 1.635663 0.003155
 144.000000 0.035089 0.734761 1.448079 0.003460
 145.000000 0.028630 0.784468 1.710508 0.003970
 146.000000 0.024246 0.787143 1.663698 0.002378
 147.000000 0.029306 0.800540 1.900233 0.001897
 148.000000 0.031689 0.769351 1.698664 0.001918
 149.000000 0.050260 0.733250 1.536152 0.003230
 150.000000 0.043550 0.718649 1.418746 0.003207
 151.000000 0.033115 0.780183 1.666476 0.003021
 152.000000 0.026990 0.799086 1.853693 0.002837
 153.000000 0.038393 0.777887 1.845244 0.005008
 154.000000 0.027659 0.792850 1.925669 0.002498
 155.000000 0.031822 0.807502 2.082482 0.002542
 156.000000 0.026121 0.852413 2.307672 0.004021
 157.000000 0.024298 0.862957 2.340049 0.002848
 158.000000 0.028596 0.835700 2.222973 0.002841
 159.000000 0.030052 0.826067 2.103613 0.003158
 160.000000 0.021766 0.823056 2.050291 0.001745
 161.000000 0.021912 0.867503 2.350487 0.002149
 162.000000 0.039310 0.841317 2.430280 0.003390
 163.000000 0.027709 0.861879 2.344433 0.003385
 164.000000 0.032811 0.840065 2.181362 0.002482
 165.000000 0.037978 0.822464 2.057055 0.004634
 166.000000 0.026170 0.829416 2.211037 0.002723
 167.000000 0.040412 0.726531 1.698160 0.003092
 168.000000 0.039839 0.742876 1.771024 0.002664
 169.000000 0.065861 0.748002 1.946158 0.006853
 170.000000 0.040101 0.803863 2.214649 0.005216
 171.000000 0.035213 0.810528 2.178053 0.004789
 172.000000 0.059140 0.789378 2.132675 0.006942
 173.000000 0.035664 0.810391 2.183617 0.004588
 174.000000 0.070186 0.741450 1.919342 0.009206
 175.000000 0.075225 0.713121 1.713794 0.008080
 176.000000 0.055562 0.740211 1.734901 0.006130
 177.000000 0.027990 0.742615 1.684984 0.002574
 178.000000 0.025475 0.759610 1.871250 0.002341
 179.000000 0.049167 0.706614 1.663120 0.003099
 180.000000 0.035924 0.704811 1.399551 0.003727
 181.000000 0.033412 0.694335 1.389091 0.002622
 182.000000 0.034554 0.715725 1.585352 0.003689
 183.000000 0.023444 0.770884 1.861709 0.002860
 184.000000 0.039758 0.763856 1.858428 0.005051
 185.000000 0.020449 0.772904 1.842805 0.002221
 186.000000 0.048695 0.735048 1.852328 0.005893
 187.000000 0.028518 0.770538 1.817811 0.003308
 188.000000 0.026416 0.821679 2.135220 0.002137
 189.000000 0.021089 0.867930 2.244767 0.002136
 190.000000 0.026581 0.860715 2.382901 0.002500
 191.000000 0.019492 0.879129 2.425422 0.001934
 192.000000 0.014583 0.921354 2.439088 0.001718
 193.000000 0.026235 0.846148 2.060063 0.002219
 194.000000 0.019578 0.872307 2.119109 0.001797
 195.000000 0.033019 0.792337 1.743967 0.002697
 196.000000 0.027418 0.794800 1.780887 0.002879
 197.000000 0.039202 0.793007 2.008108 0.003785
 198.000000 0.025484 0.815482 2.043738 0.002888
 199.000000 0.026956 0.788905 1.810774 0.002475
 200.000000 0.022196 0.827809 1.950659 0.002780
 201.000000 0.018964 0.833519 1.945188 0.002336
 202.000000 0.026278 0.788348 1.779542 0.003455
 203.000000 0.023131 0.801678 1.864996 0.002341
 204.000000 0.042508 0.750543 1.743355 0.004850
 205.000000 0.039400 0.783608 1.935041 0.005092
 206.000000 0.027290 0.784591 1.833111 0.004037
 207.000000 0.031738 0.801993 2.033998 0.004215
 208.000000 0.050486 0.759290 1.932991 0.009024
 209.000000 0.040903 0.769365 1.899539 0.005087
 210.000000 0.055217 0.753204 2.058088 0.008934
 211.000000 0.054457 0.763186 1.982832 0.008844
 212.000000 0.045549 0.777031 1.943158 0.013081
 213.000000 0.048280 0.780538 1.894701 0.013866
 214.000000 0.050319 0.787872 1.950773 0.010074
 215.000000 0.077681 0.723810 1.732958 0.020177
 216.000000 0.046067 0.773749 2.039282 0.007372
 217.000000 0.031297 0.814551 2.218225 0.004279
 218.000000 0.035535 0.822586 2.210851 0.007175
 219.000000 0.038919 0.800707 2.006998 0.008204
 220.000000 0.020121 0.869697 2.240409 0.003244
 221.000000 0.016861 0.909941 2.384736 0.004069
 222.000000 0.018751 0.874992 2.210224 0.003431
 223.000000 0.017777 0.887661 2.170735 0.003908
 224.000000 0.039618 0.817366 1.983995 0.012031
 225.000000 0.038057 0.829523 1.973737 0.004501
 226.000000 0.031551 0.819022 1.980712 0.003987
 227.000000 0.021132 0.873015 2.250809 0.005149
 228.000000 0.030770 0.845361 2.171667 0.005541
 229.000000 0.019344 0.876502 2.367110 0.003000
 230.000000 0.016858 0.875189 2.193359 0.003964
 231.000000 0.030777 0.858261 2.281417 0.006970
 232.000000 0.028079 0.839791 2.182409 0.003945
 233.000000 0.036774 0.815670 2.228279 0.006568
 234.000000 0.040589 0.821004 2.255413 0.004221
 235.000000 0.041999 0.799891 2.208069 0.003372
 236.000000 0.069296 0.774996 2.179364 0.007229
 237.000000 0.037799 0.819255 2.277801 0.004218
 238.000000 0.036467 0.815933 2.285734 0.002395
 239.000000 0.036490 0.833943 2.402869 0.003393
 240.000000 0.031621 0.844309 2.359460 0.003240
 241.000000 0.026128 0.832618 2.332332 0.002468
 242.000000 0.024317 0.847724 2.406137 0.002425
 243.000000 0.031402 0.808794 2.063775 0.003173
 244.000000 0.053041 0.796206 2.100125 0.008265
 245.000000 0.042780 0.823737 2.188986 0.006466
 246.000000 0.034529 0.788112 2.034686 0.004597
 247.000000 0.084882 0.745396 1.916555 0.010319
 248.000000 0.052412 0.757783 1.837895 0.008287
 249.000000 0.170187 0.694223 1.604438 0.058755
 250.000000 0.303659 0.682889 1.643080 0.260309
 251.000000 0.296785 0.698878 1.806181 0.686449
 252.000000 0.384026 0.634859 1.621870 0.840237
 253.000000 0.261973 0.609905 1.413526 0.365935
 254.000000 0.222108 0.547315 1.198314 0.862788
 255.000000 0.246958 0.603945 1.357277 0.827428
 256.000000 0.165079 0.577319 1.160366 0.358584
 257.000000 0.227791 0.636614 1.585240 0.334372
 258.000000 0.175391 0.599204 1.234986 0.833221
 259.000000 0.266502 0.594644 1.189050 0.683159
 260.000000 0.226654 0.583468 1.184917 0.857697
 261.000000 0.214752 0.596845 1.310019 0.749030
 262.000000 0.333427 0.653350 1.618665 0.428314
 263.000000 0.493721 0.670449 1.745311 0.793390
 264.000000 0.484148 0.626644 1.579818 0.805797
 265.000000 0.461493 0.642849 1.615422 0.407498
 266.000000 0.383083 0.652299 1.708330 0.467818
 267.000000 0.311936 0.691022 1.863236 0.447858
 268.000000 0.509156 0.660706 1.839769 0.872816
 269.000000 0.378507 0.705886 1.947954 0.498114
 270.000000 0.482057 0.679688 1.898878 0.533320
 271.000000 0.396450 0.690640 1.896227 0.441509
 272.000000 0.469070 0.663261 1.780884 0.847869
 273.000000 0.350043 0.711583 1.964508 0.342128
 274.000000 0.222152 0.761710 2.185659 0.036768
 275.000000 0.340279 0.736874 2.143836 0.250765
 276.000000 0.283534 0.731666 2.024904 0.068541
 277.000000 0.240413 0.723743 1.920939 0.042858
 278.000000 0.267903 0.699435 1.843597 0.200171
 279.000000 0.347576 0.745121 2.154395 0.092332
 280.000000 0.395342 0.676655 1.902693 0.425909
 281.000000 0.498459 0.663792 1.841973 0.630838
 282.000000 0.328307 0.700803 1.936111 0.700705
 283.000000 0.245682 0.742317 2.046009 0.095257
 284.000000 0.226416 0.748565 2.051058 0.126985
 285.000000 0.508567 0.721435 1.922017 0.418336
 286.000000 0.264782 0.730512 1.879916 0.089900
 287.000000 0.264372 0.700834 1.824285 0.128330
 288.000000 0.296822 0.704386 1.947279 0.124044
 289.000000 0.140403 0.763279 2.144278 0.049295
 290.000000 0.251906 0.748163 2.085920 0.163286
 291.000000 0.126278 0.776165 2.039919 0.037231
 292.000000 0.224959 0.776929 2.248597 0.072166
 293.000000 0.337943 0.753451 2.148002 0.124792
 294.000000 0.208405 0.774472 2.206677 0.040025
 295.000000 0.603437 0.709301 1.952546 0.561951
 296.000000 0.444684 0.673668 1.744514 0.820193
 297.000000 0.404971 0.673465 1.686472 0.833715
 298.000000 0.236716 0.722161 1.827850 0.430929
 299.000000 0.557350 0.713650 1.909826 0.127385
 300.000000 1.066650 0.719832 2.086295 0.179028
 301.000000 0.398872 0.714553 2.039669 0.095795
 302.000000 0.294310 0.729733 2.133793 0.043375
 303.000000 0.446376 0.704866 2.012090 0.062131
 304.000000 1.267421 0.695991 2.029104 0.194247
 305.000000 1.474149 0.677895 1.926712 1.216022
 306.000000 1.145739 0.622921 1.801623 0.727540
 307.000000 1.493630 0.639343 1.878272 0.960938
 308.000000 1.384906 0.649288 1.842914 1.207189
 309.000000 1.489792 0.633273 1.848910 1.367033
 310.000000 1.444217 0.622169 1.732571 1.452123
 311.000000 1.377068 0.651512 1.860991 1.248391
 312.000000 1.419451 0.643422 1.853998 1.492989
 313.000000 1.406439 0.599164 1.642562 1.706699
 314.000000 1.466133 0.624370 1.712858 1.393883
 315.000000 1.432218 0.632631 1.804638 1.211265
 316.000000 1.416621 0.671015 1.977970 1.097960
 317.000000 1.359541 0.637564 1.762127 0.879335
 318.000000 1.206782 0.659254 1.913740 1.554395
 319.000000 1.481293 0.648233 1.828333 1.033357
 320.000000 1.256198 0.649536 1.816335 0.992916
 321.000000 1.321969 0.688238 2.022051 0.940912
 322.000000 1.466755 0.668230 1.980155 1.642560
 323.000000 1.158497 0.676412 1.955660 0.326321
 324.000000 1.331242 0.693968 2.014734 0.366888
 325.000000 1.486274 0.657444 1.894570 1.046603
 326.000000 1.089247 0.719372 2.055483 0.481754
 327.000000 1.413254 0.687510 2.039510 1.025429
 328.000000 1.155622 0.715229 2.087782 0.258921
 329.000000 1.337133 0.613268 1.641756 1.453712
 330.000000 1.315516 0.635308 1.739565 1.182134
 331.000000 1.423626 0.637507 1.769962 0.861247
 332.000000 1.606505 0.653491 1.884586 1.264223
 333.000000 1.526502 0.640665 1.789122 1.422483
 334.000000 1.309674 0.643455 1.751621 1.045794
 335.000000 0.692673 0.678787 1.816092 0.234762
 336.000000 0.315017 0.720397 1.987040 0.058102
 337.000000 1.482292 0.658861 1.915235 1.358392
 338.000000 1.448488 0.642914 1.924144 1.677897
 339.000000 1.030206 0.622745 1.846799 1.789271
 340.000000 1.237266 0.633757 1.811721 1.039705
 341.000000 1.024490 0.622874 1.743739 0.973539
 342.000000 1.399156 0.620804 1.790060 1.521452
 343.000000 1.180195 0.622075 1.756784 1.362482
 344.000000 1.455570 0.620525 1.808904 1.516924
 345.000000 1.016302 0.590640 1.730266 1.591621
 346.000000 1.872644 0.634501 1.884319 1.078419
 347.000000 1.305952 0.649182 1.898400 0.732306
 348.000000 1.455046 0.623121 1.778493 1.135839
 349.000000 1.468450 0.636547 1.851953 1.448085
 350.000000 1.264402 0.657846 1.894932 1.361295
 351.000000 0.491964 0.680043 1.796210 0.090349
 352.000000 0.348017 0.691100 1.722389 0.221418
 353.000000 0.216085 0.748479 2.003130 0.076687
 354.000000 0.323711 0.738219 1.993884 0.059409
 355.000000 0.173935 0.795683 2.224232 0.062688
 356.000000 0.283024 0.745692 1.989793 0.137985
 357.000000 0.333330 0.762032 2.176580 0.134613
 358.000000 0.200887 0.746846 2.178426 0.046801
 359.000000 0.128927 0.766192 2.214746 0.030147
 360.000000 0.084057 0.802318 2.222918 0.014270
 361.000000 0.103842 0.773169 2.143018 0.035884
 362.000000 0.151888 0.746987 1.958949 0.043291
 363.000000 0.179689 0.728881 1.962798 0.043876
 364.000000 0.330689 0.725595 1.905426 0.570442
 365.000000 0.310214 0.714512 1.899261 0.328983
 366.000000 0.310648 0.710395 1.792448 0.366622
 367.000000 0.229005 0.702014 1.728881 0.382151
 368.000000 0.272566 0.730031 1.892881 0.096296
 369.000000 0.406276 0.751120 2.103013 0.334683
 370.000000 0.444566 0.739467 2.054017 0.297983
 371.000000 0.377370 0.732867 1.991004 0.238642
 372.000000 0.358986 0.739842 1.968305 0.272947
 373.000000 0.165194 0.787007 2.153361 0.056956
 374.000000 0.417819 0.732118 2.007029 0.207305
 375.000000 0.082916 0.772409 2.055163 0.007890
 376.000000 0.119335 0.743528 1.952056 0.041116
 377.000000 0.177470 0.733806 2.041380 0.069060
 378.000000 0.113654 0.714137 1.781533 0.035139
 379.000000 0.107365 0.751720 1.954701 0.026835
 380.000000 0.333535 0.716159 1.910913 0.140867
 381.000000 0.206352 0.714457 1.860614 0.065416
 382.000000 0.324917 0.720576 1.958934 0.126104
 383.000000 0.303044 0.723922 1.941754 0.187548
 384.000000 0.172853 0.764633 2.093189 0.028331
 385.000000 0.422094 0.680678 1.922042 0.152345
 386.000000 0.452922 0.717759 2.066898 0.149318
 387.000000 0.284712 0.723563 1.951792 0.090407
 388.000000 0.247312 0.736257 2.054712 0.043569
 389.000000 0.435581 0.694348 1.802858 0.511824
 390.000000 0.349403 0.696433 1.990890 0.125412
 391.000000 0.413485 0.723816 2.096712 0.215554
 392.000000 0.413288 0.696022 1.988328 0.801241
 393.000000 0.534691 0.693671 1.965966 0.810081
 394.000000 0.312123 0.758240 2.190159 0.254463
 395.000000 0.295473 0.742827 2.136061 0.177941
 396.000000 0.406836 0.713000 1.996754 0.293094
 397.000000 0.400611 0.691633 1.992161 0.101148
 398.000000 0.456018 0.696695 1.965474 0.097931
 399.000000 0.469649 0.693350 2.003553 0.481900
 400.000000 0.440552 0.687004 1.836686 0.247269
 401.000000 0.359806 0.701240 1.981944 0.394000
 402.000000 0.315022 0.719653 2.018806 0.245746
 403.000000 0.411352 0.721847 1.985425 0.252093
 404.000000 0.218283 0.716157 1.880969 0.161099
 405.000000 0.440661 0.673734 1.774766 0.411841
 406.000000 0.314927 0.670293 1.614208 0.383113
 407.000000 0.284843 0.646522 1.441242 0.838912
 408.000000 0.272335 0.626527 1.272100 0.343794
 409.000000 0.214376 0.611784 1.193785 0.347552
 410.000000 0.256735 0.612963 1.312130 0.230132
 411.000000 0.342607 0.612093 1.427802 0.226923
 412.000000 0.401529 0.604803 1.288359 0.694559
 413.000000 0.344547 0.626455 1.412192 0.430600
 414.000000 0.362207 0.631252 1.444870 0.167033
 415.000000 0.259515 0.638264 1.523490 0.292479
 416.000000 0.456095 0.655231 1.581383 0.490453
 417.000000 0.236188 0.646463 1.348206 0.830989
 418.000000 0.284872 0.701707 1.737774 0.316433
 419.000000 0.251872 0.699215 1.750451 0.202078
 420.000000 0.255275 0.698695 1.874292 0.826591
 421.000000 0.318454 0.663743 1.701600 0.871164
 422.000000 0.275272 0.672213 1.639295 0.511524
 423.000000 0.346553 0.663185 1.648106 0.806725
 424.000000 0.218471 0.641596 1.402563 0.526780
 425.000000 0.282341 0.643260 1.441195 0.614027
 426.000000 0.361269 0.668638 1.782882 0.894604
 427.000000 0.365906 0.675899 1.582704 0.827286
 428.000000 0.349206 0.647983 1.512057 0.554228
 429.000000 0.207557 0.674559 1.611031 0.186727
 430.000000 0.274405 0.685781 1.686282 0.479280
 431.000000 0.325762 0.720928 2.050183 0.104359
 432.000000 0.531629 0.664633 1.896758 0.776984
 433.000000 0.450056 0.691869 1.889966 0.286801
 434.000000 0.386027 0.689475 1.943095 0.101617
 435.000000 0.434056 0.702457 1.953114 0.370939
 436.000000 0.423472 0.664233 1.782417 0.748365
 437.000000 0.521183 0.663540 1.866608 0.749074
 438.000000 0.405924 0.650439 1.734351 0.200012
 439.000000 0.432983 0.681144 1.855977 0.235732
 440.000000 0.275772 0.647585 1.699618 0.786271
 441.000000 0.155426 0.641160 1.612488 0.174822
 442.000000 0.366089 0.636528 1.725002 0.346400
 443.000000 0.380881 0.665145 1.687916 0.470109
 444.000000 0.341356 0.651240 1.574437 0.396154
 445.000000 0.295505 0.650537 1.501350 0.509829
 446.000000 0.308552 0.666329 1.669352 0.667155
 447.000000 0.422407 0.655488 1.701818 0.666609
 448.000000 0.363532 0.667595 1.729476 0.808688
 449.000000 0.365616 0.670494 1.733847 0.537968
 450.000000 0.419104 0.668673 1.805702 0.439381
 451.000000 0.368592 0.723760 1.993683 0.169130
 452.000000 0.216987 0.738687 1.956651 0.078992
 453.000000 0.268687 0.745698 2.119737 0.082506
 454.000000 0.324986 0.709470 1.989255 0.178534
 455.000000 0.361991 0.681835 1.868309 0.326618
 456.000000 0.396676 0.683026 1.710216 0.321908
 457.000000 0.367216 0.665985 1.616676 0.440145
 458.000000 0.276235 0.708805 1.789965 0.055020
 459.000000 0.308231 0.721806 1.824156 0.176916
 460.000000 0.383154 0.717620 2.012701 0.187646
 461.000000 0.327985 0.734929 2.050150 0.115398
 462.000000 0.303427 0.724694 2.003981 0.118604
 463.000000 0.258312 0.737922 2.144710 0.084222
 464.000000 0.164671 0.756324 2.040164 0.067877
 465.000000 0.182132 0.696268 1.730329 0.086755
 466.000000 0.417701 0.644988 1.603448 0.126380
 467.000000 0.518603 0.627526 1.597629 0.630818
 468.000000 0.409278 0.644828 1.618272 0.260748
 469.000000 0.355790 0.661049 1.623999 0.877626
 470.000000 0.333693 0.663902 1.533399 0.208579
 471.000000 0.327525 0.668057 1.590448 0.533369
 472.000000 0.308119 0.710513 1.853240 0.150336
 473.000000 0.411106 0.678484 1.772455 0.694356
 474.000000 0.180818 0.662900 1.456349 0.354274
 475.000000 0.332607 0.629204 1.521353 0.622373
 476.000000 0.358809 0.673520 1.758994 0.096944
 477.000000 0.356655 0.664235 1.714533 0.575702
 478.000000 0.391278 0.643750 1.747896 0.568262
 479.000000 0.262350 0.636752 1.554055 0.677452
 480.000000 0.343126 0.643256 1.598726 0.223343
 481.000000 0.325954 0.633465 1.577513 0.642149
 482.000000 0.257281 0.619009 1.367220 0.868131
 483.000000 0.310193 0.647542 1.612239 0.136827
 484.000000 0.372934 0.639756 1.610471 0.608517
 485.000000 0.352409 0.665178 1.725990 0.882058
 486.000000 0.491373 0.660495 1.854100 0.295650
 487.000000 0.447727 0.621259 1.420799 0.255059
 488.000000 0.393120 0.659246 1.616487 0.402675
 489.000000 0.307597 0.650421 1.606259 0.045354
 490.000000 0.381022 0.653058 1.627023 0.688799
 491.000000 0.363469 0.705711 1.947163 0.554147
 492.000000 0.175086 0.694847 1.767273 0.168057
 493.000000 0.330290 0.654148 1.570308 0.191507
 494.000000 0.426383 0.624463 1.434859 0.146900
 495.000000 0.426267 0.634757 1.523388 0.211722
 496.000000 0.193846 0.675212 1.640036 0.016990
 497.000000 0.341661 0.627240 1.426348 0.089094
 498.000000 0.479468 0.639095 1.527768 0.207655
 499.000000 0.467690 0.637712 1.746108 0.687465
 500.000000 0.312914 0.676182 1.780802 0.349590
