#! FIELDS time alpha rg e2e hbond
 0.000000 0.070806 0.624817 1.020355 0.003111
 1.000000 0.063390 0.642614 1.138526 0.004092
 2.000000 0.042468 0.694861 1.086982 0.002159
 3.000000 0.065803 0.657672 1.199783 0.003108
 4.000000 0.074949 0.652717 1.256131 0.003939
 5.000000 0.068336 0.647290 1.114749 0.003350
 6.000000 0.047020 0.673431 1.172778 0.003310
 7.000000 0.060519 0.671477 1.312322 0.003779
 8.000000 0.087618 0.674368 1.483541 0.004901
 9.000000 0.082558 0.707239 1.753630 0.004165
 10.000000 0.049444 0.719072 1.749357 0.002854
 11.000000 0.074700 0.662312 1.409559 0.004756
 12.000000 0.113499 0.647103 1.293538 0.010756
 13.000000 0.146674 0.606748 1.179022 0.016354
 14.000000 0.154757 0.611593 1.271411 0.041956
 15.000000 0.163117 0.636349 1.424468 0.048517
 16.000000 0.210182 0.610516 1.294651 0.032051
 17.000000 0.144017 0.605544 0.873253 0.024417
 18.000000 0.131658 0.605320 0.771488 0.039817
 19.000000 0.143345 0.613846 0.751144 0.036387
 20.000000 0.157585 0.624297 1.004416 0.024828
 21.000000 0.139858 0.609695 0.879982 0.017248
 22.000000 0.142981 0.597366 0.791010 0.028526
 23.000000 0.124667 0.618308 0.731298 0.022893
 24.000000 0.187926 0.612336 0.896957 0.063293
 25.000000 0.157884 0.637742 1.076441 0.042372
 26.000000 0.152487 0.629079 1.052461 0.025745
 27.000000 0.128067 0.615519 0.919834 0.011854
 28.000000 0.175883 0.636773 1.237575 0.038122
 29.000000 0.179693 0.667019 1.385743 0.057053
 30.000000 0.134808 0.651121 1.505715 0.042977
 31.000000 0.093112 0.682357 1.759741 0.008479
 32.000000 0.084500 0.704699 1.596034 0.008490
 33.000000 0.070738 0.693429 1.407265 0.004741
 34.000000 0.043865 0.722345 1.565412 0.002649
 35.000000 0.052157 0.771679 1.845477 0.004216
 36.000000 0.032429 0.817527 2.064580 0.002481
 37.000000 0.055531 0.778687 2.037237 0.005091
 38.000000 0.049120 0.827702 2.291926 0.003425
 39.000000 0.068320 0.775096 2.050735 0.003186
 40.000000 0.075496 0.703827 1.811248 0.003975
 41.000000 0.091412 0.686070 1.562097 0.006520
 42.000000 0.080527 0.684716 1.446725 0.005193
 43.000000 0.030914 0.830208 2.119966 0.003112
 44.000000 0.037336 0.830344 2.289286 0.003330
 45.000000 0.040438 0.789868 2.091115 0.003212
 46.000000 0.038950 0.818404 2.234272 0.003665
 47.000000 0.033977 0.836225 2.198073 0.002841
 48.000000 0.025719 0.837728 2.159726 0.003482
 49.000000 0.019493 0.837457 2.109934 0.001650
 50.000000 0.022016 0.833781 2.018556 0.001787
 51.000000 0.023127 0.830356 2.051825 0.001905
 52.000000 0.027826 0.818360 2.066423 0.002667
 53.000000 0.035276 0.794488 2.030997 0.002944
 54.000000 0.025067 0.870563 2.438786 0.002544
 55.000000 0.022078 0.878846 2.532785 0.002270
 56.000000 0.024453 0.862815 2.471187 0.002177
 57.000000 0.025588 0.866053 2.493148 0.003817
 58.000000 0.018781 0.910517 2.553828 0.002376
 59.000000 0.013424 0.943778 2.765047 0.001338
 60.000000 0.017297 0.920807 2.629935 0.002223
 61.000000 0.013134 0.933772 2.580232 0.001843
 62.000000 0.019103 0.898213 2.416516 0.002538
 63.000000 0.017304 0.920881 2.696551 0.001850
 64.000000 0.015986 0.933693 2.745699 0.001457
 65.000000 0.018413 0.905193 2.563526 0.002274
 66.000000 0.017194 0.910757 2.500621 0.002147
 67.000000 0.019224 0.904139 2.518698 0.002064
 68.000000 0.027497 0.872438 2.486208 0.003103
 69.000000 0.035273 0.819032 2.217442 0.003886
 70.000000 0.035400 0.819503 2.160158 0.003454
 71.000000 0.016497 0.879147 2.346362 0.002225
 72.000000 0.025388 0.848327 2.232196 0.002709
 73.000000 0.024810 0.832328 2.131214 0.002059
 74.000000 0.049888 0.781327 1.974796 0.005073
 75.000000 0.036574 0.801571 1.943752 0.003487
 76.000000 0.030519 0.826496 2.138368 0.004759
 77.000000 0.028818 0.860530 2.404774 0.003967
 78.000000 0.018231 0.847098 2.164127 0.001395
 79.000000 0.022784 0.837128 2.152557 0.001869
 80.000000 0.018217 0.832454 2.187606 0.001283
 81.000000 0.021385 0.876931 2.467283 0.001741
 82.000000 0.023363 0.877679 2.403838 0.002505
 83.000000 0.017871 0.893309 2.438607 0.002169
 84.000000 0.024307 0.865020 2.384624 0.002207
 85.000000 0.032403 0.819213 2.115267 0.002181
 86.000000 0.020484 0.865482 2.307496 0.001629
 87.000000 0.040249 0.781800 1.907689 0.003328
 88.000000 0.038786 0.806185 2.166414 0.002938
 89.000000 0.034127 0.846171 2.300237 0.003637
 90.000000 0.018879 0.891772 2.493034 0.001433
 91.000000 0.019393 0.895743 2.593198 0.001993
 92.000000 0.016173 0.933926 2.725733 0.001544
 93.000000 0.020466 0.897154 2.512929 0.002277
 94.000000 0.026916 0.867082 2.547193 0.002111
 95.000000 0.031598 0.853867 2.454891 0.002627
 96.000000 0.024489 0.887477 2.466809 0.002367
 97.000000 0.037126 0.839055 2.327754 0.002767
 98.000000 0.029648 0.870280 2.458619 0.002734
 99.000000 0.023054 0.879664 2.533622 0.001857
 100.000000 0.034507 0.838320 2.333989 0.002901
 101.000000 0.022322 0.857487 2.275047 0.002163
 102.000000 0.034127 0.837505 2.274891 0.002536
 103.000000 0.049626 0.789914 2.066418 0.006022
 104.000000 0.030407 0.835088 2.234435 0.002771
 105.000000 0.035478 0.783907 1.839156 0.002576
 106.000000 0.022619 0.833913 2.072587 0.001851
 107.000000 0.017757 0.854673 2.152086 0.001397
 108.000000 0.027715 0.840040 2.232063 0.002377
 109.000000 0.023304 0.882972 2.521796 0.002163
 110.000000 0.024468 0.877473 2.513927 0.002978
 111.000000 0.020873 0.879474 2.507218 0.001647
 112.000000 0.022352 0.892025 2.523682 0.002041
 113.000000 0.022305 0.894783 2.537223 0.002452
 114.000000 0.037035 0.827168 2.191584 0.005770
 115.000000 0.066475 0.779292 2.096243 0.012207
 116.000000 0.036764 0.802973 2.085872 0.005154
 117.000000 0.028775 0.828673 2.149811 0.002999
 118.000000 0.028468 0.839591 2.253948 0.003164
 119.000000 0.020953 0.892231 2.501630 0.002401
 120.000000 0.019869 0.879284 2.351685 0.002394
 121.000000 0.037252 0.829614 2.238181 0.004273
 122.000000 0.060031 0.778278 1.990268 0.008368
 123.000000 0.051692 0.774652 1.880330 0.006398
 124.000000 0.066710 0.747904 1.687700 0.004671
 125.000000 0.040995 0.798029 2.045352 0.004222
 126.000000 0.042849 0.792868 1.958327 0.005006
 127.000000 0.039274 0.754764 1.641967 0.003588
 128.000000 0.035069 0.792110 1.891832 0.003049
 129.000000 0.052433 0.795474 2.108122 0.006881
 130.000000 0.048093 0.759099 1.787095 0.003493
 131.000000 0.027263 0.809899 1.987826 0.003432
 132.000000 0.017251 0.866720 2.237609 0.002131
 133.000000 0.022679 0.839277 2.173065 0.002765
 134.000000 0.035903 0.758758 1.839135 0.004739
 135.000000 0.020685 0.855149 2.283906 0.002262
 136.000000 0.027688 0.856544 2.379918 0.003465
 137.000000 0.042045 0.800815 2.086248 0.003182
 138.000000 0.034718 0.799163 2.153298 0.003141
 139.000000 0.017036 0.914396 2.609050 0.001874
 140.000000 0.028664 0.849243 2.343722 0.003820
 141.000000 0.019117 0.878066 2.392970 0.001994
 142.000000 0.017929 0.931942 2.711941 0.002793
 143.000000 0.023955 0.876013 2.477270 0.002733
 144.000000 0.014009 0.942626 2.736734 0.001564
 145.000000 0.012169 0.954522 2.761249 0.001172
 146.000000 0.009593 0.969417 2.724862 0.000836
 147.000000 0.009321 0.966555 2.730961 0.000956
 148.000000 0.009199 0.999583 2.874519 0.000893
 149.000000 0.010587 0.971087 2.753956 0.000773
 150.000000 0.009561 0.954846 2.525542 0.000851
 151.000000 0.010713 0.962127 2.638124 0.001111
 152.000000 0.013201 0.918058 2.380645 0.001926
 153.000000 0.012826 0.950667 2.620084 0.001271
 154.000000 0.016478 0.923956 2.463343 0.001403
 155.000000 0.020330 0.895310 2.327005 0.003115
 156.000000 0.030854 0.838833 2.276448 0.003584
 157.000000 0.014125 0.908477 2.398775 0.001344
 158.000000 0.009472 0.970762 2.721076 0.001106
 159.000000 0.007668 1.002199 2.903988 0.000820
 160.000000 0.008970 0.980948 2.825652 0.000959
 161.000000 0.007754 1.010278 2.933380 0.000768
 162.000000 0.010098 0.975296 2.831194 0.001038
 163.000000 0.009682 0.995056 2.923222 0.000909
 164.000000 0.010972 0.978338 2.851437 0.000970
 165.000000 0.015193 0.936832 2.710804 0.001368
 166.000000 0.013851 0.952419 2.747470 0.001391
 167.000000 0.013066 0.928662 2.595218 0.001148
 168.000000 0.012921 0.955499 2.724502 0.001316
 169.000000 0.012203 0.944564 2.686784 0.001193
 170.000000 0.013392 0.902367 2.422469 0.001329
 171.000000 0.014386 0.888901 2.380995 0.001299
 172.000000 0.012724 0.899256 2.492806 0.001198
 173.000000 0.013991 0.891264 2.420622 0.001151
 174.000000 0.012607 0.937767 2.692914 0.001051
 175.000000 0.009930 0.980514 2.822431 0.001004
 176.000000 0.011522 0.942583 2.694376 0.001032
 177.000000 0.009818 0.982687 2.816982 0.000782
 178.000000 0.016588 0.931656 2.717552 0.001795
 179.000000 0.018609 0.922053 2.667751 0.001705
 180.000000 0.010164 0.965294 2.763150 0.000915
 181.000000 0.014446 0.934929 2.683689 0.001276
 182.000000 0.012960 0.907785 2.488672 0.001110
 183.000000 0.013924 0.942596 2.700928 0.001302
 184.000000 0.012533 0.956647 2.795209 0.001213
 185.000000 0.011783 0.954784 2.717047 0.001152
 186.000000 0.012692 0.956163 2.742833 0.001148
 187.000000 0.013437 0.957023 2.818736 0.001139
 188.000000 0.018672 0.919401 2.654113 0.001826
 189.000000 0.013627 0.933240 2.667358 0.001333
 190.000000 0.015158 0.928402 2.657063 0.001615
 191.000000 0.013603 0.951303 2.736265 0.001315
 192.000000 0.009876 0.982541 2.890137 0.000976
 193.000000 0.008024 0.988842 2.829639 0.000858
 194.000000 0.010899 0.956742 2.673239 0.000967
 195.000000 0.013656 0.942853 2.711600 0.001418
 196.000000 0.008677 1.009584 2.858213 0.000862
 197.000000 0.008888 0.979873 2.801761 0.000800
 198.000000 0.012497 0.943272 2.716640 0.001501
 199.000000 0.013190 0.911227 2.533540 0.001030
 200.000000 0.009992 0.946607 2.547328 0.000952
 201.000000 0.009738 0.967565 2.665561 0.000921
 202.000000 0.010448 0.961000 2.680028 0.001120
 203.000000 0.016749 0.901929 2.500903 0.001609
 204.000000 0.012861 0.928978 2.556937 0.001162
 205.000000 0.010398 0.940654 2.610796 0.000862
 206.000000 0.016891 0.903175 2.504504 0.001677
 207.000000 0.018266 0.886762 2.412844 0.001332
 208.000000 0.019782 0.864488 2.306066 0.001441
 209.000000 0.017613 0.876361 2.239676 0.002043
 210.000000 0.027706 0.811510 1.971862 0.002508
 211.000000 0.022808 0.833112 1.937098 0.002511
 212.000000 0.029795 0.818211 1.923269 0.002365
 213.000000 0.023220 0.861581 2.230142 0.002659
 214.000000 0.029164 0.849251 2.300553 0.003623
 215.000000 0.027044 0.836594 2.247681 0.002588
 216.000000 0.033834 0.820270 2.233338 0.002677
 217.000000 0.023924 0.863679 2.433374 0.001537
 218.000000 0.024643 0.882007 2.566585 0.002373
 219.000000 0.014044 0.930912 2.557423 0.001251
 220.000000 0.018686 0.898141 2.458559 0.001588
 221.000000 0.024812 0.871439 2.392601 0.002038
 222.000000 0.026603 0.859391 2.390183 0.002227
 223.000000 0.017619 0.883211 2.484002 0.001660
 224.000000 0.015063 0.916852 2.612475 0.001466
 225.000000 0.016966 0.896100 2.518528 0.001700
 226.000000 0.019735 0.882567 2.546524 0.002161
 227.000000 0.022682 0.878403 2.475444 0.002728
 228.000000 0.018126 0.900451 2.487986 0.001888
 229.000000 0.017717 0.896143 2.529883 0.002018
 230.000000 0.017467 0.890972 2.455407 0.001776
 231.000000 0.023703 0.891271 2.564309 0.004030
 232.000000 0.033069 0.841963 2.395766 0.002804
 233.000000 0.046458 0.794131 2.020076 0.005227
 234.000000 0.021468 0.879677 2.509102 0.002216
 235.000000 0.027091 0.875302 2.541820 0.002388
 236.000000 0.026672 0.867455 2.335562 0.002995
 237.000000 0.033543 0.849806 2.353704 0.003168
 238.000000 0.039747 0.800813 2.087062 0.003622
 239.000000 0.021390 0.883206 2.498966 0.002324
 240.000000 0.014452 0.926927 2.539612 0.001101
 241.000000 0.015174 0.940655 2.643923 0.001476
 242.000000 0.012175 0.956643 2.743242 0.001111
 243.000000 0.014607 0.907236 2.568359 0.001301
 244.000000 0.014643 0.914310 2.591837 0.001402
 245.000000 0.011624 0.921273 2.418563 0.001045
 246.000000 0.013500 0.911319 2.587150 0.001394
 247.000000 0.014805 0.896083 2.454214 0.001313
 248.000000 0.011710 0.915743 2.506147 0.001025
 249.000000 0.012569 0.937251 2.666072 0.000955
 250.000000 0.010102 0.966716 2.717001 0.001080
 251.000000 0.012765 0.949740 2.743807 0.001328
 252.000000 0.013950 0.930709 2.575655 0.001174
 253.000000 0.012282 0.951403 2.670889 0.001210
 254.000000 0.014416 0.941075 2.617091 0.001325
 255.000000 0.013217 0.936755 2.576688 0.001280
 256.000000 0.012024 0.959679 2.772229 0.001235
 257.000000 0.015166 0.922839 2.608200 0.001249
 258.000000 0.017097 0.878987 2.228716 0.001591
 259.000000 0.015799 0.922386 2.558761 0.001477
 260.000000 0.014821 0.888119 2.192339 0.001357
 261.000000 0.017451 0.872844 2.196073 0.001444
 262.000000 0.017603 0.880355 2.318936 0.001667
 263.000000 0.014433 0.911442 2.567359 0.001573
 264.000000 0.015149 0.919414 2.525943 0.001430
 265.000000 0.013092 0.923295 2.652442 0.001236
 266.000000 0.015582 0.905794 2.511253 0.001507
 267.000000 0.011735 0.922394 2.604560 0.001011
 268.000000 0.017015 0.901441 2.593716 0.001693
 269.000000 0.020651 0.876620 2.468892 0.001873
 270.000000 0.013109 0.933592 2.521629 0.001044
 271.000000 0.015516 0.898069 2.375850 0.001527
 272.000000 0.014901 0.922832 2.468499 0.001428
 273.000000 0.013198 0.931074 2.566549 0.001033
 274.000000 0.017120 0.894799 2.516414 0.001315
 275.000000 0.014160 0.911021 2.585883 0.001373
 276.000000 0.009922 0.962695 2.707374 0.000977
 277.000000 0.014503 0.921370 2.697047 0.001453
 278.000000 0.011375 0.954508 2.738456 0.001412
 279.000000 0.019267 0.889903 2.508557 0.002631
 280.000000 0.014012 0.915046 2.567244 0.001314
 281.000000 0.016663 0.912042 2.651562 0.001715
 282.000000 0.015093 0.868552 2.260817 0.001532
 283.000000 0.017408 0.866484 2.347477 0.001715
 284.000000 0.016488 0.862139 2.162588 0.001767
 285.000000 0.022949 0.849683 2.175634 0.002242
 286.000000 0.027057 0.828553 2.281700 0.002152
 287.000000 0.031540 0.820494 1.980649 0.001713
 288.000000 0.013431 0.922458 2.597383 0.001489
 289.000000 0.019684 0.875802 2.306989 0.001972
 290.000000 0.017995 0.852656 2.033379 0.001521
 291.000000 0.015982 0.834745 1.800730 0.001383
 292.000000 0.019383 0.781308 1.426704 0.001494
 293.000000 0.018733 0.837861 1.893672 0.001968
 294.000000 0.018091 0.880768 2.278961 0.001906
 295.000000 0.015351 0.883566 2.117085 0.001500
 296.000000 0.014115 0.915233 2.413824 0.001724
 297.000000 0.017191 0.925920 2.533476 0.001569
 298.000000 0.016141 0.930351 2.549703 0.001475
 299.000000 0.018604 0.913508 2.531937 0.002130
 300.000000 0.013055 0.910589 2.389418 0.001777
 301.000000 0.015303 0.877346 2.322898 0.002726
 302.000000 0.022300 0.846207 2.294112 0.002468
 303.000000 0.018499 0.867401 2.342127 0.002118
 304.000000 0.017078 0.845621 2.141061 0.001974
 305.000000 0.019987 0.837416 2.148015 0.002712
 306.000000 0.014087 0.903224 2.391609 0.001772
 307.000000 0.013322 0.907682 2.310121 0.001637
 308.000000 0.016243 0.892839 2.163003 0.001303
 309.000000 0.015145 0.886346 2.018759 0.001493
 310.000000 0.017676 0.860485 2.127044 0.001682
 311.000000 0.020535 0.877584 2.266524 0.002004
 312.000000 0.016338 0.905262 2.449711 0.001450
 313.000000 0.017149 0.883921 2.329581 0.001708
 314.000000 0.012931 0.867215 2.041310 0.001176
 315.000000 0.016105 0.876728 2.253410 0.001604
 316.000000 0.016710 0.877895 2.203288 0.001494
 317.000000 0.018162 0.885466 2.408729 0.001767
 318.000000 0.014943 0.923174 2.511656 0.001382
 319.000000 0.026364 0.866758 2.457075 0.003086
 320.000000 0.017931 0.911767 2.498676 0.001480
 321.000000 0.027510 0.864287 2.354529 0.003066
 322.000000 0.020593 0.901773 2.566686 0.002150
 323.000000 0.020664 0.900187 2.499487 0.002282
 324.000000 0.017522 0.905281 2.351959 0.001712
 325.000000 0.023097 0.870795 2.151286 0.001869
 326.000000 0.027433 0.839963 1.911400 0.002267
 327.000000 0.020436 0.835787 1.866156 0.001959
 328.000000 0.033101 0.777951 1.676869 0.003935
 329.000000 0.020045 0.866403 2.133591 0.001817
 330.000000 0.022860 0.846301 2.188841 0.002350
 331.000000 0.021557 0.860851 2.231512 0.002118
 332.000000 0.020613 0.856428 2.203652 0.001947
 333.000000 0.024421 0.861583 2.210769 0.002126
 334.000000 0.026037 0.842992 2.122318 0.001835
 335.000000 0.021893 0.842041 2.085563 0.002912
 336.000000 0.024108 0.827853 2.156080 0.002526
 337.000000 0.023599 0.851040 2.193857 0.003182
 338.000000 0.021841 0.840790 2.121866 0.003249
 339.000000 0.020032 0.832191 2.073616 0.002233
 340.000000 0.017965 0.859679 2.158506 0.001944
 341.000000 0.018010 0.876442 2.284820 0.001589
 342.000000 0.029511 0.865456 2.098342 0.002138
 343.000000 0.019433 0.853871 2.088564 0.001351
 344.000000 0.014278 0.901022 2.295396 0.001026
 345.000000 0.015166 0.896804 2.410581 0.001140
 346.000000 0.010770 0.969896 2.747092 0.001289
 347.000000 0.010587 0.961046 2.663946 0.000897
 348.000000 0.010596 0.962886 2.710900 0.000991
 349.000000 0.012106 0.935003 2.591885 0.001042
 350.000000 0.021554 0.874798 2.466306 0.001884
 351.000000 0.019745 0.867876 2.389782 0.001522
 352.000000 0.047373 0.794915 2.260342 0.007063
 353.000000 0.033307 0.838608 2.403589 0.003728
 354.000000 0.034366 0.826089 2.260249 0.002966
 355.000000 0.026839 0.848218 2.444008 0.002688
 356.000000 0.018712 0.883478 2.488023 0.001399
 357.000000 0.020295 0.876866 2.411924 0.001476
 358.000000 0.016934 0.873120 2.322571 0.001562
 359.000000 0.032851 0.835860 2.365752 0.003415
 360.000000 0.023066 0.884848 2.465596 0.002432
 361.000000 0.031436 0.860291 2.337781 0.002564
 362.000000 0.021442 0.891198 2.486136 0.002080
 363.000000 0.031513 0.848547 2.409365 0.002836
 364.000000 0.026396 0.859546 2.418997 0.003070
 365.000000 0.025106 0.836423 2.232095 0.002756
 366.000000 0.017381 0.890188 2.397884 0.002031
 367.000000 0.020410 0.893619 2.426760 0.002277
 368.000000 0.015529 0.896418 2.378982 0.001729
 369.000000 0.009512 0.949789 2.656065 0.000945
 370.000000 0.011949 0.961038 2.699948 0.001225
 371.000000 0.013957 0.914574 2.644899 0.001711
 372.000000 0.013016 0.933712 2.633969 0.001733
 373.000000 0.014032 0.929937 2.636257 0.001201
 374.000000 0.013995 0.931913 2.601379 0.001168
 375.000000 0.015761 0.914370 2.573512 0.001384
 376.000000 0.015050 0.920453 2.584751 0.001318
 377.000000 0.013569 0.946176 2.689550 0.001359
 378.000000 0.015906 0.911396 2.647071 0.001555
 379.000000 0.021092 0.847307 2.297541 0.001999
 380.000000 0.022431 0.858550 2.295027 0.002815
 381.000000 0.012024 0.943220 2.635652 0.001874
 382.000000 0.017258 0.883013 2.390595 0.001607
 383.000000 0.019633 0.890581 2.529225 0.001956
 384.000000 0.019485 0.910214 2.623835 0.002301
 385.000000 0.017149 0.914986 2.657793 0.001954
 386.000000 0.018109 0.925285 2.622561 0.001880
 387.000000 0.017942 0.913216 2.595908 0.002050
 388.000000 0.019467 0.914009 2.558679 0.001658
 389.000000 0.021204 0.894711 2.414645 0.001591
 390.000000 0.019539 0.908530 2.403054 0.001488
 391.000000 0.023427 0.895505 2.374266 0.002156
 392.000000 0.017275 0.923692 2.534542 0.001539
 393.000000 0.015802 0.926083 2.585078 0.001567
 394.000000 0.017245 0.925323 2.583876 0.001614
 395.000000 0.017065 0.927338 2.651088 0.001640
 396.000000 0.018403 0.921079 2.611366 0.002258
 397.000000 0.016674 0.922620 2.525343 0.002137
 398.000000 0.014376 0.935088 2.719375 0.001567
 399.000000 0.022035 0.898032 2.448272 0.002157
 400.000000 0.014133 0.936242 2.655078 0.001357
 401.000000 0.009803 0.970237 2.791843 0.001057
 402.000000 0.011417 0.944565 2.717661 0.001309
 403.000000 0.015235 0.919365 2.595260 0.001630
 404.000000 0.018390 0.905425 2.461348 0.001755
 405.000000 0.014143 0.942058 2.724096 0.001422
 406.000000 0.011809 0.937451 2.643077 0.001382
 407.000000 0.018226 0.891547 2.351551 0.001924
 408.000000 0.016849 0.930535 2.554364 0.001876
 409.000000 0.024758 0.868263 2.318135 0.002141
 410.000000 0.014060 0.931000 2.585465 0.001571
 411.000000 0.018226 0.858011 2.167604 0.002488
 412.000000 0.019995 0.853717 2.138442 0.001892
 413.000000 0.023692 0.812941 2.055218 0.002027
 414.000000 0.023320 0.818606 2.186076 0.002360
 415.000000 0.050584 0.790996 2.122353 0.007222
 416.000000 0.055783 0.768405 2.076815 0.008811
 417.000000 0.053696 0.761128 1.927842 0.010845
 418.000000 0.071726 0.722229 1.726083 0.015513
 419.000000 0.068851 0.696672 1.402294 0.011079
 420.000000 0.065737 0.679646 1.415686 0.006881
 421.000000 0.024930 0.821119 1.943106 0.003147
 422.000000 0.047786 0.761615 1.570947 0.016423
 423.000000 0.045189 0.728105 1.473448 0.004606
 424.000000 0.045989 0.730864 1.345555 0.007156
 425.000000 0.053554 0.716184 1.324621 0.007816
 426.000000 0.058630 0.729084 1.256796 0.006736
 427.000000 0.050370 0.727459 1.297211 0.006394
 428.000000 0.068925 0.698468 1.343221 0.014953
 429.000000 0.049683 0.715364 1.410692 0.003885
 430.000000 0.054053 0.686754 1.175323 0.006429
 431.000000 0.055632 0.709636 1.397227 0.006265
 432.000000 0.068005 0.692599 1.323308 0.007774
 433.000000 0.056732 0.693670 1.180685 0.004459
 434.000000 0.041300 0.737237 1.473235 0.003219
 435.000000 0.047610 0.702137 1.246366 0.004236
 436.000000 0.039751 0.725351 1.616323 0.005016
 437.000000 0.065698 0.744446 1.746091 0.010323
 438.000000 0.042026 0.799777 1.992253 0.006905
 439.000000 0.027709 0.795729 1.753621 0.002557
 440.000000 0.052310 0.720297 1.492363 0.007236
 441.000000 0.056548 0.748370 1.738582 0.006257
 442.000000 0.048092 0.756700 1.666919 0.005929
 443.000000 0.059489 0.745129 1.643883 0.005299
 444.000000 0.047618 0.733762 1.573384 0.004580
 445.000000 0.050251 0.704716 1.282589 0.004318
 446.000000 0.047952 0.712027 1.236861 0.004986
 447.000000 0.055933 0.706107 1.289807 0.008203
 448.000000 0.060867 0.681884 1.133746 0.007528
 449.000000 0.077492 0.650942 1.070002 0.007418
 450.000000 0.061262 0.701555 1.202592 0.004925
 451.000000 0.060909 0.680622 1.199506 0.006822
 452.000000 0.068405 0.702149 1.369084 0.008439
 453.000000 0.045756 0.746673 1.724863 0.004769
 454.000000 0.050295 0.703600 1.534172 0.004807
 455.000000 0.061926 0.689038 1.392410 0.006381
 456.000000 0.040515 0.770818 1.824363 0.004821
 457.000000 0.026326 0.841723 2.161464 0.003085
 458.000000 0.027337 0.831858 2.140586 0.002807
 459.000000 0.045494 0.837683 2.245161 0.006681
 460.000000 0.025908 0.863274 2.368023 0.003089
 461.000000 0.070851 0.751633 1.851043 0.014433
 462.000000 0.042832 0.776926 1.959631 0.006367
 463.000000 0.057286 0.762721 1.904616 0.008120
 464.000000 0.043213 0.749825 1.616357 0.003733
 465.000000 0.036741 0.744610 1.432380 0.004257
 466.000000 0.031247 0.774743 1.710855 0.003297
 467.000000 0.028765 0.752337 1.706879 0.002596
 468.000000 0.039225 0.787726 1.817344 0.002832
 469.000000 0.041944 0.772714 1.785383 0.004633
 470.000000 0.024431 0.826447 2.065633 0.001621
 471.000000 0.031757 0.766957 1.737304 0.002353
 472.000000 0.039008 0.726029 1.431019 0.003385
 473.000000 0.036480 0.734514 1.378624 0.003416
 474.000000 0.043038 0.733767 1.476974 0.004624
 475.000000 0.050288 0.696723 1.306384 0.004852
 476.000000 0.036834 0.768298 1.684977 0.004301
 477.000000 0.035137 0.813321 1.957955 0.004568
 478.000000 0.020394 0.835097 1.953066 0.002137
 479.000000 0.019641 0.852660 1.814011 0.001492
 480.000000 0.016706 0.854648 2.016601 0.001553
 481.000000 0.015118 0.847571 2.038563 0.001597
 482.000000 0.017846 0.826851 1.861503 0.001948
 483.000000 0.022555 0.826308 1.921492 0.002678
 484.000000 0.025555 0.796923 1.771811 0.003423
 485.000000 0.029991 0.753112 1.520045 0.002504
 486.000000 0.035867 0.747731 1.525388 0.004658
 487.000000 0.058683 0.711812 1.445287 0.006248
 488.000000 0.100744 0.686552 1.349870 0.014160
 489.000000 0.094124 0.646151 1.086013 0.012397
 490.000000 0.139185 0.637477 1.126613 0.028821
 491.000000 0.133025 0.684250 1.381603 0.017240
 492.000000 0.094494 0.713188 1.553221 0.015847
 493.000000 0.090388 0.697770 1.521011 0.023295
 494.000000 0.143837 0.710275 1.381306 0.099672
 495.000000 0.106747 0.709127 1.302681 0.028675
 496.000000 0.148862 0.672458 1.260410 0.057234
 497.000000 0.110140 0.727498 1.677948 0.019491
 498.000000 0.094930 0.762406 1.783827 0.056152
 499.000000 0.199562 0.735740 1.714415 0.313378
 500.000000 0.179687 0.727960 1.814549 0.198158
