#! FIELDS time alpha rg e2e hbond
 0.000000 0.102639 0.593730 0.510082 0.017854
 1.000000 0.112103 0.594165 0.718114 0.012718
 2.000000 0.107744 0.634422 1.061893 0.010005
 3.000000 0.062485 0.715601 1.493995 0.007093
 4.000000 0.075369 0.702431 1.455625 0.010471
 5.000000 0.051979 0.788571 1.906541 0.007616
 6.000000 0.060961 0.768474 1.845044 0.005932
 7.000000 0.121023 0.714478 1.616567 0.014098
 8.000000 0.080067 0.739333 1.501344 0.008026
 9.000000 0.079299 0.763846 1.878795 0.012248
 10.000000 0.127829 0.709402 1.511101 0.019737
 11.000000 0.081850 0.706657 1.472094 0.014903
 12.000000 0.097367 0.709921 1.406801 0.030854
 13.000000 0.070098 0.749206 1.711111 0.010905
 14.000000 0.063925 0.746284 1.714619 0.004404
 15.000000 0.083061 0.704291 1.420837 0.017516
 16.000000 0.111253 0.705571 1.375402 0.009745
 17.000000 0.092246 0.709966 1.300427 0.014298
 18.000000 0.123199 0.664537 1.185869 0.024189
 19.000000 0.099023 0.673051 1.105562 0.020112
 20.000000 0.096986 0.675588 1.042832 0.016691
 21.000000 0.110247 0.691805 1.193964 0.014372
 22.000000 0.095834 0.667263 1.009073 0.013964
 23.000000 0.087531 0.705628 1.272975 0.009914
 24.000000 0.101241 0.707133 1.418160 0.016527
 25.000000 0.125994 0.657209 1.065932 0.017393
 26.000000 0.116258 0.662267 1.286054 0.015128
 27.000000 0.095185 0.675499 1.407418 0.012319
 28.000000 0.082075 0.697895 1.431403 0.010883
 29.000000 0.051655 0.692495 1.319945 0.006301
 30.000000 0.054306 0.715927 1.438176 0.005687
 31.000000 0.087529 0.651949 0.947075 0.010295
 32.000000 0.103730 0.674732 1.120034 0.012659
 33.000000 0.078431 0.669940 1.132844 0.004504
 34.000000 0.080036 0.706584 1.314514 0.009126
 35.000000 0.115005 0.684662 1.223761 0.016844
 36.000000 0.086562 0.709639 1.297538 0.009672
 37.000000 0.076645 0.733515 1.542848 0.009611
 38.000000 0.088798 0.731088 1.502039 0.007406
 39.000000 0.098390 0.715980 1.377226 0.008463
 40.000000 0.059383 0.772481 1.654180 0.005064
 41.000000 0.061754 0.782106 1.682505 0.005925
 42.000000 0.036224 0.794301 1.627262 0.001805
 43.000000 0.022920 0.836885 1.776433 0.001530
 44.000000 0.042722 0.797073 1.923302 0.003966
 45.000000 0.033198 0.845206 2.218267 0.003569
 46.000000 0.025933 0.848455 2.148001 0.003447
 47.000000 0.033482 0.828158 2.136113 0.003883
 48.000000 0.098625 0.747971 1.983860 0.011203
 49.000000 0.095312 0.705188 1.609531 0.012023
 50.000000 0.095005 0.694879 1.334163 0.005562
 51.000000 0.102498 0.664066 1.056056 0.011817
 52.000000 0.133957 0.638876 0.918602 0.014464
 53.000000 0.123504 0.667090 1.066061 0.013455
 54.000000 0.078844 0.726897 1.338104 0.008840
 55.000000 0.126637 0.636538 0.900883 0.013758
 56.000000 0.124283 0.664133 1.095693 0.012754
 57.000000 0.086081 0.695686 1.195745 0.014549
 58.000000 0.119903 0.699087 1.270240 0.011900
 59.000000 0.109272 0.746426 1.547362 0.009336
 60.000000 0.073177 0.750522 1.549830 0.006718
 61.000000 0.120776 0.690492 1.242302 0.020541
 62.000000 0.119055 0.673964 1.235679 0.018227
 63.000000 0.123219 0.676761 1.272712 0.010430
 64.000000 0.113048 0.697092 1.354121 0.018867
 65.000000 0.087098 0.691963 1.257685 0.010761
 66.000000 0.112907 0.674827 1.063070 0.011009
 67.000000 0.099747 0.666246 1.021921 0.019125
 68.000000 0.066970 0.707949 1.198563 0.007508
 69.000000 0.082961 0.681363 1.259688 0.012999
 70.000000 0.077435 0.740700 1.590346 0.009970
 71.000000 0.041295 0.776415 1.865238 0.004067
 72.000000 0.059275 0.779003 2.110418 0.006146
 73.000000 0.024920 0.840879 2.222345 0.001677
 74.000000 0.030127 0.860487 2.318168 0.002345
 75.000000 0.049592 0.811008 2.194606 0.005175
 76.000000 0.044677 0.820221 2.206270 0.004052
 77.000000 0.024368 0.865761 2.428425 0.002440
 78.000000 0.034690 0.842696 2.378808 0.004452
 79.000000 0.037703 0.793899 2.074588 0.003955
 80.000000 0.039712 0.748457 1.795323 0.004561
 81.000000 0.059001 0.765351 2.036835 0.009037
 82.000000 0.033587 0.758741 1.857075 0.002880
 83.000000 0.044435 0.778825 2.014989 0.004447
 84.000000 0.024058 0.840089 2.150885 0.002430
 85.000000 0.024447 0.853362 2.389782 0.002955
 86.000000 0.033344 0.831051 2.195079 0.002716
 87.000000 0.024637 0.863931 2.291247 0.002645
 88.000000 0.025888 0.874681 2.384851 0.002696
 89.000000 0.021105 0.865540 2.380056 0.002537
 90.000000 0.022572 0.874508 2.437124 0.002635
 91.000000 0.037734 0.840303 2.327275 0.003834
 92.000000 0.043817 0.824159 2.309616 0.004857
 93.000000 0.029873 0.844146 2.405057 0.003241
 94.000000 0.017337 0.890719 2.413084 0.001555
 95.000000 0.031059 0.843057 2.317037 0.003025
 96.000000 0.028011 0.851916 2.290936 0.002094
 97.000000 0.032273 0.797205 1.945937 0.001753
 98.000000 0.027642 0.825502 2.204699 0.001689
 99.000000 0.031824 0.809829 2.187262 0.002903
 100.000000 0.033183 0.816333 2.192664 0.003244
 101.000000 0.021822 0.865871 2.309560 0.002104
 102.000000 0.021650 0.870611 2.423610 0.002213
 103.000000 0.034281 0.815289 2.137991 0.004139
 104.000000 0.041860 0.782222 2.102173 0.005525
 105.000000 0.036765 0.800053 2.139297 0.005556
 106.000000 0.026799 0.804795 2.130814 0.003062
 107.000000 0.025447 0.796628 2.033630 0.002027
 108.000000 0.015965 0.878392 2.333448 0.001617
 109.000000 0.025823 0.821162 2.058185 0.002616
 110.000000 0.036190 0.797289 1.943780 0.003700
 111.000000 0.027936 0.798867 1.910308 0.002604
 112.000000 0.017369 0.865686 2.082327 0.001746
 113.000000 0.021456 0.815324 1.870004 0.002289
 114.000000 0.033089 0.802874 1.947943 0.003683
 115.000000 0.019634 0.836178 1.912444 0.002172
 116.000000 0.027952 0.797810 1.758473 0.003981
 117.000000 0.044851 0.775367 1.599171 0.004426
 118.000000 0.035866 0.813147 1.890405 0.003819
 119.000000 0.062289 0.776901 1.804888 0.004286
 120.000000 0.032244 0.858849 2.251386 0.003289
 121.000000 0.029606 0.826868 2.116305 0.005285
 122.000000 0.031062 0.809658 2.002233 0.004837
 123.000000 0.037327 0.796208 1.935238 0.007232
 124.000000 0.022580 0.851103 2.109736 0.002960
 125.000000 0.022734 0.842640 2.075875 0.004443
 126.000000 0.036831 0.803382 2.031005 0.006826
 127.000000 0.034609 0.800749 2.027497 0.005793
 128.000000 0.021001 0.843828 2.170199 0.002330
 129.000000 0.022912 0.870161 2.356138 0.005727
 130.000000 0.019497 0.857770 2.297718 0.002021
 131.000000 0.017742 0.872797 2.317841 0.002278
 132.000000 0.021539 0.853779 2.331035 0.003333
 133.000000 0.014917 0.903186 2.472471 0.001589
 134.000000 0.016399 0.874838 2.404316 0.002696
 135.000000 0.022104 0.865048 2.368466 0.002224
 136.000000 0.019943 0.878771 2.371119 0.002595
 137.000000 0.020586 0.850977 2.105141 0.008214
 138.000000 0.019003 0.877228 2.296279 0.002155
 139.000000 0.018690 0.874309 2.264424 0.001937
 140.000000 0.017572 0.861264 2.060326 0.002532
 141.000000 0.019935 0.828442 1.903088 0.001873
 142.000000 0.014692 0.866750 2.099789 0.001400
 143.000000 0.020087 0.876813 2.334648 0.002469
 144.000000 0.021536 0.861624 2.294322 0.002443
 145.000000 0.020470 0.868871 2.292613 0.003449
 146.000000 0.015289 0.902731 2.299429 0.002378
 147.000000 0.013274 0.930047 2.440878 0.003443
 148.000000 0.017892 0.885314 2.239223 0.004489
 149.000000 0.016093 0.887110 2.263888 0.002362
 150.000000 0.014716 0.889245 2.455094 0.002162
 151.000000 0.015952 0.886649 2.341501 0.002393
 152.000000 0.018653 0.866243 2.120779 0.004530
 153.000000 0.022901 0.837526 2.123230 0.002386
 154.000000 0.021555 0.859386 2.273831 0.004284
 155.000000 0.015411 0.857089 2.249667 0.001823
 156.000000 0.025005 0.816178 2.083150 0.005212
 157.000000 0.018515 0.863545 2.282071 0.003004
 158.000000 0.017707 0.871067 2.221134 0.002870
 159.000000 0.015702 0.874373 2.265172 0.002967
 160.000000 0.014133 0.886338 2.430163 0.001552
 161.000000 0.016005 0.921210 2.502746 0.003486
 162.000000 0.018899 0.862545 2.289085 0.002300
 163.000000 0.023895 0.841553 2.070855 0.003936
 164.000000 0.018209 0.873571 2.235510 0.002802
 165.000000 0.016844 0.879144 2.269368 0.004015
 166.000000 0.016716 0.894518 2.381924 0.002111
 167.000000 0.016550 0.898588 2.315027 0.003141
 168.000000 0.015369 0.873959 2.115250 0.003588
 169.000000 0.021980 0.876526 2.148856 0.005185
 170.000000 0.017059 0.863202 2.220601 0.003651
 171.000000 0.012881 0.920201 2.510132 0.001959
 172.000000 0.017993 0.901445 2.456460 0.002577
 173.000000 0.012552 0.909628 2.437218 0.001702
 174.000000 0.011841 0.957892 2.699323 0.001399
 175.000000 0.009159 0.981659 2.736485 0.001005
 176.000000 0.007720 1.009487 2.912264 0.000835
 177.000000 0.012219 0.970906 2.805959 0.001315
 178.000000 0.012638 0.949924 2.800795 0.001363
 179.000000 0.015080 0.937090 2.730645 0.001246
 180.000000 0.012814 0.947870 2.716518 0.000978
 181.000000 0.011479 0.954159 2.752915 0.000936
 182.000000 0.013142 0.937714 2.706057 0.001253
 183.000000 0.015726 0.910469 2.550455 0.001561
 184.000000 0.013030 0.933057 2.601069 0.001213
 185.000000 0.013243 0.944869 2.688048 0.001139
 186.000000 0.015713 0.927288 2.640239 0.001637
 187.000000 0.023702 0.887940 2.535957 0.002886
 188.000000 0.021543 0.886935 2.544045 0.002066
 189.000000 0.019735 0.900031 2.572148 0.001809
 190.000000 0.016599 0.922043 2.591091 0.001410
 191.000000 0.008888 0.994529 2.908459 0.000806
 192.000000 0.012196 0.949461 2.770715 0.000998
 193.000000 0.021783 0.895424 2.599390 0.001923
 194.000000 0.011454 0.969768 2.801392 0.001203
 195.000000 0.011840 0.956252 2.771309 0.001522
 196.000000 0.011818 0.967235 2.775237 0.001181
 197.000000 0.017644 0.920926 2.694083 0.001673
 198.000000 0.013136 0.950600 2.742569 0.001278
 199.000000 0.015601 0.942440 2.751615 0.001388
 200.000000 0.015818 0.942993 2.784541 0.001778
 201.000000 0.011030 0.967268 2.816440 0.000960
 202.000000 0.010876 0.967379 2.791493 0.001039
 203.000000 0.015998 0.937525 2.653386 0.001369
 204.000000 0.013918 0.926120 2.672555 0.001857
 205.000000 0.014404 0.921342 2.642697 0.002152
 206.000000 0.014894 0.918325 2.418842 0.001764
 207.000000 0.012029 0.944633 2.501671 0.001493
 208.000000 0.014167 0.919982 2.356763 0.001654
 209.000000 0.012258 0.935517 2.467303 0.001518
 210.000000 0.017532 0.893491 2.429759 0.002013
 211.000000 0.012411 0.919310 2.437532 0.002092
 212.000000 0.012576 0.918062 2.365871 0.001815
 213.000000 0.017717 0.905033 2.385746 0.002311
 214.000000 0.012209 0.962098 2.654567 0.001300
 215.000000 0.011310 0.966418 2.583586 0.001217
 216.000000 0.011902 0.947927 2.453401 0.001227
 217.000000 0.017005 0.932987 2.578285 0.001879
 218.000000 0.019845 0.897229 2.449610 0.002438
 219.000000 0.012818 0.949900 2.626463 0.001456
 220.000000 0.015466 0.929306 2.594936 0.001843
 221.000000 0.016845 0.915174 2.655084 0.001836
 222.000000 0.017956 0.924269 2.515394 0.002015
 223.000000 0.015423 0.913281 2.463349 0.002029
 224.000000 0.013869 0.941956 2.506150 0.001376
 225.000000 0.016314 0.906811 2.485227 0.002189
 226.000000 0.016227 0.929857 2.587385 0.002069
 227.000000 0.015312 0.916776 2.526581 0.001869
 228.000000 0.014184 0.933568 2.652620 0.001823
 229.000000 0.021525 0.886417 2.561042 0.003255
 230.000000 0.014854 0.918650 2.661173 0.001872
 231.000000 0.014399 0.933963 2.599526 0.001485
 232.000000 0.011221 0.954018 2.675271 0.001151
 233.000000 0.014343 0.904537 2.485137 0.001542
 234.000000 0.015235 0.920886 2.619430 0.001479
 235.000000 0.018150 0.905824 2.564423 0.002307
 236.000000 0.017010 0.912611 2.497638 0.001910
 237.000000 0.016361 0.907156 2.341006 0.002405
 238.000000 0.014818 0.920310 2.400303 0.001802
 239.000000 0.011974 0.953457 2.601563 0.001173
 240.000000 0.013937 0.927853 2.451103 0.001255
 241.000000 0.016140 0.908630 2.394568 0.001326
 242.000000 0.016249 0.923939 2.533546 0.001644
 243.000000 0.017727 0.922839 2.631055 0.002095
 244.000000 0.014441 0.936311 2.613541 0.001724
 245.000000 0.017115 0.917167 2.535620 0.002045
 246.000000 0.017355 0.924173 2.613445 0.001985
 247.000000 0.017170 0.928353 2.705218 0.002085
 248.000000 0.018921 0.906204 2.547961 0.002158
 249.000000 0.016243 0.874807 2.379698 0.001547
 250.000000 0.018511 0.880663 2.464898 0.002077
 251.000000 0.011875 0.951069 2.690796 0.001357
 252.000000 0.011303 0.960335 2.697475 0.001272
 253.000000 0.015345 0.904097 2.508133 0.002364
 254.000000 0.014580 0.917200 2.533701 0.002298
 255.000000 0.015857 0.902989 2.492175 0.001829
 256.000000 0.016737 0.919142 2.675257 0.002160
 257.000000 0.020592 0.883329 2.575005 0.002565
 258.000000 0.015642 0.925955 2.576068 0.001650
 259.000000 0.013518 0.924046 2.554181 0.001822
 260.000000 0.013703 0.905158 2.397657 0.001657
 261.000000 0.018576 0.862123 2.303031 0.002172
 262.000000 0.015639 0.881590 2.427493 0.001736
 263.000000 0.020311 0.879639 2.416773 0.003151
 264.000000 0.016637 0.897351 2.506509 0.002071
 265.000000 0.019037 0.897168 2.563274 0.002818
 266.000000 0.012556 0.935692 2.725079 0.001418
 267.000000 0.009878 0.960216 2.791325 0.001114
 268.000000 0.019446 0.889502 2.509350 0.002612
 269.000000 0.013097 0.921220 2.693122 0.001619
 270.000000 0.011881 0.955280 2.852000 0.001332
 271.000000 0.016285 0.905864 2.507403 0.002151
 272.000000 0.014674 0.937925 2.616592 0.001875
 273.000000 0.016715 0.927483 2.634657 0.001815
 274.000000 0.018491 0.926946 2.606656 0.002011
 275.000000 0.010406 0.986620 2.876792 0.001242
 276.000000 0.009343 0.998478 2.944575 0.000832
 277.000000 0.010199 0.988565 2.889954 0.000968
 278.000000 0.011045 0.983501 2.914661 0.000969
 279.000000 0.009249 1.000445 2.841742 0.000805
 280.000000 0.011190 0.963295 2.771751 0.001221
 281.000000 0.015061 0.936496 2.726256 0.001177
 282.000000 0.017242 0.922740 2.679990 0.001829
 283.000000 0.014848 0.923507 2.598591 0.001376
 284.000000 0.014955 0.956078 2.814088 0.001704
 285.000000 0.012991 0.951084 2.762902 0.001293
 286.000000 0.018276 0.920276 2.659350 0.001773
 287.000000 0.014322 0.933208 2.671028 0.001352
 288.000000 0.019480 0.928405 2.758571 0.002087
 289.000000 0.013151 0.960267 2.802894 0.001295
 290.000000 0.011317 0.967722 2.719813 0.001034
 291.000000 0.015014 0.933387 2.595875 0.001151
 292.000000 0.019269 0.920905 2.674587 0.001729
 293.000000 0.015456 0.934095 2.710591 0.001685
 294.000000 0.015450 0.928000 2.639380 0.001628
 295.000000 0.014141 0.948088 2.750059 0.001571
 296.000000 0.013086 0.956605 2.674477 0.001305
 297.000000 0.013840 0.933305 2.548228 0.001461
 298.000000 0.019887 0.888428 2.457424 0.002275
 299.000000 0.010400 0.955692 2.653656 0.001033
 300.000000 0.012260 0.932641 2.576983 0.001100
 301.000000 0.010283 0.954907 2.623269 0.001451
 302.000000 0.007536 0.999408 2.852490 0.000758
 303.000000 0.015497 0.910200 2.519948 0.002032
 304.000000 0.013526 0.909959 2.399405 0.001354
 305.000000 0.012717 0.908397 2.483710 0.001607
 306.000000 0.016651 0.912452 2.557827 0.002509
 307.000000 0.021113 0.893719 2.460723 0.002553
 308.000000 0.019012 0.894183 2.525711 0.002194
 309.000000 0.010745 0.941305 2.566680 0.001244
 310.000000 0.012673 0.936441 2.612156 0.001477
 311.000000 0.014216 0.937760 2.662587 0.001610
 312.000000 0.012248 0.950668 2.567403 0.001167
 313.000000 0.009391 0.981706 2.702160 0.001185
 314.000000 0.014113 0.929123 2.471761 0.001413
 315.000000 0.011136 0.949706 2.551181 0.001642
 316.000000 0.009514 0.979147 2.746226 0.001345
 317.000000 0.010499 0.958809 2.636639 0.001634
 318.000000 0.010167 0.968205 2.665407 0.001138
 319.000000 0.009160 0.969421 2.708321 0.001040
 320.000000 0.009085 0.960451 2.598425 0.001074
 321.000000 0.013372 0.930888 2.583111 0.001545
 322.000000 0.009022 0.963040 2.678301 0.001664
 323.000000 0.009564 0.950715 2.627608 0.001308
 324.000000 0.015877 0.908939 2.511560 0.002166
 325.000000 0.012778 0.939402 2.727758 0.001432
 326.000000 0.012946 0.940873 2.721480 0.001522
 327.000000 0.016030 0.931376 2.586466 0.002182
 328.000000 0.016987 0.914880 2.712240 0.001919
 329.000000 0.011565 0.955974 2.759466 0.001384
 330.000000 0.011960 0.960622 2.753296 0.001498
 331.000000 0.014149 0.937570 2.675593 0.001717
 332.000000 0.012407 0.944471 2.623548 0.001413
 333.000000 0.009551 0.963983 2.714133 0.001050
 334.000000 0.012707 0.923630 2.531317 0.001220
 335.000000 0.014977 0.905590 2.510024 0.001756
 336.000000 0.020972 0.889729 2.460533 0.002259
 337.000000 0.013433 0.929238 2.613067 0.001379
 338.000000 0.023156 0.869861 2.292302 0.002837
 339.000000 0.013219 0.890029 2.286109 0.001485
 340.000000 0.010674 0.942359 2.492587 0.001418
 341.000000 0.009847 0.942776 2.485582 0.001049
 342.000000 0.016655 0.877923 2.365976 0.002004
 343.000000 0.013910 0.882631 2.370241 0.002110
 344.000000 0.012956 0.919952 2.473339 0.001575
 345.000000 0.013203 0.901858 2.356636 0.002074
 346.000000 0.012536 0.943515 2.672326 0.001759
 347.000000 0.010481 0.938192 2.490392 0.001194
 348.000000 0.010931 0.940601 2.570423 0.001159
 349.000000 0.009654 0.950511 2.452553 0.001366
 350.000000 0.013067 0.925281 2.271495 0.002051
 351.000000 0.011557 0.943968 2.421106 0.001726
 352.000000 0.009582 0.964068 2.464196 0.001543
 353.000000 0.008685 0.975379 2.625093 0.001184
 354.000000 0.014834 0.877377 2.287956 0.001525
 355.000000 0.012947 0.862664 2.129358 0.002164
 356.000000 0.015842 0.863850 2.067312 0.001517
 357.000000 0.012807 0.882160 2.041537 0.000983
 358.000000 0.017135 0.860742 2.167512 0.001407
 359.000000 0.015659 0.882704 2.185209 0.001297
 360.000000 0.020546 0.852063 2.060040 0.001899
 361.000000 0.033492 0.787541 1.900668 0.004106
 362.000000 0.041161 0.784541 1.833925 0.004164
 363.000000 0.052001 0.759486 1.888681 0.006602
 364.000000 0.039717 0.784436 2.029816 0.003156
 365.000000 0.037825 0.792995 2.074693 0.001955
 366.000000 0.082233 0.733951 1.956161 0.005043
 367.000000 0.056010 0.747600 1.984843 0.005784
 368.000000 0.056254 0.750678 2.117346 0.003461
 369.000000 0.044635 0.795742 2.238509 0.003820
 370.000000 0.046125 0.799096 2.229153 0.003504
 371.000000 0.065080 0.803639 2.246619 0.002563
 372.000000 0.040915 0.847514 2.471497 0.003521
 373.000000 0.024387 0.857887 2.430674 0.003008
 374.000000 0.023095 0.848671 2.266359 0.002600
 375.000000 0.018649 0.856604 2.253374 0.001821
 376.000000 0.021510 0.899216 2.525224 0.002286
 377.000000 0.017590 0.901991 2.522418 0.001720
 378.000000 0.031755 0.859313 2.372355 0.003574
 379.000000 0.038800 0.833642 2.200458 0.003508
 380.000000 0.034033 0.797010 1.886191 0.003237
 381.000000 0.045790 0.793554 1.923437 0.004990
 382.000000 0.045935 0.806136 2.006398 0.004902
 383.000000 0.049174 0.801123 1.999878 0.005344
 384.000000 0.036507 0.802609 1.954619 0.004718
 385.000000 0.044839 0.792720 1.761482 0.008364
 386.000000 0.019169 0.853445 2.154093 0.002096
 387.000000 0.025446 0.835649 2.092107 0.003202
 388.000000 0.021985 0.858151 2.378985 0.002547
 389.000000 0.023211 0.867138 2.388799 0.003484
 390.000000 0.022074 0.874113 2.369243 0.002425
 391.000000 0.024158 0.853016 2.293548 0.002602
 392.000000 0.037168 0.836580 2.209129 0.005698
 393.000000 0.029596 0.832991 1.971291 0.002031
 394.000000 0.024183 0.839924 2.065248 0.003537
 395.000000 0.018785 0.850664 2.062769 0.002344
 396.000000 0.015277 0.879965 2.344376 0.001708
 397.000000 0.022263 0.868595 2.299247 0.001874
 398.000000 0.019860 0.888427 2.453162 0.002354
 399.000000 0.017922 0.874988 2.361937 0.001791
 400.000000 0.032193 0.780087 1.859027 0.003565
 401.000000 0.019563 0.873964 2.305223 0.001740
 402.000000 0.018385 0.926088 2.719669 0.002504
 403.000000 0.013919 0.920150 2.516571 0.001568
 404.000000 0.020664 0.881223 2.439951 0.002685
 405.000000 0.030057 0.851430 2.310524 0.003611
 406.000000 0.028716 0.832107 2.161093 0.002455
 407.000000 0.031320 0.862811 2.369164 0.004175
 408.000000 0.025323 0.849773 2.308313 0.003079
 409.000000 0.019274 0.887385 2.390417 0.001584
 410.000000 0.014466 0.934723 2.696752 0.001403
 411.000000 0.016405 0.913363 2.577472 0.001756
 412.000000 0.021510 0.887805 2.521515 0.002349
 413.000000 0.018967 0.920430 2.592124 0.001924
 414.000000 0.012428 0.953687 2.729043 0.001063
 415.000000 0.014736 0.936658 2.539484 0.001243
 416.000000 0.015667 0.933778 2.519636 0.001230
 417.000000 0.018683 0.881168 2.130298 0.001631
 418.000000 0.014751 0.933504 2.513841 0.001334
 419.000000 0.018703 0.905300 2.422551 0.001571
 420.000000 0.012505 0.969246 2.813515 0.001173
 421.000000 0.012193 0.972458 2.855225 0.001069
 422.000000 0.013959 0.961142 2.804669 0.001244
 423.000000 0.017343 0.923935 2.651242 0.001645
 424.000000 0.012502 0.941116 2.636343 0.001149
 425.000000 0.015720 0.902213 2.561091 0.001709
 426.000000 0.014741 0.934397 2.716711 0.001312
 427.000000 0.020848 0.909251 2.578267 0.002000
 428.000000 0.017343 0.902889 2.478265 0.001397
 429.000000 0.018443 0.866263 2.288181 0.001564
 430.000000 0.014371 0.897813 2.444452 0.001222
 431.000000 0.011828 0.918148 2.464844 0.001020
 432.000000 0.016319 0.895089 2.466848 0.001450
 433.000000 0.017377 0.868558 2.229333 0.001310
 434.000000 0.016723 0.890149 2.390188 0.001618
 435.000000 0.021485 0.833799 2.161657 0.001761
 436.000000 0.015304 0.915162 2.519527 0.001767
 437.000000 0.012158 0.969255 2.841253 0.001272
 438.000000 0.011534 0.968071 2.808252 0.001155
 439.000000 0.007313 0.991711 2.837665 0.000709
 440.000000 0.014971 0.931128 2.671729 0.001334
 441.000000 0.015220 0.939553 2.744484 0.001418
 442.000000 0.018616 0.919646 2.575406 0.001727
 443.000000 0.013131 0.951484 2.613958 0.001115
 444.000000 0.016339 0.944678 2.694443 0.001613
 445.000000 0.010867 0.981790 2.835794 0.001142
 446.000000 0.010199 0.982996 2.868688 0.001130
 447.000000 0.011839 0.963702 2.823584 0.001225
 448.000000 0.008771 1.006525 2.949994 0.000847
 449.000000 0.009844 0.992420 2.817972 0.000936
 450.000000 0.010249 0.975592 2.797757 0.001087
 451.000000 0.010482 0.949266 2.674936 0.001240
 452.000000 0.009643 0.952298 2.649049 0.001005
 453.000000 0.013702 0.915846 2.329891 0.002154
 454.000000 0.012928 0.914493 2.358446 0.003497
 455.000000 0.014530 0.925688 2.449729 0.003321
 456.000000 0.015116 0.924441 2.394436 0.004905
 457.000000 0.017068 0.884695 2.349644 0.005237
 458.000000 0.022090 0.838855 2.214572 0.005121
 459.000000 0.026113 0.848544 2.263157 0.008792
 460.000000 0.023258 0.838444 2.161937 0.003284
 461.000000 0.027914 0.798159 2.091838 0.002872
 462.000000 0.015144 0.886846 2.327990 0.001863
 463.000000 0.013904 0.892577 2.258867 0.001629
 464.000000 0.013564 0.902448 2.491958 0.001681
 465.000000 0.013008 0.891259 2.493683 0.001406
 466.000000 0.018965 0.836711 2.344757 0.001786
 467.000000 0.016520 0.828296 2.154051 0.001312
 468.000000 0.014044 0.871052 2.324731 0.001414
 469.000000 0.016021 0.896180 2.474728 0.002231
 470.000000 0.021747 0.866586 2.319312 0.002857
 471.000000 0.010554 0.939472 2.604760 0.001300
 472.000000 0.016196 0.881080 2.396629 0.001730
 473.000000 0.010142 0.945316 2.649541 0.001030
 474.000000 0.015657 0.890299 2.472544 0.002231
 475.000000 0.011513 0.925744 2.514789 0.001424
 476.000000 0.017089 0.926221 2.670825 0.001687
 477.000000 0.017719 0.923662 2.687513 0.001919
 478.000000 0.010987 0.960787 2.750179 0.001422
 479.000000 0.017129 0.930315 2.609503 0.003841
 480.000000 0.012927 0.927802 2.665012 0.001659
 481.000000 0.013291 0.931831 2.669795 0.001834
 482.000000 0.014065 0.923218 2.617260 0.002062
 483.000000 0.015025 0.915653 2.616561 0.001811
 484.000000 0.015396 0.907022 2.632877 0.001402
 485.000000 0.018742 0.884331 2.498730 0.001428
 486.000000 0.013105 0.911602 2.584028 0.001029
 487.000000 0.018146 0.848992 2.368583 0.001854
 488.000000 0.025038 0.803445 2.143459 0.001908
 489.000000 0.024426 0.847111 2.246726 0.002568
 490.000000 0.022840 0.841319 2.220550 0.002508
 491.000000 0.021636 0.846181 2.329823 0.002743
 492.000000 0.027211 0.804829 2.120032 0.004354
 493.000000 0.016593 0.871416 2.352657 0.001234
 494.000000 0.017456 0.890043 2.318471 0.001902
 495.000000 0.013255 0.898350 2.423396 0.001732
 496.000000 0.011873 0.957311 2.675941 0.001399
 497.000000 0.013587 0.928292 2.618132 0.001777
 498.000000 0.014756 0.920075 2.600038 0.001366
 499.000000 0.012038 0.946173 2.702820 0.001014
 500.000000 0.014959 0.922171 2.584688 0.001374
