#! FIELDS time chi158A chi185A chi186A chiT33A chiM155A
#! SET min_chi158A -pi
#! SET max_chi158A pi
#! SET min_chi185A -pi
#! SET max_chi185A pi
#! SET min_chi186A -pi
#! SET max_chi186A pi
#! SET min_chiT33A -pi
#! SET max_chiT33A pi
#! SET min_chiM155A -pi
#! SET max_chiM155A pi
 0.000000 -0.891220 -0.463782 -1.003516 -0.026007 -1.286307
 1.000000 -1.184240 -0.383507 -1.042429 1.413529 -1.192031
 2.000000 -1.325607 -0.721124 -1.179635 0.359737 -1.295021
 3.000000 -0.937212 -0.798035 -1.117559 1.126656 -1.065341
 4.000000 -1.040161 -0.673456 -1.353937 1.131002 -1.298409
 5.000000 -1.149734 -0.786356 -1.204592 -0.455612 -1.097603
 6.000000 -1.334100 -0.688406 -1.183188 -0.549229 -1.073330
 7.000000 -1.203929 -0.598467 -1.107469 1.002994 -1.161687
 8.000000 -1.216695 -0.578039 -0.981207 -1.082076 0.772945
 9.000000 -0.895557 -0.709316 -0.847802 1.225453 1.032105
 10.000000 -1.442909 -0.873641 -0.932515 0.429049 3.016395
 11.000000 -1.224211 0.694424 -1.206926 -1.063368 -1.309879
 12.000000 -1.367175 -0.899240 -1.033808 0.016192 -0.980197
 13.000000 -1.073722 -0.342700 -1.263354 0.564079 -1.216695
 14.000000 -1.506005 -0.840410 -1.200105 -0.791442 -1.181099
 15.000000 -0.940031 0.944929 -1.110209 0.727026 -1.248670
 16.000000 -1.191701 0.626546 -1.022180 0.224451 -1.197941
 17.000000 -1.349321 -0.500986 -1.248045 0.597994 -1.140160
 18.000000 -1.334811 -0.562135 -1.146140 0.479896 -1.099204
 19.000000 -1.397695 -0.458382 -1.201427 -0.172381 -1.349554
 20.000000 -1.081547 -0.478381 -1.037701 1.273774 -1.237974
 21.000000 -1.357740 0.304173 -1.022756 -0.531947 -1.137199
 22.000000 -1.241083 -0.448543 -1.033317 -1.692927 -1.097498
 23.000000 -1.052335 -0.787510 -1.429433 -1.030034 -1.221946
 24.000000 -1.169459 0.687240 -1.201427 -0.431010 -1.337426
 25.000000 -0.999217 0.361562 -1.359283 -0.785706 -1.045704
 26.000000 -0.961551 0.298043 -1.159337 -1.197951 -1.421792
 27.000000 -1.137334 -0.815397 -1.129196 -1.159670 -1.337444
 28.000000 -1.337596 -0.625856 -1.092516 -0.175989 -1.299050
 29.000000 -1.255199 -0.681507 -1.239436 -0.565661 -1.114813
 30.000000 -1.254050 -0.778732 -1.386753 -0.453306 -1.048907
 31.000000 -1.007192 -0.713039 -1.134605 -1.152546 -1.246216
 32.000000 -1.039798 -0.734126 -1.374266 -0.977803 -0.897545
 33.000000 -1.103952 -0.689389 -1.046119 0.621342 -1.237267
 34.000000 -1.245499 -0.836294 -1.007241 0.488932 -1.270855
 35.000000 -1.274340 -0.371923 -1.123639 1.086565 -1.238039
 36.000000 -1.133323 -0.898214 -1.473262 -0.939483 -1.112071
 37.000000 -1.247603 -0.593218 -0.977782 1.001699 -1.073367
 38.000000 -1.284534 0.630010 -1.537454 -0.668673 -1.253268
 39.000000 -1.329794 -0.764676 -1.370530 0.938012 -1.098264
 40.000000 -1.275724 -0.583977 -1.100767 1.176547 -1.203351
 41.000000 -1.239150 -0.608468 -1.055401 1.070417 -1.173410
 42.000000 -1.272819 0.852883 -1.082018 0.723100 -1.069830
 43.000000 -1.233268 -0.550126 -1.248471 -0.500493 -1.274226
 44.000000 -1.102856 -0.791117 -1.009322 -1.143477 -1.138941
 45.000000 -1.322631 -0.687353 -1.049380 1.247867 2.794842
 46.000000 -1.168503 -0.695128 -1.234802 -0.910911 -0.964359
 47.000000 -1.136388 -0.746027 -1.530993 0.202643 -1.074737
 48.000000 -1.545577 -0.691407 -1.191164 1.081089 -1.425133
 49.000000 -1.348406 -0.802325 -0.956657 1.183663 -0.976608
 50.000000 -1.041703 -0.816665 -1.301010 1.263226 -0.837219
 51.000000 -1.343778 0.611708 -1.101837 1.005181 -1.146478
 52.000000 -1.277918 -0.664015 -1.322361 -0.684913 -1.155781
 53.000000 -1.244524 -0.471068 -1.301100 -0.657284 -1.161092
 54.000000 -1.058858 -0.402530 -1.002029 -0.806249 -0.821794
 55.000000 -1.321206 -0.806143 -1.276691 -0.630718 -1.041335
 56.000000 -1.005603 -0.742806 -1.154566 -0.356891 -1.299995
 57.000000 -1.258008 -0.819360 -0.988969 -0.414257 -1.310338
 58.000000 -1.106179 -0.579566 -0.920106 0.496904 -1.205150
 59.000000 -1.230161 -0.443471 -1.186672 -0.713426 -1.241291
 60.000000 -0.960369 -0.668810 -1.197084 -1.260357 -1.061877
 61.000000 -1.275425 -0.821604 -1.336816 -0.678814 -1.372227
 62.000000 -1.177463 -0.454322 -1.213389 -0.914162 -1.067859
 63.000000 -1.373483 -0.896411 -1.037593 -1.096900 -1.152777
 64.000000 -1.231912 -0.716937 -1.307070 -1.357061 -1.015545
 65.000000 -1.150641 -0.419781 -0.993416 -0.897427 -1.299945
 66.000000 -1.286664 -0.518525 -1.239378 -0.441696 -1.169934
 67.000000 -1.070505 0.583054 -1.190924 -0.655601 -1.353237
 68.000000 -1.008544 -0.826447 -1.395971 -0.714435 -1.032174
 69.000000 -1.212161 -0.577822 -0.901043 -1.129795 -1.342889
 70.000000 -1.173069 -0.467434 -1.466422 0.653980 -1.104629
 71.000000 -1.057280 -0.660916 -1.132044 -0.974938 -1.034824
 72.000000 -1.282627 -0.465142 -1.058347 -0.136259 -1.237029
 73.000000 -1.283107 0.653935 -1.326947 -0.874781 -1.002381
 74.000000 -1.146019 -0.673383 -1.523852 -0.102678 -1.454674
 75.000000 -1.416568 -0.766937 -1.271445 -0.726659 -1.467650
 76.000000 -1.086457 -0.670779 -0.995276 -0.184645 -1.146880
 77.000000 -1.312239 -0.736029 -1.391295 -0.624285 -1.298930
 78.000000 -1.179932 -0.526076 -1.476130 0.058201 -1.236513
 79.000000 -1.560303 -0.641476 -1.162653 0.288926 -1.165132
 80.000000 -1.050038 -0.568082 -1.252309 -0.990688 -1.216203
 81.000000 -1.397904 -0.575535 -0.939639 0.672331 -1.165559
 82.000000 -1.387566 -0.695549 -1.307141 0.982064 -0.918750
 83.000000 -0.981551 0.662519 -0.932713 0.760534 -1.053770
 84.000000 -1.326738 -0.686966 -1.166314 0.797775 -1.163834
 85.000000 -0.881398 -0.366689 -1.038367 0.885665 -1.331241
 86.000000 -1.126152 -0.810806 -1.155347 1.387350 -1.244335
 87.000000 -1.320081 0.095209 -1.184902 -0.817903 -1.012447
 88.000000 -1.153916 -0.760777 -1.086351 1.025042 -1.209433
 89.000000 -1.157177 -0.749085 -1.456626 -0.256005 -1.110334
 90.000000 -1.235821 -0.632618 -1.191409 1.061330 -1.284844
 91.000000 -0.937216 -0.630992 -1.149071 -0.303688 -1.101654
 92.000000 -0.938337 -0.617926 -1.254700 -1.028862 -1.292441
 93.000000 -1.185878 -0.405073 -1.201903 -1.469377 -1.324159
 94.000000 -1.137329 -0.814725 -1.082751 -0.307322 -1.293776
 95.000000 -1.453219 -0.719742 -1.061932 -0.473705 -1.364837
 96.000000 -1.298284 -0.746076 -1.156184 -1.092299 -1.257476
 97.000000 -1.202893 -0.768861 -0.963330 0.431822 2.653258
 98.000000 -1.008034 -0.680013 -1.195828 -0.448387 -1.336041
 99.000000 -1.413970 -0.562848 -1.348008 1.344233 -1.318539
 100.000000 -0.985576 -0.891919 -1.206740 -1.093040 -1.280927
 101.000000 -1.076072 0.501877 -1.429779 -0.656121 -1.300693
 102.000000 -0.973486 -0.732829 -1.107833 -0.990712 -1.574427
 103.000000 -1.398074 -0.923237 -1.184750 0.652628 -1.261605
 104.000000 -1.437123 -0.767603 -1.273589 -1.046662 -1.093082
 105.000000 -1.307577 -0.367055 -1.390106 0.564271 -1.234572
 106.000000 -1.361939 -0.740494 -1.182500 -0.952629 -1.316608
 107.000000 -1.037694 -0.750406 -1.285705 -0.832480 -1.172259
 108.000000 -1.137004 0.627656 -0.934385 -0.854233 -0.965129
 109.000000 -1.100228 -0.793482 -1.308254 -1.055829 -1.264711
 110.000000 -1.245714 -0.819169 -1.350188 -0.784186 -0.997564
 111.000000 -1.115125 -0.490142 -1.230545 -0.909916 -1.206948
 112.000000 -1.385868 -0.651368 -1.063284 -0.020515 -1.024431
 113.000000 -1.477871 -0.874338 -1.203009 -0.613869 -1.177426
 114.000000 -1.393784 -0.914326 -1.380867 -0.327938 -0.992003
 115.000000 -1.432739 -0.850536 -1.257582 -1.178711 -1.501982
 116.000000 -1.255064 -0.745775 -1.014198 -0.304491 -1.304931
 117.000000 -1.108003 -0.904934 -0.937302 -0.084002 -1.489882
 118.000000 -1.157275 -0.661570 -1.289245 -0.397648 -1.097206
 119.000000 -1.094709 0.574652 -1.338981 -0.460194 -1.052352
 120.000000 -0.964911 0.198786 -1.223583 -0.717916 -1.293280
 121.000000 -1.407755 -0.585600 -1.027084 -0.109503 -1.202921
 122.000000 -1.086504 -0.734350 -1.362710 0.616168 -1.045912
 123.000000 -1.425080 0.451857 -1.130683 -0.920717 -1.017286
 124.000000 -1.104118 -0.780694 -1.168518 -0.877911 -1.369207
 125.000000 -1.231608 -0.308685 -1.530351 0.166485 -1.157473
 126.000000 -1.296637 -0.341425 -1.306552 -0.397329 -1.113780
 127.000000 -1.081536 0.588210 -1.160401 -0.995033 -1.145592
 128.000000 -1.168829 -0.984662 -1.074130 -0.262534 -1.200781
 129.000000 -1.049158 -0.628928 -1.070100 -0.406906 -1.087621
 130.000000 -1.035490 -0.651206 -1.292151 -0.271617 -1.202937
 131.000000 -1.115181 0.737393 -1.095681 -0.218578 -1.113546
 132.000000 -1.308230 -0.727283 -1.165545 -1.144914 -1.131535
 133.000000 -1.315355 -0.410054 -1.365203 -0.215906 -1.164845
 134.000000 -1.142494 -0.513097 -0.986062 -1.098382 -1.260285
 135.000000 -1.146986 -0.657868 -1.028234 -0.607954 -1.249221
 136.000000 -1.268175 0.715126 -1.246626 -1.114530 -1.258624
 137.000000 -1.067188 -0.683001 -1.325149 -0.992626 -1.043773
 138.000000 -1.101679 -0.838503 -1.355941 0.943258 -1.243454
 139.000000 -1.146985 -0.659210 -1.109622 0.449669 -1.108904
 140.000000 -1.097139 -0.679260 -1.180302 -0.824164 -0.959094
 141.000000 -1.135717 -0.804747 -0.985679 -0.974929 -0.959907
 142.000000 -1.216505 -0.592603 -0.990891 1.344345 -1.415174
 143.000000 -1.068492 -0.659547 -1.203978 1.261341 -1.462383
 144.000000 -1.433374 -0.751808 -1.287730 -0.853193 -0.894880
 145.000000 -1.181488 -0.584885 -1.423032 1.264858 -1.298149
 146.000000 -1.211584 -0.528107 -1.154719 -0.979259 -1.065473
 147.000000 -1.374381 -0.483039 -1.089734 1.203138 -1.266751
 148.000000 -1.358859 0.454846 -0.876753 1.063789 -1.354283
 149.000000 -1.169132 -0.600896 -0.916933 1.240037 -1.228596
 150.000000 -1.344649 -0.610518 -1.252353 1.414591 -1.261802
 151.000000 -1.247341 0.061695 -1.122590 1.264633 -1.207514
 152.000000 -1.065914 -0.671728 -1.299844 1.180645 -1.250289
 153.000000 -1.142516 -0.655396 -1.009279 1.229566 -1.353168
 154.000000 -1.278614 -0.742708 -1.028380 -1.065285 -1.094140
 155.000000 -1.184251 1.003139 -0.862012 -0.796457 -1.124723
 156.000000 -1.138486 -0.636396 -1.234121 1.264622 -0.908069
 157.000000 -1.070503 -0.812839 -1.076603 0.654143 -0.954848
 158.000000 -1.240916 -0.460421 -1.061485 1.059571 -1.233907
 159.000000 -1.306107 -0.550126 -1.052826 0.748044 -1.042489
 160.000000 -1.273135 -0.775807 -1.469829 1.133201 -1.314390
 161.000000 -1.292379 -0.872320 -1.338813 1.472690 -1.155013
 162.000000 -1.302579 0.665154 -1.233816 -1.099341 -0.895087
 163.000000 -1.247828 0.897308 -1.377742 0.614326 -1.060570
 164.000000 -1.137194 -0.496034 -1.181294 -1.270919 -1.088619
 165.000000 -1.283237 -0.871998 -1.259226 -0.608790 -1.189164
 166.000000 -1.323978 -0.646098 -0.934315 -1.050216 -1.220596
 167.000000 -0.944192 -0.733873 -1.008983 -0.389534 -0.963064
 168.000000 -1.249222 -0.859373 -1.131989 -0.753322 -1.294617
 169.000000 -0.975642 0.503114 -1.083252 -0.619820 -1.156735
 170.000000 -1.043361 -0.906552 -1.310564 -1.190250 -1.320978
 171.000000 -1.298175 -0.788915 -1.061333 -0.695661 -1.058495
 172.000000 -1.399880 -0.761877 -1.222672 -0.354001 -1.123998
 173.000000 -1.396484 0.444245 -1.135609 -0.760916 -1.218129
 174.000000 -1.313412 0.671934 -1.160984 -0.937210 -1.197802
 175.000000 -1.222589 -0.758985 -1.110771 -0.497091 -1.177380
 176.000000 -1.155894 -0.380770 -1.287489 -1.153332 -1.151297
 177.000000 -1.214525 -0.717489 -1.070174 -0.924125 -1.126029
 178.000000 -1.206339 -0.597714 -1.101102 -1.279036 -1.321380
 179.000000 -1.419486 -0.713122 -0.976108 -1.229516 -1.215046
 180.000000 -1.378932 -0.717378 -1.014481 -0.965711 -1.392985
 181.000000 -1.334811 -0.691431 -1.261000 -1.282436 -1.124843
 182.000000 -1.052459 -0.839373 -1.248662 -1.217062 -1.339401
 183.000000 -1.325434 -0.547147 -1.309443 -0.994580 -1.154827
 184.000000 -1.015222 0.726677 -1.083805 -1.122268 -1.385161
 185.000000 -1.302924 0.262290 -0.889047 -1.018585 -1.266824
 186.000000 -1.181452 -0.763729 -1.370719 -0.566332 -1.439287
 187.000000 -1.241211 -0.763554 -1.267096 -0.941817 -1.318363
 188.000000 -1.210072 -0.846953 -1.033078 -0.701810 -1.329580
 189.000000 -1.218557 -0.677833 -0.950722 -1.129907 -1.263689
 190.000000 -1.214233 -0.584609 -1.250596 -0.643683 -1.393746
 191.000000 -1.355844 -0.710990 -1.201533 -0.595945 -1.354587
 192.000000 -1.252489 -0.987889 -1.279127 -1.171482 -1.357358
 193.000000 -1.382496 0.615352 -1.347010 -0.724297 -0.992032
 194.000000 -1.323915 -0.593351 -1.011037 -0.924714 -1.096012
 195.000000 -1.118388 -0.558066 -1.294386 -0.413518 -1.235734
 196.000000 -1.471216 -0.655339 -1.172623 -1.017674 -1.194821
 197.000000 -1.243546 -0.753256 -1.136323 -0.605641 -1.350297
 198.000000 -0.922615 -0.856206 -1.197889 1.001079 -1.350185
 199.000000 -1.175677 -0.692435 -1.235460 0.381135 -1.185934
 200.000000 -1.179726 0.820509 -0.883059 0.564680 -1.473667
 201.000000 -1.278789 -0.551783 -1.101841 0.367422 -1.332294
 202.000000 -1.037813 -0.714443 -1.267528 0.628263 -1.422850
 203.000000 -1.354977 -0.375982 -0.905362 -0.941315 -1.106599
 204.000000 -1.071387 -0.665831 -1.056729 -1.037567 -1.262000
 205.000000 -1.148559 -0.842070 -1.015309 -0.611503 -1.208843
 206.000000 -1.081942 -0.682258 -1.378303 -0.979210 -1.166591
 207.000000 -1.306014 -0.754093 -1.313919 -0.888106 -1.034280
 208.000000 -1.289868 -0.807843 -0.979655 -1.016680 -1.192382
 209.000000 -1.246712 -0.591983 -1.183857 -1.164560 -1.177536
 210.000000 -1.132384 -0.410857 -1.234039 0.443906 -1.519867
 211.000000 -1.275289 -0.608994 -1.279461 0.134651 -1.301007
 212.000000 -1.170117 -0.763375 -1.102819 0.393012 -1.180923
 213.000000 -1.107278 -0.812744 -1.356120 -1.015173 -0.974166
 214.000000 -1.141543 -0.763957 -1.182406 -1.093509 -1.506640
 215.000000 -1.420009 -0.554399 -1.314053 0.925463 -1.383396
 216.000000 -1.323868 -0.801651 -1.043841 0.194871 -1.354311
 217.000000 -1.028685 -0.552969 -1.098037 0.983150 -1.352440
 218.000000 -1.270816 -0.908974 -1.220435 -1.300645 -1.273317
 219.000000 -1.106750 -0.628007 -1.414656 -1.096480 -1.331136
 220.000000 -1.040109 -0.923704 -1.150729 -0.056600 -1.151190
 221.000000 -1.316743 -0.827213 -1.211362 1.277451 0.943381
 222.000000 -1.390232 -0.597431 -1.171319 1.318395 3.032171
 223.000000 -1.091892 -0.689802 -0.960765 -0.487451 -1.106304
 224.000000 -1.043624 -0.712467 -1.106572 -1.070695 -1.013748
 225.000000 -1.252744 0.077490 -1.037659 -1.200741 -1.368993
 226.000000 -1.208965 -0.971940 -1.235703 -1.063193 -1.233342
 227.000000 -1.251047 -0.622228 -1.239481 -1.242370 -1.277605
 228.000000 -1.354240 -0.814215 -1.080681 -0.391072 -1.241494
 229.000000 -1.313672 -0.467554 -1.197008 -0.152989 -1.191622
 230.000000 -1.161494 -0.864337 -1.158287 1.381530 -1.196453
 231.000000 -1.210394 -0.497674 -1.257109 -0.293413 -1.213481
 232.000000 -0.960630 -1.013629 -1.132199 -1.022310 -1.226264
 233.000000 -1.073411 -0.587691 -1.245469 -0.876333 -1.105072
 234.000000 -1.008944 -0.751387 -1.219956 -1.007946 -1.251202
 235.000000 -1.218461 -0.857878 -1.044533 -0.840907 -1.073272
 236.000000 -1.110832 -0.380515 -1.194463 1.350976 -1.276310
 237.000000 -1.041403 -0.826640 -1.148233 -1.217696 -1.007142
 238.000000 -1.179538 -0.837452 -1.079855 -0.824278 -1.419145
 239.000000 -1.070269 -0.691212 -1.104516 1.326935 -1.099975
 240.000000 -1.146033 -0.764893 -1.327126 -0.716190 -1.095418
 241.000000 -1.180914 -0.841229 -1.572683 -1.039236 2.723537
 242.000000 -1.242882 -0.431710 -0.973696 -0.171647 -1.148018
 243.000000 -1.125889 -0.726344 -1.174709 1.081221 -1.141408
 244.000000 -1.216045 -0.755968 -0.981818 -0.353569 2.901909
 245.000000 -1.139129 -0.579799 -1.137269 1.348028 -0.844121
 246.000000 -1.042829 -0.474575 -1.199760 1.157576 -1.176131
 247.000000 -1.277161 -0.760288 -0.978418 -1.017143 -1.270848
 248.000000 -1.418195 -0.872316 -1.054695 -0.945974 -1.155966
 249.000000 -1.364656 -0.544012 -1.110396 -0.898677 -1.110170
 250.000000 -1.033207 -0.527387 -1.056430 -0.685410 -1.473867
 251.000000 -1.192018 0.555954 -1.051794 -1.293883 -1.509578
 252.000000 -0.955085 -0.721872 -1.115989 -1.102260 -1.136496
 253.000000 -1.001347 -0.779744 -1.263701 -1.080339 2.919347
 254.000000 -1.304812 -0.554219 -1.156714 -1.072878 -1.049274
 255.000000 -1.229977 -0.815702 -1.111483 -0.991979 -1.262695
 256.000000 -1.212815 -0.652442 -1.281900 -1.039519 -1.197462
 257.000000 -1.484012 -0.972982 -1.189051 1.050837 -1.157987
 258.000000 -1.089882 -0.442471 -1.285061 -0.742649 -1.136027
 259.000000 -1.120709 -0.828426 -1.282668 -0.535298 -1.222571
 260.000000 -1.241883 -0.738950 -1.048700 -0.233020 -1.161736
 261.000000 -1.149621 -0.729626 -1.014185 1.241735 -1.394631
 262.000000 -1.189147 -0.582005 -1.192672 -0.287730 -1.464037
 263.000000 -1.084830 0.351438 -1.224442 0.334036 -1.255289
 264.000000 -1.151243 -0.507765 -1.083887 -0.136409 -1.354339
 265.000000 -1.154101 -0.803068 -1.316672 1.100019 -1.308406
 266.000000 -0.866643 -0.505865 -1.116282 -0.270945 -1.233749
 267.000000 -1.208888 0.854377 -1.184210 -0.623448 -0.990168
 268.000000 -1.157577 -0.564998 -1.252784 0.680822 -1.079393
 269.000000 -1.489196 -0.468358 -0.947252 1.419813 -1.217968
 270.000000 -1.078077 -0.753161 -0.915421 1.124607 -1.113741
 271.000000 -1.452741 -0.024458 -0.925069 -0.343690 -1.276936
 272.000000 -1.058050 -0.724339 -1.142065 0.462532 -1.364848
 273.000000 -1.111849 -0.513075 -1.208679 -0.261158 -1.287508
 274.000000 -1.205908 -0.923475 -1.088935 -0.887013 -1.531438
 275.000000 -1.088757 -0.686841 -1.006179 1.274059 -1.090864
 276.000000 -1.090899 -0.785961 -1.182116 1.182462 -1.176158
 277.000000 -1.283242 -0.605155 -1.313297 -0.787662 -1.230240
 278.000000 -1.205544 -0.733037 -1.243747 -0.690724 -1.151805
 279.000000 -0.997278 -0.482986 -1.211362 -0.338735 -1.335498
 280.000000 -1.322520 -0.314652 -1.143403 0.140101 -1.343117
 281.000000 -1.400849 -0.722286 -1.479900 -0.290784 -1.171186
 282.000000 -1.177945 0.498526 -1.220718 -1.694204 -1.098205
 283.000000 -1.096983 -0.780840 -1.397215 -1.211557 -0.578025
 284.000000 -1.081490 -0.862922 -1.570464 -1.200161 -1.106984
 285.000000 -1.111907 -0.651124 -1.335092 -0.131329 -0.981264
 286.000000 -1.158158 -0.729530 -1.185510 -0.397176 -1.386231
 287.000000 -1.378178 -1.223622 -1.140392 -1.049306 -1.342050
 288.000000 -1.177320 -0.751754 -1.136420 -1.106947 -1.133546
 289.000000 -1.077162 -0.704053 -1.194225 -1.109586 -1.003383
 290.000000 -1.072056 -0.624034 -1.459352 0.349729 -1.271298
 291.000000 -1.181992 0.226077 -1.129492 1.253770 -1.201717
 292.000000 -1.232171 0.583971 -0.863881 -1.036528 -1.333366
 293.000000 -1.364149 -0.527608 -1.254249 -0.491361 -1.043189
 294.000000 -1.518752 0.721145 -1.182074 0.230187 -1.303388
 295.000000 -1.192020 -0.461897 -1.007708 -0.972014 -1.167054
 296.000000 -1.249340 -0.587206 -1.313907 0.720014 -1.186770
 297.000000 -1.249486 0.603181 -1.107362 -0.499220 -1.397489
 298.000000 -1.102407 -0.648374 -1.151868 -1.208875 -1.101836
 299.000000 -0.965523 -0.821026 -1.082966 1.229507 -1.039958
 300.000000 -1.364155 -0.203926 -0.973603 -1.128627 -1.392428
 301.000000 -1.162974 -0.526133 -1.030413 -0.276018 -0.986128
 302.000000 -1.151967 -0.495490 -1.192123 -0.969765 -1.065005
 303.000000 -1.013616 -0.640625 -0.861572 -0.809186 -1.001399
 304.000000 -1.392189 -0.862442 -0.986430 -1.349092 -1.571467
 305.000000 -1.227909 -0.738332 -1.223661 -0.630832 -1.152735
 306.000000 -1.600040 -0.477224 -1.216669 -0.957992 -1.247969
 307.000000 -1.131854 -0.630923 -1.025752 -0.910064 -1.271037
 308.000000 -1.194259 -0.437478 -1.076440 -1.073415 -1.237972
 309.000000 -1.288100 -0.481519 -1.142037 -1.053137 -1.453414
 310.000000 -1.604685 -0.526582 -1.228564 -1.128790 -1.300214
 311.000000 -1.032287 -0.619604 -0.995250 -0.492674 -1.340869
 312.000000 -1.296203 0.741876 -0.926224 -0.873681 -1.421279
 313.000000 -1.231975 0.473217 -1.317150 -1.394572 -1.209526
 314.000000 -1.365835 0.666388 -1.073584 -1.149223 2.699336
 315.000000 -1.123965 -0.848834 -1.276174 -1.232305 -0.944869
 316.000000 -1.386243 0.685644 -1.270672 -0.128386 -1.158891
 317.000000 -0.944391 -0.515794 -1.097398 -0.273018 -1.466658
 318.000000 -1.135476 0.483358 -1.351377 -1.042164 -1.249500
 319.000000 -1.318677 0.755850 -1.066091 0.695052 -1.097847
 320.000000 -1.316798 -0.677826 -1.036772 -0.415700 -1.093578
 321.000000 -1.392108 -0.625221 -1.153725 1.461367 -1.218561
 322.000000 -1.016657 0.371884 -1.333955 -0.194971 -1.428862
 323.000000 -1.255946 -0.744089 -1.073100 -0.526568 -1.049282
 324.000000 -0.949620 -0.658041 -1.133890 0.521265 -1.254115
 325.000000 -1.271132 -0.785266 -1.139155 -0.290285 -1.050237
 326.000000 -1.225712 -1.009953 -1.123633 -0.489559 -1.354861
 327.000000 -1.312648 -0.579320 -1.245362 -0.331438 -1.069998
 328.000000 -1.285644 -0.484396 -1.045531 -1.021405 -1.375511
 329.000000 -1.208895 -0.941510 -1.079943 -0.347562 -1.234076
 330.000000 -1.246133 -0.506630 -1.285583 -0.403809 -1.184058
 331.000000 -1.191115 -0.637329 -1.084322 0.901508 -1.388467
 332.000000 -1.107224 -0.528101 -1.231279 -0.980410 1.244085
 333.000000 -0.956402 -0.463336 -1.365740 -0.362001 -1.369937
 334.000000 -1.255061 -0.706555 -1.218974 -1.365359 -1.273487
 335.000000 -1.364426 -0.654276 -1.068602 0.497195 -1.054947
 336.000000 -1.093136 0.545386 -1.049143 -0.617177 -1.333653
 337.000000 -1.111543 -0.863661 -1.123285 -1.072590 -1.108673
 338.000000 -0.974478 -0.719596 -1.247944 -0.576082 -1.125051
 339.000000 -1.356627 -0.874153 -1.020358 -0.492695 -1.268400
 340.000000 -1.155033 -0.630401 -0.995276 1.323008 -1.240473
 341.000000 -1.214948 -0.532198 -1.329735 -1.039868 -1.231572
 342.000000 -1.174164 -0.294952 -1.268558 -0.211874 -1.488715
 343.000000 -1.256081 -0.859654 -1.354737 -0.096841 -1.088752
 344.000000 -1.239640 -0.658163 -1.214547 -0.790207 -1.167911
 345.000000 -1.097275 -0.817364 -1.055072 -0.926779 -1.134829
 346.000000 -0.904932 -0.773721 -0.994194 -1.033901 -1.252172
 347.000000 -1.478189 -0.907283 -1.118103 -1.295570 -1.083348
 348.000000 -1.288564 -0.872660 -1.192948 -1.012463 -1.211691
 349.000000 -1.076736 -0.848614 -0.961960 -0.884507 -1.198854
 350.000000 -1.156057 -0.433867 -1.140892 -0.852980 -1.165665
 351.000000 -1.436044 -0.587834 -1.014708 -0.812686 -1.304455
 352.000000 -1.252748 0.459213 -1.266751 -0.728091 -1.299521
 353.000000 -1.007783 0.429207 -1.095602 -1.388840 -1.306592
 354.000000 -1.193124 -0.632718 -1.190270 -1.040798 -1.617688
 355.000000 -0.936706 -0.720611 -1.456253 -1.134685 -1.259282
 356.000000 -0.993340 -0.609898 -1.323845 1.213058 -1.220072
 357.000000 -1.110093 -0.742755 -1.300967 1.345272 -1.101111
 358.000000 -1.207861 -0.641417 -1.018823 -0.852777 -1.174051
 359.000000 -1.535771 -0.798758 -1.022417 -0.431923 -1.242612
 360.000000 -1.289336 -0.467242 -0.960760 -1.126251 -1.536838
 361.000000 -1.222930 -0.633129 -1.346991 -1.237720 -0.869927
 362.000000 -1.255662 -0.481626 -1.168644 -0.439796 -1.238132
 363.000000 -1.184493 -0.798207 -1.292747 -1.260323 -1.276287
 364.000000 -1.249833 -0.859768 -1.511999 -0.975664 -1.382886
 365.000000 -1.079512 -0.872316 -1.347854 -1.102057 -0.883196
 366.000000 -1.077782 -0.548859 -1.116967 -0.845890 -1.389244
 367.000000 -1.349063 -0.792851 -0.923420 -1.119282 -1.232348
 368.000000 -1.169351 -0.563505 -1.327331 -0.957411 -1.153770
 369.000000 -1.294839 -0.728755 -1.038956 -0.765833 -1.087003
 370.000000 -1.272969 -0.832586 -1.303336 -1.153647 -1.536894
 371.000000 -1.074023 -0.564550 -1.121797 -0.924528 -1.192630
 372.000000 -1.285755 -0.691277 -0.912571 -1.154145 -1.493630
 373.000000 -1.212335 -0.826587 -1.577057 -0.911571 -0.811151
 374.000000 -1.222592 -0.923702 -1.207199 -0.943015 -1.288152
 375.000000 -1.063469 -0.634083 -1.100740 -1.250371 -1.142110
 376.000000 -1.254330 -0.725937 -1.234837 -1.115756 -1.303515
 377.000000 -1.020064 0.443504 -1.228164 -1.329859 -1.202087
 378.000000 -1.031472 -0.450461 -1.431072 -0.856401 -1.111246
 379.000000 -1.304555 -0.736293 -1.032669 -1.089410 -1.074662
 380.000000 -1.290425 -0.325583 -1.124271 -1.028562 -1.026222
 381.000000 -1.392032 0.456184 -1.039273 -0.705696 -1.228322
 382.000000 -1.158192 0.822584 -1.119586 -1.142378 -1.222281
 383.000000 -1.253285 -0.383712 -0.950545 -0.846890 -1.150733
 384.000000 -1.230598 0.643021 -1.117147 -0.994244 -1.097845
 385.000000 -0.953432 -0.572201 -1.182404 1.006543 -1.141728
 386.000000 -0.995249 -0.780350 -1.339732 1.065084 -1.186385
 387.000000 -1.142216 -0.359126 -1.119212 -1.132074 -0.983493
 388.000000 -1.477322 -1.038940 -1.169369 -1.325799 -1.332601
 389.000000 -1.184235 -0.572202 -1.105950 -0.992928 2.765276
 390.000000 -1.191941 -1.135133 -1.476801 -0.832581 2.890589
 391.000000 -1.235151 -0.803958 -1.161470 0.361259 -1.065410
 392.000000 -1.244862 -0.527386 -1.264678 0.110343 -1.116075
 393.000000 -1.114749 -0.814293 -1.190832 -0.504841 -1.401713
 394.000000 -0.879530 -0.591040 -0.947365 -1.011293 -1.259460
 395.000000 -1.525787 -0.781941 -1.055540 1.096057 -1.248250
 396.000000 -1.308770 -0.648545 -1.117367 1.198506 -1.093989
 397.000000 -1.315517 0.670078 -1.366271 1.356663 -1.216881
 398.000000 -1.356427 0.562717 -1.396233 -0.633478 -1.146512
 399.000000 -1.200692 0.816903 -1.055151 1.269515 -1.124340
 400.000000 -1.204074 -0.813822 -1.214910 -1.074786 -1.241122
 401.000000 -0.950112 -0.014665 -0.878353 0.209867 -0.999925
 402.000000 -1.331349 -0.712877 -1.235951 -0.295717 -1.236063
 403.000000 -1.320430 0.499306 -1.063919 -1.043618 -1.368522
 404.000000 -1.295836 0.753300 -1.121778 -0.854139 -1.361858
 405.000000 -1.276323 0.631085 -1.113658 0.232375 -1.015649
 406.000000 -1.348890 -0.881071 -1.074776 -0.801682 -1.289928
 407.000000 -1.072868 -0.876425 -1.242088 -1.204799 -1.062448
 408.000000 -1.212433 -0.722529 -1.012801 -1.136162 -1.101468
 409.000000 -1.207554 0.216986 -1.152921 -1.083893 -1.212961
 410.000000 -1.428564 0.716143 -1.194886 -1.058452 -1.227099
 411.000000 -1.351955 -0.776398 -1.226801 1.289148 -1.278591
 412.000000 -1.347976 0.556033 -1.281911 -1.011931 -1.192043
 413.000000 -1.024235 -0.914299 -1.307038 -1.089603 -0.987655
 414.000000 -1.133023 -1.093797 -1.236839 -1.094821 -1.134779
 415.000000 -1.320352 0.659089 -0.837218 -1.068222 -1.046422
 416.000000 -1.117967 -0.870015 -0.920589 -1.098850 -1.063278
 417.000000 -1.400149 -0.831006 -0.977383 -0.932956 -1.237442
 418.000000 -1.318597 0.798639 -1.149881 -1.269693 -1.198905
 419.000000 -1.204080 0.140830 -1.254742 1.380588 -1.421682
 420.000000 -1.208119 -0.661943 -1.554404 -0.941121 -0.729191
 421.000000 -1.368784 -0.743073 -1.234318 -0.563468 -1.068736
 422.000000 -1.263786 -0.594358 -1.236480 -1.103338 -1.068796
 423.000000 -1.184886 -0.712007 -1.021996 -0.355041 -0.851180
 424.000000 -1.270927 -0.836856 -1.210334 -0.105887 -0.989012
 425.000000 -1.049631 -0.475740 -1.317904 -0.669335 -1.517422
 426.000000 -1.380732 0.956444 -1.412078 -1.766912 -1.140765
 427.000000 -1.188560 -0.669306 -1.253224 -1.002521 -1.110290
 428.000000 -1.376993 -0.551036 -0.772856 -1.278609 -1.097874
 429.000000 -1.400847 0.626322 -1.021722 -0.391277 3.044152
 430.000000 -1.333536 -0.233948 -1.056693 -0.279133 2.857679
 431.000000 -1.111209 -1.107230 -1.132182 -0.419271 2.964731
 432.000000 -1.275094 0.310015 -1.130343 -0.894444 -1.224939
 433.000000 -1.286762 -0.659574 -1.140348 -0.688584 -1.069471
 434.000000 -1.267637 -0.713128 -1.472883 -0.340388 -1.354546
 435.000000 -1.315506 -0.555600 -1.022322 -1.388409 -0.971284
 436.000000 -1.120443 -0.903393 -1.398192 -0.700536 -1.133893
 437.000000 -1.287378 -0.889487 -1.115647 -0.294106 -0.992226
 438.000000 -1.065531 -0.833401 -1.634958 0.342124 -1.224160
 439.000000 -0.894305 -0.795281 -1.145611 0.081531 -1.323514
 440.000000 -1.363986 -0.864343 -1.216790 0.310030 -1.177434
 441.000000 -1.227698 -0.625746 -0.987330 -0.721129 -1.421166
 442.000000 -1.248204 -0.529694 -1.166038 0.402538 -1.188040
 443.000000 -1.302991 -0.641395 -1.023489 -0.233680 -1.220134
 444.000000 -1.133318 -0.428757 -1.107453 -0.573028 -1.508631
 445.000000 -1.200748 -0.416140 -1.292895 -0.533876 -1.272973
 446.000000 -1.281320 -0.712584 -1.176993 -1.026523 -1.354358
 447.000000 -1.161599 0.489909 -1.254579 -1.025508 -1.217917
 448.000000 -1.152668 -0.836465 -1.293463 -0.987388 -1.148964
 449.000000 -1.116975 -0.711508 -1.142163 0.034193 -1.116636
 450.000000 -1.239763 -0.859774 -1.075432 -0.165728 -1.066663
 451.000000 -1.260038 -0.945501 -1.148707 0.459696 -1.008996
 452.000000 -1.074237 -0.744831 -1.067734 -0.229968 -1.070101
 453.000000 -0.956632 -0.542205 -1.094788 -0.403765 -1.189553
 454.000000 -1.102917 -0.579073 -1.256044 0.806815 -1.312899
 455.000000 -1.226026 -0.495705 -1.275928 1.121477 -1.117497
 456.000000 -0.953445 -0.719583 -0.911561 1.014778 -1.156432
 457.000000 -1.257879 -0.475613 -0.954434 0.782386 -1.012018
 458.000000 -1.403273 -0.754932 -1.295240 0.920475 -1.110698
 459.000000 -1.561546 -0.761238 -1.187134 0.908165 -1.031099
 460.000000 -1.312652 -0.587055 -1.046471 1.017286 -1.185506
 461.000000 -1.246953 -0.542195 -1.037035 1.512693 -1.083227
 462.000000 -1.204918 -0.350916 -1.540996 1.061164 -1.044682
 463.000000 -1.029423 -0.647189 -1.270626 1.047689 -1.246301
 464.000000 -1.126965 -0.529338 -1.067931 0.999659 -1.339573
 465.000000 -1.148304 -0.829415 -1.121021 1.100084 -1.073962
 466.000000 -1.136394 -0.679247 -1.553983 0.943703 -1.289760
 467.000000 -1.529445 -1.022447 -1.202107 0.558519 -0.816565
 468.000000 -1.279032 -0.707814 -1.219831 1.040419 -1.366550
 469.000000 -1.289557 -0.734509 -1.039262 -1.228271 -1.093690
 470.000000 -1.052439 0.442792 -1.269066 -0.754387 -1.353444
 471.000000 -1.190497 -0.817002 -1.096814 -0.762158 -1.263952
 472.000000 -1.296993 -0.724455 -1.194933 -1.123405 -1.374413
 473.000000 -1.335281 0.492228 -0.904238 -1.061204 -1.258360
 474.000000 -1.207785 -0.652310 -1.112967 -1.075900 -1.198652
 475.000000 -1.407132 -0.522227 -1.249990 0.387040 -1.438324
 476.000000 -1.157879 -0.835525 -1.322498 -0.473121 -1.354766
 477.000000 -1.460029 -0.952693 -1.354946 0.549781 -1.047386
 478.000000 -1.246177 0.228984 -1.287778 0.631794 -0.741158
 479.000000 -0.967575 -0.661859 -1.152326 -0.206360 -1.348985
 480.000000 -1.442747 0.733538 -1.041070 -0.063720 -1.066607
 481.000000 -1.034353 -0.760603 -1.096601 1.097531 -1.269724
 482.000000 -1.469976 -0.883483 -1.283951 -0.146451 -1.184680
 483.000000 -1.226141 -0.866413 -1.202864 -1.356629 -1.214598
 484.000000 -1.383997 -0.554191 -1.063659 -0.447160 -1.271659
 485.000000 -1.167421 0.941134 -1.509971 0.230204 -1.360597
 486.000000 -1.255633 0.910625 -1.312904 0.226827 -1.188721
 487.000000 -1.221991 0.546480 -1.254251 -1.100464 -1.277888
 488.000000 -1.294942 0.190140 -0.999221 0.685415 -1.301360
 489.000000 -1.350209 0.204508 -1.091716 0.051818 -1.104157
 490.000000 -0.870502 -0.752153 -1.294039 -0.093992 -1.249359
 491.000000 -0.921513 0.872310 -1.143030 -0.106902 -1.204642
 492.000000 -1.005758 0.561311 -0.994178 0.005967 -1.100998
 493.000000 -1.191174 -0.734557 -1.294034 -0.857095 -1.055405
 494.000000 -1.362284 0.631396 -1.173991 -0.537677 -1.240736
 495.000000 -1.223787 -0.796232 -1.110130 0.175899 -1.191304
 496.000000 -1.389388 -0.634196 -0.931298 -0.603290 -1.112832
 497.000000 -1.200726 -0.818137 -1.098136 -1.256330 -0.998247
 498.000000 -1.146070 0.842444 -1.094701 -0.850196 -1.055560
 499.000000 -1.172776 0.709329 -1.201530 -1.334454 -1.317018
 500.000000 -0.977898 -0.618663 -1.081803 -1.128235 -1.186910
 501.000000 -1.286351 -0.654745 -1.383710 -1.050686 -1.180671
 502.000000 -1.279964 -0.048487 -0.879043 -0.912842 -1.043919
 503.000000 -1.296761 -0.646470 -1.148911 -0.911764 -1.175743
 504.000000 -1.294646 0.685902 -1.069144 -1.164479 -1.217873
 505.000000 -1.254354 0.532714 -1.096627 -1.021241 -1.218374
 506.000000 -1.447521 0.437796 -1.146932 -0.851390 -1.034177
 507.000000 -1.285084 0.594026 -1.176407 -0.757531 -1.008734
 508.000000 -1.510438 0.523699 -1.391640 -1.072235 -1.306889
 509.000000 -1.074450 -0.526771 -1.146495 -1.026797 -1.063686
 510.000000 -1.149969 -0.650470 -1.313297 -1.088656 -1.015874
 511.000000 -1.218820 0.256711 -1.145110 -0.906994 -1.170010
 512.000000 -1.233783 0.738093 -1.354477 0.020266 -1.047379
 513.000000 -1.437637 0.610974 -1.023054 -0.069657 -1.186900
 514.000000 -1.147153 0.125675 -1.137219 -1.111650 -1.330754
 515.000000 -1.113897 -0.102582 -1.175434 0.036084 -1.278974
 516.000000 -1.426003 -0.815724 -1.105117 -0.697836 -0.980082
 517.000000 -1.001443 0.869738 -1.115996 -0.398017 -1.353755
 518.000000 -1.277144 -1.003659 -1.022165 -0.915758 -1.147874
 519.000000 -1.126849 0.872172 -0.924391 -0.341360 -1.379726
 520.000000 -0.820848 0.761869 -1.205494 -0.600055 -1.141730
 521.000000 -0.876607 -0.646776 -1.084371 -0.739739 -1.272556
 522.000000 -1.027158 -0.303683 -1.020551 0.740250 -1.206850
 523.000000 -1.168154 1.045084 -1.250669 0.516588 -1.222848
 524.000000 -1.191140 -0.916015 -0.906961 -0.591343 -1.130569
 525.000000 -1.390058 -0.754059 -1.193426 -0.280149 -1.372301
 526.000000 -0.915417 -0.602265 -1.435023 0.780635 -1.107368
 527.000000 -1.206266 -0.514889 -0.921099 -0.493093 -1.196518
 528.000000 -1.305051 0.513005 -1.207399 -1.048303 -1.230068
 529.000000 -1.230458 0.833064 -1.090011 -0.918600 -1.207545
 530.000000 -1.364143 -0.859657 -1.041564 -0.989962 -0.971131
 531.000000 -1.190290 0.755319 -1.015034 -1.198589 -0.987436
 532.000000 -1.246169 -0.824968 -1.166149 -0.258594 -1.316585
 533.000000 -1.512786 -0.893882 -1.136166 -1.117058 -1.320874
 534.000000 -1.211175 0.634994 -1.209119 -1.267257 -0.910691
 535.000000 -1.169843 -0.745599 -1.366386 -0.697149 -0.552774
 536.000000 -1.255712 0.726414 -0.923398 -1.056039 -1.225125
 537.000000 -1.351217 -0.728600 -1.054437 0.832482 -1.267052
 538.000000 -1.366274 -0.388228 -1.373629 -0.846000 -1.157317
 539.000000 -1.115761 -0.666292 -1.303004 -0.838178 -1.353830
 540.000000 -1.336988 0.662618 -1.371027 -1.113630 -1.139465
 541.000000 -1.490661 -0.922594 -1.268323 -1.035602 -1.125991
 542.000000 -1.187173 -0.773601 -1.303279 -0.446661 -1.401056
 543.000000 -1.109195 0.638740 -1.024597 0.193647 -1.238975
 544.000000 -0.925010 -0.822426 -1.378810 -0.000002 -1.298938
 545.000000 -1.150719 0.621410 -1.091384 0.313631 -1.341521
 546.000000 -1.307907 0.522394 -1.230971 0.548707 -1.095161
 547.000000 -1.243228 0.624997 -1.329182 0.058082 -1.283267
 548.000000 -1.003628 0.134063 -1.014708 -1.098381 -1.104438
 549.000000 -1.250600 0.544885 -1.255191 -0.855924 -1.249559
 550.000000 -1.327795 0.867453 -1.109408 -0.936015 -1.318533
 551.000000 -1.201308 0.787681 -1.084973 -0.355498 -1.296098
 552.000000 -1.363586 -0.541564 -0.884399 -0.839697 -1.223031
 553.000000 -1.251481 -0.674726 -1.250113 -0.098446 -1.256490
 554.000000 -1.273392 -0.634546 -1.254625 -1.051252 -1.233025
 555.000000 -1.416762 -0.887351 -1.210626 -0.249450 -1.359929
 556.000000 -1.271986 -0.208526 -1.168058 -1.167500 -1.226506
 557.000000 -1.035226 0.397593 -1.287516 -1.187936 -1.085176
 558.000000 -1.165895 -0.574867 -1.367712 -0.166045 -1.234269
 559.000000 -1.439984 -0.402536 -1.380486 -0.485686 -1.298878
 560.000000 -1.088196 -0.795269 -1.017528 -0.987939 -1.411863
 561.000000 -1.192592 -0.653127 -1.357686 -0.875922 -1.068737
 562.000000 -1.294404 -0.772730 -1.241744 -0.928565 -1.089386
 563.000000 -1.179800 -0.712835 -1.194195 -0.501624 -1.281826
 564.000000 -1.100781 0.173401 -1.027698 -1.069052 -1.457772
 565.000000 -1.245202 0.518609 -1.397348 -1.085442 -1.182323
 566.000000 -1.093643 -0.941027 -1.207454 -1.026843 -1.472932
 567.000000 -1.154542 -0.589276 -1.188601 -0.315094 -1.217877
 568.000000 -1.098982 -0.707326 -1.025252 -0.265652 -1.092125
 569.000000 -1.306624 -0.667383 -1.011832 -0.165626 -1.115233
 570.000000 -1.065811 -0.850536 -1.215021 -0.055621 -1.144716
 571.000000 -1.008355 0.081708 -1.100262 -0.615789 -1.093929
 572.000000 -1.388087 0.788298 -0.939349 -0.098176 -0.936997
 573.000000 -1.152814 -0.715135 -1.298374 -0.813932 -1.070219
 574.000000 -1.395192 0.716441 -1.181233 -0.140322 -1.049498
 575.000000 -1.112236 -0.690920 -1.119279 0.314532 -1.336793
 576.000000 -1.273268 -0.570221 -1.267131 -0.807238 -1.319975
 577.000000 -1.249821 -0.708690 -1.194945 0.695458 -1.274301
 578.000000 -1.070179 -0.796231 -1.215294 -0.769505 -1.102573
 579.000000 -1.374481 -0.659243 -1.088737 -0.833895 -1.264117
 580.000000 -1.432539 -0.722090 -1.388155 -1.099490 -1.414647
 581.000000 -1.438738 -0.513818 -1.173412 1.120515 -1.221806
 582.000000 -1.428980 -0.648115 -1.075468 -0.904975 -1.269994
 583.000000 -1.344494 -0.593336 -1.300979 -1.358723 -1.094219
 584.000000 -1.302572 -0.665455 -1.137659 -0.015713 -1.148440
 585.000000 -1.276965 -0.567810 -1.339975 -0.010851 -1.305631
 586.000000 -1.304904 -0.713109 -1.198815 0.083412 -1.312395
 587.000000 -1.069614 0.455953 -0.957227 -0.611698 -1.118262
 588.000000 -0.965103 -0.524474 -1.146957 -0.402221 -1.321894
 589.000000 -1.212774 -0.742711 -1.134739 -0.057413 -0.939342
 590.000000 -1.302294 -0.726685 -1.214073 0.349723 -1.089731
 591.000000 -1.263670 -0.604192 -0.950225 -0.813727 -1.052066
 592.000000 -0.970337 -0.536860 -1.352126 0.348445 -1.070650
 593.000000 -1.382843 -0.606363 -1.057853 0.197646 -1.105334
 594.000000 -1.408916 -0.804772 -1.175498 -0.442529 -1.068724
 595.000000 -1.190081 -0.934349 -1.267848 -0.926830 -0.948843
 596.000000 -1.351400 -0.647852 -0.951599 -0.208689 -1.017414
 597.000000 -1.175362 -0.510507 -1.066592 -1.223218 -1.083379
 598.000000 -1.183999 0.941866 -1.117734 -0.312643 -1.287118
 599.000000 -1.357276 -1.017266 -1.196358 -0.696438 -1.275451
 600.000000 -1.296683 0.764165 -1.304008 -1.017651 -1.188221
 601.000000 -1.135088 -0.363705 -1.293868 1.227315 -1.094387
 602.000000 -1.143469 0.754568 -1.211805 -0.894671 -1.063451
 603.000000 -1.248039 -0.872845 -1.044803 1.415499 -1.127013
 604.000000 -1.317097 -0.704244 -1.170786 -0.129888 -1.168463
 605.000000 -1.006500 -0.547121 -1.204792 1.016038 -1.183325
 606.000000 -1.240983 -0.671277 -1.342529 -0.316803 -1.130266
 607.000000 -1.461139 -0.873127 -1.188745 0.258317 -1.097798
 608.000000 -1.035577 -0.739909 -1.168525 -0.109767 -0.816770
 609.000000 -1.123240 -0.638052 -1.173185 -0.394113 -1.204565
 610.000000 -1.035596 -0.673534 -0.982199 -0.267862 2.881724
 611.000000 -1.431962 -0.588003 -1.270061 -0.917823 2.834066
 612.000000 -1.561813 -0.582875 -1.318053 -0.562296 -1.212463
 613.000000 -1.163811 -0.759064 -1.145972 -0.824440 -1.162048
 614.000000 -1.164541 -0.592175 -1.285920 -0.643735 -1.162729
 615.000000 -0.828150 -0.418664 -1.317148 -0.256667 -1.120542
 616.000000 -1.101045 -0.796876 -1.202887 -0.920800 -0.879229
 617.000000 -0.956123 -0.740956 -1.138349 -1.116723 -1.257464
 618.000000 -1.328323 -0.819126 -1.214228 -1.299487 -1.065944
 619.000000 -1.147878 0.676914 -1.113989 0.169570 -1.488280
 620.000000 -1.170101 -0.653676 -0.947869 -1.000767 -1.318784
 621.000000 -1.251094 -0.113312 -1.207701 -1.169956 -1.269826
 622.000000 -1.097861 -0.934340 -1.269702 -0.189942 -1.114031
 623.000000 -1.077740 -0.815073 -1.068068 -0.853795 -1.015601
 624.000000 -1.167234 -0.489537 -1.338436 1.064878 -1.227555
 625.000000 -1.326563 -0.705428 -1.094426 -0.193439 -1.187784
 626.000000 -1.211288 -0.719474 -1.092513 -1.037502 -1.096586
 627.000000 -1.234577 -0.259929 -1.183363 -0.768657 -1.143322
 628.000000 -1.163821 -0.583805 -1.065434 -0.988716 -1.064995
 629.000000 -1.252476 0.765098 -1.509468 -0.731099 -0.980800
 630.000000 -1.119945 0.690650 -0.934040 -0.839700 -1.228330
 631.000000 -1.244511 -0.713271 -1.309823 -0.788746 -1.154571
 632.000000 -1.190088 0.453421 -1.185172 -0.657626 -1.136322
 633.000000 -1.199889 -0.635143 -1.199758 -0.762790 -0.952486
 634.000000 -1.273603 -0.810641 -1.261943 -0.839219 -1.148259
 635.000000 -1.438094 -0.731927 -1.006845 -0.332593 -1.107981
 636.000000 -1.109193 -0.592534 -1.118472 -1.442267 -0.942107
 637.000000 -1.031203 -0.761254 -1.310867 -0.771127 -1.040131
 638.000000 -1.162977 -0.495910 -1.002940 -1.169003 -1.296569
 639.000000 -1.389436 -0.735791 -1.137797 -0.809210 -1.209518
 640.000000 -1.226652 0.600806 -1.066906 -0.462920 -1.107076
 641.000000 -1.279355 0.803474 -1.057156 0.402805 -1.095531
 642.000000 -1.157089 0.647300 -1.075966 -1.524892 -1.027831
 643.000000 -0.952580 -0.566534 -1.328136 -0.456796 -1.130509
 644.000000 -1.165935 0.718747 -0.925525 -0.665461 -1.283082
 645.000000 -1.184530 -0.684595 -1.037808 -1.252142 -1.076443
 646.000000 -1.298328 -0.575525 -1.232750 -0.596843 -1.281965
 647.000000 -1.107783 0.381159 -1.186635 0.474463 -1.243959
 648.000000 -1.375443 -0.722329 -1.259616 1.268067 -1.055326
 649.000000 -1.416008 -0.636077 -1.327033 0.940935 -1.195412
 650.000000 -1.226132 -0.743567 -1.022117 -0.491627 -1.395994
 651.000000 -1.314478 -0.789329 -1.179792 -0.534631 -1.043759
 652.000000 -1.350603 -0.812021 -1.119755 -0.663596 -1.046279
 653.000000 -1.070825 -0.871597 -1.147520 -1.256843 -1.099926
 654.000000 -1.202109 -0.893656 -1.188082 1.167916 -1.172011
 655.000000 -1.245767 -0.559241 -1.369324 -1.265403 -1.399363
 656.000000 -1.180171 -0.727700 -1.209230 -0.853732 -1.325124
 657.000000 -1.385913 -0.554181 -1.195348 -0.945736 -1.145725
 658.000000 -1.498102 -0.677746 -1.012828 -1.130327 -1.117827
 659.000000 -1.332973 -0.049313 -0.832044 -0.981850 -1.284225
 660.000000 -1.329072 -0.733888 -1.049332 -1.014665 -1.193430
 661.000000 -1.176539 -0.666332 -1.127345 -1.082490 -0.917497
 662.000000 -1.214606 -0.758984 -1.353095 -1.088490 -1.182314
 663.000000 -1.268139 0.575024 -0.981771 -1.342060 -1.053023
 664.000000 -1.393289 -0.924485 -1.108209 -0.986807 -1.004635
 665.000000 -1.245688 -0.597676 -1.258790 -0.299856 -1.159879
 666.000000 -1.212777 -0.662768 -1.105187 -0.269050 -1.463261
 667.000000 -1.408279 -0.570243 -0.832121 -1.408158 -1.070663
 668.000000 -1.157622 -1.089480 -1.270170 -0.333270 -1.302015
 669.000000 -1.278673 -0.259932 -1.464585 -0.536418 -1.268593
 670.000000 -1.127517 -0.691436 -1.177615 -0.457293 -1.149294
 671.000000 -0.960669 0.809910 -1.081247 -0.365230 -1.236546
 672.000000 -1.276262 -0.823377 -1.248642 0.006805 -1.336155
 673.000000 -1.327301 -0.597712 -1.014134 0.693884 -1.331281
 674.000000 -1.431328 -0.737423 -1.219308 -0.884253 -1.093160
 675.000000 -1.432065 -0.832801 -1.192880 -0.913379 -1.155173
 676.000000 -1.555128 0.528048 -1.075413 -0.601601 -1.052818
 677.000000 -1.285640 -0.574918 -0.971230 -1.179790 -1.198271
 678.000000 -1.106905 -0.787485 -1.384205 -0.436199 -1.060736
 679.000000 -1.374261 -0.777793 -1.168446 -1.096859 -1.143596
 680.000000 -1.039290 -0.531090 -1.176413 -0.139326 -1.312944
 681.000000 -1.192861 -0.592342 -1.458827 -0.330071 -1.255914
 682.000000 -1.181092 -0.702065 -1.266090 -1.268667 -1.066254
 683.000000 -0.924627 -0.529098 -1.304161 -0.406376 -1.054106
 684.000000 -1.023966 -0.950553 -1.020714 -1.080700 -1.159478
 685.000000 -1.299349 -0.801602 -0.839677 -0.806627 -1.204760
 686.000000 -1.339473 -0.513077 -1.088472 -0.706964 -1.312385
 687.000000 -1.341495 0.424090 -1.511498 1.071020 -1.101518
 688.000000 -1.172000 -0.682010 -1.151551 -1.140541 -1.190655
 689.000000 -1.319499 0.394163 -1.215332 -0.787117 -1.472644
 690.000000 -1.115269 -0.859377 -1.130503 0.703246 -1.157925
 691.000000 -1.362058 -0.377644 -1.273836 0.546088 -1.394841
 692.000000 -1.296991 -0.455115 -1.085277 -0.976201 -1.128741
 693.000000 -1.149504 -0.775756 -1.145148 -0.469920 -1.085386
 694.000000 -1.344473 -0.853229 -1.340218 -1.259890 -1.250310
 695.000000 -1.258250 0.729115 -1.124301 -0.308971 -1.313402
 696.000000 -1.281319 -0.560555 -1.204784 -1.269806 -1.418641
 697.000000 -1.139128 -0.519569 -0.848092 -0.267023 -1.237136
 698.000000 -1.041811 -0.419237 -0.945785 -0.670455 -1.016272
 699.000000 -1.314288 0.033884 -1.305809 -0.623611 -1.217656
 700.000000 -1.276044 0.176431 -1.041039 -1.052703 -0.954378
 701.000000 -1.130862 -1.038021 -1.348821 -0.878119 -1.144096
 702.000000 -1.282965 -0.691231 -1.354966 -0.886074 -1.201284
 703.000000 -1.070542 -0.734375 -1.262112 -1.074440 -1.120653
 704.000000 -1.434908 -1.013690 -1.158967 0.142716 -1.163891
 705.000000 -1.521648 -0.523127 -1.140258 -0.048816 -1.149757
 706.000000 -1.245721 -0.601039 -1.279358 -1.056809 -1.021470
 707.000000 -1.121752 0.700729 -0.976120 -0.774112 -1.090237
 708.000000 -1.109782 0.730382 -1.453980 0.209720 -1.307741
 709.000000 -1.158002 -0.818320 -1.321943 -0.672864 -1.371532
 710.000000 -1.321773 -0.637425 -1.210404 -0.843886 -1.365454
 711.000000 -1.064641 -0.686248 -0.876390 -0.517220 -1.125077
 712.000000 -0.864365 0.791810 -1.171086 -0.455845 -1.250578
 713.000000 -1.318685 -0.654552 -0.982267 -0.387395 -1.288214
 714.000000 -1.077780 0.883509 -1.087469 -1.202336 -1.295270
 715.000000 -1.387964 -0.772974 -1.689870 -1.181410 -1.297834
 716.000000 -1.288616 0.585021 -1.308997 -0.029398 -1.311412
 717.000000 -1.319229 0.804613 -1.021392 -1.076701 -1.445218
 718.000000 -1.309253 -0.569716 -1.194186 -0.660134 -1.416052
 719.000000 -1.187532 -0.747630 -1.230672 -1.610162 -1.166112
 720.000000 -0.929325 -1.011327 -1.424626 -0.063283 -1.122765
 721.000000 -1.310243 -0.638861 -1.055011 -0.980749 -1.198669
 722.000000 -1.293052 -0.706464 -1.232217 -0.516461 -1.282212
 723.000000 -1.142382 -0.888389 -0.982240 0.931355 -0.974271
 724.000000 -1.356148 -0.677337 -1.210716 -0.065154 -1.119886
 725.000000 -1.356203 -0.930030 -1.225050 -1.208412 -1.172719
 726.000000 -1.353860 -0.602271 -1.224122 1.298500 -0.785457
 727.000000 -1.133546 -0.717126 -1.230234 -1.531466 -1.488947
 728.000000 -1.280108 -0.469084 -1.091094 -0.363054 -1.463095
 729.000000 -1.315594 -0.545579 -1.117357 -1.034903 -1.217650
 730.000000 -1.144171 -0.686946 -1.191559 -1.059995 -1.169915
 731.000000 -1.023354 -0.849122 -1.442786 -0.866276 -1.151682
 732.000000 -1.245115 -0.728445 -1.141986 -0.318324 -0.870127
 733.000000 -1.221883 -0.641088 -1.139127 -0.427349 -1.196995
 734.000000 -1.328835 -0.518596 -1.089988 -0.497507 -1.214711
 735.000000 -1.050351 -0.576132 -1.184899 -0.229177 -1.186043
 736.000000 -1.735255 -0.505551 -1.351466 -0.553729 -1.545040
 737.000000 -1.424747 0.399025 -1.216495 0.514388 -1.346997
 738.000000 -1.216009 0.719201 -1.275037 -1.058183 -1.204622
 739.000000 -1.117473 -0.510148 -1.059206 -1.086439 -1.470506
 740.000000 -1.082240 -0.872456 -1.171490 -0.301538 -1.251865
 741.000000 -1.418573 -0.663165 -1.059113 -0.931410 -1.145865
 742.000000 -1.141553 -0.455961 -0.968999 -0.637480 -1.140751
 743.000000 -1.242620 -0.847940 -1.142363 -0.383593 -1.268869
 744.000000 -0.934688 -0.815006 -0.996774 -1.060002 -1.081150
 745.000000 -1.062559 -0.658168 -1.187543 -0.974873 -1.413010
 746.000000 -1.302023 -0.638860 -1.016014 -1.246232 -1.191500
 747.000000 -1.494153 -0.882116 -1.086417 -0.072138 -1.119727
 748.000000 -1.123220 -0.640284 -1.480155 -1.387094 -1.200811
 749.000000 -0.992099 0.844936 -1.014625 -0.535718 -0.939449
 750.000000 -1.034346 -0.396134 -1.125510 -1.383588 -1.275557
 751.000000 -1.123403 -0.628262 -1.036788 -1.034086 -1.326162
 752.000000 -1.245112 -0.861869 -1.285065 -0.949266 -1.298402
 753.000000 -0.922562 -0.762976 -1.276373 -1.199159 -1.170368
 754.000000 -1.095757 -0.546554 -1.195989 -0.901997 -1.455430
 755.000000 -1.414585 -0.720831 -1.077829 1.126236 -1.271627
 756.000000 -1.035029 0.427015 -1.351855 -0.089808 3.076795
 757.000000 -1.366849 -0.888679 -1.187810 -1.370683 -1.219762
 758.000000 -1.058579 -0.724240 -1.047053 -0.653434 -1.220816
 759.000000 -1.180015 -0.775758 -1.168067 -0.540258 -1.229604
 760.000000 -1.240916 -0.571407 -1.038955 -0.843738 -2.368390
 761.000000 -1.027742 -0.680258 -1.166373 -0.999845 -1.280910
 762.000000 -1.202528 -0.660494 -1.398104 -0.992134 -1.242582
 763.000000 -1.318244 0.510694 -0.908332 -0.620752 -1.086022
 764.000000 -1.247403 -0.567995 -1.054019 -1.101646 -0.954326
 765.000000 -1.202731 -0.628567 -0.941762 -1.230251 -0.975621
 766.000000 -1.110458 -0.722740 -1.003960 -0.919579 -1.206663
 767.000000 -1.162455 -1.044602 -1.226019 -0.137331 -1.333881
 768.000000 -1.292369 -0.689239 -1.133626 -0.349746 -1.108435
 769.000000 -1.090462 -0.657015 -1.390095 1.292610 -1.275954
 770.000000 -1.128488 -0.825120 -1.318234 -0.417396 -1.233471
 771.000000 -1.221008 -0.464234 -0.847007 -1.238896 -1.412294
 772.000000 -1.232067 -0.664980 -1.000596 0.889380 -1.313657
 773.000000 -1.062456 -0.797094 -1.132819 1.180128 -1.188226
 774.000000 -1.056933 -0.663350 -1.292388 0.024973 -1.220032
 775.000000 -1.357556 -0.580905 -1.106629 -0.222832 -0.906250
 776.000000 -1.205563 -0.980422 -0.975168 -0.470526 -1.273681
 777.000000 -1.347959 -0.650549 -1.366044 -0.615755 -1.305235
 778.000000 -1.239188 -0.535703 -1.116672 -0.161084 -1.309005
 779.000000 -1.281228 -0.766850 -0.893589 -1.003459 -1.104719
 780.000000 -1.147821 -0.789380 -1.291164 -0.956648 -1.206965
 781.000000 -1.451359 -0.772377 -1.231732 -0.336091 -1.263831
 782.000000 -1.247522 -0.765648 -1.009539 1.096637 -1.119817
 783.000000 -1.068083 -0.677043 -1.209956 -0.555435 -1.024111
 784.000000 -1.288377 0.411650 -0.905797 0.851516 -1.235476
 785.000000 -1.159765 -1.009762 -1.167235 -1.146464 -1.163956
 786.000000 -1.459928 -0.654194 -1.092770 -0.870685 -1.190248
 787.000000 -0.786791 -0.567517 -1.122901 -0.944387 -1.248510
 788.000000 -1.047819 -1.085812 -1.567133 -0.612733 -1.202235
 789.000000 -1.112594 -0.872088 -1.222574 -1.118392 -1.057049
 790.000000 -0.959679 -0.869008 -0.961837 -0.901591 -1.067925
 791.000000 -1.220616 -0.777902 -1.083118 -0.830733 -1.187521
 792.000000 -1.161729 -0.938393 -1.092272 -1.133507 -1.154793
 793.000000 -1.034745 -0.659574 -1.095380 0.159537 -0.938776
 794.000000 -1.189128 -0.622507 -1.363919 -0.965043 -1.109382
 795.000000 -1.218657 -0.705284 -1.418373 -0.735056 -1.405330
 796.000000 -1.250596 -0.508182 -1.079034 -0.700699 -1.119959
 797.000000 -1.411477 -0.602268 -1.168459 -1.213972 -1.652650
 798.000000 -1.178071 0.512608 -1.215328 0.457872 -1.275477
 799.000000 -1.130979 -0.863998 -1.121195 -1.114530 -1.470536
 800.000000 -1.056930 -0.512699 -1.429695 0.150379 -1.168602
 801.000000 -1.364195 -0.911270 -1.235051 -0.476496 -1.211055
 802.000000 -1.153845 -0.810033 -1.046518 -0.872406 -1.260631
 803.000000 -1.035107 -0.643028 -1.329121 -0.159081 -1.321650
 804.000000 -1.298869 0.551642 -1.103315 -1.318446 -1.029328
 805.000000 -1.398942 -0.690248 -1.381049 0.329774 -1.083808
 806.000000 -1.137602 -0.596070 -1.258722 -1.037630 -1.145980
 807.000000 -1.201926 -0.580957 -1.363664 -1.220466 -1.342168
 808.000000 -1.179915 -0.549048 -1.024999 -1.034494 -1.101964
 809.000000 -1.259741 0.650583 -1.073835 -1.142503 -1.186910
 810.000000 -1.208923 -0.662298 -1.304066 -1.196588 -1.329320
 811.000000 -1.322487 -0.624061 -0.987601 -1.014097 -1.104338
 812.000000 -1.359122 -0.312334 -0.973345 -0.993695 -1.204637
 813.000000 -1.146408 -0.490460 -1.252813 -1.207037 -1.361489
 814.000000 -1.163056 -0.554455 -1.431114 -0.398588 -1.494668
 815.000000 -1.312215 -0.814242 -1.159948 -1.130203 -1.162830
 816.000000 -1.325343 -0.695407 -1.159412 -0.442493 -1.146930
 817.000000 -1.301811 -0.801647 -0.962003 -0.967889 -1.291942
 818.000000 -0.919252 -0.405895 -1.029191 -1.122971 -1.105977
 819.000000 -1.109441 0.637067 -1.186841 -1.274611 -1.275473
 820.000000 -0.930744 -0.738721 -1.030472 -0.981337 -1.309420
 821.000000 -1.163282 -0.688383 -1.405960 -1.136069 -1.434097
 822.000000 -1.150070 0.603060 -1.086805 -1.238666 -1.320089
 823.000000 -1.121761 -0.725645 -0.992358 -0.910238 -1.155793
 824.000000 -1.094148 -0.568792 -1.384507 -1.166323 -1.106319
 825.000000 -1.230726 -0.577088 -1.206456 -0.960933 -1.176913
 826.000000 -1.159672 -0.661968 -1.054664 -1.156385 -1.350117
 827.000000 -1.315079 -0.770128 -1.113225 -0.878352 -1.188999
 828.000000 -0.883974 -0.459855 -1.119395 -1.157914 -1.238676
 829.000000 -1.179937 -0.771619 -1.045234 -1.219490 -1.157224
 830.000000 -1.008936 -0.829150 -1.191530 -0.581028 -1.201540
 831.000000 -1.203271 -0.864715 -0.888987 -1.249324 -1.204885
 832.000000 -1.054109 -0.999361 -1.034319 -1.166324 -1.341229
 833.000000 -1.272105 -0.678594 -1.054149 -1.117069 -1.066892
 834.000000 -1.169399 -0.060513 -1.099827 -1.062658 -1.098954
 835.000000 -1.294810 -0.686827 -0.932391 -0.984380 -1.266907
 836.000000 -1.355946 -0.727459 -1.051531 -1.401982 -1.039078
 837.000000 -1.245497 -0.655289 -0.992251 -1.137874 -1.133387
 838.000000 -1.234570 -0.615469 -1.063911 -1.058179 -1.219587
 839.000000 -1.224805 -0.694302 -1.223037 -1.110773 -1.620433
 840.000000 -1.417022 -0.642853 -1.281105 -0.295302 2.974324
 841.000000 -1.190414 -0.802315 -1.092021 -1.026228 -1.283274
 842.000000 -1.353121 -0.757230 -1.209725 0.171523 -1.122402
 843.000000 -1.128378 -0.785469 -0.911419 -0.417757 -1.097966
 844.000000 -1.216555 -0.790730 -1.034869 -0.896927 -1.127349
 845.000000 -1.274427 -0.710977 -1.015603 -0.943563 -1.153208
 846.000000 -1.178676 -0.829664 -1.198995 -1.156109 -1.238139
 847.000000 -1.071668 -0.672585 -1.444161 -0.243705 -1.218596
 848.000000 -1.128736 -0.563734 -1.176990 -1.210197 -1.442100
 849.000000 -1.370054 -0.843962 -1.010344 -1.062119 -1.101291
 850.000000 -1.146021 -0.535870 -1.378092 -1.136603 -1.278180
 851.000000 -0.787746 -0.439826 -1.246461 -1.089107 2.788887
 852.000000 -1.348896 -0.736277 -0.853903 -1.123365 3.029540
 853.000000 -1.028816 -0.682177 -1.095049 -0.506863 0.768981
 854.000000 -1.286832 -0.995995 -0.945331 -1.128498 1.467940
 855.000000 -1.058077 -0.746778 -1.476641 -0.528720 -1.119970
 856.000000 -1.285641 -0.618162 -1.198811 -0.790511 -1.310629
 857.000000 -1.175169 -0.852584 -1.359462 -1.159200 -1.165559
 858.000000 -1.233286 -0.563882 -1.312534 -1.237174 -1.281853
 859.000000 -0.926763 -0.605388 -1.170458 -0.913171 -1.219788
 860.000000 -1.274401 -0.615715 -0.959671 -1.209854 -1.168699
 861.000000 -1.246534 -0.635149 -1.189207 -0.902823 -1.343948
 862.000000 -1.085433 -0.974496 -1.359233 -1.037182 -1.148018
 863.000000 -1.141697 -0.738527 -1.023442 -0.363467 -1.199107
 864.000000 -1.566440 -0.929315 -1.140564 -0.649786 -1.317144
 865.000000 -1.336798 -0.694477 -1.124300 -1.117381 -1.181326
 866.000000 -1.133448 -0.876692 -1.250844 -0.790827 -1.237057
 867.000000 -0.930642 -0.662682 -1.069969 -0.259200 -1.154994
 868.000000 -1.057653 -0.639198 -1.233838 -1.239326 -1.053761
 869.000000 -1.193617 -0.839438 -1.385932 -0.320702 -1.184701
 870.000000 -1.026518 -0.880626 -1.029303 -1.020008 -1.157761
 871.000000 -1.290181 -0.774140 -1.014064 0.668465 -1.233240
 872.000000 -1.189931 0.490393 -1.171668 -1.257394 -1.342470
 873.000000 -1.071308 -0.900447 -1.296105 -0.989542 -1.135956
 874.000000 -1.058064 -0.610335 -1.386429 -0.364771 -1.250794
 875.000000 -1.223457 -0.438863 -1.193008 0.916753 -1.221901
 876.000000 -0.966433 -0.627920 -1.304206 -0.341423 -1.150380
 877.000000 -1.212889 -0.735180 -1.410743 -0.393086 -1.166846
 878.000000 -1.292058 0.202457 -1.101265 -1.191348 -1.208024
 879.000000 -1.153098 -0.628192 -1.290755 0.843320 -1.280075
 880.000000 -1.114748 -0.617371 -1.025531 0.084120 -0.943016
 881.000000 -1.177156 -0.809891 -1.207364 -0.555306 -1.072330
 882.000000 -1.289414 -0.796542 -0.919062 0.274001 -1.249840
 883.000000 -1.258512 -0.464757 -1.320110 -0.281122 -1.251906
 884.000000 -1.127461 -0.337936 -1.216244 0.478414 -1.338096
 885.000000 -1.145624 0.584145 -1.339396 0.166377 -1.271819
 886.000000 -1.151534 -0.675274 -1.384473 -0.940910 -1.202230
 887.000000 -1.002705 -0.726482 -1.408792 -0.754082 -1.281269
 888.000000 -1.019669 -0.392190 -1.080953 -0.349938 -1.212421
 889.000000 -1.347996 0.894003 -1.189050 -0.362455 -1.153211
 890.000000 -1.253019 0.251364 -1.256914 -0.291655 -1.408728
 891.000000 -1.310248 -0.679004 -1.334144 -0.388288 -1.290675
 892.000000 -1.074513 0.851455 -1.173226 0.399159 -1.238811
 893.000000 -1.229521 0.123979 -1.207631 0.565690 -1.084320
 894.000000 -1.158134 1.052478 -1.077049 0.731500 -1.228119
 895.000000 -1.363767 0.775649 -1.224770 0.551702 -1.311262
 896.000000 -1.000772 0.700396 -0.992925 0.420118 -1.263595
 897.000000 -1.184541 0.764893 -1.249907 0.557278 -1.100083
 898.000000 -1.258552 0.833902 -1.065975 0.752318 -1.096587
 899.000000 -1.250427 0.654881 -1.371530 -0.275478 -1.063045
 900.000000 -1.351544 0.153877 -1.279060 0.548995 -1.529887
 901.000000 -1.201807 -0.726869 -1.177419 -0.332647 -0.966115
 902.000000 -1.135892 0.805549 -1.151056 -1.086178 3.021194
 903.000000 -1.494821 0.658963 -1.015851 -1.363017 -1.392322
 904.000000 -1.103506 0.400264 -1.023453 0.529338 -1.081734
 905.000000 -1.019396 -0.053563 -1.299875 -0.397831 -1.214727
 906.000000 -1.353227 0.165124 -1.054126 -1.172383 -1.337049
 907.000000 -0.929300 -0.665206 -1.260993 -0.970051 -1.478354
 908.000000 -0.926386 1.011989 -1.172793 -0.968580 -1.327087
 909.000000 -1.269822 -0.362123 -1.101839 0.654702 -1.114758
 910.000000 -1.216911 0.556479 -1.198129 0.701527 -1.126372
 911.000000 -1.097102 0.645417 -1.347776 0.383813 -1.358409
 912.000000 -1.361275 0.627285 -0.841768 0.424690 2.781540
 913.000000 -0.795447 1.065777 -1.194244 0.642788 -1.214306
 914.000000 -1.356230 -0.661149 -1.084557 -0.728439 -1.269267
 915.000000 -1.207599 -0.668592 -1.391477 0.211493 -1.051176
 916.000000 -0.990606 -0.744221 -1.174724 -0.974879 -1.224935
 917.000000 -1.224503 -0.800025 -0.908162 -0.096066 2.500315
 918.000000 -1.099412 -0.923427 -0.982871 -0.008244 0.740339
 919.000000 -1.352615 -0.604575 -1.183499 0.173419 3.067499
 920.000000 -1.112783 -0.407568 -1.179856 -1.237450 -1.122663
 921.000000 -0.989364 -0.567688 -1.215195 1.182692 -1.203467
 922.000000 -1.148946 -0.482485 -1.027118 1.315107 -1.002809
 923.000000 -1.335840 -0.909257 -1.170302 1.153306 -0.953765
 924.000000 -1.392113 -0.807385 -0.962738 -0.280891 -1.100603
 925.000000 -1.142190 -0.715983 -1.128410 -0.337638 -1.086569
 926.000000 -1.299590 -0.800522 -1.227458 -0.928638 -1.218253
 927.000000 -0.887892 -0.863401 -1.156384 -1.272161 -1.309972
 928.000000 -1.257362 0.638680 -1.249447 -1.005572 -1.244984
 929.000000 -1.276261 0.908911 -1.230506 -1.015955 -1.167357
 930.000000 -0.910546 -0.704033 -1.105919 0.654206 -1.144251
 931.000000 -1.051952 -0.669996 -1.015031 -0.125828 -0.980863
 932.000000 -1.096287 -0.436286 -1.329627 -1.080252 -1.115664
 933.000000 -1.262187 0.645941 -1.282057 -1.176081 -1.263054
 934.000000 -1.075954 0.592407 -1.215698 -1.150581 -1.158360
 935.000000 -1.414304 -0.820894 -1.363458 -0.001106 -1.269107
 936.000000 -1.105807 1.045091 -1.365553 -0.925787 -1.101053
 937.000000 -1.183715 -0.784597 -1.189591 -0.417203 -1.158098
 938.000000 -0.877056 0.727920 -1.331208 -1.348681 -1.152354
 939.000000 -1.477172 0.321748 -1.323276 -1.096007 -1.046110
 940.000000 -1.031508 0.429372 -1.027707 -1.168645 -1.077670
 941.000000 -1.112239 -0.593387 -1.109834 0.175040 -1.183639
 942.000000 -1.408644 -0.738067 -1.042433 -0.547905 -1.138828
 943.000000 -1.328265 0.163632 -1.254472 -1.153164 -1.261545
 944.000000 -1.354424 -0.530568 -1.276054 -0.825402 -1.325103
 945.000000 -1.157820 -0.654262 -1.216831 -0.873559 -1.408442
 946.000000 -1.005476 0.239449 -1.247032 -0.985848 -1.329588
 947.000000 -1.200268 -0.686554 -0.914796 -1.084004 -1.050154
 948.000000 -1.184530 -0.455473 -1.071996 -1.040188 -1.407757
 949.000000 -1.214232 -0.549554 -1.193186 -0.383501 -1.576445
 950.000000 -1.156312 -0.626879 -1.042428 -1.048232 -1.107510
 951.000000 -1.092294 -0.920889 -1.123059 0.040251 -1.370048
 952.000000 -1.260994 -0.762853 -1.349036 -0.471866 -1.014778
 953.000000 -1.339991 -0.702866 -1.358175 0.327031 -1.126782
 954.000000 -1.092258 -0.702552 -1.012306 -0.950333 -1.136099
 955.000000 -1.139272 0.589689 -1.179995 0.579152 -1.251373
 956.000000 -1.058740 0.292456 -1.199673 -0.521209 -1.367198
 957.000000 -1.074813 -0.683908 -1.169666 -1.471714 -1.150287
 958.000000 -0.936717 -0.939764 -1.110773 0.440990 -1.205351
 959.000000 -1.178311 -0.760612 -1.257905 -0.199809 -1.298428
 960.000000 -1.276826 -0.706606 -1.136485 -1.024344 -0.995603
 961.000000 -1.254350 -0.498442 -0.985690 -0.957333 -1.105324
 962.000000 -1.129287 0.010348 -1.332055 -0.854253 -1.350316
 963.000000 -1.247478 1.035003 -1.304986 -0.830004 -0.985790
 964.000000 -1.487052 0.096289 -1.211966 -1.039070 3.115344
 965.000000 -1.289005 0.533280 -1.233459 -1.127020 -1.182455
 966.000000 -0.987166 -0.813292 -1.097602 -0.500944 -1.394996
 967.000000 -1.255660 0.798424 -1.132914 -1.009064 -1.178336
 968.000000 -1.499853 -0.496182 -1.031015 -0.221213 -1.409583
 969.000000 -1.092713 -0.779290 -1.165790 -0.899191 -1.026075
 970.000000 -1.172598 -0.500864 -1.239402 -1.160142 -1.134604
 971.000000 -1.265639 -0.600649 -1.141751 -1.125059 -1.074479
 972.000000 -1.173139 -0.570532 -1.496671 -0.821710 -1.191462
 973.000000 -1.471856 -0.492592 -1.169630 1.077218 -1.045008
 974.000000 -1.322706 -0.615985 -1.068898 1.068438 -0.963904
 975.000000 -1.308691 -0.555510 -1.326009 -0.798697 -0.980876
 976.000000 -1.515292 -0.590956 -1.422549 -0.573057 -1.243248
 977.000000 -1.166436 -0.624194 -1.112440 -0.946566 -1.096475
 978.000000 -1.105231 -0.740570 -1.279496 -1.308061 -1.216978
 979.000000 -1.174835 -0.752504 -1.162001 -1.080287 -1.117313
 980.000000 -1.065257 -0.615905 -1.105217 -1.021322 -1.212044
 981.000000 -1.095725 -0.549897 -1.186588 -1.211047 -0.808661
 982.000000 -1.163055 -0.639628 -1.105891 -0.360201 -1.260042
 983.000000 -0.981873 -0.730603 -1.342977 -0.932905 -1.179720
 984.000000 -1.421401 -0.602202 -1.313296 -0.896120 -1.172038
 985.000000 -1.285738 0.685874 -1.128396 -1.225689 -1.201289
 986.000000 -0.922252 -0.717419 -1.275146 -0.400826 -1.255438
 987.000000 -1.585738 -0.758654 -1.030769 -0.600850 -1.447941
 988.000000 -1.182198 -0.726912 -1.027291 -1.073061 -1.248378
 989.000000 -0.931747 -0.568081 -1.599082 1.048393 -1.361517
 990.000000 -1.127847 -0.724165 -1.265645 -1.045404 -1.150852
 991.000000 -1.322524 -0.839911 -1.252782 -0.995543 -0.936061
 992.000000 -1.389225 -0.673428 -0.941758 -1.038060 -0.991788
 993.000000 -1.170978 -0.591786 -1.123507 -1.141403 -1.193293
 994.000000 -1.409144 -0.547443 -1.117214 0.900786 -1.185536
 995.000000 -1.221661 -0.543976 -1.090762 -1.051471 -1.231742
 996.000000 -1.318875 -0.695761 -1.031376 1.223295 -1.050402
 997.000000 -1.222835 -0.618066 -1.475199 0.042226 -1.214505
 998.000000 -1.205945 -0.554068 -1.465331 0.280412 -1.133023
 999.000000 -1.271426 -0.477121 -1.228270 0.075288 -1.088624
 1000.000000 -1.220718 -0.969615 -0.996778 0.982245 -0.704257
