#! FIELDS time chi158D chi185D chi186D chiT33D chiM155D
#! SET min_chi158D -pi
#! SET max_chi158D pi
#! SET min_chi185D -pi
#! SET max_chi185D pi
#! SET min_chi186D -pi
#! SET max_chi186D pi
#! SET min_chiT33D -pi
#! SET max_chiT33D pi
#! SET min_chiM155D -pi
#! SET max_chiM155D pi
 0.000000 -1.217228 0.790969 -0.911595 -1.245117 -3.103208
 1.000000 -1.592376 0.576156 -0.922133 -1.089217 3.078457
 2.000000 -1.313155 0.441305 -1.162720 -1.109662 -3.121864
 3.000000 -1.408279 0.780426 -1.260443 0.293051 -2.974029
 4.000000 -1.157776 0.470975 -1.066966 -0.844038 3.011408
 5.000000 -1.183792 0.500017 -1.120133 -1.196310 -3.023455
 6.000000 -1.222483 0.663984 -1.025367 -1.017852 -2.966518
 7.000000 -1.178257 0.618985 -1.102599 -0.713251 -2.881034
 8.000000 -1.142112 0.911806 -1.257518 -1.167761 -3.078734
 9.000000 -1.144886 0.632372 -1.426468 -1.270420 3.141590
 10.000000 -1.281175 0.648214 -1.550993 -1.009970 -2.755390
 11.000000 -1.231974 0.654024 -1.383971 -1.128962 -2.787766
 12.000000 -1.555470 0.703728 -0.799488 -1.033641 -2.898568
 13.000000 -1.098250 1.004876 -1.590687 -0.922502 -3.109395
 14.000000 -1.079171 0.875687 -1.249039 -0.472076 -3.051394
 15.000000 -1.307222 0.848760 -0.904410 1.268798 -3.140057
 16.000000 -1.341277 0.475025 -1.138623 -0.853194 -3.091660
 17.000000 -1.181660 0.861671 -1.232622 -1.211096 -2.906448
 18.000000 -1.281500 0.465628 -1.226483 -0.860199 -3.123425
 19.000000 -1.097896 0.820328 -1.229373 -1.148989 2.840215
 20.000000 -1.148255 0.618079 -1.179694 -0.995047 3.141590
 21.000000 -1.231175 0.610139 -1.105310 0.827558 -3.062061
 22.000000 -1.393586 0.770022 -1.092915 -1.348028 -3.107368
 23.000000 -1.105910 0.674646 -0.859933 -1.238731 -3.032731
 24.000000 -1.306616 0.670070 -1.129522 0.527121 2.950328
 25.000000 -1.197480 0.466804 -1.120319 1.159422 -2.882646
 26.000000 -1.219720 0.565984 -1.120881 -1.230246 -3.009415
 27.000000 -1.165751 0.621449 -0.904396 -1.329428 -3.096631
 28.000000 -1.249243 0.275246 -1.210316 -1.256699 -2.853908
 29.000000 -1.054276 0.540553 -1.255173 -0.538365 -2.839355
 30.000000 -1.217545 0.737706 -1.037745 -0.723942 -2.892598
 31.000000 -1.587201 0.770803 -1.201341 -1.085441 3.036350
 32.000000 -1.266950 0.810847 -1.133196 -0.920693 2.987583
 33.000000 -0.830337 0.967526 -1.185078 -1.107283 -2.657136
 34.000000 -1.157858 0.939051 -1.084637 -1.013711 -3.068550
 35.000000 -1.171391 0.460026 -1.246466 -1.120841 -2.818104
 36.000000 -1.270038 0.594354 -1.320972 -1.273659 -3.061886
 37.000000 -1.243117 0.807958 -1.259617 -1.295939 -2.965343
 38.000000 -1.163644 0.744618 -1.073768 -1.049112 3.104248
 39.000000 -1.204233 0.802397 -1.215175 -0.800525 -3.041654
 40.000000 -1.241208 0.676539 -1.071793 -1.225447 -2.995243
 41.000000 -1.267913 0.440054 -1.249227 -0.937752 -3.122924
 42.000000 -1.227409 0.653601 -0.968168 -0.934619 -3.089606
 43.000000 -1.197592 0.589695 -1.023087 -0.692209 -2.948697
 44.000000 -1.071655 0.628463 -1.414935 0.356536 -3.050281
 45.000000 -1.211956 0.918242 -1.271563 0.218760 3.115291
 46.000000 -1.295360 0.809379 -1.279021 0.682439 -2.979805
 47.000000 -1.114195 0.801023 -1.084345 0.650871 -2.927834
 48.000000 -1.243485 0.777919 -1.152404 -0.989990 -3.109836
 49.000000 -1.236130 0.478809 -1.336160 -0.988218 2.941869
 50.000000 -1.262975 0.591242 -0.991609 -1.018305 3.118664
 51.000000 -1.027181 0.914569 -1.200343 -1.030076 -2.866361
 52.000000 -1.078866 0.695760 -1.006686 -0.763157 -2.871100
 53.000000 -1.398471 0.794814 -0.715594 -1.755508 -2.979456
 54.000000 -1.003893 0.732186 -0.834166 -0.982523 3.088890
 55.000000 -1.346648 0.872615 -1.355929 -1.419399 -2.968033
 56.000000 -1.219105 0.700204 -1.338647 -1.276149 -2.907932
 57.000000 -1.487984 0.813072 -1.108808 -1.149647 -3.055374
 58.000000 -1.105921 0.735507 -1.218649 -1.018303 2.897253
 59.000000 -1.038255 0.894778 -0.944384 -0.907378 -3.025261
 60.000000 -1.254288 0.687437 -1.022111 -0.049297 -3.053443
 61.000000 -1.062113 0.651712 -1.257509 -1.196505 -2.967828
 62.000000 -1.218109 0.972099 -1.147749 -1.019046 -3.030638
 63.000000 -1.258649 1.028711 -1.281743 -1.258012 2.900443
 64.000000 -1.319553 0.799420 -1.331676 0.915681 -3.060954
 65.000000 -1.477000 0.502605 -1.176650 0.783188 -2.920547
 66.000000 -1.092378 0.866042 -1.016957 0.858719 -3.023795
 67.000000 -1.272800 0.893035 -1.266133 0.386796 -3.005584
 68.000000 -1.209890 0.430246 -1.245604 -1.254839 3.078193
 69.000000 -0.929577 0.788206 -1.248067 0.434091 -3.047181
 70.000000 -1.349889 0.767710 -1.174582 -1.008062 3.124876
 71.000000 -1.164923 0.639893 -1.218560 -1.105563 2.984515
 72.000000 -1.097493 0.597493 -0.967638 -0.709778 -3.110583
 73.000000 -1.014657 0.717027 -1.378762 -0.832128 -2.961861
 74.000000 -1.224919 0.890101 -1.357159 1.010708 -2.861131
 75.000000 -1.399853 0.744393 -1.371037 -1.414930 -3.018506
 76.000000 -0.997763 0.986857 -1.416676 -0.743751 -3.041360
 77.000000 -1.217632 0.596928 -1.461943 -0.936823 -3.037746
 78.000000 -1.350671 0.867759 -1.184899 -0.812336 3.104919
 79.000000 -0.966025 0.729734 -1.390610 -1.077518 3.136110
 80.000000 -1.339192 1.023420 -1.288897 0.327125 -3.072585
 81.000000 -1.081923 0.750880 -0.995594 -1.016349 -3.037409
 82.000000 -1.244550 0.563104 -1.183746 -0.981811 3.004746
 83.000000 -1.285888 0.466748 -0.967177 -1.390468 3.077064
 84.000000 -1.257784 0.571956 -1.104518 -0.898814 2.948128
 85.000000 -1.379693 0.917794 -0.882104 -1.238767 -2.896952
 86.000000 -1.426756 0.604339 -1.283108 -1.014819 -2.819026
 87.000000 -1.479136 0.990978 -1.138650 -1.014195 3.068873
 88.000000 -1.189329 0.837248 -1.121747 -1.005292 -2.903697
 89.000000 -1.233869 0.571147 -1.183097 -1.130517 -2.966691
 90.000000 -1.526507 0.612344 -0.959725 -1.061971 -3.036166
 91.000000 -1.146552 0.895181 -1.113075 -0.822641 -3.104736
 92.000000 -1.366834 0.409353 -0.877313 -1.093545 -2.941039
 93.000000 -1.267672 0.943109 -1.015196 -0.962430 3.124652
 94.000000 -1.225628 0.779791 -1.149332 -0.687502 -3.122133
 95.000000 -1.521357 0.658289 -1.264556 -0.886170 -3.015523
 96.000000 -1.201191 0.772232 -1.147962 -0.903330 -3.130956
 97.000000 -1.120930 0.901496 -1.382830 -1.156010 -3.028593
 98.000000 -1.293918 0.592101 -1.179811 -1.024597 -2.833076
 99.000000 -1.168710 0.832187 -1.222196 -1.098424 2.971418
 100.000000 -0.836923 1.092658 -1.179997 -1.067783 -2.938521
 101.000000 -1.126301 0.854191 -0.828296 -0.973500 3.115924
 102.000000 -1.095922 0.989634 -1.087935 -1.093264 -3.095438
 103.000000 -1.091867 0.891615 -1.129137 -1.240812 3.134038
 104.000000 -1.017463 0.782764 -1.278117 -1.183628 -2.916253
 105.000000 -1.045100 0.321053 -1.453715 -1.037725 2.997851
 106.000000 -0.930684 0.997062 -1.474026 -0.959712 3.062846
 107.000000 -1.003082 1.078181 -1.493399 -1.049293 3.100588
 108.000000 -1.076557 0.662768 -1.135824 -0.768852 -2.966440
 109.000000 -1.055491 0.363917 -1.025031 -1.019201 2.916907
 110.000000 -1.095107 1.080236 -1.056675 -0.904773 3.081692
 111.000000 -1.149875 0.451117 -1.225912 -1.194050 2.932254
 112.000000 -1.154780 0.494243 -1.177632 -1.444378 -3.063139
 113.000000 -0.880835 0.920883 -1.413952 -1.129862 -2.711156
 114.000000 -1.150325 0.747720 -1.159599 -1.000155 3.133790
 115.000000 -1.134685 0.715252 -1.242439 -1.166050 -2.905505
 116.000000 -1.336829 1.051267 -1.302105 -1.299083 -2.937987
 117.000000 -1.288654 0.808964 -1.041766 -1.276386 -3.026329
 118.000000 -1.199431 0.849980 -1.123289 -1.078067 -2.984754
 119.000000 -1.338514 0.567871 -1.169099 -0.821082 -2.823984
 120.000000 -1.336560 0.681280 -0.987850 -0.769821 3.041088
 121.000000 -1.022500 0.557483 -1.138115 -1.093988 3.085797
 122.000000 -1.173384 0.710215 -1.045361 -0.987088 -3.077923
 123.000000 -1.081721 0.664982 -0.878353 -1.153689 3.050119
 124.000000 -1.216174 0.845350 -1.331634 -1.166707 3.132599
 125.000000 -1.064076 0.766446 -1.189018 -1.221045 -2.864467
 126.000000 -1.320721 0.829397 -1.050945 -0.849155 -2.847608
 127.000000 -0.988870 0.866964 -0.974242 -1.124216 -3.117672
 128.000000 -1.229732 0.817774 -0.920633 -1.131369 2.886491
 129.000000 -1.304207 -0.507481 -1.395679 -0.906893 -2.895550
 130.000000 -1.185568 1.070648 -1.123133 -0.765337 -2.793028
 131.000000 -1.100383 1.016746 -0.827439 -1.004470 -2.917503
 132.000000 -1.333726 0.706163 -0.984638 -0.855473 -2.712658
 133.000000 -1.332597 -0.582064 -1.022414 -1.039918 3.080965
 134.000000 -0.922927 0.720040 -0.822020 -1.025964 -2.911902
 135.000000 -1.171955 0.648457 -0.900414 -0.859040 -2.905948
 136.000000 -1.298059 -0.430030 -1.455773 -0.831267 -3.039832
 137.000000 -1.093330 0.608817 -1.106297 0.241014 -3.035987
 138.000000 -0.958820 0.777570 -1.200059 0.579314 -3.121252
 139.000000 -0.953588 0.798975 -1.074276 -0.848072 2.978951
 140.000000 -1.214205 0.651491 -1.169072 -0.905483 -3.121913
 141.000000 -1.306185 0.700364 -1.428668 -1.127557 -3.069333
 142.000000 -1.113515 0.820413 -1.063108 0.371359 -3.055121
 143.000000 -1.302137 0.583799 -1.043953 -1.245473 3.088937
 144.000000 -1.414268 0.936350 -1.338300 -0.754598 -3.085355
 145.000000 -1.041813 0.705470 -1.157536 -1.238589 -2.945100
 146.000000 -1.272677 0.540865 -1.074266 -0.723869 -3.019063
 147.000000 -0.948556 0.783023 -0.972825 -1.007021 3.030754
 148.000000 -1.299580 0.878972 -1.102722 -0.902617 -3.122344
 149.000000 -1.015515 0.534993 -1.205243 0.279919 -2.873727
 150.000000 -1.045097 0.995755 -1.083932 -1.259772 -2.950558
 151.000000 -1.329110 0.897018 -1.170878 -0.592410 -2.985382
 152.000000 -1.092010 0.959388 -1.097828 -0.910743 3.101965
 153.000000 -1.053359 1.053047 -1.497465 -1.478921 3.067743
 154.000000 -1.032525 0.475934 -0.965492 0.159554 3.083870
 155.000000 -1.546248 0.560344 -1.171209 -0.776244 -2.967111
 156.000000 -1.449892 0.931189 -1.358169 -0.362673 3.103985
 157.000000 -1.205437 0.609023 -1.283322 -1.107742 -3.017746
 158.000000 -1.055270 0.818933 -1.115656 -0.893472 3.013538
 159.000000 -1.243426 1.064735 -1.005527 0.743371 -2.882224
 160.000000 -1.306876 0.768810 -0.846879 0.488619 -3.101948
 161.000000 -1.253112 0.911819 -1.174503 -1.167603 -2.793167
 162.000000 -1.131702 0.671776 -1.122185 -0.353117 -2.818224
 163.000000 -1.033387 0.758560 -1.146040 -0.826000 3.054365
 164.000000 -1.518895 0.562376 -1.116511 -0.877649 -2.963983
 165.000000 -1.172425 0.753710 -1.020317 -0.808779 -2.993583
 166.000000 -1.196286 0.758979 -0.875265 -0.991221 3.089214
 167.000000 -1.235091 0.515006 -1.252148 -1.222977 -3.113149
 168.000000 -1.330939 0.499882 -1.016952 0.674109 -2.948169
 169.000000 -1.136491 0.652401 -0.938976 -1.125422 -3.127735
 170.000000 -1.378363 0.756982 -1.350058 -1.195769 3.113483
 171.000000 -1.152339 -0.659682 -1.200359 -1.209406 3.111284
 172.000000 -1.240373 0.296171 -1.102475 -1.311749 -3.119206
 173.000000 -1.188116 0.662805 -1.047347 -1.063964 3.116518
 174.000000 -1.335179 0.909508 -1.281907 -0.999090 -3.093920
 175.000000 -0.981822 0.780984 -1.103328 -0.989336 -2.959224
 176.000000 -1.380214 0.443167 -1.272997 -1.043328 3.112303
 177.000000 -1.147375 0.869366 -0.940963 -0.884373 -2.968726
 178.000000 -1.010290 0.983951 -1.130178 -1.124317 -2.971308
 179.000000 -1.283088 0.704111 -1.334472 -1.121460 -2.988291
 180.000000 -1.208695 0.345502 -1.300453 -0.950163 -2.846476
 181.000000 -1.430202 0.709044 -1.320267 -0.863447 -2.821319
 182.000000 -1.251084 0.662285 -1.237527 0.611900 -2.907216
 183.000000 -1.357052 0.514293 -1.240087 -0.883207 -3.093328
 184.000000 -1.214351 0.793946 -1.222500 -0.794119 -2.968612
 185.000000 -1.002244 0.849203 -1.036033 0.435185 -2.790451
 186.000000 -1.175967 0.972548 -1.114820 0.753477 -3.050189
 187.000000 -1.026170 0.749905 -1.312366 -0.495841 -3.031919
 188.000000 -1.099198 0.851508 -0.935781 -0.917298 3.118734
 189.000000 -1.336598 0.554303 -1.142495 -0.941783 -3.076486
 190.000000 -1.116269 0.800983 -1.381812 -0.816946 -3.122993
 191.000000 -0.984679 0.645898 -1.109940 -0.633755 -2.719615
 192.000000 -1.095757 0.658924 -1.318427 0.335578 -2.970071
 193.000000 -1.212488 0.829297 -1.062024 -0.502356 -3.135626
 194.000000 -1.159554 1.073538 -0.984471 -1.159881 -2.816620
 195.000000 -0.968607 0.770297 -1.127762 -0.902399 2.951184
 196.000000 -1.171404 0.911100 -1.185140 -0.729009 -3.077518
 197.000000 -1.263099 0.838275 -1.086374 0.843741 3.028792
 198.000000 -1.275319 0.580552 -0.953690 0.297738 -3.109258
 199.000000 -1.350143 0.291414 -1.229706 1.282523 -3.104787
 200.000000 -1.069664 0.810306 -1.222345 -1.028574 -2.889475
 201.000000 -1.152776 0.588135 -1.406891 -1.068363 -2.997655
 202.000000 -1.117769 1.002232 -1.200338 -1.115489 -2.960896
 203.000000 -1.191891 0.318466 -1.244669 -1.291427 -3.056540
 204.000000 -1.221941 0.248711 -1.339848 0.763652 -2.870745
 205.000000 -1.485963 0.781471 -1.189136 -0.657811 -3.137300
 206.000000 -1.305801 0.869260 -1.109560 -1.009450 -3.075078
 207.000000 -1.289204 0.804998 -1.090872 -1.049957 -3.036117
 208.000000 -1.115337 0.695644 -1.280917 -1.073838 -3.084316
 209.000000 -1.203633 0.702049 -1.019155 0.362138 -3.131917
 210.000000 -1.236075 0.456161 -1.512634 -1.041485 -2.943621
 211.000000 -1.481833 0.666481 -1.324694 -1.123963 -2.906730
 212.000000 -1.241809 0.517691 -1.225364 -0.693948 3.059987
 213.000000 -1.233703 0.884370 -1.251985 -1.022281 -2.940356
 214.000000 -1.260668 0.617391 -1.232263 -1.079111 -3.016596
 215.000000 -1.342040 0.949227 -1.168839 -0.927552 -2.985931
 216.000000 -1.330385 0.678768 -1.392638 -1.158850 -2.885713
 217.000000 -1.598631 0.670145 -1.143176 -1.347018 -2.821224
 218.000000 -1.312982 0.985921 -1.209713 -0.969701 3.057404
 219.000000 -1.102653 0.728518 -1.488705 0.568837 -2.825226
 220.000000 -0.989226 0.873168 -1.018448 1.016094 3.044583
 221.000000 -1.141180 0.701190 -1.110756 -0.922028 -3.076625
 222.000000 -0.982947 0.845185 -1.165193 -0.825116 3.120668
 223.000000 -1.043306 -0.375434 -1.109216 -0.677556 2.922897
 224.000000 -1.417052 0.615804 -1.177790 -0.706636 3.137360
 225.000000 -1.419515 0.648493 -0.885261 -1.086735 3.077395
 226.000000 -0.993364 0.963760 -1.040281 -1.138506 -3.008083
 227.000000 -0.906712 0.805506 -1.038959 -1.393142 -3.060490
 228.000000 -1.223284 0.737739 -1.332895 0.392657 -2.914501
 229.000000 -1.114951 0.894614 -1.434631 -1.092867 -3.000787
 230.000000 -1.078004 0.995048 -1.336441 -0.823514 -3.013690
 231.000000 -1.072023 0.867505 -0.883307 1.002078 -3.101043
 232.000000 -1.308760 0.690959 -1.002420 -0.866113 -2.819197
 233.000000 -1.033349 0.456982 -1.440790 -1.130468 -3.026781
 234.000000 -1.097203 0.838715 -1.256873 -1.209136 2.953783
 235.000000 -1.360891 0.785734 -1.287376 -1.043501 -3.040571
 236.000000 -1.444781 0.638567 -1.033495 -1.181627 -2.868328
 237.000000 -1.085949 0.591749 -1.188458 -0.861103 -2.869700
 238.000000 -1.249024 0.486685 -1.286210 -1.022298 -3.046667
 239.000000 -1.374025 0.801867 -1.256961 -0.736113 2.968487
 240.000000 -1.298108 -0.207862 -1.182530 -1.031982 -2.914388
 241.000000 -1.178241 0.438354 -1.427593 -0.599555 -2.944723
 242.000000 -1.013369 1.023660 -1.047211 -1.232948 -3.098407
 243.000000 -1.284036 0.671534 -1.102155 -0.854658 2.979251
 244.000000 -1.139644 0.633330 -1.318127 -0.906939 3.059891
 245.000000 -0.954281 0.964398 -1.253470 -0.952204 -3.095435
 246.000000 -1.310277 0.837014 -1.334389 -0.813724 -2.855825
 247.000000 -1.083247 0.509259 -1.101969 -1.051702 -2.948274
 248.000000 -1.315634 0.417679 -1.144212 -0.883108 -2.945886
 249.000000 -1.032805 0.575861 -1.554814 -0.831268 -3.092903
 250.000000 -1.330264 0.474362 -1.574186 -0.222812 -2.830056
 251.000000 -1.061653 0.802802 -1.114237 0.154524 -2.818929
 252.000000 -1.398359 0.822020 -1.081116 0.611528 -2.961648
 253.000000 -1.117769 0.755309 -1.261803 -0.678992 -3.054301
 254.000000 -1.220899 0.576594 -1.389001 -0.950242 -2.994379
 255.000000 -1.198045 0.618254 -1.444709 -0.933466 -3.012558
 256.000000 -1.242292 0.806550 -1.439191 -1.024411 -2.813108
 257.000000 -1.122199 0.803013 -1.225379 -1.029952 -2.988322
 258.000000 -1.148176 0.744828 -1.380175 -0.483176 -3.030439
 259.000000 -1.305405 0.574957 -1.344043 -1.182505 -3.127106
 260.000000 -0.981789 0.913785 -1.245253 -0.956622 -3.115183
 261.000000 -1.398652 -0.557307 -1.147581 -1.009037 -2.783627
 262.000000 -1.329652 0.780518 -1.194855 -1.023294 -2.811429
 263.000000 -1.171955 0.685903 -1.189356 -0.804998 3.141590
 264.000000 -1.326702 0.837361 -1.022485 -1.165026 -3.130704
 265.000000 -1.129889 1.089367 -1.187830 1.171285 -3.132108
 266.000000 -1.304093 0.335977 -1.084730 -0.793281 -2.990593
 267.000000 -1.352120 -0.742206 -0.886089 -1.055980 3.080504
 268.000000 -1.560778 0.801273 -0.998169 0.470396 2.824623
 269.000000 -1.006747 0.795609 -1.185333 -1.080769 -2.829083
 270.000000 -1.288686 0.553626 -1.401195 0.638413 3.027197
 271.000000 -1.524783 1.068958 -1.015454 -0.838057 -3.093634
 272.000000 -1.189906 0.657002 -1.327777 -0.757456 2.996661
 273.000000 -1.151875 0.883135 -1.195095 -1.130135 3.111286
 274.000000 -1.188054 0.677768 -1.317482 -0.727390 -3.060502
 275.000000 -1.106406 0.821053 -1.316732 0.396730 3.127778
 276.000000 -1.159825 0.517378 -1.221718 0.288041 -2.888320
 277.000000 -1.390857 0.580820 -1.123980 -1.067500 -2.921559
 278.000000 -1.238455 0.670403 -1.042753 -1.119539 -2.852735
 279.000000 -1.240031 0.796891 -1.242346 -1.151368 -2.794851
 280.000000 -0.969660 0.629611 -1.164482 -0.922406 -2.871632
 281.000000 -1.183457 0.683607 -1.087193 0.441610 -3.100032
 282.000000 -1.160668 0.807188 -1.508954 -0.744155 -2.859103
 283.000000 -1.145183 0.882969 -1.188442 -1.096124 -2.981981
 284.000000 -1.403109 0.867789 -1.226713 -0.266449 -2.982900
 285.000000 -1.366233 0.795044 -1.111539 0.604313 -3.040507
 286.000000 -1.212321 0.791258 -1.123125 -0.099723 2.914521
 287.000000 -1.153332 -0.729920 -1.134296 0.469708 -2.608624
 288.000000 -1.310647 -0.527571 -0.981872 -1.129405 2.844056
 289.000000 -1.082673 0.999025 -1.292173 -1.193182 3.112335
 290.000000 -1.237440 0.766168 -1.143478 0.216383 -2.709553
 291.000000 -1.245045 0.845918 -1.531264 -1.240672 -3.007356
 292.000000 -1.452628 0.399101 -0.928188 -1.096587 -2.959498
 293.000000 -1.255736 0.739514 -1.182286 -0.944605 -2.809514
 294.000000 -1.327070 -0.667077 -1.345111 -1.280699 3.116799
 295.000000 -1.054392 -0.259624 -1.360929 1.231073 3.015819
 296.000000 -1.203980 -0.577530 -1.253662 0.994790 3.097605
 297.000000 -1.263605 0.754952 -1.270657 0.484684 3.120112
 298.000000 -1.218454 0.753911 -1.325975 0.373792 -3.098215
 299.000000 -0.961916 0.879517 -1.157323 -0.159886 -3.037372
 300.000000 -1.179708 -0.603001 -1.093905 -0.792147 -3.022187
 301.000000 -1.396212 0.691411 -0.831791 0.083615 -3.028423
 302.000000 -1.061945 0.275497 -1.256249 0.584048 -3.092508
 303.000000 -1.179113 -0.369576 -1.201098 -0.982920 3.128912
 304.000000 -1.004482 0.977177 -1.369165 0.397666 -2.755268
 305.000000 -1.513931 0.290616 -1.720654 -0.794104 3.138816
 306.000000 -1.635457 0.620844 -1.081117 -0.618475 -3.019524
 307.000000 -1.678383 0.876617 -1.037540 0.053547 2.967324
 308.000000 -1.318006 0.342415 -1.229505 0.779044 2.930307
 309.000000 -1.292847 0.529636 -1.225353 -1.116364 -2.750457
 310.000000 -1.356099 0.770805 -1.046141 -0.035009 -3.069653
 311.000000 -1.075920 0.715297 -1.152037 -0.976360 -3.013875
 312.000000 -0.868462 0.941580 -1.085941 -0.921098 2.984989
 313.000000 -1.398113 0.692096 -1.322392 -0.760255 -2.850851
 314.000000 -1.181288 0.913972 -0.959360 -1.039223 -2.879196
 315.000000 -1.496351 0.540775 -1.138300 -0.985076 3.059416
 316.000000 -1.521018 0.841926 -1.248064 -1.024765 -3.059086
 317.000000 -1.146256 0.800355 -1.092366 -1.244723 -2.935249
 318.000000 -1.301864 0.697840 -1.504075 -0.987219 -2.843831
 319.000000 -1.329182 0.416395 -0.873535 -0.017838 -2.964697
 320.000000 -1.586910 0.875400 -1.020376 -1.035642 -2.940395
 321.000000 -1.616714 0.756855 -1.239685 1.213973 -2.744624
 322.000000 -1.218329 1.073959 -1.314337 0.080370 3.064486
 323.000000 -1.015129 0.869184 -1.418657 -1.025297 3.111702
 324.000000 -1.100195 0.532563 -1.125386 -0.003037 -3.025875
 325.000000 -1.334306 0.525548 -1.117130 0.764882 -2.956846
 326.000000 -1.195277 0.525784 -1.335510 0.728861 -2.813434
 327.000000 -1.426421 0.857564 -1.073317 0.248480 -2.814977
 328.000000 -1.209366 0.919923 -1.289398 0.520914 -2.925340
 329.000000 -1.271351 0.887456 -1.319443 0.950423 -3.030069
 330.000000 -1.161041 0.928107 -1.327438 1.138039 -2.598088
 331.000000 -1.134573 0.347404 -1.407553 0.587953 -2.984711
 332.000000 -1.353117 0.692902 -1.147747 0.906035 -3.081964
 333.000000 -1.420710 -0.472933 -1.054997 -0.934599 -3.018911
 334.000000 -1.182411 0.861139 -0.940981 0.346313 -2.940821
 335.000000 -1.088980 -0.399911 -1.223493 1.681386 -3.037870
 336.000000 -1.276223 0.688657 -1.155440 -0.828409 -2.938286
 337.000000 -1.092893 0.857863 -0.962675 -0.848558 2.996801
 338.000000 -0.880329 0.557902 -1.086911 -1.005385 -3.127258
 339.000000 -1.633987 0.705018 -1.082207 -0.175753 -3.111705
 340.000000 -1.344535 0.893256 -0.992310 0.359060 3.106960
 341.000000 -1.319309 0.438902 -1.082246 0.169207 -3.001774
 342.000000 -1.464765 0.772499 -1.221202 -0.349014 -2.952156
 343.000000 -1.198866 0.564628 -0.825407 -2.751132 -3.061331
 344.000000 -1.285884 0.619629 -1.077859 -0.852000 2.980951
 345.000000 -1.391152 0.710817 -0.968702 -0.375238 -3.006886
 346.000000 -1.231087 -0.416741 -1.183631 -1.311801 -2.981196
 347.000000 -1.386813 -0.291851 -1.298256 -0.894647 -3.071793
 348.000000 -1.445674 0.754628 -1.145600 -0.934789 -2.909221
 349.000000 -1.034586 0.837175 -1.157855 -0.947013 3.093042
 350.000000 -1.280622 0.415011 -1.014629 -0.721446 3.077706
 351.000000 -1.097892 0.418462 -1.421195 -0.867127 2.894034
 352.000000 -1.383498 0.496872 -1.246179 -0.724221 -2.843532
 353.000000 -1.316269 0.835438 -1.191180 -1.084645 -2.898426
 354.000000 -1.157482 0.757358 -1.458611 -0.748617 -2.968029
 355.000000 -1.023699 0.820368 -1.025226 -1.228432 3.135979
 356.000000 -0.990697 0.559618 -1.078852 -1.138470 3.107334
 357.000000 -1.131618 0.771705 -1.042378 -0.835680 2.990994
 358.000000 -1.094192 0.648304 -1.353904 -0.914404 -3.013189
 359.000000 -0.959544 -0.606677 -1.550256 -0.885246 -3.121940
 360.000000 -1.226311 -0.540505 -1.015414 0.911147 3.000552
 361.000000 -1.402135 0.807853 -1.117046 -0.933916 -2.880141
 362.000000 -1.319677 0.939415 -1.212417 -1.104584 -3.023333
 363.000000 -1.403497 0.879783 -1.159893 -0.801444 -3.034809
 364.000000 -1.138383 -0.514451 -1.139432 -1.005224 -3.001351
 365.000000 -1.416444 0.697935 -1.216986 -1.073728 3.107358
 366.000000 -1.082473 0.689395 -1.406611 -0.913709 -3.091622
 367.000000 -1.306297 0.600050 -1.125498 -0.884248 3.122610
 368.000000 -1.021215 0.649358 -1.423291 -0.894293 2.940961
 369.000000 -1.419998 0.680377 -1.090228 -0.949926 -3.130057
 370.000000 -1.100265 0.495167 -1.149671 -0.855007 3.132431
 371.000000 -1.175102 0.930936 -1.015649 -0.868136 3.117567
 372.000000 -1.055891 0.671881 -1.321691 -0.599457 3.045021
 373.000000 -1.314282 0.919794 -0.996696 -1.191351 -3.063332
 374.000000 -1.311241 0.716742 -0.924497 -0.973400 -3.083487
 375.000000 -1.169017 0.720686 -1.214149 -1.032339 2.918347
 376.000000 -1.423829 0.578782 -0.957955 -1.363756 -3.069882
 377.000000 -1.138224 0.829398 -1.109935 -0.636729 -3.132890
 378.000000 -1.385313 0.799000 -1.089446 -1.081962 3.103524
 379.000000 -1.163005 0.711242 -1.496645 -0.855721 -2.931837
 380.000000 -1.366776 -0.507436 -1.011169 -1.014467 3.044587
 381.000000 -1.257959 0.781625 -1.304734 -0.460875 -2.941773
 382.000000 -1.566410 0.543340 -1.485825 -0.011524 -2.839085
 383.000000 -1.192444 0.903672 -0.947780 0.732967 -3.068226
 384.000000 -1.208067 0.479908 -1.298828 -0.408299 -2.937246
 385.000000 -1.348506 0.797380 -1.178002 -1.073520 3.076650
 386.000000 -1.291385 0.418186 -0.963111 -0.022959 -3.056213
 387.000000 -1.484766 0.559154 -1.211398 0.628789 3.098233
 388.000000 -1.214839 0.611708 -0.957368 0.896972 -2.903221
 389.000000 -1.363658 0.687044 -1.302547 -0.222151 3.054719
 390.000000 -1.298655 0.552121 -0.974905 -0.420552 -3.137099
 391.000000 -1.502617 1.035615 -1.031478 -0.619278 -3.036830
 392.000000 -1.074321 0.589502 -0.941423 -0.934931 3.134040
 393.000000 -1.335186 0.420717 -1.100884 -0.825572 3.032678
 394.000000 -1.318482 0.492605 -0.791754 -1.127256 -2.877553
 395.000000 -1.244674 0.740333 -1.242787 -0.815172 -3.069276
 396.000000 -1.418203 0.874287 -1.117246 1.211331 -2.929523
 397.000000 -1.129121 -0.561528 -1.349182 1.198833 2.920197
 398.000000 -1.208506 0.973608 -1.112412 -1.234525 -3.109840
 399.000000 -0.969172 0.709378 -0.937249 -0.924273 -2.888020
 400.000000 -0.945429 0.623179 -1.180526 -1.081158 3.129936
 401.000000 -0.907746 0.650227 -1.248567 0.455963 -2.903438
 402.000000 -1.166063 -0.121953 -1.177387 -0.911647 -3.075339
 403.000000 -1.453859 0.502260 -1.245307 -1.453408 -2.800400
 404.000000 -1.031636 0.721704 -1.258601 1.116993 -2.680204
 405.000000 -1.449568 0.792339 -0.928495 -1.053777 -2.871988
 406.000000 -1.511023 -0.350834 -1.125880 1.192194 -2.831292
 407.000000 -1.384748 0.406183 -1.097166 -0.553994 -2.811482
 408.000000 -1.065820 0.817744 -1.190402 -0.956855 -3.115440
 409.000000 -1.226115 0.379315 -1.322395 -1.097928 -2.881426
 410.000000 -1.468718 0.745788 -1.286103 -0.958737 -3.103750
 411.000000 -1.061306 0.692284 -1.018470 -1.054979 -3.025902
 412.000000 -1.160745 0.733677 -1.242789 -1.256647 2.955332
 413.000000 -1.180465 0.835713 -1.201330 -1.294890 -3.122168
 414.000000 -1.335550 0.762448 -1.212276 -0.932394 3.112767
 415.000000 -1.090935 0.571066 -0.931422 -1.086891 -3.096923
 416.000000 -1.198503 0.673622 -1.069220 -0.681539 -3.126827
 417.000000 -1.398779 0.736182 -1.104174 -1.020045 -2.998988
 418.000000 -0.872219 0.756107 -0.903568 -0.676085 3.015075
 419.000000 -0.916582 0.976617 -1.207598 -0.872408 -3.027287
 420.000000 -1.244442 0.849374 -0.879352 -0.950576 -3.087910
 421.000000 -1.409959 0.744386 -1.206906 -0.876304 -3.080579
 422.000000 -1.197379 1.009403 -1.114356 -1.008270 -2.979811
 423.000000 -1.184423 0.672808 -1.126167 -0.864459 3.095007
 424.000000 -1.392270 0.815401 -1.266982 -1.173541 -3.036036
 425.000000 -1.395453 1.048205 -1.221702 -1.033686 -2.931613
 426.000000 -1.162417 0.808617 -1.189881 -1.099497 -2.847755
 427.000000 -1.002334 0.405808 -1.180915 -1.278496 -2.967797
 428.000000 -1.003666 0.713379 -1.366345 -0.796161 -3.092098
 429.000000 -1.154187 0.883098 -1.219939 -0.773155 -3.081239
 430.000000 -1.367527 0.377752 -1.247834 -0.729029 -2.919556
 431.000000 -1.329621 0.704210 -1.313969 -0.854474 -3.137282
 432.000000 -1.121712 0.854784 -1.126527 -1.056212 3.101008
 433.000000 -1.316032 0.839203 -1.148123 0.652201 -2.933470
 434.000000 -1.093431 1.064232 -1.205817 -1.034715 -3.067500
 435.000000 -1.133743 0.931094 -1.143049 -0.962835 -3.014481
 436.000000 -1.045561 1.071608 -1.203457 -1.254566 3.018115
 437.000000 -1.120355 0.700765 -1.233023 -1.243158 -3.118282
 438.000000 -1.377169 0.989561 -1.115572 -1.104456 -3.063494
 439.000000 -1.180752 1.058122 -0.877704 -0.581136 -2.883212
 440.000000 -1.287772 0.911119 -1.195095 -0.939333 -2.852736
 441.000000 -1.338743 0.799427 -0.964745 -1.087173 3.107658
 442.000000 -1.257237 0.775141 -1.219471 -0.973924 -3.115732
 443.000000 -1.288701 0.830606 -1.174134 -1.261391 3.076677
 444.000000 -1.116244 0.845123 -0.989039 -0.945726 -2.885751
 445.000000 -1.105167 0.973225 -1.054401 -0.894874 -2.815546
 446.000000 -1.064196 0.737537 -1.013236 -1.081138 -3.052125
 447.000000 -1.267431 0.707054 -1.081592 -0.827209 -3.000598
 448.000000 -1.118840 0.406142 -2.904703 -0.872522 -2.903985
 449.000000 -1.102614 0.424756 -1.003720 -0.748803 -2.880049
 450.000000 -1.308641 0.976870 -1.014631 -0.784724 -3.094760
 451.000000 -1.206534 1.141273 -1.117721 -0.831496 -3.038716
 452.000000 -1.152776 0.695314 -1.092572 0.732000 -2.783317
 453.000000 -1.400376 0.614401 -1.152189 0.425373 2.966440
 454.000000 -1.109782 0.922617 -1.171483 0.679677 -2.995231
 455.000000 -1.181665 0.590771 -1.208852 0.824237 -2.871550
 456.000000 -1.217359 0.976928 -1.339917 0.745142 -2.685322
 457.000000 -1.187923 0.460814 -1.076799 0.890603 -2.948140
 458.000000 -1.153886 0.701508 -1.115254 0.614215 -2.896565
 459.000000 -1.203279 0.343601 -1.191772 0.538723 -3.058313
 460.000000 -1.136663 0.979920 -1.092395 0.477308 -3.078936
 461.000000 -1.051774 0.719666 -1.111688 0.814978 3.077867
 462.000000 -1.012316 0.821640 -1.420985 0.826288 3.075583
 463.000000 -1.166533 0.454571 -1.155442 0.383692 3.025618
 464.000000 -1.118142 0.667924 -1.264761 0.911400 -3.076251
 465.000000 -0.998837 0.931561 -1.204146 -1.002983 -3.037889
 466.000000 -1.148421 0.392139 -1.116237 -0.926167 -3.024568
 467.000000 -1.225615 0.906975 -1.076611 -0.637286 -3.069942
 468.000000 -1.242702 1.018850 -1.229204 -1.156150 -2.923910
 469.000000 -1.137141 0.581600 -0.900172 -1.084302 -3.045929
 470.000000 -0.968534 0.474009 -1.141416 -0.970198 3.135122
 471.000000 -1.114545 0.537525 -1.048601 -1.125028 -3.057319
 472.000000 -1.367294 -0.091526 -1.094656 -0.097499 -2.926598
 473.000000 -1.383952 0.700759 -1.121821 -0.674835 3.066372
 474.000000 -1.151934 0.575408 -0.713894 -0.960602 -3.025063
 475.000000 -1.064351 0.546715 -1.345128 -1.066970 -3.116358
 476.000000 -1.384933 0.851510 -1.022599 -0.812854 -3.025195
 477.000000 -1.286225 0.730947 -1.074708 -0.334697 -3.048657
 478.000000 -1.533296 0.623831 -1.020183 -0.931281 2.989026
 479.000000 -1.102050 1.121355 -1.087505 -1.170903 -3.043900
 480.000000 -1.210079 0.825559 -1.129093 -0.970199 -2.868579
 481.000000 -1.189375 1.043014 -0.976463 -1.167837 -3.092171
 482.000000 -1.202100 0.634450 -1.321005 0.173922 -2.877941
 483.000000 -1.133470 0.469640 -1.200635 -0.442854 -2.798112
 484.000000 -1.193055 0.684469 -0.995943 -1.056819 -2.960941
 485.000000 -1.512770 1.020341 -0.784567 -0.838883 -3.131039
 486.000000 -1.134121 0.494643 -1.039464 1.037138 3.108018
 487.000000 -1.295370 0.912381 -1.350656 0.546763 3.108258
 488.000000 -1.344163 0.767452 -1.017562 -0.295779 -3.131343
 489.000000 -1.165663 0.415048 -1.155809 -0.990250 3.002434
 490.000000 -1.101634 0.683333 -1.119325 -1.006731 -3.034356
 491.000000 -1.189104 0.735944 -1.097799 -1.086970 -2.896168
 492.000000 -1.371889 0.792060 -1.055465 -0.897873 3.100840
 493.000000 -1.067785 0.887100 -1.287407 -0.883230 -3.075714
 494.000000 -1.333839 0.767707 -0.994533 -1.337261 -3.002225
 495.000000 -1.235140 0.565671 -1.317632 -1.181506 -2.988789
 496.000000 -1.231082 0.831152 -1.062165 -1.361414 -3.052972
 497.000000 -1.283678 0.645230 -1.214812 0.444455 3.049742
 498.000000 -1.232977 0.715383 -1.512429 0.322160 3.139266
 499.000000 -1.229062 0.913594 -1.098011 0.827328 3.084963
 500.000000 -1.134191 0.640602 -1.148184 -1.128859 -2.951557
 501.000000 -1.263600 0.402004 -1.036665 -0.198845 -3.120321
 502.000000 -1.317326 0.749881 -1.068359 -1.399312 -2.978915
 503.000000 -1.376901 0.888052 -1.361810 -1.677750 -2.900449
 504.000000 -1.160346 0.357098 -1.062129 -1.418645 -3.004067
 505.000000 -1.496655 0.932707 -1.178942 -0.978312 2.903500
 506.000000 -1.298266 0.634931 -1.222313 -1.093073 -3.107166
 507.000000 -1.348591 0.685551 -0.989245 -1.026002 -3.093036
 508.000000 -1.201195 0.806614 -1.298664 -1.035100 -3.041830
 509.000000 -0.877201 0.958881 -1.208235 -1.145181 3.036452
 510.000000 -1.389494 0.678609 -1.400502 -0.885572 -3.093777
 511.000000 -1.180887 1.036050 -1.096154 -1.146537 2.938141
 512.000000 -1.208509 0.561736 -1.312472 -0.860834 3.128748
 513.000000 -0.968727 0.892586 -1.174200 -1.305895 -3.035708
 514.000000 -1.177895 0.674122 -1.289524 -1.536968 3.109487
 515.000000 -1.284696 0.628915 -1.258893 -1.383654 -3.004138
 516.000000 -1.282359 0.682302 -1.171488 -1.074916 -3.118570
 517.000000 -1.307984 0.588939 -1.142913 -1.121949 -3.101355
 518.000000 -1.129243 0.497967 -1.305464 -1.022202 -2.929889
 519.000000 -1.098744 0.989940 -1.054228 -0.957721 -3.013742
 520.000000 -1.112341 0.705065 -1.179619 0.394957 -2.940240
 521.000000 -1.179009 0.721914 -1.314451 -1.120622 3.062992
 522.000000 -1.087848 0.686140 -1.484094 -1.144228 -3.107590
 523.000000 -1.361733 0.772236 -1.120701 0.730290 3.128042
 524.000000 -1.305721 0.659574 -1.306035 -0.952129 3.109468
 525.000000 -1.236662 0.765991 -1.068910 -1.047841 2.954561
 526.000000 -1.008558 0.951890 -1.308046 -1.078934 -2.974433
 527.000000 -1.097633 0.733751 -0.969895 -1.049642 -3.118334
 528.000000 -1.277023 0.069256 -1.230285 -1.489694 -3.108020
 529.000000 -1.254029 0.649518 -0.968937 -0.812848 3.015751
 530.000000 -1.231467 0.774869 -1.166322 0.622716 3.088992
 531.000000 -1.352827 0.804371 -1.246462 -0.136498 -3.046523
 532.000000 -1.351639 0.858745 -0.977904 0.681300 3.105558
 533.000000 -1.394679 0.817309 -1.161637 -1.056647 -3.134259
 534.000000 -1.236484 0.856401 -1.083986 -1.292476 2.954111
 535.000000 -1.050658 0.794285 -1.087538 -1.143579 3.121861
 536.000000 -1.067523 0.683620 -1.230671 -1.223760 3.054261
 537.000000 -1.356615 0.804310 -1.257558 -1.188975 -3.053705
 538.000000 -1.402770 0.794210 -1.209998 -1.073250 3.035846
 539.000000 -1.346091 0.634669 -1.420112 0.568772 -3.087303
 540.000000 -1.197181 1.006208 -0.767880 0.393115 2.841367
 541.000000 -1.134976 0.883738 -1.114475 0.322514 -3.005559
 542.000000 -1.151042 0.832293 -1.573919 0.293273 -3.058247
 543.000000 -1.203126 0.772611 -1.210018 -0.900347 3.104851
 544.000000 -1.077234 0.626505 -1.307652 0.300865 -2.883790
 545.000000 -1.023983 0.527527 -1.188944 0.785834 2.940833
 546.000000 -1.230900 0.788557 -1.013853 -0.512224 -3.079302
 547.000000 -0.980219 1.170242 -0.899557 0.652055 -3.116357
 548.000000 -1.172146 0.461635 -1.071244 0.545599 -2.956754
 549.000000 -0.979599 0.439166 -1.025665 0.540328 3.071129
 550.000000 -1.520683 0.760116 -1.041515 0.516369 3.064087
 551.000000 -1.185936 0.732365 -1.001366 -1.094330 3.123017
 552.000000 -1.225390 0.579856 -1.380951 0.557496 3.089042
 553.000000 -0.845955 0.912964 -1.103229 0.884599 2.878008
 554.000000 -0.942833 1.009133 -1.247272 -0.526083 2.989907
 555.000000 -1.197546 0.894865 -1.147349 0.709251 -3.065020
 556.000000 -0.955385 0.899290 -1.287129 -0.162831 -2.812779
 557.000000 -1.178311 0.597094 -1.581354 0.645249 -2.938278
 558.000000 -1.090875 0.861904 -1.196763 -0.434113 -2.949848
 559.000000 -1.429556 0.614616 -1.103730 0.795251 -3.102981
 560.000000 -1.376573 0.953215 -1.220784 0.530849 3.049580
 561.000000 -1.261676 0.797758 -1.013410 0.561125 3.073872
 562.000000 -1.087915 0.903548 -1.258738 0.939872 2.921008
 563.000000 -1.048533 0.495512 -1.305093 0.888772 -2.936472
 564.000000 -1.375506 1.010849 -1.047260 0.280369 3.091271
 565.000000 -0.956482 0.912955 -1.116090 0.519389 -3.083626
 566.000000 -1.181281 0.913783 -1.001925 0.717112 3.019134
 567.000000 -1.526670 0.529974 -1.143266 0.281971 3.129896
 568.000000 -1.152346 0.794897 -1.240439 -0.963368 -2.763606
 569.000000 -1.316527 0.625479 -1.166598 0.924301 -2.955348
 570.000000 -1.334693 0.846131 -1.288353 -0.227707 -3.107713
 571.000000 -1.159769 0.794703 -1.301564 0.348039 3.034720
 572.000000 -1.177869 0.378604 -1.367209 0.183727 3.105995
 573.000000 -1.129359 0.553143 -1.332031 1.063348 2.992736
 574.000000 -1.196626 0.730719 -1.207247 0.770717 3.076765
 575.000000 -1.158124 0.347831 -1.210708 0.804266 3.093657
 576.000000 -1.138793 0.718815 -1.101045 -1.209783 3.014213
 577.000000 -1.244344 1.143614 -0.928672 -0.934346 2.989560
 578.000000 -1.208250 0.622395 -1.078876 -0.992236 -3.072302
 579.000000 -1.114145 0.486087 -1.350846 0.426336 -3.016751
 580.000000 -0.999526 0.657167 -1.202595 0.383901 -2.768316
 581.000000 -0.913696 0.769062 -1.256106 0.501656 3.085800
 582.000000 -1.224115 0.673945 -1.265349 0.564618 -2.633192
 583.000000 -1.136515 0.798797 -1.047342 0.051032 -3.122276
 584.000000 -1.442603 0.632815 -1.067817 0.595175 -2.914875
 585.000000 -1.299473 0.802763 -1.113745 0.602047 -3.128733
 586.000000 -1.193348 0.730626 -1.139816 0.393172 -3.000622
 587.000000 -1.293663 0.841827 -1.217676 0.576653 3.110941
 588.000000 -1.321375 0.708360 -1.205537 0.541266 3.068235
 589.000000 -1.325215 0.673720 -1.093987 0.720464 3.074074
 590.000000 -1.316468 0.565019 -1.164490 0.460671 3.066285
 591.000000 -1.407092 0.599107 -1.127446 0.579796 -3.079961
 592.000000 -1.035347 0.694107 -1.280959 0.234563 3.042668
 593.000000 -1.372513 0.789607 -1.205010 0.571552 -2.911965
 594.000000 -0.875580 0.969846 -1.356105 -0.037375 2.997117
 595.000000 -1.459524 0.891725 -0.959766 0.505343 -2.876721
 596.000000 -1.361459 0.601338 -1.260409 0.429513 -2.888919
 597.000000 -1.476973 0.549640 -1.232378 0.439976 -3.077960
 598.000000 -1.161938 0.818634 -1.000727 0.510396 3.096631
 599.000000 -1.000235 0.557202 -1.085118 0.533641 -3.018295
 600.000000 -1.133380 0.656854 -1.204664 0.050462 3.075233
 601.000000 -1.280584 0.763780 -1.181169 0.618367 -3.049258
 602.000000 -1.066567 0.865544 -0.881914 0.765404 -3.103760
 603.000000 -1.050839 0.668788 -1.053847 0.253116 -2.799840
 604.000000 -1.156877 0.852036 -1.123965 0.573861 -3.111523
 605.000000 -0.957007 0.830607 -1.182899 0.581382 -3.055862
 606.000000 -1.323632 0.339080 -1.179689 0.367968 2.937021
 607.000000 -1.155628 0.882879 -0.921305 0.624637 -3.107464
 608.000000 -1.116340 0.786105 -1.114822 -0.083571 3.011803
 609.000000 -1.405258 0.732704 -1.379309 0.536503 2.958355
 610.000000 -1.164655 0.699298 -1.415183 0.231944 -3.130046
 611.000000 -1.528328 0.623491 -1.014633 0.287421 -3.052019
 612.000000 -1.255449 0.790517 -1.242883 0.815603 -2.961982
 613.000000 -1.285683 0.748170 -1.304881 0.481568 -3.016022
 614.000000 -1.339332 0.615859 -1.340194 0.426413 -2.985913
 615.000000 -1.368049 0.613934 -1.146074 0.776700 -3.031335
 616.000000 -1.122518 0.626848 -1.284221 0.534855 3.073853
 617.000000 -1.060730 0.698964 -0.999417 0.388734 3.102515
 618.000000 -1.320470 1.102906 -1.018126 0.443873 -2.925748
 619.000000 -1.214968 0.853213 -1.347908 0.488054 -3.094623
 620.000000 -1.365789 0.750053 -1.115437 0.401532 -3.054938
 621.000000 -1.008556 0.750051 -1.403896 0.632415 -3.029048
 622.000000 -1.209815 0.976925 -0.933983 0.647568 -2.901195
 623.000000 -0.992459 0.724834 -1.197121 0.919114 -2.822831
 624.000000 -1.159057 0.823334 -1.210812 0.679195 3.141590
 625.000000 -1.597862 0.306829 -1.363171 0.450232 2.976662
 626.000000 -1.389158 0.801641 -1.023206 0.714538 -2.861138
 627.000000 -1.303193 0.765147 -1.072321 0.513852 -2.889715
 628.000000 -1.058305 1.000076 -1.078360 0.465365 -3.014176
 629.000000 -1.266947 0.701316 -1.201420 0.358407 -2.880412
 630.000000 -1.305174 0.908279 -1.208687 0.613242 -3.024145
 631.000000 -1.366238 0.948565 -1.180245 0.470921 2.869879
 632.000000 -1.277716 1.081699 -1.224835 0.341400 -2.932596
 633.000000 -1.084899 0.657151 -1.045370 0.187123 -3.084088
 634.000000 -1.228435 0.783928 -0.935512 0.896320 3.085340
 635.000000 -1.090075 0.436910 -1.308248 0.699543 -2.798783
 636.000000 -1.318097 0.745091 -0.967060 0.895693 3.065863
 637.000000 -1.267604 0.791474 -1.313440 0.197846 -2.987554
 638.000000 -1.228647 0.516532 -1.499784 0.662662 -2.766031
 639.000000 -1.284291 0.299263 -1.118637 0.735267 -3.042545
 640.000000 -1.042483 0.451464 -0.985440 0.750458 3.069735
 641.000000 -1.473688 1.037311 -1.152009 1.315664 -2.809155
 642.000000 -1.239539 0.660444 -1.035390 0.859907 -3.125708
 643.000000 -1.081942 0.652318 -1.086079 0.360927 3.112274
 644.000000 -1.006488 0.561733 -1.044136 0.588576 -2.989619
 645.000000 -1.379088 0.589116 -1.194289 0.608704 -2.872521
 646.000000 -1.249073 0.765192 -1.114610 -0.148060 -2.769987
 647.000000 -1.117185 0.370922 -0.978761 0.542276 -3.082155
 648.000000 -1.455860 0.872355 -0.827705 1.220260 -2.945471
 649.000000 -1.351251 1.005842 -1.195098 0.847048 -3.118043
 650.000000 -1.319356 0.542544 -1.191168 -1.073517 -3.114763
 651.000000 -1.199939 0.862169 -1.222339 1.097862 2.951729
 652.000000 -1.122384 0.305480 -1.134954 -0.968676 3.078394
 653.000000 -1.203829 -0.623154 -1.218575 0.419104 -3.081782
 654.000000 -1.076867 0.950376 -1.230904 1.127519 -3.010232
 655.000000 -1.431339 0.335898 -0.830526 0.487265 3.116536
 656.000000 -1.121268 -0.614169 -1.298232 -0.528107 -3.030644
 657.000000 -1.243078 -0.317813 -1.177509 -1.085177 -3.064131
 658.000000 -1.499237 0.790859 -1.058050 -1.322932 3.115764
 659.000000 -1.175431 0.745578 -1.152372 -1.173760 -2.829922
 660.000000 -0.901665 0.387257 -1.050569 0.502670 -2.965646
 661.000000 -1.165427 0.787458 -1.378121 -1.314310 -2.906842
 662.000000 -1.286499 0.342164 -1.180882 -0.863389 2.872085
 663.000000 -1.496641 -0.624679 -0.905464 0.273090 -3.002441
 664.000000 -1.168228 0.522691 -1.306749 -0.897266 -2.811238
 665.000000 -1.124609 -0.517342 -1.210359 -1.357972 -2.924110
 666.000000 -1.414476 0.598515 -1.116115 -0.889863 -3.115271
 667.000000 -1.478506 0.498111 -0.874133 -0.779025 3.005378
 668.000000 -1.162853 0.445300 -0.866291 -0.772251 -3.097667
 669.000000 -1.111107 0.845194 -1.107734 -1.218114 -3.009069
 670.000000 -1.273260 -0.359650 -1.128618 0.899234 -3.115704
 671.000000 -1.234240 -0.798296 -1.161774 -0.147772 -3.012248
 672.000000 -1.339449 -0.791053 -1.445472 -1.055265 -3.052401
 673.000000 -1.550822 -0.511164 -1.013082 -0.718617 3.010164
 674.000000 -1.348349 -0.569889 -1.222438 -0.009472 -3.065973
 675.000000 -1.332955 -0.681391 -1.126059 -1.179653 -3.119473
 676.000000 -1.173396 -0.572079 -1.382376 -0.857135 2.981786
 677.000000 -1.457424 0.695235 -1.032785 0.021759 -3.099950
 678.000000 -1.308162 -0.814542 -1.486653 -0.211200 -3.009047
 679.000000 -1.238207 -0.585561 -1.287051 0.379138 -2.933041
 680.000000 -1.367835 -0.569701 -1.040253 1.087145 -3.140393
 681.000000 -1.226136 -0.712148 -1.123701 0.693968 3.054778
 682.000000 -1.474255 -0.925309 -1.285427 0.020012 2.919501
 683.000000 -1.252337 -0.757715 -1.120720 -0.415077 -3.086721
 684.000000 -1.276575 -0.419018 -1.027797 0.698565 3.125658
 685.000000 -1.059134 -0.645655 -1.186531 0.490981 -2.977246
 686.000000 -1.102685 1.044173 -1.354526 0.490255 3.138264
 687.000000 -1.037112 -0.807600 -1.087425 0.636483 3.136105
 688.000000 -1.249119 -0.577453 -0.922939 0.535187 -3.117870
 689.000000 -1.071710 -0.779208 -1.039280 -0.788943 3.059294
 690.000000 -1.053596 -0.764516 -1.257962 -1.215885 3.024796
 691.000000 -1.519331 -0.593847 -0.933711 -1.005150 -2.834401
 692.000000 -1.187845 0.471996 -0.960750 0.063868 -2.761358
 693.000000 -1.444586 0.675021 -1.173990 -0.808141 -2.824412
 694.000000 -1.441999 0.883716 -0.996900 -0.937039 -3.030860
 695.000000 -1.156129 -0.563917 -1.254796 -1.319069 -2.693930
 696.000000 -1.271372 -0.643090 -1.221876 -1.100670 2.987572
 697.000000 -1.285098 -0.385484 -1.129052 -1.037726 -2.960606
 698.000000 -0.946668 -0.788541 -1.123552 -0.802647 -3.075109
 699.000000 -1.298245 0.526223 -1.059999 -1.090468 -2.963785
 700.000000 -1.292776 0.152622 -1.115718 -1.106622 -3.112649
 701.000000 -1.223952 0.791146 -0.971669 -0.967652 -3.096770
 702.000000 -0.993243 1.070421 -0.972462 -1.289121 -3.018473
 703.000000 -1.073304 0.768366 -1.231312 -1.213596 -2.972558
 704.000000 -1.079999 0.700330 -0.988783 -0.869530 3.080585
 705.000000 -1.053139 0.950265 -1.269181 -0.932548 -3.070522
 706.000000 -1.305343 0.598398 -1.140949 -1.196333 -3.090301
 707.000000 -0.893577 0.387256 -1.351418 -1.180122 3.102805
 708.000000 -1.206658 0.845992 -0.937179 -1.383139 3.119612
 709.000000 -1.389573 0.559121 -1.140981 -0.929260 -3.080155
 710.000000 -1.211991 0.951642 -1.128882 -1.014625 -2.891726
 711.000000 -1.412791 0.808763 -1.224072 -0.725614 -2.797441
 712.000000 -1.329003 0.309240 -1.266407 -1.100611 3.088497
 713.000000 -1.345138 0.541160 -0.918244 -0.890424 -2.819448
 714.000000 -1.202199 0.521360 -1.314473 1.009472 -2.990280
 715.000000 -1.073006 0.647048 -1.203534 0.197966 3.060249
 716.000000 -1.293920 0.875554 -1.116458 0.892076 -2.862451
 717.000000 -1.248104 1.173231 -1.155714 -0.885623 -2.973788
 718.000000 -1.405267 0.680079 -1.082427 0.561539 2.954792
 719.000000 -1.037238 0.796427 -1.172832 -0.386648 3.078195
 720.000000 -1.012160 0.598005 -1.012726 1.084118 3.013943
 721.000000 -1.178384 0.897595 -1.039669 0.925794 3.085725
 722.000000 -1.246514 1.058728 -1.316023 1.229266 -2.944707
 723.000000 -1.204459 0.612993 -0.769037 0.826286 3.052733
 724.000000 -1.192314 0.526793 -1.035059 -0.917217 -2.882859
 725.000000 -1.324662 0.359269 -0.977149 -0.977949 3.067679
 726.000000 -1.011645 0.707643 -1.565751 -0.996027 2.917181
 727.000000 -1.265480 0.782325 -1.383260 -0.832797 -2.805427
 728.000000 -1.228721 0.731685 -0.893169 -0.970999 3.075154
 729.000000 -1.091008 0.526146 -1.029866 -0.899795 -3.089079
 730.000000 -1.317371 1.014742 -1.087225 0.688054 -2.824530
 731.000000 -0.996955 0.873811 -1.332745 0.680151 -3.018903
 732.000000 -1.128507 0.663469 -1.396829 0.594939 -3.036706
 733.000000 -1.298714 0.674082 -0.902822 0.328438 3.030887
 734.000000 -1.091538 0.593487 -1.265380 1.007768 -3.083749
 735.000000 -1.253052 0.211089 -1.064747 0.889878 -2.991752
 736.000000 -1.211079 0.780553 -1.208082 1.141729 -3.063046
 737.000000 -1.075375 0.790395 -1.193162 1.317828 -3.132261
 738.000000 -1.222535 0.798699 -1.178501 0.457746 2.940626
 739.000000 -0.975189 0.757366 -1.069634 0.580135 -3.114579
 740.000000 -1.532203 0.698765 -1.064326 -1.115510 3.078342
 741.000000 -1.090000 0.812552 -0.997583 1.316445 3.131366
 742.000000 -0.950967 0.503880 -0.910368 -1.304548 -3.078199
 743.000000 -0.985190 0.999528 -1.192692 -1.364439 3.080457
 744.000000 -1.363686 0.547916 -1.178059 -1.279255 -2.939346
 745.000000 -1.115195 0.747165 -1.393476 -1.031086 -2.692030
 746.000000 -1.538242 1.049398 -1.116655 0.316021 -2.864326
 747.000000 -0.901284 0.874654 -1.212645 0.824909 -3.051891
 748.000000 -1.283491 0.684467 -1.142332 0.943001 2.933438
 749.000000 -1.149117 0.844051 -0.942038 0.596197 -3.005078
 750.000000 -0.900371 0.690680 -1.148718 0.637656 -3.071272
 751.000000 -1.078022 0.762458 -1.126172 0.724370 -3.071425
 752.000000 -1.435545 0.782775 -1.326398 0.564706 -2.855022
 753.000000 -1.404082 1.115756 -1.253663 0.544870 -3.065567
 754.000000 -0.928925 0.938493 -1.097631 0.485131 3.040934
 755.000000 -1.231794 0.842008 -1.085371 0.690644 -3.131820
 756.000000 -1.244654 0.571716 -1.078368 -1.251848 3.095841
 757.000000 -1.138502 0.915587 -1.071103 -0.728610 -2.975652
 758.000000 -1.188198 0.920757 -1.251676 -1.179740 -3.028255
 759.000000 -1.424214 0.664944 -1.068219 0.309279 -2.864466
 760.000000 -1.281340 0.867323 -1.198262 0.311444 2.798426
 761.000000 -1.198829 0.582501 -1.186362 -0.992244 -2.822862
 762.000000 -1.078652 0.736731 -1.280683 -1.154252 -3.075506
 763.000000 -1.160350 0.999200 -0.985363 -0.996816 -2.992096
 764.000000 -1.540611 0.423984 -1.162116 0.889706 -3.092368
 765.000000 -1.115645 0.859591 -1.158270 0.609171 3.140877
 766.000000 -1.228416 0.837026 -0.725454 0.309647 2.918642
 767.000000 -1.561708 0.683392 -1.212402 -0.649398 -3.085214
 768.000000 -1.218864 0.729906 -1.115364 0.939485 3.034659
 769.000000 -1.293277 0.805215 -1.269695 0.617928 -3.111716
 770.000000 -1.097656 0.312853 -1.063253 0.523832 3.141590
 771.000000 -1.234920 0.690140 -1.164407 0.918075 2.939830
 772.000000 -1.358330 0.746046 -0.985767 0.455714 -2.971566
 773.000000 -1.115484 0.623586 -0.923596 0.293723 -3.038351
 774.000000 -0.947414 0.886209 -1.176279 0.493335 -2.873508
 775.000000 -1.398098 0.705036 -1.104998 0.228962 -3.114189
 776.000000 -1.207834 0.828884 -1.003935 0.324513 -2.859091
 777.000000 -1.240736 0.229246 -0.992905 0.196670 -2.998311
 778.000000 -1.236430 0.666823 -1.054051 0.388815 3.102462
 779.000000 -1.163726 0.810247 -1.476141 0.228977 -2.945534
 780.000000 -0.956856 0.956149 -1.120546 0.515583 -2.936731
 781.000000 -1.342562 0.587077 -1.144197 0.733282 -3.120973
 782.000000 -1.369313 0.686389 -1.250825 -0.903120 3.117115
 783.000000 -1.146800 0.601073 -1.134051 -1.194053 -3.105461
 784.000000 -1.103072 0.993347 -1.120546 0.768526 3.103765
 785.000000 -1.166527 0.828684 -1.185412 0.555102 -3.128071
 786.000000 -1.347931 0.860832 -1.391578 0.387538 -3.007642
 787.000000 -0.983030 0.810299 -0.842621 0.236058 2.942013
 788.000000 -1.270254 0.923180 -1.463985 0.348139 -2.779417
 789.000000 -1.258576 0.652085 -1.151373 0.434922 -2.991722
 790.000000 -1.439255 0.765503 -1.520299 0.844739 -2.654435
 791.000000 -1.615933 0.858804 -1.232359 0.683261 -3.076149
 792.000000 -1.301602 0.959221 -1.110868 -0.765056 -2.835269
 793.000000 -1.077122 0.962043 -0.879813 -0.623896 3.013818
 794.000000 -1.384086 0.520788 -0.984248 -0.808876 -3.135621
 795.000000 -1.075748 0.934416 -1.413323 -0.907043 3.128826
 796.000000 -1.260807 0.890628 -1.195158 -0.840243 2.991775
 797.000000 -1.461189 0.883388 -1.393315 -1.008581 3.029507
 798.000000 -1.295978 0.677327 -0.969846 -0.874755 -3.137809
 799.000000 -1.465993 0.883445 -1.294855 -0.766762 -2.991892
 800.000000 -1.419980 0.767679 -1.250771 -1.048364 -2.933636
 801.000000 -1.203311 0.525957 -1.120920 -0.952600 3.048398
 802.000000 -1.057603 0.801992 -1.043793 -1.071349 3.112417
 803.000000 -1.118479 0.838354 -1.060376 -1.432539 2.893047
 804.000000 -1.108270 0.768522 -0.992636 -1.168017 3.113271
 805.000000 -1.044259 0.434019 -1.076485 -1.052447 3.100440
 806.000000 -1.393192 0.626760 -1.247353 -1.063819 -2.974455
 807.000000 -1.181633 0.838207 -1.499132 -0.711250 3.045163
 808.000000 -1.146379 0.969638 -0.937203 -0.592342 -3.005922
 809.000000 -1.312532 0.350788 -1.111534 -0.963424 -3.120979
 810.000000 -1.311073 0.858580 -0.880225 -1.010234 -2.984211
 811.000000 -0.993667 0.948524 -1.278603 -0.971171 -3.117933
 812.000000 -1.426990 1.100839 -1.179783 -0.783591 3.023597
 813.000000 -1.227438 0.841680 -1.073851 0.697105 -2.970430
 814.000000 -1.060172 0.555898 -1.255235 -0.630163 2.969847
 815.000000 -1.410391 0.732791 -1.272387 0.724885 -2.759901
 816.000000 -1.066953 0.788528 -0.904406 -0.969835 -3.035217
 817.000000 -1.091551 0.725902 -1.012499 -0.804942 3.096543
 818.000000 -1.191936 0.810481 -1.153162 -0.855928 -2.922425
 819.000000 -1.553230 0.534371 -1.100763 -0.816961 3.135335
 820.000000 -1.356595 0.687865 -1.159413 -0.445433 3.088041
 821.000000 -1.269496 0.670002 -0.917180 -1.432403 -3.126201
 822.000000 -1.193737 0.820583 -0.883960 -0.981326 -3.140045
 823.000000 -1.165527 0.486068 -1.028127 -0.933324 -3.022589
 824.000000 -1.346997 0.459015 -1.147756 -1.061030 -3.087214
 825.000000 -1.176451 0.821218 -0.988222 -0.023129 -2.959232
 826.000000 -1.281341 0.818998 -1.197352 -0.892950 -2.983824
 827.000000 -1.492502 0.734415 -1.056875 -0.897635 -2.931708
 828.000000 -1.224725 -0.425066 -1.260726 -0.346001 -3.117187
 829.000000 -1.366339 0.586998 -1.150431 -0.733738 -2.966835
 830.000000 -1.235500 1.040607 -1.103498 -0.992808 -3.041906
 831.000000 -1.346662 0.200882 -1.067944 -0.782670 -3.024151
 832.000000 -1.295986 -0.540079 -1.121079 -1.138648 2.971959
 833.000000 -1.251190 -0.305754 -1.153954 -1.205301 3.096377
 834.000000 -1.003299 -0.576152 -1.372783 -1.028571 -2.978228
 835.000000 -1.364341 -0.727809 -1.016739 -1.358839 -2.954770
 836.000000 -1.156515 0.853690 -1.175113 -0.952182 -3.001274
 837.000000 -1.146263 -0.632222 -0.951115 -1.232675 -2.917604
 838.000000 -1.185655 0.347553 -1.070184 0.668590 3.036974
 839.000000 -1.194987 -0.615814 -1.170121 1.011781 -2.924176
 840.000000 -1.006700 -0.560156 -1.113701 -1.108683 3.033595
 841.000000 -1.203579 -0.792871 -1.116772 -0.527906 -3.060595
 842.000000 -1.434190 -0.399272 -1.208088 -0.984900 -3.120266
 843.000000 -1.290556 0.766199 -0.871626 -0.989235 -2.680819
 844.000000 -0.924428 1.071071 -1.277389 0.747001 -2.782393
 845.000000 -1.200627 1.116301 -1.468871 0.367470 -3.051210
 846.000000 -0.881738 0.871685 -1.559512 -0.161467 -3.021705
 847.000000 -1.343541 1.032082 -1.295009 -1.155437 -3.116173
 848.000000 -1.420634 0.666980 -1.150769 -0.583091 -3.056389
 849.000000 -1.244647 0.565832 -1.102713 -1.258772 -2.967890
 850.000000 -1.103949 0.670704 -1.205239 -1.194136 3.112445
 851.000000 -1.223560 0.651473 -1.140464 -0.909519 3.059052
 852.000000 -1.169072 0.778784 -0.997935 -1.135648 -3.040271
 853.000000 -1.477681 0.692382 -0.920029 0.131283 -2.950029
 854.000000 -1.040641 0.532312 -1.232703 0.517772 2.965466
 855.000000 -1.084995 0.695565 -1.355894 -0.250619 -3.098212
 856.000000 -1.242403 0.358803 -0.863044 0.323981 -3.083517
 857.000000 -1.352479 0.424579 -1.346784 0.650167 -2.909420
 858.000000 -1.164732 0.441817 -1.054680 0.715029 -2.951995
 859.000000 -0.944212 0.426642 -1.110209 -1.166189 -3.028968
 860.000000 -1.294741 0.694140 -0.868066 0.562023 -3.051128
 861.000000 -1.220629 0.727927 -0.879518 -1.549688 2.986506
 862.000000 -1.339683 0.523580 -1.167687 -0.917562 -2.928179
 863.000000 -0.983878 0.789116 -1.339009 -0.610273 -3.028717
 864.000000 -1.108541 0.419317 -1.276675 0.039989 -3.039488
 865.000000 -1.153149 0.706496 -0.982253 1.343879 -2.946964
 866.000000 -0.943249 0.642885 -1.191540 -0.522624 -3.024567
 867.000000 -1.190157 0.870861 -0.999709 -0.825496 -3.101502
 868.000000 -1.367600 0.702088 -1.474596 -0.942921 3.117248
 869.000000 -1.110378 0.720062 -1.114818 -0.765687 3.018483
 870.000000 -1.611480 0.827164 -1.354930 -1.028575 3.017270
 871.000000 -1.186347 -0.413520 -0.965486 -0.821392 3.053148
 872.000000 -1.217380 0.677194 -1.307021 -1.059420 3.090067
 873.000000 -1.054392 1.014884 -1.176524 -1.302595 3.060996
 874.000000 -0.981695 0.854433 -1.295246 -1.129449 -2.864818
 875.000000 -1.176359 0.638085 -0.843408 -0.987946 -2.779750
 876.000000 -0.906707 0.660387 -1.097528 -1.166037 -3.141239
 877.000000 -1.373118 0.910489 -1.022863 -1.161266 2.992731
 878.000000 -1.402034 0.660684 -1.074285 0.647595 -2.900445
 879.000000 -1.216220 0.888014 -1.135986 1.043314 3.033178
 880.000000 -1.280187 0.734851 -1.042411 0.713493 -3.013971
 881.000000 -1.116510 0.848987 -1.009777 0.730877 2.902275
 882.000000 -1.091743 0.527031 -0.950291 1.714999 3.066677
 883.000000 -1.302440 1.023901 -1.201185 0.457584 3.112740
 884.000000 -1.017464 0.974746 -1.275547 -0.892641 -3.109756
 885.000000 -1.043385 1.154657 -1.120421 -1.100704 -3.141586
 886.000000 -1.019295 0.917704 -1.199869 0.484779 -3.024643
 887.000000 -1.081396 0.873931 -0.879741 0.129427 -2.973210
 888.000000 -1.048342 0.778993 -0.972024 -0.733237 -2.849341
 889.000000 -1.310641 0.601596 -0.995748 -1.052282 -3.027874
 890.000000 -1.189343 0.909343 -1.135814 -1.114099 3.035153
 891.000000 -1.172547 0.941623 -1.378280 -1.055530 3.099883
 892.000000 -1.507792 1.141652 -1.276349 0.892823 3.109166
 893.000000 -1.273054 0.652944 -1.303049 0.271097 -2.861131
 894.000000 -1.181331 -0.321992 -0.851391 0.704880 -3.104637
 895.000000 -1.065824 -0.750869 -1.441792 -1.244143 -2.802467
 896.000000 -1.255336 0.583952 -1.114436 -1.124133 3.119809
 897.000000 -1.267115 0.769831 -1.188626 -1.252546 -2.974039
 898.000000 -1.424370 0.682519 -0.976514 -0.955418 -2.946307
 899.000000 -1.380155 0.705574 -1.048577 -1.075040 3.002385
 900.000000 -1.284605 0.850235 -1.092398 -1.101954 -3.106520
 901.000000 -1.017835 0.835954 -1.037178 -0.930627 -3.102988
 902.000000 -1.263993 0.904970 -0.971790 -0.740762 -3.010768
 903.000000 -1.133461 0.909929 -1.016480 0.442492 -3.031214
 904.000000 -1.051849 0.761549 -1.303180 0.222072 -2.966460
 905.000000 -1.260413 0.907361 -1.274531 0.131328 3.081828
 906.000000 -1.015510 0.654903 -1.212707 0.546191 2.834834
 907.000000 -1.357790 0.989116 -1.017829 0.216279 3.080076
 908.000000 -0.981840 0.871325 -1.211829 0.395220 -3.077095
 909.000000 -1.338159 0.901800 -1.324371 0.573457 -2.941880
 910.000000 -1.292863 0.799001 -1.132711 0.410128 3.075821
 911.000000 -1.042585 0.643777 -1.153861 0.665595 -3.039168
 912.000000 -1.217410 0.619265 -0.895520 0.373755 -3.103819
 913.000000 -0.970406 0.815350 -0.942249 0.267926 -3.043308
 914.000000 -1.280397 0.501695 -1.008855 -0.437022 3.068682
 915.000000 -1.164391 0.699370 -1.016962 -1.670984 -3.096869
 916.000000 -1.133875 0.841263 -0.893035 -1.114202 -3.085469
 917.000000 -1.100742 0.448430 -1.117709 -0.860177 -2.898481
 918.000000 -1.349630 0.724974 -1.210114 -1.133624 3.132550
 919.000000 -1.129401 0.697652 -1.070659 -1.015676 -3.045913
 920.000000 -1.231806 0.757510 -1.110756 0.543548 -3.052310
 921.000000 -0.967860 1.089767 -1.295235 -0.933382 3.110066
 922.000000 -1.263587 0.712073 -0.905833 -0.989617 -2.997833
 923.000000 -1.250620 0.530984 -1.446317 -0.750567 -2.836955
 924.000000 -1.252878 0.835378 -1.068301 0.431204 3.114880
 925.000000 -0.951723 0.764535 -1.205235 -0.797662 -2.940889
 926.000000 -1.284098 0.579430 -1.228674 0.394891 -3.030471
 927.000000 -1.390684 1.045468 -1.261285 0.741668 -3.097980
 928.000000 -0.871100 0.836823 -1.179145 -1.263584 -3.091939
 929.000000 -1.228432 0.641917 -1.151443 -0.836213 -3.129068
 930.000000 -1.032013 -0.837930 -1.000470 -0.891131 -2.953874
 931.000000 -1.059987 0.838207 -1.259029 -1.291431 -2.917687
 932.000000 -1.166387 0.842137 -1.243694 -0.942589 3.040645
 933.000000 -1.018356 0.892375 -1.035163 0.861365 3.049337
 934.000000 -1.114322 0.662524 -1.095866 -0.985268 3.093023
 935.000000 -1.410793 1.091782 -1.172070 -1.305586 -3.090723
 936.000000 -0.989795 1.008360 -1.333692 -0.938775 3.044950
 937.000000 -1.194136 0.728560 -1.254057 -0.761998 -3.036168
 938.000000 -1.179400 0.972434 -1.067720 0.602319 -3.017025
 939.000000 -1.302936 0.691670 -1.276803 -0.827881 3.052303
 940.000000 -1.530714 0.800005 -1.136216 -0.871022 2.860459
 941.000000 -1.130365 0.777801 -1.205118 -0.958385 -3.129667
 942.000000 -1.138083 0.504937 -1.139002 -1.155183 -2.894449
 943.000000 -1.275160 -0.392247 -0.923659 -1.284712 3.089077
 944.000000 -1.286218 -0.728828 -1.058064 0.023363 -3.075066
 945.000000 -1.382064 0.484729 -1.206044 -1.252386 -2.810302
 946.000000 -1.235140 0.540594 -1.263227 -0.906237 3.129169
 947.000000 -1.026295 0.763614 -1.169760 -1.146866 3.124608
 948.000000 -0.913440 0.509552 -1.251022 -0.864563 -2.962951
 949.000000 -1.083580 -0.430886 -1.082641 -1.099202 -2.958473
 950.000000 -1.045020 -0.358785 -0.958905 -0.935557 -3.141593
 951.000000 -1.196856 -0.729105 -1.176942 -0.997259 2.967138
 952.000000 -1.317081 0.891489 -1.062461 0.574296 -2.895960
 953.000000 -1.223287 -0.685397 -1.004509 -0.886246 -2.884891
 954.000000 -1.310862 0.854460 -1.243957 -1.116273 -2.965640
 955.000000 -0.911581 1.070049 -1.246066 -1.123899 3.099474
 956.000000 -1.320470 -0.407629 -1.131841 -0.860389 -2.993782
 957.000000 -1.198455 -0.331752 -1.263760 -0.573364 3.074188
 958.000000 -1.372639 0.843224 -1.098069 -0.781014 -3.085818
 959.000000 -1.500799 0.710424 -0.837625 -0.821751 -2.914463
 960.000000 -1.377565 0.684970 -1.201187 -0.911298 3.076375
 961.000000 -1.360073 0.703908 -1.263352 -0.668402 -2.818475
 962.000000 -0.974239 0.691270 -0.989134 -0.190262 2.953013
 963.000000 -0.913529 0.646136 -1.284003 -1.061753 -3.113147
 964.000000 -1.453748 0.585217 -1.434687 0.627072 -2.977994
 965.000000 -1.242053 1.016900 -1.242078 -0.604210 -2.935510
 966.000000 -1.178122 0.625095 -1.137102 -1.038549 -2.996570
 967.000000 -1.015326 0.632430 -1.301915 -1.182938 2.926803
 968.000000 -1.204359 0.782638 -1.334622 -1.272802 -3.010776
 969.000000 -1.295991 -0.341678 -1.582238 -0.864449 -2.769636
 970.000000 -1.063351 0.856836 -1.121739 -1.207620 -3.029741
 971.000000 -1.603796 0.792863 -1.134807 -1.103926 3.084912
 972.000000 -1.369014 0.447943 -1.232215 -0.992863 -2.866269
 973.000000 -1.279616 0.716108 -0.771343 -1.090879 3.135585
 974.000000 -1.117583 0.821166 -1.041016 -1.012692 -2.897225
 975.000000 -1.269998 0.673882 -1.128444 -1.286083 -3.033747
 976.000000 -1.226024 0.919254 -1.075619 -0.770147 -2.787292
 977.000000 -1.207468 0.623862 -1.129566 -1.246922 3.021052
 978.000000 -1.205689 1.028615 -1.189620 1.100940 -2.963434
 979.000000 -1.060818 0.692162 -1.368562 -0.672013 2.998320
 980.000000 -1.005481 0.883923 -1.021102 -1.025875 -2.948695
 981.000000 -1.159586 0.856738 -1.261773 -1.162234 -3.098277
 982.000000 -1.221180 -0.662962 -1.072442 -1.244684 2.869610
 983.000000 -1.305676 0.835390 -1.201641 -1.179047 -3.141590
 984.000000 -1.044778 0.661372 -1.214528 -1.375411 -3.075485
 985.000000 -1.157595 0.769273 -0.879599 -1.049703 3.012077
 986.000000 -1.016316 0.713351 -0.991278 -1.032577 3.076910
 987.000000 -1.371199 0.765055 -0.937504 -0.792614 3.122133
 988.000000 -1.459762 0.790724 -1.236282 0.673989 -2.909560
 989.000000 -1.377904 0.785095 -1.026720 -0.800411 -2.897753
 990.000000 -1.183283 0.516875 -1.298839 -1.302300 -2.799264
 991.000000 -1.282515 0.044283 -1.254905 0.563893 -3.130447
 992.000000 -1.320636 0.912284 -1.296827 -0.855826 -3.012295
 993.000000 -1.235886 0.910774 -1.300031 0.450991 3.131159
 994.000000 -1.546113 0.933854 -1.359101 0.761060 -3.043976
 995.000000 -1.096827 0.945003 -1.085072 0.575366 -3.050107
 996.000000 -0.920280 0.935594 -1.104675 0.728557 3.022909
 997.000000 -1.356765 0.946131 -1.211244 0.475648 -2.850412
 998.000000 -1.205641 0.644174 -1.141900 -0.261260 -3.077924
 999.000000 -1.357816 0.431304 -1.360692 -1.134175 -3.000633
 1000.000000 -1.190889 0.716120 -1.384927 -1.044298 -3.021112
