#! FIELDS time chi1_21G chi1_24G chi2_24G
#! SET min_chi1_21G -pi
#! SET max_chi1_21G pi
#! SET min_chi1_24G -pi
#! SET max_chi1_24G pi
#! SET min_chi2_24G -pi
#! SET max_chi2_24G pi
 0.000000 -1.244516 -1.267713 -0.144144
 1.000000 -1.313108 -1.301053 0.142065
 2.000000 -0.598189 -1.137303 -0.492145
 3.000000 -0.912546 -1.039356 -0.441923
 4.000000 -1.106513 -1.144626 -0.177650
 5.000000 -0.749209 -1.120307 -0.569267
 6.000000 -1.198152 -1.205710 0.045970
 7.000000 -0.620326 -0.828814 -0.694025
 8.000000 -1.205904 -1.096870 -0.313710
 9.000000 -1.162134 -1.056822 -0.822851
 10.000000 -1.216116 -0.999777 -0.278337
 11.000000 -0.825265 -1.474408 0.308251
 12.000000 -1.336775 -0.839002 -0.578944
 13.000000 -1.220911 -0.959111 -0.624924
 14.000000 -1.074032 -1.036434 -0.425327
 15.000000 -1.112624 -1.282487 -0.500473
 16.000000 -1.460280 -1.157483 -0.483354
 17.000000 -1.290007 -1.119366 -0.450247
 18.000000 -1.129419 -1.129030 -0.759049
 19.000000 -1.160060 -1.097479 -0.258410
 20.000000 -1.280278 -0.926197 -0.649732
 21.000000 -0.933124 -1.101198 -0.431418
 22.000000 -1.384111 -0.899606 -0.449187
 23.000000 -1.198140 -1.030331 -0.225762
 24.000000 -1.052667 -0.916375 -0.382211
 25.000000 -1.236031 -1.159049 -0.393820
 26.000000 -0.918025 -0.941625 -0.718986
 27.000000 -1.330015 -1.145825 -0.556946
 28.000000 -0.812561 -0.690744 -0.770760
 29.000000 -1.232160 -1.248916 -0.547486
 30.000000 -1.153139 -1.018810 -0.399150
 31.000000 -1.097580 -0.986078 -0.534112
 32.000000 -1.204064 -0.946340 -0.615510
 33.000000 -1.222890 -0.811545 -0.691309
 34.000000 -1.209516 -0.989112 -0.765798
 35.000000 -1.172556 -1.088677 -0.391912
 36.000000 -1.178811 -0.856866 -0.798582
 37.000000 -1.313529 -1.105865 -0.307586
 38.000000 -1.333751 -0.850375 -0.629642
 39.000000 -0.949462 -1.166530 -0.396192
 40.000000 -1.065878 -0.704821 -0.979930
 41.000000 -1.210958 -0.960027 -0.362899
 42.000000 -1.033096 -1.166554 -0.570684
 43.000000 -1.060197 -1.350300 -0.326709
 44.000000 -1.049593 -1.144738 -0.371701
 45.000000 -0.921887 -0.856300 -0.795390
 46.000000 -0.836810 -1.012579 -0.417028
 47.000000 -1.120843 -1.228330 -0.462467
 48.000000 -1.140311 -1.139674 -0.603092
 49.000000 -1.030908 -1.262098 -0.574026
 50.000000 -1.293362 -1.048766 -0.690344
 51.000000 -1.058994 -1.118771 -0.368324
 52.000000 -0.812175 -1.155901 -0.540050
 53.000000 -1.014241 -1.228234 -0.597614
 54.000000 -1.210695 -1.224823 -0.260045
 55.000000 -0.950064 -0.898959 -0.450573
 56.000000 -0.996269 -0.950653 -0.360180
 57.000000 -1.009720 -1.048973 -0.544645
 58.000000 -1.110539 -1.013702 -0.535071
 59.000000 -0.792229 -0.972566 -0.473044
 60.000000 -0.963292 -1.135947 -0.197839
 61.000000 -1.048810 -1.101581 -0.516422
 62.000000 -1.333830 -1.065701 -0.542211
 63.000000 -1.170756 -0.868702 -0.678943
 64.000000 -1.319135 -0.727356 -0.778654
 65.000000 -0.659299 -1.006242 -0.291560
 66.000000 -0.707657 -1.021173 -0.318895
 67.000000 -1.213548 -1.010880 -0.384360
 68.000000 -1.208326 -1.104038 -0.360212
 69.000000 -1.191347 -1.116761 -0.506334
 70.000000 -0.943738 -0.995907 -0.573792
 71.000000 -1.111259 -0.954757 -0.514216
 72.000000 -1.263603 -0.946331 -0.345956
 73.000000 -0.969036 -1.006896 -0.495905
 74.000000 -1.104085 -1.052464 -0.265230
 75.000000 -1.309233 -0.842913 -0.523096
 76.000000 -1.116287 -1.061977 -0.528557
 77.000000 -1.121557 -1.063177 -0.500022
 78.000000 -1.087129 -0.982981 -0.612494
 79.000000 -0.883024 -0.985866 -0.474148
 80.000000 -1.097263 -1.000004 -0.652640
 81.000000 -1.090133 -1.151443 -0.301822
 82.000000 -0.990388 -1.151677 -0.407227
 83.000000 -1.413435 -1.181109 -0.708005
 84.000000 -0.926696 -1.163692 -0.400415
 85.000000 -0.882975 -0.933857 -0.422818
 86.000000 -0.806383 -1.106595 -0.301820
 87.000000 -1.260921 -1.110063 -0.578501
 88.000000 -0.790138 -1.180749 -0.548861
 89.000000 -0.942672 -1.173925 -0.557264
 90.000000 -1.027844 -0.945405 -0.806155
 91.000000 -0.922149 -0.894026 -0.722388
 92.000000 -1.072848 -1.154413 -0.238785
 93.000000 -0.742921 -1.209920 -0.582965
 94.000000 -0.858034 -1.047591 -0.617354
 95.000000 -1.415739 -1.099782 -0.335982
 96.000000 -0.847008 -0.998775 -0.536791
 97.000000 -0.782102 -1.126528 -0.558904
 98.000000 -1.327792 -1.103805 -0.462012
 99.000000 -1.035009 -1.015747 -0.547223
 100.000000 -0.602598 -0.834083 -0.485307
 101.000000 -1.095936 -1.047396 -0.533913
 102.000000 -1.309236 -1.274787 -0.032257
 103.000000 -1.130415 -1.004186 -0.808003
 104.000000 -0.889742 -1.191737 -0.211019
 105.000000 -1.119705 -1.020782 -0.510915
 106.000000 -0.947073 -1.199347 0.004162
 107.000000 -1.266549 -1.093674 -0.445083
 108.000000 -1.046708 -1.097123 -0.288091
 109.000000 -0.498041 -1.139223 -0.543910
 110.000000 -1.305698 -1.100921 -0.421002
 111.000000 -0.706054 -0.984592 -0.629281
 112.000000 -0.716184 -1.117321 -0.264578
 113.000000 -1.242445 -0.960591 -0.459696
 114.000000 -1.078661 -1.112259 -0.435715
 115.000000 -0.838303 -1.012983 -0.527279
 116.000000 -0.967458 -0.997061 -0.635176
 117.000000 -1.094953 -1.147889 -0.246037
 118.000000 -1.091368 -1.227152 -0.277531
 119.000000 -1.252692 -1.099540 -0.286588
 120.000000 -1.188582 -0.999932 -0.554221
 121.000000 -1.054178 -1.088855 -0.845246
 122.000000 -0.962282 -1.172850 -0.459679
 123.000000 -1.118205 -0.996187 -0.693131
 124.000000 -0.946189 -1.249011 -0.264996
 125.000000 -1.010832 -1.097680 -0.484219
 126.000000 -0.972322 -1.395543 -0.206067
 127.000000 -1.079466 -1.287236 0.143705
 128.000000 -1.058900 -0.906344 -0.763347
 129.000000 -1.017087 -1.013569 -0.161230
 130.000000 -0.887596 -1.093921 -0.345725
 131.000000 -1.058138 -1.010171 -0.449793
 132.000000 -0.972910 -1.080707 -0.377829
 133.000000 -1.242682 -0.893127 -1.037196
 134.000000 -1.213476 -0.991342 -0.335355
 135.000000 -0.755653 -1.146584 -0.544262
 136.000000 -1.079342 -1.137496 -0.438238
 137.000000 -1.135618 -1.298051 -0.023412
 138.000000 -0.945503 -0.714525 -0.798726
 139.000000 -1.253107 -0.994505 -0.450086
 140.000000 -1.259966 -1.131866 -0.186193
 141.000000 -1.165946 -1.049499 -0.472736
 142.000000 -1.081208 -1.113591 -0.384358
 143.000000 -1.121292 -1.012038 -0.563761
 144.000000 -0.967067 -1.055876 -0.732602
 145.000000 -1.026713 -1.031756 -0.499091
 146.000000 -0.959078 -0.891727 -0.575209
 147.000000 -0.759500 -1.235734 -0.618997
 148.000000 -1.297147 -1.094233 -0.395771
 149.000000 -1.028040 -1.107201 -0.308903
 150.000000 -0.965246 -1.205249 -0.223883
 151.000000 -1.138424 -0.931385 -0.341807
 152.000000 -1.153261 -1.038383 -0.612950
 153.000000 -0.906706 -1.113775 -0.577009
 154.000000 -1.015993 -1.249477 -0.307407
 155.000000 -0.761373 -0.977005 -0.724240
 156.000000 -1.043177 -1.390679 -0.286570
 157.000000 -0.838744 -1.233487 -0.547999
 158.000000 -1.049837 -1.128289 -0.270760
 159.000000 -0.909496 -1.134836 -0.337187
 160.000000 -0.658031 -1.162138 -0.640583
 161.000000 -1.315543 -0.999999 -0.491744
 162.000000 -1.518969 -1.166540 -0.638908
 163.000000 -0.940525 -1.195561 -0.573564
 164.000000 -1.159796 -1.211158 -0.339174
 165.000000 -1.230341 -1.205181 -0.153722
 166.000000 -1.160064 -1.138117 -0.627955
 167.000000 -1.145763 -1.080708 -0.399581
 168.000000 -0.901406 -0.903903 -0.445674
 169.000000 -0.967342 -0.857928 -1.020359
 170.000000 -0.964054 -0.773777 -0.680248
 171.000000 -0.896946 -0.939753 -0.941866
 172.000000 -1.180778 -0.954542 -0.390897
 173.000000 -1.020686 -1.078369 -0.551539
 174.000000 -0.970137 -1.048036 -0.440870
 175.000000 -1.014027 -0.931987 -0.680419
 176.000000 -1.319667 -0.683104 -0.941717
 177.000000 -1.052553 -1.009561 -0.512514
 178.000000 -1.053235 -1.128348 -0.236400
 179.000000 -1.176606 -0.932744 -0.358424
 180.000000 -1.009827 -0.831031 -0.712963
 181.000000 -1.175535 -1.055874 -0.610497
 182.000000 -1.112753 -1.090879 -0.630961
 183.000000 -0.910312 -0.847281 -0.726915
 184.000000 -1.069100 -1.070836 -0.543472
 185.000000 -1.135688 -1.072120 -0.149632
 186.000000 -1.245658 -1.126002 -0.090234
 187.000000 -1.174594 -1.181084 -0.320094
 188.000000 -1.291040 -1.055399 -0.328796
 189.000000 -0.754158 -0.918922 -0.628441
 190.000000 -0.998275 -0.832639 -0.566839
 191.000000 -1.162947 -0.756692 -0.702150
 192.000000 -1.248275 -1.151446 -0.307016
 193.000000 -0.410033 -1.148638 -0.190138
 194.000000 -1.024684 -0.910453 -0.739814
 195.000000 -0.911024 -0.850923 -0.624502
 196.000000 -1.005322 -0.894032 -0.455264
 197.000000 -1.156055 -0.906216 -0.599098
 198.000000 -0.840348 -1.071746 -0.664917
 199.000000 -1.158330 -1.236067 -0.402381
 200.000000 -1.279701 -1.030723 -0.440372
 201.000000 -0.988437 -1.004396 -0.495532
 202.000000 -1.045710 -1.313136 -0.018245
 203.000000 -1.072150 -1.283603 -0.176520
 204.000000 -0.997889 -0.988406 -0.488990
 205.000000 -1.295135 -1.062532 -0.624010
 206.000000 -1.136578 -1.119948 -0.390450
 207.000000 -1.262339 -0.743708 -0.733603
 208.000000 -0.696029 -1.209991 -0.585409
 209.000000 -1.066006 -0.850412 -0.666946
 210.000000 -0.946519 -1.127866 -0.276040
 211.000000 -1.042473 -0.903448 -0.671697
 212.000000 -1.139256 -1.010994 -0.211445
 213.000000 -0.645020 -0.772469 -0.579337
 214.000000 -1.136018 -0.845837 -0.525053
 215.000000 -1.117947 -1.054662 -0.167753
 216.000000 -0.694646 -1.148175 -0.512637
 217.000000 -0.953857 -0.951010 -0.837830
 218.000000 -1.124958 -1.047452 -0.551790
 219.000000 -1.016717 -1.207473 -0.386377
 220.000000 -1.446851 -0.908008 -0.325951
 221.000000 -0.776428 -0.968267 -0.832058
 222.000000 -1.167282 -1.045608 -0.314413
 223.000000 -0.852742 -0.886202 -0.630088
 224.000000 -0.638846 -1.247999 -0.138144
 225.000000 -0.877977 -0.942659 -0.799819
 226.000000 -1.013773 -1.148790 -0.310504
 227.000000 -1.035763 -1.416971 -0.390244
 228.000000 -1.071486 -1.243316 -0.678669
 229.000000 -1.316065 -1.309129 -0.182026
 230.000000 -0.915281 -1.158419 -0.395183
 231.000000 -1.133129 -1.146582 -0.111363
 232.000000 -0.947318 -1.101640 -0.570636
 233.000000 -1.250375 -1.113593 -0.267369
 234.000000 -1.148674 -1.267743 -0.684141
 235.000000 -1.196655 -1.150104 -0.471314
 236.000000 -1.270205 -1.112177 -0.323527
 237.000000 -0.997778 -0.940989 -0.447428
 238.000000 -1.111475 -1.057165 -0.551262
 239.000000 -1.453574 -0.828691 -0.846597
 240.000000 -1.024478 -0.871855 -0.714285
 241.000000 -0.963428 -1.131600 -0.101277
 242.000000 -0.833523 -1.232692 -0.365661
 243.000000 -1.130727 -1.002903 -0.445038
 244.000000 -0.785188 -1.005805 -0.711303
 245.000000 -0.801180 -1.110655 -0.651217
 246.000000 -0.925921 -1.113170 -0.069094
 247.000000 -0.823480 -1.224946 -0.372721
 248.000000 -1.076919 -1.044948 -0.433494
 249.000000 -0.970136 -1.021966 -0.601827
 250.000000 -0.892290 -1.044513 -0.453174
 251.000000 -0.971674 -1.032545 -0.630818
 252.000000 -0.957089 -0.716124 -0.736941
 253.000000 -0.962262 -1.123147 -0.629681
 254.000000 -1.408956 -1.083482 -0.478658
 255.000000 -0.759641 -1.023163 -0.803048
 256.000000 -1.265064 -1.072659 -0.412683
 257.000000 -0.765839 -1.135871 -0.340458
 258.000000 -1.047513 -1.088661 -0.616892
 259.000000 -0.882250 -1.234668 -0.113756
 260.000000 -1.032579 -1.111418 -0.710683
 261.000000 -1.236961 -0.829636 -0.628124
 262.000000 -0.948893 -1.186774 -0.523241
 263.000000 -1.041817 -0.753438 -0.557877
 264.000000 -0.824224 -0.995756 -0.291788
 265.000000 -0.939398 -1.156647 -0.114880
 266.000000 -1.046562 -1.073855 -0.141659
 267.000000 -1.070069 -1.091568 -0.504189
 268.000000 -1.029557 -1.073971 -0.162394
 269.000000 -1.028880 -1.242911 -0.407285
 270.000000 -1.156115 -1.288837 -0.265039
 271.000000 -0.942529 -1.372751 -0.506778
 272.000000 -1.119745 -0.837954 -0.533537
 273.000000 -0.999497 -1.203398 -0.073596
 274.000000 -0.755234 -1.325624 -0.134513
 275.000000 -0.822788 -1.212148 -0.577781
 276.000000 -1.028919 -1.087050 -0.646705
 277.000000 -1.111554 -1.085702 -0.444864
 278.000000 -0.772869 -1.246608 -0.424030
 279.000000 -1.260129 -0.764180 -0.517884
 280.000000 -0.792395 -0.986330 -0.930825
 281.000000 -1.278084 -1.065262 -0.019489
 282.000000 -1.182644 -0.978500 -0.685592
 283.000000 -1.085390 -0.799015 -1.011932
 284.000000 -0.889109 -1.023971 -0.254275
 285.000000 -0.805409 -0.882459 -0.489553
 286.000000 -0.744741 -1.129548 -0.628271
 287.000000 -1.177836 -1.106144 -0.368716
 288.000000 0.501565 -1.423592 -0.224669
 289.000000 -1.071488 -1.078878 -0.740810
 290.000000 -1.107725 -1.233948 -0.099658
 291.000000 -1.081613 -0.784394 -0.749482
 292.000000 -0.956861 -1.137149 -0.496522
 293.000000 -0.927101 -1.037631 -0.306929
 294.000000 -1.121634 -1.125534 -0.300529
 295.000000 -1.133344 -0.929956 -0.536226
 296.000000 -0.964130 -1.242117 -0.320287
 297.000000 -0.883343 -1.093565 -0.128448
 298.000000 -0.915286 -1.229203 -0.345607
 299.000000 -1.087128 -0.906879 -0.640355
 300.000000 -1.216066 -0.797187 -0.777188
 301.000000 -1.125433 -0.961540 -0.626019
 302.000000 -1.039290 -1.066491 -0.179182
 303.000000 -1.265926 -1.347046 -0.082905
 304.000000 -0.976299 -1.083825 -0.373422
 305.000000 -1.154861 -1.052867 -0.464473
 306.000000 -0.922634 -1.162748 0.009702
 307.000000 -0.978803 -1.120786 -0.657829
 308.000000 -1.137227 -0.740094 -0.615266
 309.000000 -0.962162 -0.933962 -0.480820
 310.000000 -0.945435 -1.265360 -0.535087
 311.000000 -1.032181 -1.042165 -0.560887
 312.000000 -1.274939 -0.827011 -0.457785
 313.000000 -1.199895 -0.910688 -0.598490
 314.000000 -0.986999 -1.042961 -0.277169
 315.000000 -1.252271 -1.273620 -0.556580
 316.000000 -0.930000 -0.912107 -0.724412
 317.000000 -1.301351 -0.949516 -0.520595
 318.000000 -0.874014 -1.044241 -0.186721
 319.000000 -0.949407 -1.037603 -0.201857
 320.000000 -1.024222 -1.147321 -0.437456
 321.000000 -1.131130 -1.065930 -0.424306
 322.000000 -1.089114 -1.048587 -0.557872
 323.000000 -1.058183 -0.959825 -0.685109
 324.000000 -1.092381 -1.016159 -0.834842
 325.000000 -1.141644 -0.929890 -0.597204
 326.000000 -1.214448 -1.145464 -0.174703
 327.000000 -0.920357 -0.985954 -0.636545
 328.000000 -0.856488 -0.987127 -0.688325
 329.000000 -0.706652 -0.888045 -0.571764
 330.000000 -1.235022 -0.800545 -0.670653
 331.000000 -0.813380 -0.912350 -0.753382
 332.000000 -0.957318 -1.136229 -0.145867
 333.000000 -1.090335 -1.033017 -0.137046
 334.000000 -0.965657 -0.898846 -0.757847
 335.000000 -1.079918 -1.103259 -0.565713
 336.000000 -0.717406 -1.086800 -0.712705
 337.000000 -1.121330 -0.964356 -0.667970
 338.000000 -0.912959 -1.000371 -0.872539
 339.000000 -1.054266 -1.244955 -0.004339
 340.000000 -1.096421 -1.055621 -0.455271
 341.000000 -0.632576 -1.116791 -0.297431
 342.000000 -1.232704 -1.154860 -0.311999
 343.000000 -0.948574 -1.128672 -0.307117
 344.000000 -1.057248 -0.919354 -0.582286
 345.000000 -1.162012 -0.935824 -0.663288
 346.000000 -0.943754 -0.976023 -0.746710
 347.000000 -1.014062 -1.227415 -0.450297
 348.000000 -0.807261 -1.103839 -0.426523
 349.000000 -1.089963 -1.041742 -0.177850
 350.000000 -0.954156 -1.148208 -0.347850
 351.000000 -0.877694 -0.852739 -0.692211
 352.000000 -0.831472 -1.073725 -0.885846
 353.000000 -0.963265 -0.945731 -0.424795
 354.000000 -0.845992 -1.147228 -0.348867
 355.000000 -1.168096 -1.156480 -0.407042
 356.000000 -0.946766 -1.351781 -0.328072
 357.000000 -1.293411 -0.972546 -0.126704
 358.000000 -1.094368 -1.013209 -0.852263
 359.000000 -1.053355 -0.983069 -0.811470
 360.000000 -1.166801 -0.955824 -0.432448
 361.000000 -1.173892 -1.235862 -0.115733
 362.000000 -0.837955 -0.873117 -0.370980
 363.000000 -0.690965 -1.192027 -0.404599
 364.000000 -1.005043 -0.900846 -0.751679
 365.000000 -1.054606 -0.955653 -0.553561
 366.000000 -1.042373 -0.787187 -1.045740
 367.000000 -0.962368 -0.858393 -0.796725
 368.000000 -1.154365 -1.067015 -0.761204
 369.000000 -1.032589 -0.994891 -0.438277
 370.000000 -1.075367 -0.951174 -0.879778
 371.000000 -1.035770 -1.039220 -0.516663
 372.000000 -1.142397 -0.833185 -0.702448
 373.000000 -1.410792 -1.064123 -0.707843
 374.000000 -1.142735 -1.059537 -0.491194
 375.000000 -0.813730 -1.014994 -0.698704
 376.000000 -1.140772 -0.912361 -0.508057
 377.000000 -0.553835 -1.164733 -0.168638
 378.000000 -1.033292 -0.989487 -0.696419
 379.000000 -1.318493 -1.086802 -0.760082
 380.000000 -0.960628 -0.786349 -0.506349
 381.000000 -1.084771 -1.098346 -0.325846
 382.000000 -0.782589 -1.048885 -0.752812
 383.000000 -0.961815 -1.044743 -0.387249
 384.000000 -1.086526 -1.047581 -0.407036
 385.000000 -0.920086 -1.200053 -0.561121
 386.000000 -0.619348 -0.869335 -0.479809
 387.000000 -0.942528 -0.962214 -0.671803
 388.000000 -1.052078 -1.350175 -0.287419
 389.000000 -0.892864 -0.846071 -0.483782
 390.000000 -0.952850 -1.036496 -0.400632
 391.000000 -0.978899 -1.351017 -0.424257
 392.000000 -0.778723 -0.797285 -0.315820
 393.000000 -1.294992 -1.097372 -0.621920
 394.000000 0.263582 -0.997793 -0.435333
 395.000000 -0.969359 -1.260602 -0.197135
 396.000000 -1.147594 -1.093542 -0.402245
 397.000000 -0.890577 -0.724011 -0.729718
 398.000000 -1.337041 -1.217143 -0.234701
 399.000000 -1.052557 -1.006309 -0.653813
 400.000000 -0.984187 -1.248697 -0.421109
 401.000000 -1.134246 -0.931001 -0.393101
 402.000000 -1.226369 -1.321279 -0.081511
 403.000000 -0.803053 -0.869734 -0.486853
 404.000000 -0.841276 -0.913902 -0.552873
 405.000000 -0.900479 -1.264804 -0.397469
 406.000000 -1.015121 -1.066770 -0.434218
 407.000000 -1.162859 -0.980663 -0.708616
 408.000000 -1.079769 -1.044507 -0.913025
 409.000000 -1.239874 -1.197162 -0.238225
 410.000000 0.657881 -0.988605 -0.254854
 411.000000 -1.168601 -1.186328 -0.507608
 412.000000 -0.788492 -1.125776 -0.797335
 413.000000 -0.993234 -1.113998 -0.713827
 414.000000 -0.789915 -1.135287 -0.063321
 415.000000 -1.085058 -0.983711 -0.527583
 416.000000 -1.088801 -1.012157 -0.533670
 417.000000 -1.006952 -0.952453 -0.743138
 418.000000 -1.210901 -0.936559 -0.558508
 419.000000 -0.976642 -0.960593 -0.652451
 420.000000 -1.216690 -1.108124 -0.520293
 421.000000 -1.092821 -1.078270 -0.167888
 422.000000 -1.161941 -1.024420 -0.400676
 423.000000 -1.317422 -1.064843 -0.590607
 424.000000 -0.824743 -0.959286 -0.861456
 425.000000 -1.291438 -1.220410 -0.374281
 426.000000 -0.993048 -0.787199 -0.824982
 427.000000 -1.462365 -0.879475 -0.440467
 428.000000 -0.566128 -1.121359 -0.320629
 429.000000 -0.847568 -1.005728 -0.353575
 430.000000 -0.792975 -0.955888 -0.453155
 431.000000 -0.356148 -1.047925 -0.552158
 432.000000 -1.266132 -1.284620 -0.303166
 433.000000 -1.100005 -1.366514 -0.307061
 434.000000 -1.065601 -1.117195 -0.397188
 435.000000 -0.669437 -1.014216 -0.411284
 436.000000 -1.090480 -0.901524 -0.618543
 437.000000 -1.398410 -1.307726 -0.264636
 438.000000 -1.446656 -1.002283 -0.365943
 439.000000 -1.127297 -1.332489 -0.245605
 440.000000 -1.250012 -1.034579 -0.736210
 441.000000 -0.976821 -1.018520 -0.761930
 442.000000 -0.824608 -0.942997 -0.583503
 443.000000 -1.360168 -1.115207 -0.569350
 444.000000 -0.825669 -0.816923 -0.670811
 445.000000 -0.711000 -0.947654 -0.182945
 446.000000 -1.003913 -1.072835 -0.523745
 447.000000 -1.247353 -1.095520 -0.632753
 448.000000 -1.041336 -1.125871 -0.274446
 449.000000 0.064614 -0.943150 -0.231061
 450.000000 -1.268748 -1.226507 -0.323806
 451.000000 -0.658101 -1.104740 -0.599743
 452.000000 -1.042738 -1.401384 -0.093949
 453.000000 -0.982455 -1.193332 -0.187736
 454.000000 -1.141432 -1.070838 -0.693130
 455.000000 -0.874246 -1.257688 -0.699068
 456.000000 -1.155392 -1.183563 -0.187432
 457.000000 -1.060150 -1.079251 -0.379246
 458.000000 -1.108589 -0.912649 -0.769032
 459.000000 -1.336174 -1.193257 -0.325744
 460.000000 -1.308506 -1.063111 -0.482842
 461.000000 -1.122906 -1.102187 -0.582354
 462.000000 -1.321626 -1.147045 0.145399
 463.000000 -0.956313 -1.114143 -0.865695
 464.000000 -1.069111 -1.068810 -0.303475
 465.000000 -0.582102 -1.184281 -0.390069
 466.000000 -1.152383 -1.266504 -0.505449
 467.000000 -0.672289 -0.965222 -0.151701
 468.000000 -0.282348 -1.112314 -0.126867
 469.000000 -1.072192 -1.268770 -0.257882
 470.000000 -0.979209 -1.037691 -0.619952
 471.000000 -0.671546 -1.100722 -0.220957
 472.000000 -0.942474 -1.237151 -0.377768
 473.000000 -1.297523 -0.934017 -0.733379
 474.000000 -0.924274 -0.963925 -0.378396
 475.000000 -0.830152 -1.230313 -0.826082
 476.000000 -1.047645 -1.303511 -0.174297
 477.000000 -0.924467 -0.960447 -0.302521
 478.000000 -1.371652 -0.790464 -0.629100
 479.000000 -0.967124 -1.012243 -0.193878
 480.000000 -1.113578 -1.033827 -0.366873
 481.000000 -1.013006 -1.143885 -0.139456
 482.000000 -0.821485 -1.098568 -0.669864
 483.000000 -0.859169 -0.907837 -0.676600
 484.000000 -0.910705 -0.941242 -0.569878
 485.000000 -0.726462 -1.100897 -0.447807
 486.000000 -1.060194 -0.940722 -0.808529
 487.000000 -0.928718 -0.951412 -0.654532
 488.000000 -1.236293 -1.254293 -0.335490
 489.000000 -1.050954 -1.296506 -0.410975
 490.000000 -0.820312 -1.130662 -0.785396
 491.000000 -1.272863 -1.045058 -0.562414
 492.000000 -1.143206 -1.124817 -0.400836
 493.000000 -1.129683 -1.248405 -0.645478
 494.000000 -1.217749 -0.816594 -0.660953
 495.000000 -0.911154 -1.162210 -0.227318
 496.000000 -0.856363 -1.158306 -0.103583
 497.000000 -0.714394 -1.129704 -0.288082
 498.000000 -1.013589 -1.142710 -0.582835
 499.000000 -1.083014 -1.115066 -0.344515
 500.000000 -1.063210 -1.161195 -0.309505
 501.000000 -1.088567 -0.954012 -0.681561
 502.000000 -0.804307 -1.146754 -0.461987
 503.000000 -0.914384 -1.050351 -0.155341
 504.000000 -0.980644 -1.022808 -0.426561
 505.000000 -1.073396 -1.060331 -0.668692
 506.000000 -0.837694 -0.992211 -0.822499
 507.000000 -1.005584 -1.055631 -0.599401
 508.000000 -1.211008 -1.151446 -0.205343
 509.000000 -1.357747 -1.159874 -0.205147
 510.000000 -1.041353 -1.195393 -0.588258
 511.000000 -0.943904 -1.005688 -0.591320
 512.000000 -1.085459 -1.059691 -0.606418
 513.000000 -1.213432 -1.018821 -0.144126
 514.000000 -1.102141 -0.893015 -0.847372
 515.000000 -0.882856 -1.150216 -0.451169
 516.000000 -0.941470 -1.139339 -0.507627
 517.000000 -0.998132 -1.073448 -0.163767
 518.000000 -0.848609 -1.073942 -0.608635
 519.000000 -1.085810 -1.328275 0.038921
 520.000000 -0.941975 -1.053379 -0.524078
 521.000000 -1.316637 -1.092916 -0.577685
 522.000000 -0.993492 -1.206082 -0.442619
 523.000000 -1.294717 -0.775203 -0.830101
 524.000000 0.483184 -1.157105 -0.108736
 525.000000 -1.299475 -1.041358 -0.509390
 526.000000 -1.106786 -1.090259 -0.437843
 527.000000 -0.890888 -1.052463 -0.341428
 528.000000 -0.657056 -1.060470 -0.465204
 529.000000 -1.038409 -1.108265 -0.543743
 530.000000 -0.755153 -1.093216 -0.490527
 531.000000 -1.374047 -1.254448 -0.523496
 532.000000 -1.030887 -1.155123 -0.560603
 533.000000 -1.083480 -0.996781 -0.481335
 534.000000 -1.163630 -0.940883 -0.431870
 535.000000 -1.306100 -1.035529 -0.541626
 536.000000 -1.029681 -1.136064 -0.590964
 537.000000 -1.085390 -1.027920 -0.755458
 538.000000 -1.032062 -1.052744 -0.425088
 539.000000 -1.195341 -1.044693 -0.312577
 540.000000 -1.186914 -0.805095 -0.661220
 541.000000 -1.034672 -1.264484 -0.287258
 542.000000 -1.367376 -1.121914 -1.009000
 543.000000 -1.257300 -1.052461 -0.563307
 544.000000 -0.964143 -1.136753 -0.631772
 545.000000 -0.914306 -0.997949 -0.264025
 546.000000 -1.298878 -0.907848 -0.796800
 547.000000 -1.047754 -1.027053 -0.581290
 548.000000 -1.161913 -1.005855 -0.180247
 549.000000 -0.967268 -0.966588 -0.712318
 550.000000 -1.319880 -1.207826 -0.290779
 551.000000 -1.052161 -0.973299 -0.691425
 552.000000 -0.924933 -0.832960 -1.015501
 553.000000 -1.219298 -0.919709 -0.666494
 554.000000 -1.214043 -1.031691 -0.563294
 555.000000 -1.259758 -1.019329 -0.537498
 556.000000 -1.237045 -0.816750 -0.817291
 557.000000 -1.024905 -1.147762 -0.107947
 558.000000 -0.773906 -0.974107 -0.440446
 559.000000 -0.964215 -1.111484 -0.612148
 560.000000 -1.076717 -0.798428 -0.852555
 561.000000 -0.947642 -1.336149 -0.521401
 562.000000 -1.148624 -1.190325 -0.508236
 563.000000 -1.107551 -1.204066 -0.242935
 564.000000 -1.046239 -0.895794 -0.521587
 565.000000 -1.123343 -1.493509 -0.351883
 566.000000 -1.015425 -1.054012 -0.581284
 567.000000 -1.101376 -1.047474 -0.565151
 568.000000 -0.753657 -0.900216 -0.611807
 569.000000 -1.120628 -0.953708 -0.648466
 570.000000 -0.962368 -1.154209 -0.179492
 571.000000 -0.883805 -1.204505 0.083300
 572.000000 0.603433 -1.091764 -0.429470
 573.000000 -1.065730 -1.151448 -0.099649
 574.000000 -1.013378 -1.180751 -0.469887
 575.000000 -0.482514 -0.663649 -0.897590
 576.000000 -0.771105 -0.981103 -0.717038
 577.000000 -0.945638 -1.218466 -0.263321
 578.000000 -1.013001 -1.246204 -0.111224
 579.000000 -0.758525 -0.830598 -0.435639
 580.000000 -0.818407 -1.036426 -0.743412
 581.000000 -1.363857 -0.693619 -0.590383
 582.000000 -0.967368 -1.048284 -0.666100
 583.000000 -0.806655 -1.071152 -0.390496
 584.000000 -1.200150 -0.891427 -0.445085
 585.000000 -1.082240 -0.894343 -0.814723
 586.000000 -1.268904 -1.146580 -0.504123
 587.000000 -1.315439 -0.951002 -0.451398
 588.000000 -1.424330 -1.061420 -0.303917
 589.000000 -0.992544 -1.095871 -0.814749
 590.000000 -0.956406 -1.019104 -0.752416
 591.000000 -1.570964 -1.205513 -0.664814
 592.000000 -1.158563 -1.149436 -0.289350
 593.000000 -1.012389 -1.022727 -0.454167
 594.000000 -0.867180 -1.154590 -0.566153
 595.000000 -0.989883 -1.186331 -0.142904
 596.000000 -0.853671 -1.027063 -0.555548
 597.000000 -1.191936 -1.188035 -0.302975
 598.000000 -1.437565 -1.057317 -0.572126
 599.000000 -1.285551 -0.937874 -0.631314
 600.000000 -1.161178 -0.861763 -0.823839
 601.000000 -1.177033 -0.990461 -0.549293
 602.000000 -1.131890 -0.985724 -0.284724
 603.000000 -0.756742 -1.055892 -0.843247
 604.000000 -1.013304 -1.196331 0.057047
 605.000000 -0.901659 -1.049892 -0.962268
 606.000000 -1.210226 -1.094101 -0.406716
 607.000000 -1.231844 -0.892429 -0.775410
 608.000000 -0.754953 -0.947068 -0.366717
 609.000000 -1.038908 -1.099327 -0.279412
 610.000000 -0.825394 -1.112374 -0.443199
 611.000000 -0.961102 -0.957186 -0.505427
 612.000000 -1.194887 -1.095771 -0.404421
 613.000000 -0.776904 -0.919230 -0.554519
 614.000000 -1.251458 -0.954734 -0.463995
 615.000000 -0.922899 -0.851645 -0.623218
 616.000000 -1.056557 -0.926160 -0.367218
 617.000000 -0.813348 -0.919146 -0.581771
 618.000000 -1.162982 -1.065059 -0.544949
 619.000000 -1.018903 -1.083433 -0.419006
 620.000000 -1.367551 -1.194909 -0.362079
 621.000000 0.758348 -0.931976 -0.608366
 622.000000 -1.117526 -1.190858 -0.218307
 623.000000 -0.878284 -1.105866 -0.498676
 624.000000 -1.264733 -1.287901 -0.322219
 625.000000 -1.374676 -1.118539 -0.602621
 626.000000 -1.044325 -1.123870 -0.078454
 627.000000 -1.208086 -1.142457 -0.485969
 628.000000 -1.055619 -1.164154 -0.559939
 629.000000 -0.435938 -0.953722 -0.701243
 630.000000 -0.954670 -1.213508 -0.568064
 631.000000 -0.993320 -1.200002 -0.056360
 632.000000 -1.304373 -0.971103 -0.433610
 633.000000 -0.810333 -0.918920 -0.677835
 634.000000 -0.867640 -1.112370 -0.194248
 635.000000 -1.184814 -0.752365 -0.653347
 636.000000 -0.773756 -0.825718 -0.913200
 637.000000 -1.032159 -1.132471 -0.497352
 638.000000 -1.132374 -0.951544 -0.603590
 639.000000 -1.081258 -0.706261 -0.660465
 640.000000 -1.378649 -1.213186 0.161382
 641.000000 -1.143181 -0.896704 -0.355479
 642.000000 -0.971890 -1.191418 -0.188671
 643.000000 -0.914072 -1.043206 -0.482846
 644.000000 -1.123350 -1.160848 -0.034569
 645.000000 -1.099183 -1.199117 -0.233701
 646.000000 -0.896019 -1.117346 -0.731186
 647.000000 -1.395615 -1.200875 -0.569815
 648.000000 -1.139860 -1.008308 -0.232562
 649.000000 -1.210006 -1.088735 -0.230196
 650.000000 -1.026890 -0.982478 -0.640448
 651.000000 -1.406804 -0.894266 -0.603914
 652.000000 -1.292143 -1.151173 -0.205773
 653.000000 -0.833402 -1.042471 -0.706470
 654.000000 -1.000597 -0.959334 -0.455903
 655.000000 -1.363050 -1.349444 -0.098503
 656.000000 -0.995137 -1.118955 -0.257232
 657.000000 -1.182069 -0.991944 -0.932464
 658.000000 -0.992542 -1.243265 -0.369373
 659.000000 -1.011399 -0.958086 -0.924522
 660.000000 -1.238044 -0.909636 -0.545600
 661.000000 -1.320486 -1.158724 -0.044747
 662.000000 -0.881371 -1.354942 -0.181116
 663.000000 -1.114314 -1.056743 -0.474714
 664.000000 -1.227332 -1.224743 -0.166182
 665.000000 -1.107135 -1.119092 -0.390499
 666.000000 -0.968609 -1.122246 -0.472631
 667.000000 -1.098642 -1.199437 -0.265906
 668.000000 -0.996883 -1.152416 -0.229678
 669.000000 -1.308774 -1.055666 -0.343728
 670.000000 -0.720136 -1.089686 -0.334455
 671.000000 -1.123821 -1.370094 -0.156920
 672.000000 -1.048171 -0.947170 -0.426259
 673.000000 -1.071441 -1.018868 -0.773630
 674.000000 -1.235038 -1.024055 -0.533841
 675.000000 -1.083430 -1.214825 -0.298503
 676.000000 -1.083118 -0.947608 -0.409305
 677.000000 -0.756517 -1.071372 -0.413715
 678.000000 -1.152623 -0.859954 -0.585872
 679.000000 -1.119236 -1.123142 -0.057101
 680.000000 -0.868803 -1.007706 -0.415100
 681.000000 -0.977859 -1.051349 -0.668057
 682.000000 -1.268270 -0.890412 -0.580143
 683.000000 -1.110533 -1.137932 -0.277984
 684.000000 -1.167174 -0.966764 -0.790929
 685.000000 -0.781677 -1.314949 -0.051255
 686.000000 -1.035900 -0.997060 -0.441240
 687.000000 -1.270636 -1.117883 -0.944569
 688.000000 -1.066002 -1.169128 -0.541879
 689.000000 -1.047804 -0.920687 -0.530236
 690.000000 -0.903285 -0.966685 -0.665870
 691.000000 -1.182879 -1.001353 -0.063466
 692.000000 -1.262626 -1.025191 -0.584064
 693.000000 -1.147162 -0.993115 -0.355443
 694.000000 -1.364973 -1.004648 -0.288969
 695.000000 -1.180695 -1.071259 -0.740046
 696.000000 -0.750826 -1.144466 -0.585599
 697.000000 -0.755731 -0.864985 -0.666758
 698.000000 0.734788 -0.996961 -0.526538
 699.000000 -1.249508 -1.258479 -0.362204
 700.000000 -0.829366 -1.057799 -0.499562
 701.000000 -1.294567 -0.975607 -0.577874
 702.000000 -0.960601 -0.870159 -0.542119
 703.000000 0.782244 -0.993964 -0.682430
 704.000000 -0.946023 -1.153495 -0.329521
 705.000000 -0.945790 -0.922988 -0.588170
 706.000000 -1.046995 -1.113992 -0.529720
 707.000000 -3.008484 -0.891588 -0.342145
 708.000000 -0.878858 -1.022693 -0.539275
 709.000000 -1.179837 -1.092329 -0.351362
 710.000000 -0.993180 -0.998792 -0.555187
 711.000000 -0.556503 -1.035658 -0.573283
 712.000000 -1.102108 -1.106869 -0.292532
 713.000000 -1.237068 -1.060635 -0.481005
 714.000000 -0.981142 -1.123391 -0.457504
 715.000000 0.772836 -0.775891 -0.618480
 716.000000 -1.109485 -1.054135 -0.211731
 717.000000 -1.135435 -1.007948 -0.801470
 718.000000 -1.178498 -1.085888 -0.439064
 719.000000 -1.055508 -1.124438 -0.430193
 720.000000 -1.044669 -1.320662 -0.528773
 721.000000 -1.120438 -1.222128 -0.614675
 722.000000 -1.283642 -1.093854 -0.510592
 723.000000 -0.893164 -1.045932 -0.689224
 724.000000 -0.892688 -1.285541 -0.381132
 725.000000 -1.330943 -1.194394 -0.191413
 726.000000 -1.409552 -0.866241 -0.719375
 727.000000 -1.188347 -1.392387 -0.073361
 728.000000 -0.790434 -1.009866 -0.558548
 729.000000 -0.768860 -1.068489 -0.592968
 730.000000 -0.994465 -1.180411 -0.059854
 731.000000 -1.206766 -0.929499 -0.809577
 732.000000 -1.055072 -0.818561 -0.631922
 733.000000 -0.908966 -0.959160 -0.706622
 734.000000 -1.150710 -0.976862 -0.509017
 735.000000 -1.112315 -1.256085 -0.461467
 736.000000 -0.434962 -0.999452 -0.487681
 737.000000 -1.322585 -0.851597 -0.509471
 738.000000 -1.149078 -1.110664 -0.579214
 739.000000 -1.293944 -0.842681 -0.692210
 740.000000 -1.099458 -1.043012 -0.612348
 741.000000 -1.465883 -1.189025 -0.483494
 742.000000 -0.858135 -1.040796 -0.261580
 743.000000 -0.931380 -1.128757 -0.326801
 744.000000 -0.955226 -0.889403 -0.364360
 745.000000 -0.847464 -1.078825 -0.602282
 746.000000 -0.764824 -1.123345 -0.553385
 747.000000 -1.133516 -1.110138 -0.514228
 748.000000 -1.016902 -0.955819 -0.848569
 749.000000 -0.771006 -0.936559 -0.712970
 750.000000 -1.267858 -1.136352 -0.328073
 751.000000 -1.067445 -1.004402 -0.429525
 752.000000 0.689673 -1.069563 -0.173135
 753.000000 -0.957717 -1.145418 -0.236947
 754.000000 -0.898683 -0.956414 -0.585041
 755.000000 -1.183073 -1.022908 -0.286729
 756.000000 -0.957010 -0.738475 -0.701824
 757.000000 -1.197799 -0.732531 -0.603449
 758.000000 -1.191073 -1.159656 -0.293971
 759.000000 -1.289096 -1.260113 -0.419990
 760.000000 -0.869595 -1.269837 -0.260197
 761.000000 -1.270174 -0.913592 -0.744719
 762.000000 -0.782649 -1.117467 -0.424425
 763.000000 -1.160310 -0.825684 -0.762208
 764.000000 -1.409827 -0.954182 -0.532380
 765.000000 -1.261294 -0.857633 -0.980224
 766.000000 -1.086809 -1.272223 -0.373806
 767.000000 -0.882701 -0.850731 -0.592484
 768.000000 -1.011703 -1.203905 -0.046878
 769.000000 -0.913940 -1.013181 -0.320048
 770.000000 -0.761371 -1.292417 -0.063939
 771.000000 -1.165741 -1.100150 -0.355964
 772.000000 -1.124385 -0.955654 -0.318543
 773.000000 -1.377768 -0.870200 -0.543563
 774.000000 -0.876178 -1.038235 -0.530476
 775.000000 -0.897853 -1.027290 -0.308643
 776.000000 -1.157951 -0.842443 -0.532474
 777.000000 -0.657442 -1.247701 -0.171094
 778.000000 -1.129478 -0.949861 -0.589700
 779.000000 -1.227229 -1.042211 -0.331097
 780.000000 -1.084072 -1.060345 -0.351380
 781.000000 -0.881174 -1.099093 -0.718284
 782.000000 -0.934744 -1.192767 -0.495601
 783.000000 -1.065317 -0.918333 -0.555900
 784.000000 -0.935088 -0.949935 -0.577602
 785.000000 -1.408935 -1.235199 -0.687973
 786.000000 -0.767126 -1.012878 -0.691484
 787.000000 -1.014343 -1.172776 -0.573618
 788.000000 -0.777468 -1.071322 -0.207902
 789.000000 -0.995965 -1.086973 -0.289635
 790.000000 -1.216611 -0.996220 -0.733997
 791.000000 -0.721211 -1.244046 -0.197898
 792.000000 -0.751433 -1.246805 -0.168280
 793.000000 -0.799789 -1.011447 -0.571156
 794.000000 -1.001440 -1.086797 -0.471006
 795.000000 -0.752686 -1.049674 -0.386356
 796.000000 -1.015677 -1.051846 -0.232761
 797.000000 -1.040993 -1.197151 -0.486048
 798.000000 -1.288375 -1.202481 -0.465887
 799.000000 -1.309674 -1.068246 -0.158256
 800.000000 -1.229111 -0.952042 -0.664638
 801.000000 -1.286509 -0.882846 -0.663682
 802.000000 -1.050976 -1.305276 -0.469798
 803.000000 -1.183583 -1.054137 -0.405575
 804.000000 -1.037692 -1.059925 -0.240687
 805.000000 -0.882396 -1.082726 -0.391704
 806.000000 -0.638542 -1.127885 -0.280129
 807.000000 -1.037297 -0.994464 -0.418620
 808.000000 -0.706559 -1.251264 -0.697475
 809.000000 -1.284402 -0.906910 -0.526887
 810.000000 -1.352732 -1.064716 -0.142831
 811.000000 -1.108950 -1.262391 -0.090447
 812.000000 -0.886141 -0.755202 -0.690972
 813.000000 -1.105630 -0.932602 -0.469514
 814.000000 -0.781084 -1.182332 -0.450219
 815.000000 -1.002525 -1.049506 -0.668055
 816.000000 -1.064920 -1.193679 -0.330046
 817.000000 -1.049639 -1.084576 -0.455478
 818.000000 -1.195887 -0.922987 -0.296173
 819.000000 -0.999781 -1.109446 -0.542976
 820.000000 -1.050919 -1.014859 -0.455143
 821.000000 -1.056248 -1.082096 -0.146493
 822.000000 -0.948547 -1.071105 -0.647407
 823.000000 -1.247210 -1.278392 -0.065936
 824.000000 -0.951645 -1.031196 -0.441718
 825.000000 -0.990626 -1.041178 -0.372602
 826.000000 -0.992787 -1.156134 -0.212317
 827.000000 -0.838516 -1.109777 -0.260486
 828.000000 0.599598 -1.276449 -0.249854
 829.000000 -1.084483 -0.832209 -0.769669
 830.000000 -1.115484 -1.044681 -0.515556
 831.000000 -1.003924 -1.009614 -0.419766
 832.000000 -0.834521 -1.373076 0.121078
 833.000000 -1.404449 -0.946815 -0.625804
 834.000000 -0.952474 -0.953764 -0.565630
 835.000000 -1.219248 -1.139979 -0.596646
 836.000000 -1.051523 -0.940250 -0.435135
 837.000000 -1.079721 -1.048815 0.101817
 838.000000 -1.062270 -0.880416 -0.787786
 839.000000 -0.866471 -0.937053 -0.367479
 840.000000 -0.971423 -0.872144 -0.561225
 841.000000 -1.089118 -1.003207 -0.683416
 842.000000 -1.146777 -0.869014 -0.553678
 843.000000 -1.053311 -0.855343 -0.444173
 844.000000 -0.898766 -1.033761 -0.725336
 845.000000 -1.045403 -1.122689 -0.435578
 846.000000 -1.374640 -0.952535 -0.873464
 847.000000 -0.881584 -0.987667 -0.797748
 848.000000 -0.992217 -1.211295 -0.516961
 849.000000 -1.000040 -1.303545 -0.163873
 850.000000 -1.000077 -0.918830 -0.684013
 851.000000 -1.007557 -1.007270 -0.466345
 852.000000 -1.081058 -1.167855 -0.533518
 853.000000 -0.866956 -0.978983 -0.702025
 854.000000 -0.704351 -1.051017 -0.209211
 855.000000 -0.947702 -0.917858 -0.451823
 856.000000 -1.106301 -1.059594 -0.468146
 857.000000 -0.862233 -1.157489 -0.240140
 858.000000 -1.143321 -1.140661 -0.517966
 859.000000 -1.161176 -0.940609 -0.413770
 860.000000 -0.958504 -0.847320 -0.657801
 861.000000 -1.282622 -0.898508 -0.370071
 862.000000 -1.219959 -1.052518 -0.184664
 863.000000 -0.737567 -1.308422 -0.249829
 864.000000 -0.898920 -1.062060 -0.752417
 865.000000 -1.082766 -1.096678 -0.568076
 866.000000 -1.131859 -1.080706 -0.515770
 867.000000 0.928542 -1.035698 -0.449949
 868.000000 -1.111723 -1.097749 0.052174
 869.000000 -1.172126 -0.988744 -0.663136
 870.000000 -1.054310 -0.964191 -0.916679
 871.000000 -0.970880 -0.892590 -0.995378
 872.000000 -0.873346 -0.766169 -0.743764
 873.000000 -1.163421 -0.975391 -0.534511
 874.000000 -1.170798 -1.231556 -0.336035
 875.000000 -0.992320 -0.887849 -0.586514
 876.000000 -1.074901 -1.101133 -0.456677
 877.000000 -1.058021 -0.874880 -0.498045
 878.000000 -1.192661 -1.039087 -0.594019
 879.000000 -1.097400 -1.335638 -0.363123
 880.000000 -0.897568 -0.930558 -0.582322
 881.000000 -1.006190 -0.840983 -0.527585
 882.000000 -1.396934 -0.961257 -0.537180
 883.000000 -0.984728 -1.280336 0.036792
 884.000000 -0.925128 -1.087871 -0.740196
 885.000000 -1.112089 -0.914551 -0.543989
 886.000000 -1.171422 -1.073969 -0.424875
 887.000000 -1.229802 -0.874314 -0.862515
 888.000000 -1.220605 -1.292769 -0.218306
 889.000000 -1.179440 -1.097446 -0.546712
 890.000000 -1.049869 -1.178380 -0.705354
 891.000000 -0.995965 -1.020946 -0.610412
 892.000000 -1.183401 -1.055795 -0.706090
 893.000000 -1.166253 -1.190603 -0.599338
 894.000000 -1.356339 -1.029000 -0.601565
 895.000000 -1.214363 -0.824196 -0.747330
 896.000000 -0.952760 -1.166879 -0.631282
 897.000000 -1.081537 -0.997587 -0.645993
 898.000000 -1.389632 -1.075853 -0.756335
 899.000000 -0.986791 -0.891322 -0.668059
 900.000000 -1.103028 -1.106028 -0.386083
 901.000000 -1.272404 -1.081759 -0.485931
 902.000000 -0.885133 -1.124699 -0.461741
 903.000000 -1.299162 -0.695856 -0.813324
 904.000000 -1.294085 -1.235866 -0.220581
 905.000000 -1.107021 -0.876424 -0.592049
 906.000000 -1.211547 -0.948037 -0.637817
 907.000000 -1.033840 -1.009554 -0.325854
 908.000000 -1.157699 -1.163976 -0.355310
 909.000000 -0.756536 -1.317409 -0.509651
 910.000000 -0.983512 -1.250584 0.046960
 911.000000 -0.937034 -0.900513 -0.608727
 912.000000 -0.703401 -1.017358 -0.734897
 913.000000 -1.269189 -1.042907 -0.599496
 914.000000 -1.245071 -0.847364 -0.490429
 915.000000 -0.911755 -1.229484 -0.257895
 916.000000 -1.429168 -0.947568 -0.200327
 917.000000 -1.074193 -0.995691 -0.792632
 918.000000 -1.127233 -0.815338 -0.563127
 919.000000 -0.723093 -0.873136 -0.438505
 920.000000 -1.110343 -1.088528 -0.695875
 921.000000 -1.099309 -1.144036 -0.712711
 922.000000 -1.163381 -1.179593 -0.295108
 923.000000 -0.618210 -1.109959 -0.361317
 924.000000 -0.758322 -1.008870 -0.784603
 925.000000 -0.962412 -1.267169 -0.509823
 926.000000 -1.082268 -1.137393 -0.562848
 927.000000 -0.946114 -1.018036 -0.431474
 928.000000 -1.031602 -1.113929 -0.387352
 929.000000 -1.093756 -1.139792 -0.522639
 930.000000 -0.900442 -1.547888 0.225395
 931.000000 -0.872714 -1.029959 -0.490466
 932.000000 -1.243545 -1.150602 -0.624114
 933.000000 -0.898570 -0.967793 -0.570705
 934.000000 -1.228791 -0.869959 -0.419794
 935.000000 -0.961454 -0.896806 -0.479455
 936.000000 -1.215971 -1.143654 -0.236179
 937.000000 -1.129473 -0.995412 -0.504047
 938.000000 -1.274873 -0.857720 -0.737967
 939.000000 -1.022861 -1.159166 -0.308921
 940.000000 -1.272755 -1.226096 -0.228023
 941.000000 -1.027766 -1.244726 0.189722
 942.000000 -1.119965 -1.099292 -0.222310
 943.000000 -0.957065 -1.070353 -0.429106
 944.000000 -1.140647 -0.912679 -0.664086
 945.000000 -1.041249 -1.216912 -0.700799
 946.000000 -0.964712 -0.948192 -0.571722
 947.000000 -0.640965 -0.920855 -0.572130
 948.000000 0.550213 -1.074875 0.072212
 949.000000 -0.891359 -0.621669 -0.734664
 950.000000 -0.773015 -0.875617 -0.489976
 951.000000 -1.443132 -1.150205 -0.396761
 952.000000 -1.169463 -0.947473 -0.417001
 953.000000 -1.046503 -0.991207 -0.473660
 954.000000 -1.063614 -1.162881 -0.189256
 955.000000 -1.121199 -0.678726 -0.781598
 956.000000 -1.013281 -0.996516 -0.598842
 957.000000 -1.131437 -1.016662 -0.351149
 958.000000 -0.721638 -0.842685 -0.612860
 959.000000 -0.902744 -0.962112 -0.451278
 960.000000 -1.250233 -0.949032 -0.851715
 961.000000 -1.146026 -1.098323 -0.183572
 962.000000 -1.175951 -1.050107 -0.660341
 963.000000 -1.340390 -1.202793 -0.337619
 964.000000 -0.887559 -1.321174 -0.130562
 965.000000 -0.786202 -0.956093 -0.529521
 966.000000 -1.108196 -1.096573 -0.728045
 967.000000 -0.937941 -0.914486 -0.275904
 968.000000 -0.985510 -0.715168 -0.277368
 969.000000 -0.929076 -0.927616 -0.404165
 970.000000 -1.051633 -1.212974 -0.320541
 971.000000 -1.402081 -1.023855 -0.600816
 972.000000 -1.088278 -1.105211 -0.465363
 973.000000 -0.876158 -0.976870 -0.583920
 974.000000 -1.021872 -1.063984 -0.532329
 975.000000 -1.145406 -1.109440 -0.295294
 976.000000 -0.976646 -1.000273 -0.427541
 977.000000 -0.980613 -1.048700 -0.064051
 978.000000 -0.959828 -0.967397 -0.843655
 979.000000 -0.942118 -1.040764 -0.331249
 980.000000 -1.112758 -1.031203 -0.412830
 981.000000 -1.152500 -1.145502 -0.749762
 982.000000 -0.988683 -0.761050 -0.476280
 983.000000 -1.309268 -1.140795 -0.341881
 984.000000 -1.081678 -0.989732 -0.270007
 985.000000 -1.160201 -1.093947 -0.277683
 986.000000 -1.304499 -0.952954 -0.416691
 987.000000 -0.801304 -1.048696 -0.280788
 988.000000 -0.761662 -1.111358 -0.321514
 989.000000 -1.035227 -1.055120 -0.551542
 990.000000 -1.012768 -0.853165 -0.747065
 991.000000 -0.673819 -1.066504 -0.509029
 992.000000 -1.099988 -1.148829 -0.350361
 993.000000 -0.494388 -0.882963 -0.623733
 994.000000 -1.094740 -0.786058 -0.478481
 995.000000 -1.093872 -0.985915 -0.440275
 996.000000 -1.158027 -0.869981 -0.967936
 997.000000 -1.082086 -1.282248 -0.342178
 998.000000 -0.700600 -1.275260 -0.311624
 999.000000 -1.255101 -0.925354 -0.599609
 1000.000000 -1.449675 -0.846688 -0.647891
