#! FIELDS time chi158C chi185C chi186C chiT33C chiM155C
#! SET min_chi158C -pi
#! SET max_chi158C pi
#! SET min_chi185C -pi
#! SET max_chi185C pi
#! SET min_chi186C -pi
#! SET max_chi186C pi
#! SET min_chiT33C -pi
#! SET max_chiT33C pi
#! SET min_chiM155C -pi
#! SET max_chiM155C pi
 0.000000 -0.915850 0.764632 0.195782 -0.946300 2.742478
 1.000000 -1.348363 0.485863 -1.104182 -0.987062 2.937582
 2.000000 -1.155472 0.842255 -1.105895 -0.947319 2.890177
 3.000000 -1.409623 0.718864 -1.153542 -1.148289 2.824376
 4.000000 -1.104387 0.715095 -1.342895 -1.338214 2.983564
 5.000000 -1.425781 0.538955 -1.196461 -1.054056 2.636000
 6.000000 -1.282194 0.784600 -1.004800 -0.973372 2.789713
 7.000000 -1.406406 0.562634 -1.260204 -0.956929 2.447958
 8.000000 -1.290290 0.615440 -1.236887 -0.985183 2.680904
 9.000000 -1.171477 0.713499 -1.433778 -1.065633 2.815745
 10.000000 -1.392156 0.423318 -0.887621 -0.940965 2.773397
 11.000000 -1.480309 0.813410 -0.931976 -1.047887 2.582621
 12.000000 -1.269034 0.390743 -1.193958 -1.256835 2.582622
 13.000000 -1.117599 0.913957 -1.095861 -1.124376 1.146821
 14.000000 -1.183590 0.525771 -0.909309 -1.019649 2.858841
 15.000000 -1.370651 0.416690 -1.159526 -1.062064 2.827191
 16.000000 -1.184308 0.992616 -1.213344 -1.105207 2.973655
 17.000000 -1.521864 0.694871 -1.147046 -0.473793 2.709360
 18.000000 -1.369022 -0.897427 -0.964570 -1.054280 2.979608
 19.000000 -1.426856 -0.914282 -1.065193 -0.872605 1.719700
 20.000000 -1.039767 -0.687182 -1.215455 -0.731366 2.834814
 21.000000 -1.153242 -0.613500 -0.915247 -0.923314 2.985031
 22.000000 -1.333101 -0.387764 -0.920716 -1.073077 -2.929388
 23.000000 -1.159981 -0.485546 -1.225282 -0.699977 2.795603
 24.000000 -1.578216 0.582896 -1.121829 -1.122454 2.780933
 25.000000 -1.208214 -0.955456 -1.265169 -1.055790 2.895739
 26.000000 -1.187082 0.777873 -1.157189 -0.161262 2.629912
 27.000000 -1.331086 -0.582601 -1.099551 -0.919676 3.050913
 28.000000 -1.201419 0.615568 -1.145146 -1.277846 2.752699
 29.000000 -1.177016 0.954544 -0.944863 -1.019981 -3.134725
 30.000000 -1.459191 0.792385 -1.093206 -1.117893 3.052023
 31.000000 -1.140696 -0.198168 -1.057332 -1.123324 2.900505
 32.000000 -1.318480 -0.710825 -1.163532 -1.027813 3.065169
 33.000000 -1.074677 -0.592325 -1.404359 -0.559005 -3.135383
 34.000000 -1.092908 -0.713945 -1.226128 -0.788466 2.439502
 35.000000 -1.440150 -0.337392 -1.081124 -0.179620 2.923756
 36.000000 -1.009522 -0.679538 -1.097239 -0.548450 2.971510
 37.000000 -1.173308 -0.437909 -1.256177 -0.855500 2.620875
 38.000000 -1.342050 0.535654 -1.049704 -1.052247 2.964362
 39.000000 -1.228102 0.504655 -1.060152 -0.930928 2.746362
 40.000000 -1.426926 -0.780470 -1.341953 -1.042600 2.732428
 41.000000 -1.089530 -0.956267 -1.256138 -1.038190 -2.869931
 42.000000 -1.340834 -0.612361 -1.391066 -1.135348 3.057851
 43.000000 -1.039501 -0.992766 -1.126585 -0.963355 2.907260
 44.000000 -1.333481 -0.558772 -1.233501 -0.261713 2.783227
 45.000000 -1.078450 -0.595256 -1.138134 -0.435026 3.011787
 46.000000 -1.192201 -0.894311 -1.322806 1.625751 2.932704
 47.000000 -1.184670 -0.690095 -1.251595 -0.939410 -3.054600
 48.000000 -1.215860 -0.800742 -1.475076 -0.934044 2.695040
 49.000000 -1.407734 -0.635685 -1.305914 -0.916350 2.668128
 50.000000 -1.199471 -0.844220 -1.175043 -0.636450 2.990064
 51.000000 -1.329083 -0.759383 -1.130200 -0.963059 3.024511
 52.000000 -1.155748 -0.242252 -1.361543 1.164815 2.730527
 53.000000 -1.061972 -0.342089 -1.123335 -1.008868 2.743212
 54.000000 -1.019539 0.698694 -1.380657 -1.006520 3.031911
 55.000000 -1.360464 0.825294 -1.224623 -1.097585 -3.141592
 56.000000 -1.440647 0.464028 -1.153209 -0.954703 -2.989380
 57.000000 -1.272006 0.643298 -0.971903 -0.952124 -2.877454
 58.000000 -1.399380 0.609942 -1.148417 -0.990541 2.963574
 59.000000 -1.418122 0.930817 -1.232028 -0.336742 2.898611
 60.000000 -1.067567 0.656097 -1.165737 -1.141767 3.043679
 61.000000 -1.190774 0.455508 -1.097048 -1.074656 -3.118833
 62.000000 -0.988139 0.802814 -1.431813 -1.086659 2.978235
 63.000000 -1.224235 0.409946 -1.228597 0.327742 -2.844185
 64.000000 -1.148428 0.625830 -1.237795 -0.963355 2.946563
 65.000000 -1.351373 0.542212 -1.164270 -0.946481 3.073921
 66.000000 -1.062893 0.445260 -1.219334 -0.780459 2.934901
 67.000000 -1.405617 0.541527 -1.362793 -0.831985 2.633836
 68.000000 -1.346600 0.503019 -1.380173 -0.925250 2.687972
 69.000000 -1.244533 0.759997 -1.127504 -0.993931 1.053262
 70.000000 -1.281929 1.018122 -1.263471 -0.906127 2.751337
 71.000000 -1.200006 0.612635 -1.285258 -1.110418 2.751791
 72.000000 -1.166708 0.604760 -1.128070 -1.372784 2.984302
 73.000000 -1.462562 0.396322 -1.116359 -0.935153 2.957139
 74.000000 -1.165062 0.684017 -1.093980 -1.108580 2.746577
 75.000000 -1.299542 0.468945 -1.156054 -0.756729 2.926022
 76.000000 -1.286535 0.835573 -1.386769 -0.938724 2.292946
 77.000000 -1.453466 0.375874 -1.340451 -0.863596 3.114457
 78.000000 -0.968035 0.849054 -1.268484 -1.055308 2.589697
 79.000000 -1.450767 0.705633 -1.013473 -1.052042 2.864743
 80.000000 -1.223408 0.733766 -1.185755 -1.068149 2.951153
 81.000000 -0.977170 0.196257 -1.258617 -1.287216 2.963812
 82.000000 -1.420018 0.659622 -0.931111 -1.113611 2.804882
 83.000000 -1.253395 0.556979 -1.506221 -0.757232 2.910070
 84.000000 -1.157705 1.045097 -1.283625 -1.344534 2.681911
 85.000000 -1.237490 0.562014 -1.017420 -1.102520 2.455213
 86.000000 -1.243133 -0.549320 -1.364855 -0.785092 2.570312
 87.000000 -1.231185 0.726069 -1.234004 0.263593 2.651915
 88.000000 -1.315385 0.634637 -1.172355 1.117843 2.610724
 89.000000 -1.409690 0.678036 -1.347331 -0.998183 2.685360
 90.000000 -1.382165 0.589330 -1.290631 -1.012843 3.085038
 91.000000 -1.120469 -1.060989 -1.532661 0.313731 2.471707
 92.000000 -1.285461 0.514655 -1.310919 -1.405388 2.704606
 93.000000 -1.145404 0.811330 -1.151740 -0.931089 2.484824
 94.000000 -1.017564 0.922506 -1.391917 -1.029867 2.570195
 95.000000 -1.194015 -0.690781 -1.199650 -1.215474 2.633298
 96.000000 -1.144070 -0.622777 -1.559714 -1.161724 2.735805
 97.000000 -1.313768 0.459381 -1.324461 -1.074156 2.632448
 98.000000 -0.883995 0.896339 -1.068891 -1.176154 2.821144
 99.000000 -1.469494 0.827224 -1.448010 -0.936827 2.518297
 100.000000 -1.246143 0.504661 -0.975845 -0.265864 2.548410
 101.000000 -1.470619 0.607143 -1.063024 -0.945386 2.841224
 102.000000 -1.429599 0.673249 -1.400989 -0.997272 2.692695
 103.000000 -1.470846 0.502053 -1.221528 -1.016059 2.764819
 104.000000 -1.367846 0.355698 -1.007485 -1.023108 2.926936
 105.000000 -1.187961 -0.942118 -1.540606 -1.254039 2.745118
 106.000000 -1.039360 -0.451858 -1.396026 -0.831126 3.075230
 107.000000 -1.019366 -0.757360 -1.160347 -1.202994 2.817691
 108.000000 -1.361489 0.576846 -1.094498 -1.205884 2.803877
 109.000000 -1.236487 0.558168 -1.320344 -0.703833 -2.861212
 110.000000 -1.175407 0.615530 -0.959893 0.532382 2.985708
 111.000000 -1.323879 0.773449 -0.909448 -0.896295 2.990200
 112.000000 -1.262369 0.451846 -1.033513 -0.515502 3.141585
 113.000000 -1.442466 0.511784 -0.939918 -1.179927 2.982459
 114.000000 -1.229388 -0.784394 -1.372810 -0.326651 -3.068439
 115.000000 -1.238126 -0.653649 -1.353827 -1.273415 2.749566
 116.000000 -1.283281 0.622439 -1.078919 -0.977041 2.834006
 117.000000 -1.347176 -0.749415 -1.251672 -1.014461 2.630223
 118.000000 -1.450553 0.658147 -1.037306 -1.117238 2.617218
 119.000000 -1.427969 0.517604 -1.277927 -0.841802 2.947004
 120.000000 -1.430870 0.629146 -1.312532 -1.084900 2.989786
 121.000000 -1.396169 0.754291 -1.241078 -1.111225 2.818755
 122.000000 -1.188947 0.681175 -1.012208 -1.161537 2.755481
 123.000000 -1.640250 0.497946 -1.132286 0.261192 3.004657
 124.000000 -1.238669 -0.567707 -1.273109 -1.060885 2.913637
 125.000000 -1.487934 0.576722 -1.328589 -1.038585 2.805487
 126.000000 -1.219032 0.600726 -1.308263 -1.043797 2.926758
 127.000000 -1.402637 1.299975 -1.048473 -1.252225 -3.121906
 128.000000 -1.232527 -0.653135 -1.050056 -1.049929 2.710360
 129.000000 -1.219969 0.347827 -1.010882 -1.124299 2.653332
 130.000000 -1.414179 -0.432589 -0.985016 -0.464627 2.827861
 131.000000 -1.222418 -0.644387 -1.299901 -0.830454 2.643553
 132.000000 -1.319128 -0.668786 -1.079477 -1.177752 2.658298
 133.000000 -1.123275 -0.858579 -1.337220 -0.929227 2.713851
 134.000000 -1.374177 -0.809069 -1.015053 1.086550 2.955577
 135.000000 -1.474160 -0.596053 -1.019654 -1.216480 2.634062
 136.000000 -1.338745 -0.637806 -1.009102 -0.968318 2.852008
 137.000000 -1.288269 -0.480669 -1.124360 1.193143 2.816694
 138.000000 -1.294054 -0.618417 -1.284361 -1.370216 2.830235
 139.000000 -1.406623 -0.355678 -1.031269 -0.664087 2.477458
 140.000000 -1.272680 0.586371 -1.192022 -0.498606 3.030051
 141.000000 -1.275240 -0.758244 -1.437507 -0.639345 2.762051
 142.000000 -1.198004 -0.519061 -1.382750 -1.078942 1.205059
 143.000000 -0.798418 0.898368 -1.151194 -1.137013 3.047258
 144.000000 -1.200952 -0.631384 -1.168523 1.024432 3.091262
 145.000000 -1.275328 -0.798626 -1.259229 -0.450087 -2.967106
 146.000000 -1.433042 0.731849 -1.102571 -0.438140 2.923315
 147.000000 -1.403927 -0.553439 -1.051558 -0.858578 2.900999
 148.000000 -1.197856 0.792365 -1.497055 -1.126715 -3.047893
 149.000000 -1.346627 0.803369 -1.057508 0.146592 3.048418
 150.000000 -1.299956 0.353897 -1.220415 -0.965802 3.013780
 151.000000 -1.287240 0.709484 -1.173882 -0.964838 3.055252
 152.000000 -1.200455 0.238097 -0.873105 -1.077841 3.124469
 153.000000 -1.097454 0.788252 -1.216408 -0.922629 -2.819616
 154.000000 -1.471934 1.146251 -1.209946 -0.923449 2.743727
 155.000000 -1.189382 0.888960 -1.347798 -1.109763 2.836458
 156.000000 -1.381814 0.444071 -1.639790 -0.939797 2.935656
 157.000000 -1.303355 0.872488 -1.133754 -1.154935 2.857139
 158.000000 -1.465809 -0.449682 -1.116395 -0.930791 2.481205
 159.000000 -1.390480 0.523536 -0.971939 -1.159609 2.920570
 160.000000 -1.210411 -0.762695 -0.867627 -1.063188 2.806161
 161.000000 -0.923845 0.674107 -1.179565 -1.129889 2.686701
 162.000000 -1.260414 -0.592836 -1.214338 -1.057143 0.961972
 163.000000 -1.314719 -0.389053 -1.286815 -0.926783 3.035846
 164.000000 -1.000952 -0.574470 -1.186112 -1.231570 1.028545
 165.000000 -1.571691 -0.611894 -1.264167 -1.295715 2.816016
 166.000000 -1.367613 0.730461 -1.341614 -1.255798 3.106514
 167.000000 -1.018492 0.598343 -1.331836 -1.194995 2.478950
 168.000000 -1.308044 0.489969 -1.187012 -1.148657 2.843687
 169.000000 -1.471192 0.421413 -1.387363 -1.082804 2.818280
 170.000000 -1.303127 -0.653462 -1.375474 -0.140560 2.770112
 171.000000 -1.114807 0.306153 -1.089609 -0.981634 2.803780
 172.000000 -1.415318 -0.668294 -1.100726 -0.979613 2.908505
 173.000000 -1.193513 -0.510936 -1.169071 -0.832169 2.759157
 174.000000 -1.541967 0.724288 -1.270323 -0.846057 2.939886
 175.000000 -1.517701 0.704584 -1.077054 -1.074172 2.866989
 176.000000 -1.467368 -0.391155 -1.135306 -1.101712 2.840744
 177.000000 -1.339083 0.668626 -1.210984 -1.160068 2.928913
 178.000000 -1.265343 -0.853593 -1.444768 -0.940787 2.799496
 179.000000 -1.334203 -0.602313 -1.435341 -1.138341 2.734449
 180.000000 -1.178458 0.649443 -1.171735 -1.385238 2.741095
 181.000000 -1.137320 1.006322 -1.230533 -1.127677 2.440278
 182.000000 -1.623957 0.984775 -1.233435 -1.173760 2.631066
 183.000000 -1.426246 -0.009819 -1.059043 -0.821107 3.005689
 184.000000 -1.371035 0.522843 -1.377001 -1.294465 2.936346
 185.000000 -1.370405 0.908319 -1.372687 -0.970730 3.010844
 186.000000 -1.315496 0.729427 -0.982088 -1.070413 2.855849
 187.000000 -1.008191 0.631540 -1.212126 -0.862129 2.685784
 188.000000 -1.422081 0.663207 -1.206983 -1.030608 2.934810
 189.000000 -1.293824 -0.064013 -1.034789 -0.957156 2.777715
 190.000000 -1.054544 0.719899 -1.413217 -0.894777 2.988687
 191.000000 -1.183743 -0.512021 -1.030790 -0.984691 2.829476
 192.000000 -1.336974 0.988936 -0.742440 -1.060204 2.775048
 193.000000 -1.584691 0.512527 -1.227699 -1.026164 2.780069
 194.000000 -1.373560 0.509630 -1.175127 -0.900594 2.637271
 195.000000 -1.228149 0.602001 -1.153478 -1.147400 2.853893
 196.000000 -1.165323 0.879391 -1.042627 -1.020254 2.923560
 197.000000 -1.423681 0.828894 -0.944957 -1.147764 2.766706
 198.000000 -1.400488 0.619970 -1.000620 -1.162064 2.786349
 199.000000 -1.118914 0.698569 -1.348284 -1.006984 2.577201
 200.000000 -1.304094 0.655837 -1.144888 -0.892512 2.638085
 201.000000 -1.445162 0.254622 -1.164249 -1.051142 2.827594
 202.000000 -1.135039 -0.866886 -1.306775 -0.480120 2.580305
 203.000000 -0.898365 -0.537392 -1.550358 -1.074356 2.687420
 204.000000 -1.274550 0.406879 -1.306130 -0.530639 2.687422
 205.000000 -1.430403 0.787779 -1.244245 -0.795452 2.779147
 206.000000 -1.389635 0.480660 -1.342166 0.725966 2.729271
 207.000000 -1.394542 0.544738 -1.010254 -1.024131 2.839719
 208.000000 -1.447182 0.398569 -1.371113 -1.043779 2.823547
 209.000000 -1.170221 -0.938675 -1.208467 -1.311788 2.829025
 210.000000 -1.488788 0.823448 -1.077199 -1.100922 3.002841
 211.000000 -1.345456 0.787772 -1.172350 -1.443446 2.766345
 212.000000 -1.429395 0.635462 -1.139850 -0.908730 3.031968
 213.000000 -1.314480 0.452003 -1.088252 -0.678388 3.111736
 214.000000 -1.191690 -0.601116 -1.368757 -1.140969 2.950279
 215.000000 -1.383957 0.653368 -1.242026 -0.843031 -3.084648
 216.000000 -1.344066 0.803331 -0.947811 -0.929265 3.045817
 217.000000 -1.281238 -0.575606 -1.154351 -0.115765 3.066435
 218.000000 -1.335219 0.499628 -1.085098 -0.336512 2.969334
 219.000000 -1.288002 0.673053 -1.234677 -1.058567 -3.018419
 220.000000 -1.171560 0.580988 -1.082643 -1.192077 2.990521
 221.000000 -1.192208 -0.743109 -1.486999 -0.909062 3.039239
 222.000000 -1.244942 -0.105121 -1.036532 -0.431714 2.619238
 223.000000 -1.124520 -0.636819 -1.268801 -0.924509 3.047801
 224.000000 -1.225500 -0.642796 -1.305577 -1.250996 2.858799
 225.000000 -1.161934 -0.549888 -1.341941 -0.407973 2.963245
 226.000000 -1.445924 -0.389553 -1.224193 -1.072253 -3.092030
 227.000000 -1.115568 0.086891 -0.937905 -0.790505 2.842240
 228.000000 -1.474915 0.239409 -0.988883 0.336491 3.124368
 229.000000 -1.349991 -0.430177 -1.278777 -0.964139 -3.126220
 230.000000 -1.595427 0.649238 -0.866227 -0.748801 -3.113222
 231.000000 -1.333481 -0.463362 -1.464443 -1.089521 -3.085806
 232.000000 -1.164727 -0.541957 -1.076725 -1.003620 2.883004
 233.000000 -1.384498 -0.876617 -1.239684 -0.165521 3.113480
 234.000000 -1.177311 -0.810884 -1.035323 -0.495911 2.680195
 235.000000 -1.350393 -0.821827 -0.988004 -0.964257 2.818921
 236.000000 -1.349703 -0.970817 -1.556341 -0.586651 2.891853
 237.000000 -1.481292 -0.602130 -1.139261 -1.367201 2.797270
 238.000000 -1.021967 0.933603 -1.118335 -1.160389 2.724795
 239.000000 -1.349203 -0.728335 -1.036195 -0.797572 2.752980
 240.000000 -1.074885 -0.666585 -1.292945 -1.221396 3.063043
 241.000000 -1.188208 -0.488503 -1.238025 -1.107689 2.764616
 242.000000 -1.383346 -0.761865 -1.105217 -0.451664 2.634410
 243.000000 -1.354117 -0.752140 -1.556784 -0.786941 -2.998944
 244.000000 -1.078211 -0.622518 -1.173963 -0.410672 2.941714
 245.000000 -1.247462 -0.741418 -1.573584 -0.866560 2.860140
 246.000000 -1.576679 -0.466348 -1.134979 -0.389920 2.945053
 247.000000 -1.031797 -0.965964 -1.381047 -0.286427 3.115042
 248.000000 -1.444433 -0.868331 -1.160714 -0.992495 3.135537
 249.000000 -1.280114 0.658823 -0.988089 1.070497 2.877036
 250.000000 -1.445623 -0.556569 -0.932061 -1.088399 2.662705
 251.000000 -1.154890 -0.757058 -1.297850 0.304214 2.413364
 252.000000 -1.180063 -0.843143 -1.396051 -1.226827 1.115671
 253.000000 -1.069854 -0.701707 -1.337973 -1.075211 0.970718
 254.000000 -1.122177 0.813159 -1.148721 -1.370163 2.847093
 255.000000 -1.404584 -0.343345 -1.198042 -1.275736 2.561445
 256.000000 -1.147628 -0.529507 -1.353360 -1.091644 0.924604
 257.000000 -1.436723 -0.792790 -1.260047 -0.380771 2.756677
 258.000000 -1.522006 -0.627020 -1.402458 -1.032778 2.672910
 259.000000 -1.194408 -0.507870 -1.096684 -0.417006 2.798348
 260.000000 -1.416243 0.559022 -1.509246 -1.007047 3.080231
 261.000000 -1.190876 0.544745 -1.338455 0.079748 2.891698
 262.000000 -1.226969 0.374172 -1.265396 -0.467901 2.976735
 263.000000 -1.505030 0.637750 -1.063711 0.999378 2.927743
 264.000000 -1.323777 0.723717 -1.340953 -1.007292 2.698482
 265.000000 -1.257275 0.549199 -1.371246 -0.945157 2.958882
 266.000000 -1.401676 0.449249 -1.148704 -1.078575 2.901213
 267.000000 -1.296487 -0.604999 -1.328532 -1.081359 2.915960
 268.000000 -1.458460 -0.735138 -1.412791 -0.563764 2.860369
 269.000000 -1.353857 -0.662660 -1.267741 -1.057882 3.009045
 270.000000 -1.254382 -0.708045 -1.187773 -0.665271 2.717953
 271.000000 -1.295026 -0.764988 -1.099843 -1.107038 2.791179
 272.000000 -1.215577 -0.490811 -1.152118 -1.049590 2.923603
 273.000000 -1.062207 -0.584463 -1.138250 -1.029089 3.039289
 274.000000 -1.178816 -0.459013 -1.424476 -0.480407 2.859946
 275.000000 -1.130710 -0.787204 -1.284420 -1.288307 -3.053352
 276.000000 -1.152560 -0.840095 -1.371978 -1.196459 2.939671
 277.000000 -1.269039 -0.748556 -1.323113 -0.745609 3.079541
 278.000000 -1.131776 -0.743701 -1.399294 -0.923771 -3.129568
 279.000000 -1.240420 -0.766569 -1.391027 -1.038094 -2.718247
 280.000000 -1.491541 -0.643492 -1.500569 1.401341 3.126399
 281.000000 -1.251700 -0.868664 -1.241490 -0.435561 2.826702
 282.000000 -1.078083 -0.593441 -1.222546 -0.444424 2.851323
 283.000000 -1.074572 -0.018000 -1.211146 -0.725202 3.033403
 284.000000 -1.352753 -0.642326 -1.104646 -0.618529 2.623374
 285.000000 -1.158583 -0.765554 -0.998348 0.030676 2.941834
 286.000000 -1.361423 -0.635453 -1.272558 0.381431 3.079476
 287.000000 -1.577969 -0.700574 -1.026634 -1.197203 -3.137051
 288.000000 -1.281192 -0.479379 -1.166896 1.409074 2.737219
 289.000000 -1.225487 -0.814506 -1.654319 -0.867498 2.827185
 290.000000 -1.262784 -0.691307 -0.985242 0.562773 2.839183
 291.000000 -1.353755 -0.427914 -1.147859 -1.064750 2.864895
 292.000000 -1.234466 0.697745 -1.090087 -0.888468 3.060372
 293.000000 -1.648860 -0.708890 -1.165526 0.386440 2.799283
 294.000000 -1.228470 0.684593 -1.351141 -1.044323 -2.508359
 295.000000 -1.410173 -0.695491 -1.149150 0.409384 -2.877123
 296.000000 -1.332044 -0.622966 -0.958373 -1.153614 -3.110383
 297.000000 -0.894119 -0.556749 -1.073632 0.033770 3.129299
 298.000000 -1.424274 -0.796312 -1.023738 -0.628817 3.002951
 299.000000 -1.438620 -0.764528 -1.425282 -1.024126 -3.134848
 300.000000 -1.035256 -0.574024 -1.068516 -0.534418 2.903668
 301.000000 -1.125253 -0.570087 -1.429959 -0.925427 2.873151
 302.000000 -1.194015 -0.514478 -1.349337 -1.356901 2.964645
 303.000000 -1.199098 -0.827458 -1.060898 -1.680801 2.771252
 304.000000 -1.197835 -0.572468 -1.217069 -1.155500 2.742396
 305.000000 -1.429090 -0.715972 -1.117350 -1.110077 2.941699
 306.000000 -1.270766 -0.614449 -1.233994 -1.222006 2.704651
 307.000000 -1.422389 -0.542887 -1.169811 -0.352590 2.756055
 308.000000 -1.229886 0.694199 -1.219153 -0.941752 2.903860
 309.000000 -1.182538 -0.526324 -1.083966 -1.048425 2.741788
 310.000000 -1.262617 0.842223 -1.098692 -0.891520 3.027832
 311.000000 -1.251111 -0.816563 -1.120913 -1.122728 3.129384
 312.000000 -1.245568 -0.998606 -1.169866 -0.850431 2.890625
 313.000000 -1.373621 -0.787516 -1.156710 -0.474424 2.973135
 314.000000 -1.130785 -0.710213 -1.346412 -1.189311 3.046019
 315.000000 -1.177630 -0.632993 -1.219773 -1.044677 2.668122
 316.000000 -1.166144 -0.895690 -1.483342 -0.429537 2.885580
 317.000000 -1.120325 -0.676727 -1.200885 -1.212231 2.982055
 318.000000 -1.340476 -0.695204 -1.241162 -0.388957 -2.900762
 319.000000 -1.488270 -0.848001 -1.259322 -1.183753 3.132657
 320.000000 -1.310815 -0.843508 -1.288837 -0.711170 3.060980
 321.000000 -1.170261 -0.630324 -1.398711 -0.369082 -2.793640
 322.000000 -1.165698 -0.645547 -1.426817 -1.026964 3.043416
 323.000000 -1.075988 -0.683444 -1.298654 -0.829855 3.115776
 324.000000 -1.222408 -0.636168 -1.012111 -0.825653 -3.022390
 325.000000 -0.758678 -0.650194 -1.493337 -1.166322 2.948083
 326.000000 -1.151409 -0.886184 -1.394871 -1.019570 -3.047811
 327.000000 -1.208455 -0.816422 -1.061232 -0.346878 -3.096113
 328.000000 -1.265485 -0.916287 -1.145458 -0.550768 2.911582
 329.000000 -1.296169 -0.730478 -1.320977 -0.338465 3.026454
 330.000000 -1.317302 -0.867557 -0.928664 -0.383721 -2.833453
 331.000000 -1.116463 -0.630237 -1.396801 -1.094214 3.005133
 332.000000 -1.211594 -0.978222 -1.199080 -1.213371 2.984080
 333.000000 -1.006865 -1.128704 -1.443011 -0.794401 2.919615
 334.000000 -1.201044 -0.744900 -1.370812 -0.845665 3.030193
 335.000000 -1.529645 -0.386839 -1.128817 -0.207957 -3.040603
 336.000000 -1.370652 -0.746880 -1.319230 -0.346870 2.950278
 337.000000 -0.995605 -0.673746 0.232420 -0.221674 2.798382
 338.000000 -1.428746 -0.740357 -1.288908 -1.118895 2.738533
 339.000000 -1.148459 -0.512291 -1.124880 -0.802768 3.057298
 340.000000 -1.160149 -0.836602 -1.227587 -1.107995 2.929265
 341.000000 -1.306189 -1.027382 -1.219098 -1.134843 2.964356
 342.000000 -1.074403 -0.754773 -1.159983 -0.554027 2.948528
 343.000000 -1.242233 -0.562719 -1.083802 -0.722013 2.846663
 344.000000 -1.242275 -0.541522 -1.153355 -0.674581 2.736720
 345.000000 -1.344899 -0.295649 -1.103348 -0.396070 2.943682
 346.000000 -1.145672 -0.932517 -1.440874 -1.037236 2.995815
 347.000000 -1.226379 -0.780951 -0.774503 0.848580 2.901587
 348.000000 -1.195359 -0.835066 -1.466781 -0.861894 -3.122624
 349.000000 -1.144530 -0.987797 -1.101550 -0.542912 -3.065475
 350.000000 -0.969044 -0.674754 -1.283812 -1.217088 2.895866
 351.000000 -1.151416 -0.672453 -1.315982 -1.134900 2.940502
 352.000000 -1.336828 -0.817849 -1.423449 -1.053806 3.054529
 353.000000 -1.188491 -0.413636 -1.199779 -1.067162 3.011965
 354.000000 -1.104737 -0.717248 -1.183718 -0.356309 2.775760
 355.000000 -1.344212 -0.741418 -1.107673 -1.401012 3.071946
 356.000000 -1.183858 -0.700083 -0.983817 -0.980384 2.839247
 357.000000 -1.222539 -0.564187 -0.942467 -0.289864 3.127011
 358.000000 -1.259062 -0.452420 -1.254967 -1.026882 2.836649
 359.000000 -1.421288 0.552840 -1.272903 -0.721531 2.812207
 360.000000 -1.596999 -0.641551 -1.175903 -0.814750 2.634876
 361.000000 -1.478397 0.606631 -1.153541 -0.994987 -3.122267
 362.000000 -1.241425 0.626900 -0.194405 0.402228 2.759895
 363.000000 -1.305060 0.466206 -1.360986 -1.107192 2.932647
 364.000000 -1.413991 0.941795 -1.189412 -0.998998 2.803981
 365.000000 -1.413418 0.311510 -1.247562 -0.452838 2.778150
 366.000000 -1.093607 0.616922 -1.215885 -1.181511 2.750132
 367.000000 -1.271050 0.862619 -1.071582 -1.007263 2.683831
 368.000000 -1.228587 0.634712 0.442719 -0.588222 3.052273
 369.000000 -1.239123 0.595482 -1.128461 -0.583681 2.807223
 370.000000 -1.428716 0.758944 -1.364596 -1.113037 2.865240
 371.000000 -1.501513 0.479808 -1.202114 -1.034340 2.539005
 372.000000 -1.503475 -0.689333 -1.020507 -0.422796 2.852691
 373.000000 -1.207965 -0.842021 -1.282167 -0.831127 2.752101
 374.000000 -1.183864 -0.751601 -1.365342 -1.151118 2.886081
 375.000000 -1.051737 -0.809917 -1.497167 -0.830166 2.634999
 376.000000 -1.288979 -0.656699 -1.057499 -0.893558 2.886301
 377.000000 -1.356011 -0.457411 -1.188528 -0.109858 2.770209
 378.000000 -1.262990 -0.688850 -1.150733 -0.511832 2.916580
 379.000000 -1.044635 -0.526331 -1.293426 -0.394463 -3.002143
 380.000000 -0.953383 -0.550024 -1.081845 -0.490974 2.788864
 381.000000 -1.280497 -0.578653 -1.167664 -1.065048 3.061648
 382.000000 -1.337977 -0.764119 -1.325927 -0.438456 2.826320
 383.000000 -1.074846 -1.035067 -1.535472 -0.565366 2.695742
 384.000000 -1.164022 -0.535710 -1.096708 -0.664879 2.916161
 385.000000 -1.154073 -0.767360 -1.235403 0.229765 2.754388
 386.000000 -1.211862 0.407527 -1.419871 -0.494978 2.736560
 387.000000 -1.373562 -0.579354 -1.287454 -1.081689 2.861962
 388.000000 -1.383786 -0.633918 -0.975472 0.139605 3.031692
 389.000000 -1.150203 -0.345533 -1.163328 -0.775011 2.786238
 390.000000 -1.611985 -0.735213 -1.196732 -1.088545 3.030299
 391.000000 -1.508842 -0.739482 -1.643283 -1.044797 2.971120
 392.000000 -1.146797 -0.494503 -1.327779 -0.099752 2.927332
 393.000000 -1.358252 -0.780566 -0.952281 -0.511626 3.046101
 394.000000 -1.187525 -0.581823 -1.227329 -0.920713 2.893401
 395.000000 -1.241814 -1.120520 -1.026035 -0.349277 2.709943
 396.000000 -1.168505 -0.594646 -1.262998 -0.759142 -3.055236
 397.000000 -1.056630 -0.462807 -1.207483 -0.677869 -3.029942
 398.000000 -1.180757 0.636747 -1.220411 -0.904608 2.898846
 399.000000 -1.135333 0.658083 -1.267735 -1.240145 -3.062768
 400.000000 -1.600074 0.649678 -1.158182 -0.984152 3.049855
 401.000000 -1.145430 -0.673832 -1.199475 -0.917412 2.830564
 402.000000 -0.954143 -0.839976 -1.233759 -0.910135 2.739005
 403.000000 -1.255152 -0.630948 -1.203072 -0.299870 3.087188
 404.000000 -1.201751 0.478461 -1.283409 -0.964596 3.036685
 405.000000 -1.292461 -0.692364 -1.298095 -1.112609 3.087185
 406.000000 -1.284986 -0.816055 -1.420127 -0.425602 2.511255
 407.000000 -1.482019 -0.507443 -1.094115 -0.305301 -3.015117
 408.000000 -1.400189 0.512131 -1.233113 -0.914001 3.004000
 409.000000 -1.287463 0.617129 -1.417199 -1.120759 2.950951
 410.000000 -1.257392 0.772859 -0.988502 -1.105012 2.970241
 411.000000 -1.095760 -0.450352 -1.301032 -1.066757 2.639607
 412.000000 -1.107014 -0.848640 -1.283249 -1.038998 3.085032
 413.000000 -1.431516 -0.699171 -0.893923 0.237659 2.737038
 414.000000 -1.198560 -0.687205 -0.856036 0.246324 2.934745
 415.000000 -1.192428 -0.611694 -1.236981 -0.983297 2.933752
 416.000000 -0.899679 -0.704759 0.136008 -0.573988 2.851025
 417.000000 -1.430135 -0.707324 -1.240864 -0.795200 -3.074186
 418.000000 -1.224082 -0.580537 -1.229354 0.350076 2.752363
 419.000000 -1.019248 -0.894970 -1.197395 -1.129846 3.103786
 420.000000 -1.383291 -0.723463 -1.378613 0.350289 2.638735
 421.000000 -1.223307 -0.698646 -1.169096 -0.720276 -3.138429
 422.000000 -1.605880 -0.588084 -1.239957 -0.435876 2.869535
 423.000000 -1.223462 -0.968575 -1.432433 -1.244462 2.830690
 424.000000 -1.357952 -0.729273 -1.121742 -0.946752 2.953443
 425.000000 -1.249167 -0.619642 -1.425384 -0.813051 2.767357
 426.000000 -1.259557 -0.518396 -1.412637 -0.627877 -3.102919
 427.000000 -1.149370 -0.748690 -1.142499 -0.333732 3.027722
 428.000000 -1.054255 -0.598658 -1.240836 -0.417069 -3.096869
 429.000000 -1.049346 -0.702934 -1.789664 -1.107705 2.939114
 430.000000 -1.188474 -0.919290 -1.443263 -1.003605 3.054260
 431.000000 -1.532265 -0.719770 -1.164171 -0.695692 2.789893
 432.000000 -1.389123 -0.829206 -1.310081 -0.998753 2.939738
 433.000000 -1.123643 -0.573002 -1.113506 -0.989080 2.726969
 434.000000 -1.183870 -0.888250 -1.447075 -0.874469 2.801239
 435.000000 -1.392125 -0.602915 -1.268990 -0.978385 3.028802
 436.000000 -0.913150 -0.654549 -1.089625 -0.921307 -3.114728
 437.000000 -1.098930 -0.928057 -1.157287 -1.183494 2.654343
 438.000000 -1.142184 -0.456694 -1.070858 -0.901726 2.818558
 439.000000 -1.361380 -0.621579 -1.351435 -0.985132 2.783153
 440.000000 -1.111039 -0.382644 -1.107104 0.519791 2.845566
 441.000000 -1.251120 0.856420 -1.119301 -0.894611 2.663920
 442.000000 -1.315883 0.702651 -1.139390 -1.036661 2.993625
 443.000000 -1.510925 0.552498 -1.460642 -1.008737 2.981790
 444.000000 -1.161655 0.570890 -1.264498 -1.033303 2.814445
 445.000000 -1.180914 0.780535 -1.267745 -1.043334 2.757117
 446.000000 -1.344613 0.396316 -1.144734 -0.925929 2.966997
 447.000000 -1.358459 0.842394 -1.236108 -1.204999 2.729287
 448.000000 -1.184300 0.490274 -1.215371 -0.852231 2.647868
 449.000000 -1.304195 0.308075 -1.137653 -1.080299 -3.040648
 450.000000 -1.523626 0.550289 -1.076289 -1.081797 2.864502
 451.000000 -1.404018 0.668720 -1.248796 -1.067377 3.032405
 452.000000 -1.434331 0.848403 -1.466191 -0.924127 2.897581
 453.000000 -1.372505 0.955351 -1.181061 -1.026931 2.885915
 454.000000 -1.624440 0.532977 -1.165926 -1.143430 -3.015528
 455.000000 -1.238436 0.558265 -1.203062 -1.237417 -3.107887
 456.000000 -1.533593 0.839278 -1.067380 -1.001678 -3.006849
 457.000000 -1.156331 0.270209 -1.172126 -1.048724 2.975350
 458.000000 -1.292943 0.820384 -1.105216 -0.925380 2.866692
 459.000000 -1.285479 0.839559 -1.409351 -0.892651 3.026646
 460.000000 -1.167369 0.670496 0.103725 -0.982838 -3.118896
 461.000000 -1.456911 0.553878 -0.866001 -0.985426 3.128404
 462.000000 -0.974174 0.832891 -1.398188 -0.990120 2.911362
 463.000000 -1.564110 0.430435 -1.301080 -0.993989 -2.867842
 464.000000 -1.331328 0.594955 -1.194199 -0.911472 0.984636
 465.000000 -1.355071 0.685383 -1.157470 -1.079216 3.022076
 466.000000 -1.008737 0.856060 3.112909 -0.185097 3.137767
 467.000000 -0.993277 0.992791 -1.122541 -1.030581 2.983949
 468.000000 -1.304757 1.053340 -1.673250 -0.845778 -2.980862
 469.000000 -1.376237 0.389391 -1.223755 -1.037395 3.090275
 470.000000 -1.456432 0.457869 -1.469459 -0.486592 2.907260
 471.000000 -1.311507 0.751120 -1.387443 -1.310171 2.876414
 472.000000 -1.255812 0.728687 -1.034776 -0.987507 -2.869664
 473.000000 -1.030420 0.869869 0.393412 -1.080810 2.931358
 474.000000 -1.215954 0.785695 -1.198188 -0.867777 3.020633
 475.000000 -1.243097 0.593157 -0.972710 -1.152852 2.640175
 476.000000 -1.276757 0.908080 -1.147457 -0.839971 3.094467
 477.000000 -1.246911 0.556695 -1.412919 -1.155440 2.798054
 478.000000 -1.113391 0.713879 -1.217483 -0.870787 3.077492
 479.000000 -1.282941 0.714626 -1.058381 -0.526434 -2.864455
 480.000000 -1.234149 -0.688406 -1.240561 -0.376522 -3.026739
 481.000000 -1.368846 -0.887814 -1.094444 -0.869570 -3.082503
 482.000000 -1.185857 0.540671 -1.105458 -1.290468 -3.029248
 483.000000 -1.131386 -0.614759 -1.079459 -0.960059 -3.057444
 484.000000 -1.207039 0.857306 -1.225059 -1.182491 2.679380
 485.000000 -1.220345 0.800104 -1.270710 -0.837090 2.979979
 486.000000 -1.115046 0.895762 -1.198193 -0.948691 2.983800
 487.000000 -1.353855 0.509628 -0.959123 -1.156606 3.115683
 488.000000 -1.311320 0.540823 -0.880326 -1.023016 3.024236
 489.000000 -1.408940 0.281516 -0.973911 -1.089186 2.818016
 490.000000 -1.312518 0.759577 -1.051942 -0.786789 3.116636
 491.000000 -1.040282 0.653005 -1.185365 -1.183928 2.432131
 492.000000 -1.343986 0.724290 -1.224321 -0.881542 2.985826
 493.000000 -1.368957 -0.558778 -1.209801 -1.219474 2.934269
 494.000000 -1.254388 -0.892748 -1.598633 -0.418533 2.925274
 495.000000 -1.364932 -0.709406 -1.114701 -0.559060 2.725956
 496.000000 -1.226125 -0.827993 -1.433628 -0.946929 2.995936
 497.000000 -1.283856 -0.711102 -1.058129 -0.699558 2.796035
 498.000000 -1.223081 -0.981189 -1.233359 -0.792706 3.120070
 499.000000 -1.103596 -0.698216 -1.045109 -1.082427 3.071518
 500.000000 -1.250103 -0.400827 -1.250126 -0.738955 -2.797140
 501.000000 -1.115200 -0.609209 -0.995790 -1.115194 3.038625
 502.000000 -1.032488 -0.541976 -1.338042 -0.893125 3.007861
 503.000000 -1.282109 -0.619638 -1.234121 -1.099886 3.051009
 504.000000 -1.246128 -0.798902 -1.160712 -1.253872 2.954141
 505.000000 -0.980656 -0.848251 -0.581097 -0.994878 3.024237
 506.000000 -1.182405 -0.717447 -1.210530 -0.503175 -2.897193
 507.000000 -1.123076 -0.861053 -1.255194 -0.257040 -3.018731
 508.000000 -1.093639 -0.875825 -1.338737 -0.425190 2.827049
 509.000000 -1.237442 -0.699453 -0.930277 -1.064888 2.915404
 510.000000 -1.279442 -0.738470 -1.256913 -1.007600 3.093347
 511.000000 -1.450142 -0.546759 -1.373466 -0.837798 2.935420
 512.000000 -1.223149 -0.366482 -0.841124 -1.201478 2.978879
 513.000000 -1.168575 -0.567453 -1.196689 -0.920301 2.484906
 514.000000 -1.261810 -0.541812 -1.165846 -1.048845 2.483588
 515.000000 -1.254460 0.662265 -0.947953 -1.245777 2.865494
 516.000000 -1.303345 0.835483 -1.085981 -0.997280 2.832188
 517.000000 -1.128818 -0.545544 -1.353946 -1.019501 2.450209
 518.000000 -1.406520 0.772108 -0.663326 -0.816699 2.844825
 519.000000 -1.127261 0.407321 -1.337665 -0.912877 2.285908
 520.000000 -1.142846 0.531272 -1.713305 -0.940931 2.849418
 521.000000 -1.252228 -0.594988 -1.369227 -1.077310 2.691217
 522.000000 -0.815996 -0.724401 -1.277806 -0.871507 0.938748
 523.000000 -1.121747 -0.485157 -1.530991 -1.278062 0.948026
 524.000000 -1.267165 0.659670 -1.114835 -0.800663 2.956589
 525.000000 -1.561060 0.426585 0.381157 -0.958011 2.647716
 526.000000 -1.068495 0.789685 -1.156878 -1.176448 2.924772
 527.000000 -1.362172 0.484751 -1.165684 -1.038090 2.843898
 528.000000 -1.127029 0.521790 -1.431809 -1.007181 2.795415
 529.000000 -1.544701 0.400350 -0.875217 -0.616917 2.646010
 530.000000 -1.329734 0.937055 -0.780836 -0.989958 2.858844
 531.000000 -1.100392 0.358550 -0.853743 -0.948470 2.956160
 532.000000 -1.389056 0.716391 -1.218180 -0.896871 2.831599
 533.000000 -1.125162 0.791502 -1.338471 -1.123905 -2.978794
 534.000000 -1.258005 0.597276 -1.219742 -1.042721 2.825179
 535.000000 -1.151237 1.201400 -1.465750 1.536609 3.059534
 536.000000 -1.113961 0.679387 -1.438319 -0.898134 2.635136
 537.000000 -1.413658 0.720951 -1.098785 -0.822942 -3.054866
 538.000000 -1.400651 0.413019 -0.873675 -0.955490 3.010838
 539.000000 -1.116835 0.710343 -1.199812 -1.195061 2.724898
 540.000000 -1.082966 0.826673 -0.986915 -1.103591 3.003356
 541.000000 -1.167182 0.674243 0.439706 -0.920915 2.847082
 542.000000 -1.067386 0.731700 -1.134822 -0.786050 2.938086
 543.000000 -1.191632 0.806395 -1.190662 -1.010447 3.119355
 544.000000 -1.386474 0.348416 -1.261392 -1.040064 -3.021521
 545.000000 -1.448874 0.720931 -0.910506 -0.847685 2.924652
 546.000000 -1.320515 0.795287 -1.504471 -0.538469 3.008888
 547.000000 -1.106375 0.633942 -1.207167 -0.411844 2.786106
 548.000000 -1.207469 -0.582599 -0.885435 -1.094355 3.078445
 549.000000 -1.402343 -0.887355 -1.237999 0.729932 2.956496
 550.000000 -1.594359 -0.441668 -1.064308 -0.810481 2.935868
 551.000000 -0.931464 -0.707400 -1.133083 -0.556293 -3.107841
 552.000000 -1.425773 -0.548662 -1.130417 -1.114035 -3.062644
 553.000000 -0.926666 -0.702709 -1.258902 -1.013497 2.832774
 554.000000 -1.336019 -0.846739 -1.133539 -0.119684 2.927382
 555.000000 -1.273422 -0.421440 -1.041062 -0.312737 3.113517
 556.000000 -1.134792 -0.735642 -1.092679 -0.583041 2.724035
 557.000000 -1.351150 -0.637176 -1.307080 -1.135738 2.941198
 558.000000 -1.294415 0.671556 -1.008480 -0.893053 2.576633
 559.000000 -1.316368 0.336467 -1.032180 -0.856958 3.077568
 560.000000 -1.259413 0.295102 -1.146509 -1.090891 3.131962
 561.000000 -0.967504 -0.603715 -1.425243 -1.293192 2.942613
 562.000000 -1.348429 0.480700 -1.112882 -0.005941 -2.911738
 563.000000 -1.313748 0.373669 -1.177978 -0.929708 3.010107
 564.000000 -1.279299 0.794583 -1.094764 -0.895799 3.011144
 565.000000 -1.211049 -0.595434 -1.083352 -0.424774 2.763438
 566.000000 -1.357440 -0.532084 -1.327884 0.895524 3.021362
 567.000000 -1.382639 0.310801 -1.030275 -1.049692 2.950706
 568.000000 -1.255651 0.501828 -1.163675 -0.963369 3.087528
 569.000000 -1.243095 0.602493 -1.086846 -1.058147 2.883782
 570.000000 -1.361388 0.808418 -0.926313 -1.062880 -3.035480
 571.000000 -1.113579 0.533404 -1.365391 -0.964403 3.024657
 572.000000 -1.087464 0.899167 -1.025595 -1.038663 2.842924
 573.000000 -1.464413 0.732445 -1.003214 -0.572051 -3.052650
 574.000000 -1.395567 0.862846 -1.094749 1.465675 3.052676
 575.000000 -1.239368 0.579289 -1.079052 0.985133 2.691647
 576.000000 -1.076781 0.669267 -1.175037 -0.982497 2.979602
 577.000000 -1.078812 0.370625 -1.071964 0.251516 -2.937320
 578.000000 -1.406733 0.480478 -1.287281 -0.482979 3.050789
 579.000000 -1.455060 0.591638 -1.410653 -0.892089 -3.109377
 580.000000 -1.416530 0.920610 -0.978018 -0.679018 -3.075921
 581.000000 -1.137179 0.943770 0.200402 -0.987990 1.926959
 582.000000 -1.451235 0.360037 -0.649261 -1.148943 2.771419
 583.000000 -1.325166 0.474839 -1.130286 -0.808512 2.676742
 584.000000 -1.213933 0.653234 -1.084648 -1.102896 2.914976
 585.000000 -1.182665 0.530903 -1.393150 -0.917209 2.813566
 586.000000 -1.154482 0.655481 -1.211676 0.426340 2.409996
 587.000000 -1.310181 0.316731 -1.242983 -0.777900 2.480232
 588.000000 -1.401781 0.502670 -1.171140 -1.164613 2.140881
 589.000000 -1.380828 0.620642 -1.159582 0.292197 2.872767
 590.000000 -1.428712 -0.703195 -1.062544 -1.100584 3.103472
 591.000000 -1.328844 0.743288 -1.172598 -1.212016 2.869277
 592.000000 -1.462326 0.421488 -1.170823 -0.461094 2.856886
 593.000000 -1.392115 0.684549 -1.252397 -0.422025 2.653115
 594.000000 -1.301038 0.917088 -1.190825 -0.885227 2.864375
 595.000000 -1.347612 0.562445 -1.271762 -1.092425 2.719107
 596.000000 -1.185951 0.570210 -1.227046 -0.822943 3.005931
 597.000000 -1.430494 0.778153 -0.977838 -0.906545 2.721358
 598.000000 -1.183857 0.716892 -1.435330 -0.856332 2.291990
 599.000000 -1.419985 0.531016 -1.088248 -0.992185 2.653385
 600.000000 -1.105818 0.737825 -1.273434 -1.038089 2.865209
 601.000000 -0.998776 0.526627 -1.285168 -0.947319 2.951486
 602.000000 -1.374725 0.579424 -0.822439 -0.408553 2.901037
 603.000000 -1.356013 0.419952 -1.170076 -0.948658 2.829108
 604.000000 -1.417586 0.412543 -1.092211 -1.083238 2.767188
 605.000000 -1.356559 -0.786737 -1.195630 -0.667803 2.669470
 606.000000 -1.084595 1.093770 -1.280307 -1.032106 2.600737
 607.000000 -1.150697 -0.315055 -0.968948 -1.312114 2.643268
 608.000000 -1.294463 0.766826 -1.327288 -0.636115 2.643977
 609.000000 -1.187245 0.249843 -1.289546 -0.025654 2.585246
 610.000000 -1.285145 0.495493 -1.017535 -0.959406 2.592495
 611.000000 -1.100053 0.954622 -1.396600 0.627214 3.024272
 612.000000 -1.118834 0.242079 -1.227369 -0.113649 2.640215
 613.000000 -1.463370 0.631645 -1.149636 -1.077276 2.740816
 614.000000 -1.029026 0.687876 -0.963459 -0.120167 2.877440
 615.000000 -1.470481 0.687112 -1.060923 -0.930803 2.515117
 616.000000 -1.369970 0.564621 -1.276654 0.495327 2.067160
 617.000000 -1.579465 0.534894 -1.247056 -1.159643 2.461892
 618.000000 -1.000663 0.142437 -1.345308 -1.255304 2.841449
 619.000000 -1.327036 0.573535 -0.936283 -0.863251 2.751464
 620.000000 -1.191716 0.938545 -1.284770 -1.344505 2.296255
 621.000000 -1.101942 0.705905 0.239209 1.109847 2.375935
 622.000000 -1.187176 0.533205 -1.268420 0.412297 2.826727
 623.000000 -1.351776 0.758359 -1.052554 -1.227812 2.756682
 624.000000 -1.345462 0.733855 -1.031167 -1.218152 2.582449
 625.000000 -1.047598 1.130140 -1.698735 -1.024810 2.462074
 626.000000 -0.963089 0.734700 -0.953417 -0.856974 2.794476
 627.000000 -0.980310 0.992839 -1.203956 -0.974670 2.284465
 628.000000 -1.469082 0.254485 -1.128141 -1.083694 2.892792
 629.000000 -1.163447 0.719307 -1.185637 -0.932853 2.626322
 630.000000 -1.101601 0.718721 -1.316959 -1.264124 2.702328
 631.000000 -1.109787 0.656706 -1.022309 -0.854903 2.843227
 632.000000 -1.263997 0.729545 -1.181602 -1.110205 3.124466
 633.000000 -1.191362 0.462111 -1.245285 -1.053220 3.040692
 634.000000 -1.199474 0.771516 -1.128268 -0.783294 2.570286
 635.000000 -1.304970 0.795781 -1.180905 -1.096681 3.099683
 636.000000 -1.172199 0.631490 -1.395331 -1.097833 2.717213
 637.000000 -1.121514 0.639023 -1.096696 -1.121871 2.991300
 638.000000 -1.251115 0.747299 -1.320064 -1.087137 3.094849
 639.000000 -1.319517 0.505776 -1.143733 -0.883350 2.960149
 640.000000 -1.073188 0.930436 -1.292119 -1.038512 2.808227
 641.000000 -1.415495 0.970123 -1.148438 -1.085243 2.924521
 642.000000 -1.243003 0.545316 -1.164641 -1.106412 -3.132765
 643.000000 -0.929597 0.791670 -1.092250 -1.044177 2.933438
 644.000000 -1.421392 0.894990 -0.994737 -0.824640 2.834800
 645.000000 -1.066758 0.663097 -1.083408 -0.981286 3.023833
 646.000000 -1.196183 0.746474 -1.117659 -1.044761 2.650114
 647.000000 -1.067527 0.687870 -0.970956 -1.333914 2.646553
 648.000000 -1.018292 0.840730 -1.283278 -0.850048 2.878098
 649.000000 -1.179285 -0.306882 -1.137301 -0.758735 2.764960
 650.000000 -1.213144 0.594330 -1.178745 -1.090648 3.097051
 651.000000 -1.293200 0.672855 -1.249047 0.667911 2.981810
 652.000000 -0.959405 0.749891 -1.296263 -0.935791 2.803400
 653.000000 -1.318822 0.498453 -1.043328 -1.205740 2.752311
 654.000000 -1.387902 0.373443 -1.175160 -1.074328 2.815119
 655.000000 -1.188751 -0.124332 -1.623023 -0.681569 2.892301
 656.000000 -1.196737 0.821507 -1.326725 -0.992485 2.609050
 657.000000 -1.175150 0.750904 -0.950071 -0.856927 3.098456
 658.000000 -1.158452 -0.149800 -0.984802 -1.063037 -3.052471
 659.000000 -1.234763 0.184462 -0.667202 -1.038398 2.836028
 660.000000 -1.236455 0.701027 -0.844698 -1.190821 3.089829
 661.000000 -1.319454 0.711828 -1.024018 -0.829795 3.040816
 662.000000 -1.286392 0.592778 -1.261199 1.036723 2.910739
 663.000000 -1.184696 0.620185 -1.225084 -0.308445 3.033174
 664.000000 -1.262445 0.682647 -1.398207 -1.145482 3.107085
 665.000000 -1.344901 0.512679 0.457587 -0.759554 -2.320307
 666.000000 -1.376732 0.385715 -0.996338 -0.970799 -3.045226
 667.000000 -1.211106 0.394212 -1.096281 -0.748988 2.933583
 668.000000 -1.412703 0.507441 -0.967226 -0.996245 3.114566
 669.000000 -1.265342 0.572813 -1.144450 -1.119298 2.948061
 670.000000 -1.536899 0.601132 -1.177961 0.346921 -3.093018
 671.000000 -1.399614 0.809640 -1.047638 -0.940679 2.814231
 672.000000 -1.242569 0.810975 -1.089038 -0.957005 -3.133626
 673.000000 -1.057168 0.704943 0.163277 -1.040562 2.956223
 674.000000 -1.149136 0.491739 -0.959120 -0.884039 3.103018
 675.000000 -1.175735 0.870895 -1.082968 -1.094483 2.719710
 676.000000 -1.208707 0.284863 -1.221394 -1.279634 2.722415
 677.000000 -1.269036 -0.551940 -1.053201 -1.130118 -3.065501
 678.000000 -1.243617 0.726068 -1.055396 -1.131512 -3.049700
 679.000000 -1.170259 0.545366 -1.526858 -1.157021 2.946776
 680.000000 -1.516360 0.704486 -1.148342 -1.112300 2.802640
 681.000000 -1.278111 0.586013 -0.814890 -1.412411 2.867335
 682.000000 -1.272356 0.847396 -1.143456 -1.095488 3.013868
 683.000000 -1.100769 0.763612 -1.198759 -0.965862 2.887998
 684.000000 -1.134899 0.826901 -1.130855 -1.034211 3.009172
 685.000000 -1.301770 0.542576 -1.302730 0.098714 -3.006787
 686.000000 -1.314804 0.428609 -0.975676 -1.105424 2.748274
 687.000000 -1.504952 0.651078 -1.055726 -1.019660 2.971149
 688.000000 -1.212706 -0.925128 -1.078462 -0.776967 3.096755
 689.000000 -1.574078 0.345597 -1.513503 -0.374835 3.023857
 690.000000 -1.253556 0.756508 -0.964596 -1.086425 2.895138
 691.000000 -1.443606 0.621288 -0.881790 0.060786 2.935012
 692.000000 -1.153165 0.741247 -0.898977 -0.153876 3.040818
 693.000000 -1.320392 0.644254 -1.131519 0.060170 2.765689
 694.000000 -1.258445 0.643621 -1.289489 0.137986 3.090505
 695.000000 -1.085119 0.530482 -1.314115 -0.268183 3.045133
 696.000000 -1.327058 0.463478 -1.113760 0.273138 2.866891
 697.000000 -1.228552 0.430053 -1.031825 -1.111409 2.808656
 698.000000 -1.358062 0.801900 -1.173763 -0.214909 2.957494
 699.000000 -1.195106 0.751315 -0.920426 0.268127 2.871450
 700.000000 -1.347603 0.502098 -1.132950 -1.075705 2.656522
 701.000000 -1.414815 0.391794 -1.083548 -1.087197 2.940902
 702.000000 -1.336821 0.694259 -1.432055 -1.171816 2.658593
 703.000000 -1.099418 0.746220 -1.274508 -1.006887 2.879469
 704.000000 -1.247268 0.998901 -1.137016 -1.151023 3.114816
 705.000000 -1.325728 0.558975 -1.268193 -1.039070 2.766931
 706.000000 -1.499956 0.424100 -1.099834 0.822770 2.777205
 707.000000 -1.259695 0.568629 -1.331387 -1.143445 2.842883
 708.000000 -0.996495 1.136918 -1.238566 -1.100238 2.748271
 709.000000 -1.360765 0.402378 -0.988475 -0.856226 2.436200
 710.000000 -1.286207 0.691838 -1.058321 -1.101559 2.565878
 711.000000 -1.428615 -0.689194 -1.293877 -1.055873 3.041720
 712.000000 -1.276223 0.416966 -1.139212 -1.087930 2.977550
 713.000000 -0.999404 0.894522 -0.890936 -1.092822 2.933149
 714.000000 -1.016954 0.563549 -1.362792 -1.212969 2.707369
 715.000000 -1.425578 0.749870 -1.248307 -1.272238 2.889315
 716.000000 -1.251782 0.564465 -1.290856 -0.631321 2.906963
 717.000000 -1.318395 0.686235 -1.213757 -0.921516 2.864882
 718.000000 -1.394631 0.643461 -1.114916 -0.909439 2.904131
 719.000000 -1.189395 0.827917 -0.937901 -0.849189 2.702548
 720.000000 -1.396286 0.427900 0.556391 -0.821351 2.760847
 721.000000 -1.205004 0.809734 -1.269521 -1.062963 2.425553
 722.000000 -1.102380 0.786338 -1.313589 -1.079091 2.750032
 723.000000 -1.225981 0.477712 0.517530 -1.074625 2.460870
 724.000000 -1.107039 0.819468 -1.148530 -1.197002 2.787557
 725.000000 -1.314861 0.726465 -1.058085 -1.185600 3.033510
 726.000000 -1.148324 0.424606 -1.222345 -1.033780 2.707045
 727.000000 -1.165917 0.472103 0.344105 -1.117704 2.913244
 728.000000 -1.448069 0.895386 -1.198412 -1.089216 3.028912
 729.000000 -1.128875 -0.603952 -1.269118 -0.778270 2.809482
 730.000000 -1.078661 -0.580411 -1.221939 -1.240004 3.126529
 731.000000 -1.472024 0.652927 -1.287967 -1.182512 2.695183
 732.000000 -1.130972 -0.269357 -1.022068 -1.101924 2.368393
 733.000000 -1.247824 0.728693 -1.251100 -0.914306 2.651620
 734.000000 -1.460595 0.897889 -1.351228 -1.166270 2.865704
 735.000000 -1.217954 0.764676 -1.022764 -1.300424 2.907068
 736.000000 -1.530699 0.375501 -1.028957 -0.972130 2.588281
 737.000000 -1.445386 -0.507663 -1.455483 -1.035969 2.535606
 738.000000 -1.391169 0.628915 -1.111313 -0.250028 2.873878
 739.000000 -1.183741 0.416459 -0.989491 -1.228821 2.511040
 740.000000 -1.194190 0.570612 -1.007657 -1.024441 2.950877
 741.000000 -1.492926 0.598617 -1.220410 -1.248789 2.572336
 742.000000 -1.475402 -0.692196 -1.227807 -0.920091 3.074982
 743.000000 -1.251006 -0.867196 -1.134359 -1.181929 2.680479
 744.000000 -1.314476 -0.475037 -0.953388 -1.052880 2.693515
 745.000000 -1.582883 -0.448013 -1.641362 -1.018269 2.857668
 746.000000 -1.602261 0.429475 -1.067336 -0.939140 2.979324
 747.000000 -1.553129 1.084289 -1.312549 -1.070500 2.895568
 748.000000 -1.235326 0.739529 -1.138118 -1.305443 2.935837
 749.000000 -1.467872 0.604011 -1.286085 -0.800299 2.789465
 750.000000 -1.258062 0.652501 -0.979734 -0.948365 2.799295
 751.000000 -1.347753 0.488249 -1.130257 -0.860695 -3.136489
 752.000000 -1.253527 0.783892 -1.047353 -1.062223 3.123487
 753.000000 -1.551647 0.560143 -1.256494 -0.883540 2.878919
 754.000000 -1.231779 0.668734 -1.316091 -1.067071 3.042404
 755.000000 -1.572047 0.831107 -1.353087 -1.036917 2.790374
 756.000000 -1.365525 0.902482 -1.308559 -0.985778 2.698259
 757.000000 -1.165131 0.339770 -1.540659 -0.295283 3.093123
 758.000000 -1.213038 0.673083 -1.292108 -0.836243 -2.976466
 759.000000 -1.230010 0.345373 -1.102081 -0.969392 2.549170
 760.000000 -1.208141 0.964177 0.080517 -0.991062 2.484138
 761.000000 -1.521984 0.531056 -1.059923 -1.195894 3.112968
 762.000000 -1.126091 0.591712 -1.366030 -1.219538 2.721718
 763.000000 -1.274409 0.832136 -1.343406 -1.115842 3.102316
 764.000000 -1.130890 0.441003 -1.218653 -1.015998 2.535877
 765.000000 -1.434999 0.678465 -1.177934 -1.111069 3.088420
 766.000000 -1.179767 0.781033 -1.119687 -0.948934 2.743732
 767.000000 -1.448657 0.393472 -0.915219 -0.901469 2.984262
 768.000000 -1.396967 0.365672 -1.095159 -0.609545 2.912033
 769.000000 -1.179005 0.423526 -1.319804 -0.962256 2.891331
 770.000000 -1.239859 0.796783 -1.242728 -1.221446 2.796822
 771.000000 -0.997550 0.819342 -0.905564 0.828708 2.729925
 772.000000 -1.360006 0.534761 -1.057167 -0.901375 2.666585
 773.000000 -1.176179 0.635317 -1.125135 -0.773754 2.858866
 774.000000 -1.357975 0.783220 -1.582036 -1.260557 2.806819
 775.000000 -1.360860 0.927392 -1.058305 -1.021112 2.880198
 776.000000 -1.103135 0.673918 -1.189165 -1.127317 2.984325
 777.000000 -1.227915 0.687613 -0.081579 -1.079913 2.783368
 778.000000 -1.363236 0.541886 -1.271917 -0.924949 2.848930
 779.000000 -1.256761 0.709458 -1.376862 -0.887404 -3.037840
 780.000000 -1.408492 0.380389 -0.946209 -1.049883 -3.089777
 781.000000 -1.405762 0.914113 -1.137109 -1.048384 3.123311
 782.000000 -1.274971 0.754656 -1.253007 -0.973983 3.053526
 783.000000 -1.302558 0.525165 -1.139811 -1.035185 2.956159
 784.000000 -1.379801 0.936479 -1.138963 -1.184888 2.968011
 785.000000 -1.217479 0.594470 -1.200108 -1.153268 -3.136022
 786.000000 -1.427198 0.510586 -1.206016 -0.843871 2.833160
 787.000000 -0.971897 0.684421 -1.034690 -0.958616 3.121100
 788.000000 -1.308627 0.801405 -1.161895 -1.225224 -3.129200
 789.000000 -1.449177 0.497388 -1.010431 -0.950931 2.572023
 790.000000 -1.479265 0.817536 -1.375374 -0.982137 -3.119540
 791.000000 -1.233008 0.534372 -1.102241 -0.934008 2.925506
 792.000000 -1.249470 0.812711 -1.304978 1.303191 2.863868
 793.000000 -1.132382 0.911309 -1.526834 -0.903190 3.030252
 794.000000 -1.166617 0.802963 0.459336 -1.047491 2.880918
 795.000000 -1.536864 0.724229 -1.341994 -1.079619 2.993267
 796.000000 -1.538418 0.458092 -1.032969 -0.804618 2.881567
 797.000000 -1.164062 0.879931 -1.239856 -0.461798 2.915212
 798.000000 -1.574695 0.663259 -1.128183 -1.210661 2.998165
 799.000000 -1.070898 0.955275 -0.895950 -0.845555 2.800273
 800.000000 -1.169116 0.683094 -1.394219 -1.282020 2.938826
 801.000000 -1.420724 0.567952 -1.246695 -1.142393 -3.137413
 802.000000 -1.356396 0.478432 -1.144961 -1.101810 2.993896
 803.000000 -1.480579 -0.494121 -1.207662 -1.420258 3.043036
 804.000000 -1.225325 -0.540224 -1.375032 -0.897104 -3.122107
 805.000000 -1.054971 0.873488 -1.112874 -0.465490 -2.852219
 806.000000 -1.368192 0.565365 -1.104932 -1.257881 3.043807
 807.000000 -1.357557 0.864187 -0.968176 -1.109488 2.775141
 808.000000 -1.441482 0.694329 0.345013 -0.787573 -2.924281
 809.000000 -1.333206 -0.847595 -1.403263 -0.800736 2.738491
 810.000000 -1.401997 -0.587765 -1.241914 -0.970452 3.009709
 811.000000 -1.292183 -0.763619 -1.308601 -1.101347 2.830053
 812.000000 -1.026233 -0.673332 -1.067306 -1.026093 2.813804
 813.000000 -1.407232 -0.521791 -1.301561 -1.008790 2.782194
 814.000000 -1.093847 -0.763350 -1.111371 -1.034071 2.716942
 815.000000 -1.275486 0.453547 -0.840198 0.553087 2.944890
 816.000000 -1.426646 0.298224 -1.356118 -1.126472 2.827741
 817.000000 -1.552534 0.723133 -1.113106 -0.964436 2.882203
 818.000000 -1.210810 0.600728 -0.881457 -1.041195 2.895006
 819.000000 -1.246149 0.593228 -1.309597 -0.973255 2.817088
 820.000000 -1.434478 0.678476 -0.977656 -0.967878 2.293444
 821.000000 -1.375738 0.839563 -1.174531 -0.592633 2.724824
 822.000000 -1.486326 0.861081 -1.033207 0.568122 2.936158
 823.000000 -1.331330 0.403336 -1.139420 -0.935554 2.859056
 824.000000 -1.286966 0.190246 -1.083547 -1.114320 3.132928
 825.000000 -1.321742 -0.935898 -1.474270 -1.098505 -2.908450
 826.000000 -1.327008 -0.583946 -1.177502 -0.936102 2.899984
 827.000000 -1.288156 0.673932 -1.031754 -0.087197 2.982462
 828.000000 -1.156614 -0.744869 -1.238776 0.093444 2.831912
 829.000000 -1.135718 0.475002 -1.047026 -0.940699 2.931770
 830.000000 -1.318537 -0.529755 -1.095130 -0.629216 2.758910
 831.000000 -1.338193 -0.846835 -1.249979 -1.016090 2.790398
 832.000000 -1.468147 0.830801 -1.180502 -1.045620 -2.929756
 833.000000 -1.100699 0.844765 -1.088489 -0.816198 3.006374
 834.000000 -1.273303 0.692737 -1.191567 -0.081616 2.633096
 835.000000 -1.234263 -0.529290 0.433719 -0.826631 -3.136247
 836.000000 -1.301780 -0.450553 -1.189145 -0.968759 3.046274
 837.000000 -1.071110 0.822728 -0.964022 0.467147 2.967346
 838.000000 -1.489010 0.716843 -1.265205 -1.001833 -2.901425
 839.000000 -1.289768 0.638474 -1.008405 -0.572907 3.057446
 840.000000 -1.310070 0.661167 -0.944242 -1.322046 -3.033967
 841.000000 -1.269157 0.568574 -1.131963 0.887053 2.747280
 842.000000 -1.069478 0.462513 -1.053462 -0.960635 2.715760
 843.000000 -1.261857 0.631145 -1.249906 -0.194112 2.872331
 844.000000 -1.016692 0.800296 -0.922987 -1.131041 -2.882320
 845.000000 -1.189711 0.882903 -1.441987 -1.120706 -3.110147
 846.000000 -0.982448 1.016645 -1.174830 -0.946905 2.993487
 847.000000 -1.138925 0.866697 -0.925544 -1.176874 2.917908
 848.000000 -1.274404 0.497812 -1.198006 -0.763821 -2.992504
 849.000000 -1.162176 0.892588 -1.354416 -1.146282 3.065986
 850.000000 -0.943752 0.789407 -0.963190 -1.098566 2.884968
 851.000000 -1.409478 0.626918 -1.033602 -0.289262 -2.998790
 852.000000 -1.650502 0.364634 -1.216584 -1.027223 3.089282
 853.000000 -1.304361 0.408805 -1.065614 -1.087162 2.921084
 854.000000 -1.187516 0.549742 -1.124755 -1.192613 2.624074
 855.000000 -1.214167 0.732792 -1.454471 -0.876072 3.103534
 856.000000 -1.145785 0.660674 -1.237385 -1.036003 -3.085281
 857.000000 -1.429806 0.491829 -1.131710 -0.833453 2.774209
 858.000000 -1.206043 0.696178 -1.210172 -1.203374 3.061683
 859.000000 -1.468758 0.366990 -1.035391 -1.069074 2.465699
 860.000000 -1.229179 0.784261 -0.852559 -1.274714 2.704986
 861.000000 -1.313347 -0.684692 -0.978650 -0.971745 2.917222
 862.000000 -1.299773 0.476362 -1.089391 0.273920 -3.135345
 863.000000 -1.253035 0.738620 -1.208056 -0.831982 3.024069
 864.000000 -1.358845 0.471969 -0.862528 -0.844788 2.719488
 865.000000 -1.202044 0.880073 -1.392595 -1.162931 2.902411
 866.000000 -1.203887 0.686973 -1.126454 -0.923802 2.644725
 867.000000 -1.228893 0.474643 -1.033499 -1.023105 2.868673
 868.000000 -1.031646 0.494769 -1.298881 -1.172491 2.886782
 869.000000 -1.307446 -0.736312 -0.958023 -1.215249 2.876972
 870.000000 -1.100336 0.625769 -1.042177 -1.070410 3.016101
 871.000000 -1.125474 0.670704 -1.170818 -1.109724 2.891823
 872.000000 -1.521163 0.864750 -1.061662 -1.075704 2.572146
 873.000000 -1.370217 0.707127 -1.179636 -0.926594 2.699926
 874.000000 -1.246136 0.525676 -1.234488 -0.945604 2.758845
 875.000000 -1.374461 0.488421 -1.255423 -1.160275 2.768724
 876.000000 -1.092313 -0.719776 -1.222792 -1.125778 2.783462
 877.000000 -1.223194 0.498808 -1.232442 -0.654878 2.839821
 878.000000 -1.390115 0.633573 -1.285962 -0.943334 2.676691
 879.000000 -1.232076 -0.458564 -2.937752 -1.253822 2.999484
 880.000000 -1.377544 0.527763 -1.194359 -0.841861 2.810258
 881.000000 -1.506683 -0.413375 -1.037357 -1.097292 2.879630
 882.000000 -1.253910 0.990676 -1.183798 -1.149328 1.120252
 883.000000 -1.265779 -0.625168 -0.935748 -0.835003 2.765392
 884.000000 -1.220195 0.470284 -1.017251 -0.875959 2.668189
 885.000000 -1.380511 0.746334 -1.184451 -0.966661 1.239333
 886.000000 -0.914408 0.191614 -0.405885 -1.101706 2.721356
 887.000000 -1.116665 0.392539 -1.135743 -1.234087 2.641824
 888.000000 -1.339976 0.791315 -1.122228 -0.749891 2.867205
 889.000000 -1.704245 0.802327 -1.061465 -0.946365 2.701596
 890.000000 -1.072001 0.741531 -1.397997 -0.797712 2.632351
 891.000000 -1.402015 -0.620468 -1.201593 -1.164725 2.625128
 892.000000 -1.023976 0.780864 -1.185456 -1.157517 2.614750
 893.000000 -1.200258 0.559910 -1.226191 -1.171914 1.027988
 894.000000 -1.060520 0.710024 -1.227319 -0.944263 2.765194
 895.000000 -1.054745 0.454060 -1.080074 0.375054 3.079582
 896.000000 -1.389626 0.416505 -1.001534 -1.087637 2.914896
 897.000000 -1.313898 0.597802 0.198705 -1.071948 2.930161
 898.000000 -1.207965 0.554859 -1.241676 -0.866205 2.618763
 899.000000 -1.274188 0.350687 -1.111745 -0.155964 2.683626
 900.000000 -1.290010 0.365661 -1.197996 -1.049934 2.612814
 901.000000 -1.344298 0.506179 -1.144457 -1.022855 2.789893
 902.000000 -1.171094 0.670139 -1.301014 -0.310889 2.911978
 903.000000 -1.581292 0.477859 -1.122719 0.311412 2.675942
 904.000000 -1.195218 -0.847697 -1.485434 -1.008427 2.433536
 905.000000 -1.115216 -0.685302 -1.207056 -0.681189 2.463005
 906.000000 -1.510417 0.472536 -1.118933 -1.068664 2.954279
 907.000000 -1.138133 0.968615 -1.252094 -1.203049 2.748105
 908.000000 -1.124378 0.527059 -1.067850 -0.954276 3.128133
 909.000000 -1.070024 0.824707 -1.169773 -1.041566 2.910673
 910.000000 -1.321742 0.389803 -1.053001 -1.019631 3.012794
 911.000000 -1.142744 0.752124 -1.338578 -1.159964 3.119451
 912.000000 -1.242353 0.725039 -1.221320 -1.229015 3.116317
 913.000000 -1.109756 -0.622516 -1.100670 -0.874118 2.922074
 914.000000 -1.364989 -0.611123 -1.191312 1.689481 2.714599
 915.000000 -1.147428 -0.399805 -1.099828 -1.265605 3.110919
 916.000000 -1.381241 -0.808679 -1.313446 -0.281372 2.919450
 917.000000 -1.041926 -0.656498 -1.307956 -1.209585 2.881243
 918.000000 -1.304682 0.577253 -1.068705 0.461301 3.005403
 919.000000 -1.330606 -0.641374 -0.897480 -1.341331 2.617735
 920.000000 -1.166327 -0.504590 -1.137383 -0.994547 3.009620
 921.000000 -1.339525 -0.616780 -1.058613 -0.759621 2.963792
 922.000000 -1.101635 -0.733001 -1.066716 -1.007350 2.801264
 923.000000 -1.385345 -0.654236 -1.416764 -0.393571 2.970156
 924.000000 -0.940795 -0.582570 -1.164920 -0.214533 3.061678
 925.000000 -1.317018 -0.672119 -1.393201 -1.072248 -2.904811
 926.000000 -1.686424 -0.466253 -1.130535 -1.285479 3.024237
 927.000000 -1.271331 0.735344 -1.373046 -0.874941 2.807175
 928.000000 -1.257516 -0.661150 -1.162762 -0.793244 2.689597
 929.000000 -1.127877 0.583277 -1.145864 -1.338837 2.885072
 930.000000 -1.419584 -0.682933 -1.291557 0.678672 2.961541
 931.000000 -0.905874 0.089438 -0.056210 -1.029527 2.984761
 932.000000 -1.125111 -0.956986 -1.192407 -0.860379 3.040377
 933.000000 -1.098715 -0.605347 -1.129259 -0.796447 3.119043
 934.000000 -1.101885 -0.662058 -1.464242 -1.071708 -3.076288
 935.000000 -1.179329 -0.417730 -0.899801 0.315907 2.749288
 936.000000 -1.327517 0.410702 -1.214189 1.052291 2.996101
 937.000000 -1.180169 0.666669 -1.455813 0.553421 3.043692
 938.000000 -1.197088 0.775007 -0.833937 -1.123025 3.128286
 939.000000 -1.093293 0.378833 -1.132350 -1.113341 2.921144
 940.000000 -1.564148 0.672829 -1.143894 -1.189521 2.835808
 941.000000 -0.933698 -0.475550 -1.019703 -1.252758 2.809195
 942.000000 -1.446868 0.753945 0.162979 -1.047686 2.969643
 943.000000 -1.359507 0.572718 -1.087397 -0.915229 2.847300
 944.000000 -1.265331 0.408338 -0.909713 -1.086888 1.015375
 945.000000 -1.288705 0.202326 -1.111884 -1.349512 2.731565
 946.000000 -1.093366 -0.791581 -1.189148 -1.042154 2.997120
 947.000000 -1.166041 -0.576318 -1.127779 -1.119345 2.914780
 948.000000 -1.375679 0.565591 -1.156073 -1.067095 2.536418
 949.000000 -1.228667 -0.654788 -1.367799 -1.081919 3.082637
 950.000000 -1.325926 0.037088 -1.108005 -1.386974 2.717957
 951.000000 -1.531710 -0.747094 -1.186833 -0.199772 2.780352
 952.000000 -1.240745 0.789328 -1.154639 -0.875107 2.753187
 953.000000 -1.038423 -0.637471 -1.269648 -1.084454 2.916164
 954.000000 -1.094976 -0.772221 -1.332731 -0.911615 2.776904
 955.000000 -1.212868 -0.750711 -1.152731 -1.225937 -2.851667
 956.000000 -1.523441 -0.674499 -1.084964 -0.806276 2.966748
 957.000000 -1.286346 -0.611028 -1.166911 -1.029237 3.035714
 958.000000 -1.029343 0.535714 -0.971263 -1.110460 -3.082670
 959.000000 -1.191773 -0.875713 -1.344817 -0.845362 3.016093
 960.000000 -1.194719 -0.612664 -1.114543 -1.040253 2.887272
 961.000000 -1.040281 -0.619392 -1.314020 -1.034558 2.937984
 962.000000 -1.447289 -0.481967 -0.907993 -1.097201 2.973230
 963.000000 -1.465210 -0.699886 -1.390105 -1.031622 -3.088637
 964.000000 -1.195231 -0.702936 -1.403076 -0.843192 2.775172
 965.000000 -1.352559 -0.653709 -1.137218 -1.060744 -3.084360
 966.000000 -1.262680 0.917074 -1.324374 -0.720006 -3.117236
 967.000000 -1.459545 -0.532033 -1.364276 -1.157004 2.968763
 968.000000 -1.418157 -0.665941 -0.973340 -1.185352 3.080221
 969.000000 -1.005645 -0.762288 -1.183331 -1.077290 3.075619
 970.000000 -1.202753 -0.845085 -1.022986 -0.398648 2.819297
 971.000000 -0.993698 -0.530537 -1.242315 -0.538206 3.090721
 972.000000 -1.142176 -0.476297 -1.364534 -1.157048 3.122273
 973.000000 -1.284978 0.869297 -1.373854 -1.047882 2.871394
 974.000000 -1.352655 -0.737057 -1.070536 -1.094370 2.750476
 975.000000 -1.474741 -0.587447 -1.139358 -0.893953 2.680805
 976.000000 -1.269707 0.614392 -0.929079 -1.170200 2.812939
 977.000000 -1.358079 -0.576239 -1.218803 -1.238477 2.968705
 978.000000 -1.097405 0.553167 -1.307543 -0.994673 -3.001998
 979.000000 -1.166386 -0.778731 -1.068384 -0.765102 3.124447
 980.000000 -1.470844 0.686751 -1.155429 -0.890639 3.006533
 981.000000 -1.203436 -0.735072 -1.227432 -0.861561 -3.108869
 982.000000 -1.215863 -0.683445 -1.253208 -1.101203 3.072086
 983.000000 -1.138488 -0.754204 -1.177330 -1.192568 2.946932
 984.000000 -1.313572 0.755354 -1.385621 -0.892333 2.777000
 985.000000 -1.286077 0.840794 -1.198786 -0.830514 2.825932
 986.000000 -1.233287 0.721877 -1.275885 -1.042785 2.856693
 987.000000 -1.500499 0.492571 -1.210860 -1.111752 -2.973618
 988.000000 -1.394535 0.547078 -0.845668 -0.167896 3.126609
 989.000000 -1.194945 0.580008 -1.111844 -1.168359 2.533897
 990.000000 -1.210976 0.411059 -1.331071 0.699564 2.864320
 991.000000 -1.137929 -0.565759 -1.164045 -1.040760 2.821338
 992.000000 -1.477055 0.296932 -1.236294 -1.249803 2.971280
 993.000000 -1.326205 0.641438 -0.871019 -1.167630 3.119575
 994.000000 -1.231844 0.473045 -0.714213 -1.107064 2.894883
 995.000000 -1.040484 0.607867 -1.258025 -1.053388 2.815010
 996.000000 -1.056593 0.513008 -1.545024 -0.534132 -3.131813
 997.000000 -1.438182 0.612313 -1.219265 -0.523801 2.929233
 998.000000 -0.894961 0.961989 -0.986567 -0.792914 -2.964851
 999.000000 -1.024311 0.522482 2.836509 -0.997273 2.872629
 1000.000000 -1.657801 0.544199 -3.020208 -0.551521 2.983207
