#! FIELDS time phi psi
#! SET min_phi -pi
#! SET max_phi pi
#! SET min_psi -pi
#! SET max_psi pi
 0.000000 -2.005311 0.959405
 1.000000 -2.009941 2.117420
 2.000000 -2.142378 1.962808
 3.000000 -1.289730 2.118232
 4.000000 -1.423123 2.535049
 5.000000 -1.065571 2.600523
 6.000000 -2.947372 3.033840
 7.000000 -2.637640 2.744809
 8.000000 -2.473083 2.341549
 9.000000 -2.282779 2.711469
 10.000000 -2.465162 3.002661
 11.000000 -1.555881 3.019941
 12.000000 -2.534142 2.508496
 13.000000 -1.446987 2.267624
 14.000000 -1.118852 2.574751
 15.000000 -0.713645 2.350357
 16.000000 -1.218985 2.945917
 17.000000 -1.038844 2.506014
 18.000000 -1.575231 2.582681
 19.000000 -2.140195 2.964868
 20.000000 -2.538663 2.259977
 21.000000 -1.471870 2.617015
 22.000000 -1.389875 2.855654
 23.000000 -1.130145 2.316592
 24.000000 -1.333107 2.893218
 25.000000 -1.501507 2.897901
 26.000000 -1.382477 2.186718
 27.000000 -1.129867 2.486056
 28.000000 -1.151249 2.316075
 29.000000 -1.098084 2.552130
 30.000000 -1.011591 2.630991
 31.000000 -1.077087 2.480794
 32.000000 -0.908055 2.212625
 33.000000 -1.216597 2.332937
 34.000000 -1.483151 2.552907
 35.000000 -1.030293 2.653703
 36.000000 -1.200758 2.550103
 37.000000 -1.172752 3.008964
 38.000000 -1.639406 2.597033
 39.000000 -1.115892 2.491302
 40.000000 -1.552764 2.371519
 41.000000 -1.242054 2.490735
 42.000000 -1.102343 2.655935
 43.000000 -1.546007 2.863731
 44.000000 -0.568409 1.917314
 45.000000 -1.730890 2.298637
 46.000000 -0.532047 2.328312
 47.000000 -2.011951 2.464981
 48.000000 -0.979249 2.593781
 49.000000 -1.037507 2.549786
 50.000000 -1.325442 3.116743
 51.000000 -1.676391 2.825244
 52.000000 -1.276406 2.674180
 53.000000 -1.222086 2.342937
 54.000000 -1.739006 2.703369
 55.000000 -0.940205 2.502041
 56.000000 -0.839281 2.307855
 57.000000 -1.617416 2.789733
 58.000000 -1.360821 2.718541
 59.000000 -1.222126 2.695304
 60.000000 -1.069248 2.564593
 61.000000 -1.184508 2.357794
 62.000000 -0.904157 2.540548
 63.000000 -1.013062 2.428578
 64.000000 -0.775816 2.422105
 65.000000 -0.924542 2.332021
 66.000000 -1.283690 2.588891
 67.000000 -0.999415 2.055882
 68.000000 -1.145968 2.454860
 69.000000 -1.015062 2.443132
 70.000000 -1.114215 2.637069
 71.000000 -1.253240 2.360150
 72.000000 -1.031141 2.427093
 73.000000 -1.333497 2.076101
 74.000000 -1.055625 2.567562
 75.000000 -0.344735 2.454548
 76.000000 -1.470840 3.009799
 77.000000 -0.874352 2.480812
 78.000000 -1.023018 2.452057
 79.000000 -1.331751 2.403052
 80.000000 -0.877627 2.184528
 81.000000 -0.834762 2.543997
 82.000000 -1.207918 2.397069
 83.000000 -0.935992 2.458459
 84.000000 -0.961669 2.499900
 85.000000 -1.066388 2.344997
 86.000000 -1.457167 1.971890
 87.000000 -0.898647 2.576611
 88.000000 -1.152251 2.748526
 89.000000 -0.936512 2.740436
 90.000000 -1.781722 2.567921
 91.000000 -1.018930 2.563904
 92.000000 -1.118084 1.928316
 93.000000 -1.818567 2.211348
 94.000000 -2.805321 2.862379
 95.000000 -2.547598 2.043976
 96.000000 -1.704586 1.998546
 97.000000 -1.135466 2.667177
 98.000000 -2.173270 2.978516
 99.000000 -2.235026 2.077574
 100.000000 -1.912623 2.063502
 101.000000 -0.927885 2.331707
 102.000000 -1.016884 2.252657
 103.000000 -0.985561 2.766863
 104.000000 -1.168430 2.645133
 105.000000 -1.266752 2.594138
 106.000000 -1.554349 2.160851
 107.000000 -0.829439 2.103367
 108.000000 -2.201658 2.440091
 109.000000 2.930221 2.042384
 110.000000 2.836971 2.733685
 111.000000 -2.590781 2.377495
 112.000000 -2.199966 2.674942
 113.000000 -2.434032 2.860738
 114.000000 -2.677727 2.744249
 115.000000 -2.156495 2.437330
 116.000000 -2.478726 2.549855
 117.000000 -1.236773 2.605498
 118.000000 -1.408540 2.746179
 119.000000 -1.155589 2.779245
 120.000000 -0.939847 2.356958
 121.000000 -1.010296 2.536562
 122.000000 -2.643222 2.894233
 123.000000 -2.004834 2.977422
 124.000000 -1.120991 2.398271
 125.000000 -1.933786 2.427952
 126.000000 -0.905313 2.659629
 127.000000 -1.178891 2.577833
 128.000000 -1.197815 1.966961
 129.000000 -1.248130 2.568758
 130.000000 -0.960225 2.438844
 131.000000 -1.151057 2.600803
 132.000000 -2.673701 2.752091
 133.000000 -1.107377 2.628878
 134.000000 -1.051991 2.263047
 135.000000 -1.508425 2.671167
 136.000000 -1.298036 2.874341
 137.000000 -0.810374 2.529407
 138.000000 -1.242304 2.734365
 139.000000 -2.313918 2.658296
 140.000000 -2.308683 2.152125
 141.000000 -2.296660 2.257693
 142.000000 -2.668502 2.577935
 143.000000 -1.897160 2.379905
 144.000000 -1.152722 1.953065
 145.000000 -1.290127 2.156823
 146.000000 -0.580713 2.437894
 147.000000 -1.103053 2.844226
 148.000000 -1.220629 2.800819
 149.000000 -1.163926 2.443915
 150.000000 -1.467217 2.338195
 151.000000 -1.259878 2.766404
 152.000000 -1.271390 2.513836
 153.000000 -1.726124 2.812427
 154.000000 -2.107552 2.377656
 155.000000 -2.647907 3.100177
 156.000000 -2.380031 2.747268
 157.000000 -2.444439 2.960015
 158.000000 -2.486544 2.750699
 159.000000 -2.368426 2.907690
 160.000000 -2.640107 2.475777
 161.000000 -2.050745 2.176219
 162.000000 -1.714152 1.868896
 163.000000 -2.377387 2.884323
 164.000000 -1.128988 2.409874
 165.000000 -1.727343 2.861047
 166.000000 -1.149638 2.308115
 167.000000 -1.202579 2.580087
 168.000000 -1.168795 2.348375
 169.000000 -1.121515 2.448301
 170.000000 -0.975718 2.376270
 171.000000 -1.077579 2.543347
 172.000000 -1.084870 2.390533
 173.000000 -1.189595 2.518907
 174.000000 -1.649192 2.485022
 175.000000 -1.183987 2.696936
 176.000000 -1.216932 2.482520
 177.000000 -1.069831 2.299171
 178.000000 -1.118167 2.530994
 179.000000 -0.788853 2.399104
 180.000000 -1.491442 2.163445
 181.000000 -1.107112 2.666715
 182.000000 -1.095135 2.365860
 183.000000 -1.370468 2.801801
 184.000000 -1.782859 2.113574
 185.000000 -1.018678 2.713799
 186.000000 -1.092329 2.900665
 187.000000 -1.056591 2.627438
 188.000000 -0.936712 2.840396
 189.000000 -0.637231 2.667379
 190.000000 -2.078801 2.320430
 191.000000 -1.044404 2.561376
 192.000000 -1.511431 2.756892
 193.000000 -2.052291 2.711059
 194.000000 -1.065493 2.529523
 195.000000 -0.826284 2.629538
 196.000000 -1.389102 2.521273
 197.000000 -0.960284 -2.648739
 198.000000 -1.513667 2.083246
 199.000000 -1.288798 2.660915
 200.000000 -1.287041 2.647039
 201.000000 -1.132794 2.865775
 202.000000 -1.170457 2.697590
 203.000000 -1.069325 2.540859
 204.000000 -0.988239 2.435892
 205.000000 -0.996845 2.372801
 206.000000 -1.313993 2.254937
 207.000000 -1.651389 2.280963
 208.000000 -2.521487 2.678984
 209.000000 -2.451364 2.858136
 210.000000 -2.624722 2.526862
 211.000000 -2.384837 2.880585
 212.000000 -2.585192 -3.100221
 213.000000 -3.076041 2.000138
 214.000000 -2.681057 2.464677
 215.000000 -2.062356 2.278425
 216.000000 -0.898313 2.583103
 217.000000 -1.731185 2.256608
 218.000000 -1.129863 2.554666
 219.000000 -0.995116 2.492531
 220.000000 -0.946391 2.631885
 221.000000 -1.100097 2.533106
 222.000000 -0.799129 2.220907
 223.000000 -0.973108 2.717332
 224.000000 -1.577155 2.970539
 225.000000 -1.135871 2.199265
 226.000000 -0.997545 2.612061
 227.000000 -1.479842 2.734794
 228.000000 -1.177545 2.173829
 229.000000 -0.536157 2.694099
 230.000000 -1.126309 2.636324
 231.000000 -2.254334 2.619930
 232.000000 -2.827259 2.872671
 233.000000 -2.539887 2.724441
 234.000000 -2.911301 2.955521
 235.000000 -2.414323 2.587379
 236.000000 -2.670322 2.620236
 237.000000 -2.563708 2.961937
 238.000000 -1.852092 2.454973
 239.000000 -1.080217 2.540821
 240.000000 -0.998097 2.472662
 241.000000 -2.560860 2.590424
 242.000000 -1.779463 2.732631
 243.000000 -2.575185 2.385918
 244.000000 -1.936911 2.096579
 245.000000 -2.359325 2.229356
 246.000000 -2.820704 3.069546
 247.000000 -2.469532 2.779385
 248.000000 -0.962759 2.575491
 249.000000 -0.965833 2.497490
 250.000000 -1.234423 2.801497
 251.000000 -1.302727 2.657371
 252.000000 -1.205022 2.733019
 253.000000 -0.950177 2.407038
 254.000000 -1.220862 2.644937
 255.000000 -1.147300 2.489254
 256.000000 -0.874444 2.338118
 257.000000 -0.729251 2.272642
 258.000000 -1.223158 2.656574
 259.000000 -1.164799 2.464784
 260.000000 -0.906711 2.309093
 261.000000 -1.615223 2.891729
 262.000000 -1.113239 2.377274
 263.000000 -1.122687 2.487269
 264.000000 -1.152828 2.640508
 265.000000 -1.362255 2.634636
 266.000000 -0.920101 2.513573
 267.000000 -0.978587 2.553909
 268.000000 -1.224157 2.572467
 269.000000 -2.202103 2.840338
 270.000000 -1.897427 2.321352
 271.000000 -2.502449 2.334891
 272.000000 -1.943204 2.162656
 273.000000 -1.038206 2.294203
 274.000000 -1.417669 2.400688
 275.000000 -1.382859 2.603196
 276.000000 -1.386325 3.023238
 277.000000 -0.954678 2.714600
 278.000000 -1.433309 2.017016
 279.000000 -0.991457 2.481774
 280.000000 -1.261923 2.397704
 281.000000 -2.227290 2.156174
 282.000000 -2.352331 0.739039
 283.000000 -2.042173 0.236414
 284.000000 -2.013969 0.343674
 285.000000 -1.394429 -0.213777
 286.000000 -1.950293 -0.215243
 287.000000 -1.267347 -0.768160
 288.000000 -1.025219 -0.871208
 289.000000 -0.850150 -0.957527
 290.000000 -1.202367 -0.815466
 291.000000 -1.649046 0.104827
 292.000000 -0.974944 -0.786329
 293.000000 -1.420901 -0.131505
 294.000000 -2.023705 0.185694
 295.000000 -1.197082 -0.601923
 296.000000 -1.566469 0.396695
 297.000000 -1.667358 0.055376
 298.000000 -0.980842 0.063363
 299.000000 -1.501894 -0.031688
 300.000000 -1.482264 -0.379534
 301.000000 -1.397799 -0.171362
 302.000000 -1.310108 -0.583633
 303.000000 -1.262923 -0.334510
 304.000000 -0.992529 -0.700998
 305.000000 -0.833048 -0.609998
 306.000000 -1.680775 0.300929
 307.000000 -1.149069 -0.331787
 308.000000 -1.273055 -0.695951
 309.000000 -1.619399 -0.082793
 310.000000 -1.681506 -0.147338
 311.000000 -1.823297 0.118299
 312.000000 -1.174351 -0.520410
 313.000000 -1.524952 -0.416706
 314.000000 -1.039381 -0.640930
 315.000000 -1.336485 -0.602095
 316.000000 -0.804275 -0.661855
 317.000000 -1.082739 -0.481254
 318.000000 -1.954545 0.174866
 319.000000 -2.424521 0.503988
 320.000000 -1.469016 -0.454365
 321.000000 -1.851205 -0.244889
 322.000000 -2.107774 0.091196
 323.000000 -2.493572 0.021768
 324.000000 -2.162820 0.061857
 325.000000 -2.105444 0.232894
 326.000000 -1.716825 0.245274
 327.000000 -2.723104 0.577193
 328.000000 -2.829128 -0.249320
 329.000000 -2.424226 0.115002
 330.000000 -1.321260 -0.262804
 331.000000 -2.031935 0.110048
 332.000000 -2.040966 0.322484
 333.000000 -2.319321 0.109047
 334.000000 -1.420645 -0.407372
 335.000000 -1.115731 -0.851418
 336.000000 -1.415505 -0.496393
 337.000000 -1.019267 -0.739890
 338.000000 -1.996882 0.204981
 339.000000 -1.151076 -0.671958
 340.000000 -1.473141 -0.328654
 341.000000 -2.255875 0.329879
 342.000000 -1.952548 0.133681
 343.000000 -1.922059 -0.144606
 344.000000 -1.618358 0.106092
 345.000000 -1.520694 -0.171625
 346.000000 -1.814883 1.105190
 347.000000 -3.030495 -0.192256
 348.000000 -2.748041 -0.676588
 349.000000 -2.796586 0.086214
 350.000000 -2.857471 0.005299
 351.000000 -2.989785 -0.211236
 352.000000 -1.975092 0.050276
 353.000000 -2.061765 0.315761
 354.000000 -2.054112 0.559434
 355.000000 -1.609812 -0.170457
 356.000000 -2.102582 0.192150
 357.000000 -3.041367 1.094107
 358.000000 -1.740537 0.133067
 359.000000 -1.788216 -0.026306
 360.000000 -1.656267 0.067141
 361.000000 -1.430700 -0.145392
 362.000000 -1.621558 0.176519
 363.000000 -1.623187 1.171164
 364.000000 -1.627340 2.206741
 365.000000 -2.214860 2.209370
 366.000000 -1.035441 2.234884
 367.000000 -2.417817 2.298475
 368.000000 -2.222418 2.239896
 369.000000 -2.606548 2.566209
 370.000000 -2.367887 3.083854
 371.000000 -2.602251 2.769078
 372.000000 -2.069244 2.596191
 373.000000 -1.823029 2.338634
 374.000000 -2.291801 2.759270
 375.000000 -2.158410 2.770520
 376.000000 -2.154451 2.742344
 377.000000 -2.530097 2.771230
 378.000000 -2.715035 2.987115
 379.000000 -2.625346 2.793903
 380.000000 -1.958252 3.069880
 381.000000 -1.765099 2.525099
 382.000000 -2.650633 2.642057
 383.000000 -2.610301 2.496006
 384.000000 -2.057792 -2.960987
 385.000000 -2.041955 1.983972
 386.000000 -2.461164 2.546420
 387.000000 -2.137668 2.354924
 388.000000 -1.725685 2.393350
 389.000000 -1.211704 2.266510
 390.000000 -2.417286 2.701968
 391.000000 -2.133285 1.891122
 392.000000 -1.224870 2.032969
 393.000000 -1.475014 2.443799
 394.000000 -0.546693 2.339983
 395.000000 -1.577986 2.413926
 396.000000 -1.076855 2.485742
 397.000000 -1.167563 2.287603
 398.000000 -1.046960 3.053383
 399.000000 -1.134886 2.612831
 400.000000 -0.902705 2.487804
