#! FIELDS time phi psi
#! SET min_phi -pi
#! SET max_phi pi
#! SET min_psi -pi
#! SET max_psi pi
 0.000000 1.560396 -1.360314
 1.000000 1.271946 -1.260103
 2.000000 1.347938 -0.832446
 3.000000 1.859161 -0.508526
 4.000000 0.948453 0.832795
 5.000000 0.863660 0.976275
 6.000000 0.659606 1.161940
 7.000000 1.310884 0.883088
 8.000000 0.502125 1.346851
 9.000000 1.452688 0.726786
 10.000000 0.802855 0.723905
 11.000000 0.543678 1.116013
 12.000000 1.296698 0.615364
 13.000000 1.222308 2.046475
 14.000000 1.149158 2.100715
 15.000000 1.371280 2.505895
 16.000000 1.057842 1.776171
 17.000000 1.335820 2.606695
 18.000000 1.489806 2.521440
 19.000000 0.901702 -2.649350
 20.000000 0.675667 -2.438742
 21.000000 0.721649 -2.346455
 22.000000 0.932044 -2.637540
 23.000000 1.184889 -3.045018
 24.000000 0.992701 -2.499327
 25.000000 1.363862 -3.034063
 26.000000 0.879488 -2.556567
 27.000000 1.031733 -2.736571
 28.000000 1.055152 -2.862337
 29.000000 0.990456 -2.608083
 30.000000 0.989420 -2.905078
 31.000000 1.012067 -2.693329
 32.000000 0.695690 -2.508631
 33.000000 0.979073 -2.600287
 34.000000 0.954725 -2.931201
 35.000000 0.988184 -2.905855
 36.000000 1.271590 3.025237
 37.000000 0.929673 -3.041754
 38.000000 0.717370 -3.009414
 39.000000 1.063351 -3.099084
 40.000000 1.317799 2.647642
 41.000000 1.345183 2.660622
 42.000000 1.446655 2.851712
 43.000000 1.314172 2.654377
 44.000000 1.291410 2.520686
 45.000000 0.875719 -2.819338
 46.000000 1.415996 2.424054
 47.000000 1.018469 3.129999
 48.000000 1.090345 -3.128709
 49.000000 0.977852 3.092829
 50.000000 1.060637 2.895843
 51.000000 0.605811 -2.896423
 52.000000 0.850178 -2.483543
 53.000000 0.862871 -2.661305
 54.000000 1.159612 -3.043237
 55.000000 1.305037 2.545522
 56.000000 1.308643 3.129077
 57.000000 1.628427 3.013209
 58.000000 1.197255 -3.008946
 59.000000 0.769366 -2.564929
 60.000000 0.850658 -2.818557
 61.000000 0.910373 -3.080566
 62.000000 0.666403 -2.495533
 63.000000 0.874225 -2.917405
 64.000000 1.098316 2.989072
 65.000000 1.045826 -3.045618
 66.000000 0.870371 -2.915726
 67.000000 1.172836 2.076902
 68.000000 1.240412 2.807800
 69.000000 1.381263 2.440116
 70.000000 1.257964 2.369839
 71.000000 1.243246 2.577895
 72.000000 1.043761 2.822616
 73.000000 0.839640 -2.977297
 74.000000 0.851551 -2.135034
 75.000000 1.293595 -2.292653
 76.000000 0.983149 -2.732833
 77.000000 0.966735 -2.447317
 78.000000 1.321314 1.933469
 79.000000 0.938811 -2.521541
 80.000000 1.139517 -3.097466
 81.000000 0.822537 -2.302612
 82.000000 0.735217 -2.591551
 83.000000 1.402338 3.099547
 84.000000 1.046662 3.102630
 85.000000 0.702066 -2.794622
 86.000000 1.258080 -2.596767
 87.000000 0.724622 -2.676776
 88.000000 1.096943 -2.601036
 89.000000 1.006878 -2.839106
 90.000000 0.968154 -2.235157
 91.000000 1.005937 -2.682899
 92.000000 1.019770 -2.558772
 93.000000 1.286487 2.821469
 94.000000 1.160350 2.298785
 95.000000 1.258859 2.608720
 96.000000 1.242058 1.886012
 97.000000 1.790208 2.086305
 98.000000 1.018056 -3.071176
 99.000000 0.822968 -2.338498
 100.000000 1.282666 2.938955
 101.000000 0.734052 -2.726219
 102.000000 0.873280 -2.601849
 103.000000 1.042220 -2.722580
 104.000000 0.507451 -2.028326
 105.000000 0.941990 -2.677850
 106.000000 1.298346 2.724060
 107.000000 0.789634 -2.848620
 108.000000 1.261877 2.417963
 109.000000 0.896071 -2.969304
 110.000000 1.255919 -3.016145
 111.000000 1.694897 2.762998
 112.000000 1.218789 2.762736
 113.000000 1.385299 2.786425
 114.000000 0.934596 3.021007
 115.000000 1.241840 2.834475
 116.000000 1.182372 3.074998
 117.000000 0.974636 1.930913
 118.000000 1.115256 2.728258
 119.000000 1.044290 -3.119605
 120.000000 0.963082 2.887803
 121.000000 0.999866 -2.975509
 122.000000 0.681987 -2.529809
 123.000000 0.967041 -2.822912
 124.000000 0.895263 -2.963827
 125.000000 1.036145 -2.835103
 126.000000 1.130471 2.173734
 127.000000 1.318460 1.995523
 128.000000 0.891049 -3.140373
 129.000000 0.825850 -3.094336
 130.000000 1.060512 -3.060637
 131.000000 1.148571 3.067970
 132.000000 1.033286 -2.635061
 133.000000 0.797271 -2.414990
 134.000000 0.964321 -2.107768
 135.000000 0.827845 -2.705260
 136.000000 1.410918 2.667746
 137.000000 0.782785 -3.059265
 138.000000 1.198311 3.033084
 139.000000 1.089287 3.024603
 140.000000 1.031819 -3.032802
 141.000000 1.110705 -3.027049
 142.000000 0.939645 -2.846077
 143.000000 1.091945 -2.661304
 144.000000 0.896949 2.867382
 145.000000 1.426790 2.395932
 146.000000 1.054839 2.527699
 147.000000 0.928669 2.549847
 148.000000 0.986379 -2.786798
 149.000000 0.845476 -2.621383
 150.000000 0.803293 -3.065425
 151.000000 0.949248 -2.639078
 152.000000 0.902462 -2.421943
 153.000000 0.402438 -2.136007
 154.000000 0.791451 3.089480
 155.000000 1.124011 -2.798378
 156.000000 1.029205 -2.602316
 157.000000 1.023410 -2.316251
 158.000000 0.848675 -2.788013
 159.000000 0.845335 -2.769006
 160.000000 1.027796 -2.659938
 161.000000 1.131340 -2.911610
 162.000000 0.974513 2.836047
 163.000000 0.996611 2.956490
 164.000000 0.894599 3.006418
 165.000000 1.168372 1.869446
 166.000000 1.349388 0.458904
 167.000000 1.280498 0.377327
 168.000000 1.534193 0.294686
 169.000000 1.369786 0.361560
 170.000000 1.952285 0.394293
 171.000000 1.417905 0.599590
 172.000000 1.458168 0.522501
 173.000000 1.555876 0.507957
 174.000000 1.536146 -0.224734
 175.000000 1.254034 0.348963
 176.000000 0.969330 0.769793
 177.000000 1.449404 0.949185
 178.000000 1.145783 0.269959
 179.000000 1.198880 0.500441
 180.000000 0.899230 1.261908
 181.000000 1.716317 0.287264
 182.000000 1.275052 0.749245
 183.000000 1.315718 0.702574
 184.000000 0.696958 1.341943
 185.000000 1.429216 0.753039
 186.000000 1.406074 0.366956
 187.000000 1.531935 0.604784
 188.000000 1.420378 0.348738
 189.000000 1.503034 0.632306
 190.000000 0.760114 0.654653
 191.000000 0.589907 1.222780
 192.000000 1.203384 0.173319
 193.000000 1.241641 0.562979
 194.000000 1.268119 -0.053316
 195.000000 1.364727 0.769062
 196.000000 1.385634 0.623912
 197.000000 0.978193 0.396014
 198.000000 1.328844 0.425127
 199.000000 1.381863 0.390666
 200.000000 1.396276 0.651115
 201.000000 0.742630 0.787814
 202.000000 1.214526 0.275302
 203.000000 0.897493 0.829528
 204.000000 1.283371 0.320926
 205.000000 1.264223 0.346629
 206.000000 1.388195 0.691200
 207.000000 0.899582 0.908542
 208.000000 0.754376 0.825229
 209.000000 1.297899 2.017442
 210.000000 1.279658 -2.546289
 211.000000 1.005146 -3.072263
 212.000000 1.000439 -2.834050
 213.000000 1.018267 -3.006528
 214.000000 1.037342 -2.663850
 215.000000 1.006006 -2.589541
 216.000000 1.030658 -2.400078
 217.000000 0.813860 -2.471078
 218.000000 1.144073 -2.390239
 219.000000 0.821980 -2.820683
 220.000000 1.053785 -2.380246
 221.000000 0.838711 -2.936689
 222.000000 1.006376 -2.768749
 223.000000 0.652742 -2.679819
 224.000000 0.808267 -2.629824
 225.000000 0.612983 -2.779615
 226.000000 0.996507 -2.699914
 227.000000 0.673814 -2.146723
 228.000000 0.874362 -2.114334
 229.000000 1.065818 -1.400736
 230.000000 0.790664 -2.750953
 231.000000 1.014226 -2.352149
 232.000000 0.764958 -2.586892
 233.000000 0.852652 -2.267550
 234.000000 1.085473 -2.864848
 235.000000 0.918719 -3.039792
 236.000000 0.844828 3.045694
 237.000000 0.785671 -2.427493
 238.000000 0.904297 -2.536382
 239.000000 1.164582 -2.712772
 240.000000 1.392103 2.595566
 241.000000 1.105120 -2.530121
 242.000000 0.909592 -2.804870
 243.000000 0.624095 -2.585649
 244.000000 1.106199 -2.944637
 245.000000 0.728050 -2.282898
 246.000000 0.730736 -2.681203
 247.000000 1.167467 2.957413
 248.000000 1.452519 2.365636
 249.000000 1.456727 2.738481
 250.000000 1.221836 2.767985
 251.000000 0.983620 -2.742862
 252.000000 1.331079 2.885287
 253.000000 0.957372 -3.017850
 254.000000 0.897804 -2.610107
 255.000000 1.007557 2.824798
 256.000000 0.611201 -2.320159
 257.000000 1.282328 3.137888
 258.000000 0.915735 -2.587708
 259.000000 1.169308 3.083096
 260.000000 0.819423 -2.450765
 261.000000 0.364820 -2.417030
 262.000000 0.935936 -2.974066
 263.000000 1.123633 -2.641371
 264.000000 0.811819 -2.478588
 265.000000 0.983419 -2.654143
 266.000000 1.120280 -2.755884
 267.000000 1.573998 3.033568
 268.000000 0.811978 -2.444798
 269.000000 0.868955 -2.795525
 270.000000 0.910187 -2.787532
 271.000000 0.592381 -2.584112
 272.000000 1.097682 3.102440
 273.000000 1.013500 3.094697
 274.000000 0.907790 2.830046
 275.000000 1.336798 1.887933
 276.000000 1.737146 1.428625
 277.000000 2.059792 2.438505
 278.000000 1.133040 3.102497
 279.000000 1.229548 2.008912
 280.000000 1.386855 2.837559
 281.000000 0.986426 3.079399
 282.000000 1.069171 -3.020542
 283.000000 0.781963 -2.920732
 284.000000 1.149038 -3.044821
 285.000000 0.938935 -2.699350
 286.000000 0.923813 -2.757400
 287.000000 0.934594 -2.558550
 288.000000 0.855703 -2.726564
 289.000000 0.925978 -2.636593
 290.000000 0.896255 -2.664443
 291.000000 0.885136 -2.390422
 292.000000 1.217390 2.825872
 293.000000 0.866746 -2.806454
 294.000000 1.039701 2.998068
 295.000000 1.287170 2.139347
 296.000000 1.431121 2.307649
 297.000000 0.995044 2.709923
 298.000000 1.041806 2.276344
 299.000000 1.075026 2.277181
 300.000000 1.442542 2.088091
 301.000000 1.173375 1.692102
 302.000000 1.439367 1.797071
 303.000000 1.384782 1.451309
 304.000000 1.305160 1.256575
 305.000000 1.050432 1.314580
 306.000000 1.349797 0.667641
 307.000000 1.554567 0.356418
 308.000000 1.234764 0.312032
 309.000000 0.671019 0.672457
 310.000000 1.460336 0.671606
 311.000000 0.690152 1.114626
 312.000000 1.223514 0.477486
 313.000000 1.315175 0.409193
 314.000000 1.316928 -0.209347
 315.000000 1.782384 0.167973
 316.000000 1.140088 0.647074
 317.000000 1.072587 1.175903
 318.000000 1.050572 1.147967
 319.000000 1.506191 1.798055
 320.000000 1.041336 2.029585
 321.000000 1.312253 2.782146
 322.000000 1.157958 2.569285
 323.000000 1.740129 2.982678
 324.000000 1.115160 2.554445
 325.000000 1.588632 1.952635
 326.000000 1.440386 2.232442
 327.000000 1.112039 2.189031
 328.000000 1.534495 2.353187
 329.000000 1.485154 2.974022
 330.000000 1.528973 2.624422
 331.000000 1.048169 -3.119148
 332.000000 1.004173 -2.857266
 333.000000 0.711291 -2.640457
 334.000000 0.981563 -3.079045
 335.000000 0.782813 -2.808570
 336.000000 1.123330 3.108634
 337.000000 0.862574 -2.403418
 338.000000 0.788469 -2.467338
 339.000000 0.439227 -2.533447
 340.000000 0.874362 -2.457983
 341.000000 0.987005 -2.872123
 342.000000 1.183831 2.948277
 343.000000 1.178843 2.638233
 344.000000 1.107701 -2.879397
 345.000000 1.087156 -2.775135
 346.000000 0.864984 -2.888460
 347.000000 1.342098 3.006951
 348.000000 1.363372 2.795559
 349.000000 1.288249 2.777572
 350.000000 0.882105 2.674092
 351.000000 1.280970 2.456826
 352.000000 1.149009 2.344408
 353.000000 1.357110 2.708522
 354.000000 1.376440 2.445644
 355.000000 0.775263 -2.149210
 356.000000 1.199873 2.183221
 357.000000 0.994856 -2.904390
 358.000000 1.070401 -3.062583
 359.000000 0.996205 -2.971276
 360.000000 0.813229 -2.387476
 361.000000 1.105213 2.662411
 362.000000 1.820821 2.123467
 363.000000 1.392053 2.352435
 364.000000 1.364038 2.672908
 365.000000 1.150112 2.057679
 366.000000 0.739897 -3.075563
 367.000000 1.127498 2.951397
 368.000000 1.280805 2.047795
 369.000000 0.420177 -2.665843
 370.000000 1.027937 -3.068793
 371.000000 1.178996 3.139852
 372.000000 0.790627 -2.653026
 373.000000 0.976907 -3.005180
 374.000000 0.942861 -2.766698
 375.000000 0.870875 -2.997230
 376.000000 1.058439 -2.964469
 377.000000 1.150465 2.810824
 378.000000 1.386284 2.635864
 379.000000 1.427442 2.444968
 380.000000 1.831126 2.649904
 381.000000 1.408192 2.876610
 382.000000 0.881730 -2.649960
 383.000000 0.912403 -3.137462
 384.000000 1.383138 2.522473
 385.000000 1.187555 2.088815
 386.000000 1.016728 1.986643
 387.000000 1.031659 1.102225
 388.000000 0.742679 0.752420
 389.000000 1.403358 0.189172
 390.000000 0.953555 1.117088
 391.000000 0.971926 1.067265
 392.000000 1.297882 0.585050
 393.000000 1.407452 0.839048
 394.000000 1.197723 0.792840
 395.000000 1.546149 0.425578
 396.000000 0.792511 0.733587
 397.000000 0.675542 1.371679
 398.000000 2.034862 0.348993
 399.000000 1.071087 0.768109
 400.000000 1.393280 0.325999
