#! FIELDS time phi psi
#! SET min_phi -pi
#! SET max_phi pi
#! SET min_psi -pi
#! SET max_psi pi
 0.000000 1.093984 -0.222360
 1.000000 1.179307 0.331107
 2.000000 1.198197 0.574616
 3.000000 1.041791 0.700839
 4.000000 1.295754 0.600551
 5.000000 1.260196 0.723847
 6.000000 1.207209 0.338422
 7.000000 1.382969 0.347829
 8.000000 0.416487 1.314397
 9.000000 1.557971 0.625777
 10.000000 1.540957 0.510008
 11.000000 1.255162 0.825012
 12.000000 1.294700 0.454972
 13.000000 1.275659 0.384089
 14.000000 1.461360 0.208513
 15.000000 1.021380 0.640598
 16.000000 1.135141 0.927667
 17.000000 0.847685 1.065094
 18.000000 1.195277 0.535866
 19.000000 1.374698 0.214911
 20.000000 1.422116 0.235379
 21.000000 1.183437 0.330683
 22.000000 1.218269 0.093217
 23.000000 1.162025 0.396042
 24.000000 0.924810 1.403347
 25.000000 1.236315 0.431527
 26.000000 0.705367 1.135984
 27.000000 1.221488 1.913701
 28.000000 1.090192 0.392474
 29.000000 1.601233 0.463213
 30.000000 1.532838 0.556675
 31.000000 1.666143 0.803609
 32.000000 1.282028 0.875817
 33.000000 1.102558 1.439163
 34.000000 0.517543 1.380285
 35.000000 -1.446167 2.740438
 36.000000 -0.938571 2.494465
 37.000000 -1.189808 2.579000
 38.000000 -1.156985 2.280141
 39.000000 -1.075833 2.335636
 40.000000 -0.742651 2.554080
 41.000000 -1.096392 2.499221
 42.000000 -1.134886 2.670690
 43.000000 -1.156976 2.260132
 44.000000 -0.973781 2.630072
 45.000000 -0.845476 2.702703
 46.000000 -1.007737 2.719249
 47.000000 -1.294333 2.960189
 48.000000 -1.068982 2.748992
 49.000000 -1.242362 2.654343
 50.000000 -1.283626 2.730731
 51.000000 -0.927583 2.529678
 52.000000 -1.495792 3.060215
 53.000000 -1.229887 2.541374
 54.000000 -0.849906 2.833240
 55.000000 -1.125201 2.480164
 56.000000 -1.061134 2.211428
 57.000000 -0.944387 2.599052
 58.000000 -1.043157 2.618287
 59.000000 -1.022650 2.657105
 60.000000 -0.915004 2.744311
 61.000000 -1.235212 2.518385
 62.000000 -0.954291 2.304357
 63.000000 -0.880345 2.861707
 64.000000 -1.036877 2.488313
 65.000000 -1.195553 -2.741171
 66.000000 -1.166666 2.337991
 67.000000 -1.039450 3.057725
 68.000000 -1.411844 2.120727
 69.000000 -0.947916 2.579572
 70.000000 -1.589585 2.319610
 71.000000 -1.234560 2.812274
 72.000000 -1.157116 2.343769
 73.000000 -0.953795 2.469712
 74.000000 -1.117488 2.460461
 75.000000 -1.797266 2.116441
 76.000000 -1.291122 2.169165
 77.000000 -1.111002 2.618939
 78.000000 -1.065791 2.430953
 79.000000 -2.161094 2.418341
 80.000000 -1.395249 2.568494
 81.000000 -1.496364 2.773106
 82.000000 -1.794461 2.286434
 83.000000 -2.303747 2.936612
 84.000000 -2.562893 2.788330
 85.000000 -1.638348 2.675008
 86.000000 -2.023946 2.675302
 87.000000 -1.613800 2.894210
 88.000000 -1.156692 2.207855
 89.000000 -0.854623 2.675204
 90.000000 -2.015887 2.408965
 91.000000 -1.512152 2.544979
 92.000000 -1.022297 2.446364
 93.000000 -1.509159 2.362091
 94.000000 -1.090406 2.485369
 95.000000 -1.323933 2.088367
 96.000000 -0.411429 2.124648
 97.000000 -1.108492 2.412703
 98.000000 -1.207038 2.488951
 99.000000 -1.116343 2.765426
 100.000000 -0.754247 2.427197
 101.000000 -1.030743 3.102196
 102.000000 -1.115654 2.176445
 103.000000 -0.447240 2.330583
 104.000000 -1.063802 2.267435
 105.000000 -0.966853 2.767267
 106.000000 -1.092703 2.337107
 107.000000 -2.355026 2.537521
 108.000000 -1.379390 2.959786
 109.000000 -1.527147 2.697836
 110.000000 -0.537257 2.038374
 111.000000 -1.172808 2.536716
 112.000000 -1.028695 2.635617
 113.000000 -0.957699 2.661015
 114.000000 -1.248599 2.609059
 115.000000 -1.427412 2.495693
 116.000000 -0.696177 2.790192
 117.000000 -1.141623 2.478149
 118.000000 -0.742719 2.331884
 119.000000 -0.873711 2.069505
 120.000000 -0.660763 2.380644
 121.000000 -0.984370 2.774884
 122.000000 -0.998834 2.769317
 123.000000 -0.906810 2.304161
 124.000000 -1.177390 2.596285
 125.000000 -0.963655 2.737945
 126.000000 -1.732473 2.517412
 127.000000 -2.590450 2.423707
 128.000000 -2.293562 2.859513
 129.000000 -2.542899 2.345043
 130.000000 -2.592626 2.595686
 131.000000 -2.379078 2.961813
 132.000000 -2.637017 2.819962
 133.000000 -2.600964 2.353322
 134.000000 -2.613775 2.591517
 135.000000 -1.958883 2.055548
 136.000000 -1.636673 1.598804
 137.000000 -1.695569 2.115422
 138.000000 -1.258734 2.496312
 139.000000 -0.939488 2.247832
 140.000000 -1.104282 2.230998
 141.000000 -0.945747 3.028904
 142.000000 -1.162516 2.468060
 143.000000 -0.926500 2.418131
 144.000000 -0.750977 2.475692
 145.000000 -1.413794 2.798414
 146.000000 -0.953890 2.265169
 147.000000 -1.278253 2.284993
 148.000000 -0.941156 2.681348
 149.000000 -1.002744 2.561245
 150.000000 -0.870591 2.986023
 151.000000 -0.981508 2.564946
 152.000000 -0.933029 2.451031
 153.000000 -1.651691 2.270864
 154.000000 -2.606791 2.709092
 155.000000 -2.096766 2.788729
 156.000000 -1.835914 2.601260
 157.000000 -1.123650 2.512678
 158.000000 -0.887186 2.600853
 159.000000 -0.763451 2.417624
 160.000000 -0.536916 2.504881
 161.000000 -1.111070 2.237642
 162.000000 -1.059835 2.465087
 163.000000 -1.002680 2.669390
 164.000000 -1.268222 2.426610
 165.000000 -1.316313 2.532084
 166.000000 -1.548588 2.523392
 167.000000 -0.629154 2.080637
 168.000000 -1.359981 2.577859
 169.000000 -1.170902 2.810547
 170.000000 -1.665749 2.247950
 171.000000 -2.207678 2.324840
 172.000000 -1.330386 2.447870
 173.000000 -2.321156 2.524324
 174.000000 -2.313721 1.933834
 175.000000 -2.657418 1.785629
 176.000000 -1.185752 1.886695
 177.000000 -1.678047 2.018542
 178.000000 -1.188395 2.038125
 179.000000 -0.821567 2.653058
 180.000000 -1.566340 2.751927
 181.000000 -1.062290 2.642708
 182.000000 -0.589168 2.416250
 183.000000 -1.127079 2.581317
 184.000000 -1.324300 2.525716
 185.000000 -1.444615 2.668425
 186.000000 -0.796395 2.658954
 187.000000 -1.483523 2.426655
 188.000000 -2.745661 2.971651
 189.000000 -2.246779 2.908136
 190.000000 -2.667629 2.548996
 191.000000 -2.128982 2.645326
 192.000000 -2.337022 2.735737
 193.000000 -2.818182 2.762102
 194.000000 -2.254150 2.549378
 195.000000 -2.594753 2.450626
 196.000000 -2.264928 2.608202
 197.000000 -1.364734 2.443970
 198.000000 -1.147787 2.156590
 199.000000 -1.044694 2.549962
 200.000000 -1.070887 2.381546
 201.000000 -0.729300 2.642289
 202.000000 -1.123587 2.662384
 203.000000 -1.310298 2.952042
 204.000000 -1.149506 2.409753
 205.000000 0.490482 1.352163
 206.000000 -1.274985 2.550302
 207.000000 -1.015385 2.708591
 208.000000 -1.007046 2.665376
 209.000000 -1.175960 2.001510
 210.000000 -1.166411 2.650739
 211.000000 -0.865318 2.756905
 212.000000 -1.081873 2.060624
 213.000000 -1.215188 2.828872
 214.000000 -0.797398 2.407218
 215.000000 -1.225859 2.524184
 216.000000 -1.395461 2.602541
 217.000000 -1.124875 2.570664
 218.000000 -1.974357 2.577606
 219.000000 -1.727021 2.311083
 220.000000 -1.366116 2.358107
 221.000000 -0.685361 2.603152
 222.000000 -1.295164 2.599101
 223.000000 -1.232409 2.314523
 224.000000 -1.071104 2.572819
 225.000000 -1.299456 2.947757
 226.000000 -2.583257 2.531094
 227.000000 -1.167147 2.667933
 228.000000 -1.207854 2.744254
 229.000000 -1.127112 2.649148
 230.000000 -2.739320 3.082348
 231.000000 -0.966582 2.585113
 232.000000 -1.427523 2.791685
 233.000000 -2.180721 2.205398
 234.000000 -1.215668 2.269259
 235.000000 -1.033607 2.384187
 236.000000 -1.275603 2.729753
 237.000000 -1.371476 2.541521
 238.000000 -1.048874 2.442974
 239.000000 -1.710363 2.504830
 240.000000 -1.782563 2.884814
 241.000000 -2.152679 1.958664
 242.000000 -1.982304 1.911845
 243.000000 -2.439629 2.781879
 244.000000 -2.054147 2.953333
 245.000000 -2.603524 2.488663
 246.000000 -1.362221 2.355802
 247.000000 -1.115641 2.628450
 248.000000 -1.033549 2.626288
 249.000000 -1.492714 2.580095
 250.000000 -1.861442 2.288519
 251.000000 -1.088993 2.310011
 252.000000 -0.967031 2.909634
 253.000000 -1.248441 2.807702
 254.000000 -1.339043 2.310908
 255.000000 -2.189980 -3.051742
 256.000000 -2.577817 2.429969
 257.000000 -1.258409 2.949828
 258.000000 -1.037711 2.320024
 259.000000 -1.483902 2.364197
 260.000000 -1.079982 2.657850
 261.000000 -2.151679 2.601785
 262.000000 -2.476143 3.077395
 263.000000 -2.408091 2.878653
 264.000000 -2.706024 2.621728
 265.000000 -2.358036 2.909955
 266.000000 -0.942646 2.639593
 267.000000 -1.186104 2.705647
 268.000000 -0.818773 2.623242
 269.000000 -0.963316 2.814153
 270.000000 -1.009495 2.393288
 271.000000 -1.083613 2.811820
 272.000000 -1.157265 2.434804
 273.000000 -0.944695 2.590013
 274.000000 -1.418474 2.787692
 275.000000 -1.561950 2.821044
 276.000000 -1.275856 2.904690
 277.000000 -1.322496 2.524578
 278.000000 -1.230491 2.638851
 279.000000 -1.829675 2.977305
 280.000000 -1.005236 2.854668
 281.000000 -2.106969 2.892471
 282.000000 -2.717521 2.829576
 283.000000 -2.896786 2.782449
 284.000000 -2.790534 2.872285
 285.000000 -2.605505 2.884466
 286.000000 -1.755118 2.837854
 287.000000 -1.115975 2.321395
 288.000000 -1.039912 1.881875
 289.000000 -0.999982 2.674262
 290.000000 -1.005835 2.487042
 291.000000 -1.008596 2.310123
 292.000000 -0.715685 2.463477
 293.000000 -0.939393 2.647520
 294.000000 -1.090539 2.610269
 295.000000 -1.365497 2.924474
 296.000000 -1.323814 2.479829
 297.000000 -0.462263 2.403991
 298.000000 -1.096205 2.418343
 299.000000 -1.275756 2.952046
 300.000000 -1.064699 2.479722
 301.000000 -1.488106 2.289383
 302.000000 -1.302056 2.535623
 303.000000 -1.465070 3.107272
 304.000000 -1.240116 2.327794
 305.000000 -1.188953 2.349320
 306.000000 -1.226338 2.114834
 307.000000 -1.243574 2.583374
 308.000000 -1.289917 2.515133
 309.000000 -1.006760 2.070047
 310.000000 -0.696409 2.145363
 311.000000 -1.319515 2.479017
 312.000000 -1.334017 2.719524
 313.000000 -1.518703 2.921409
 314.000000 -1.330573 2.831650
 315.000000 -2.075602 2.758360
 316.000000 -2.226611 2.953056
 317.000000 -2.653772 2.763487
 318.000000 -2.605227 2.549213
 319.000000 -0.835275 2.546197
 320.000000 -1.382656 1.214131
 321.000000 -2.161087 1.950085
 322.000000 -2.758109 2.250577
 323.000000 -1.035093 2.842735
 324.000000 -1.222680 2.572647
 325.000000 -0.979488 2.490563
 326.000000 -1.044106 2.485756
 327.000000 -0.879645 2.232048
 328.000000 -1.188124 2.317843
 329.000000 -0.987275 2.266561
 330.000000 -1.292335 2.654191
 331.000000 -1.434696 2.387282
 332.000000 -1.461486 2.075595
 333.000000 -1.734477 1.962992
 334.000000 -1.729174 2.129157
 335.000000 -1.268951 2.596291
 336.000000 -1.099694 2.559984
 337.000000 -1.101482 2.101579
 338.000000 -1.286508 2.230621
 339.000000 -2.016558 2.424831
 340.000000 -1.756014 2.547508
 341.000000 -2.362590 2.701123
 342.000000 -2.263527 2.333088
 343.000000 -2.427854 2.696105
 344.000000 -2.784843 2.702524
 345.000000 -2.396505 2.854180
 346.000000 -1.867069 2.387185
 347.000000 -2.252083 3.014173
 348.000000 -1.152362 2.950230
 349.000000 -1.004216 2.447040
 350.000000 -1.720271 2.500723
 351.000000 -1.146164 2.692616
 352.000000 -1.173800 2.598985
 353.000000 -0.908506 2.842337
 354.000000 -1.113803 2.562467
 355.000000 -1.088395 2.670995
 356.000000 -1.435410 3.048574
 357.000000 -1.186395 2.634428
 358.000000 -1.413000 2.202776
 359.000000 -1.097630 2.243173
 360.000000 -0.873300 2.212470
 361.000000 -1.226249 2.277380
 362.000000 -1.431613 2.145628
 363.000000 -1.220360 2.321863
 364.000000 -0.845767 2.491764
 365.000000 -0.648842 2.300288
 366.000000 -1.380310 2.842717
 367.000000 -1.018929 2.500476
 368.000000 -1.099699 2.449605
 369.000000 -1.671521 2.061319
 370.000000 -1.883100 3.008553
 371.000000 -1.147182 2.268354
 372.000000 -1.092730 2.531765
 373.000000 -1.625638 2.462884
 374.000000 -1.059609 2.444813
 375.000000 -1.671673 2.519114
 376.000000 -1.462629 2.593975
 377.000000 -1.281453 2.666237
 378.000000 -1.551646 2.432186
 379.000000 -2.817654 2.678667
 380.000000 -2.403941 -3.107480
 381.000000 -1.936527 2.395479
 382.000000 -1.104322 2.283922
 383.000000 -1.625651 2.442735
 384.000000 -1.418272 2.791272
 385.000000 -1.496367 2.557545
 386.000000 -0.579022 2.391763
 387.000000 -1.155806 2.813197
 388.000000 -0.867272 2.077354
 389.000000 -0.729144 2.142039
 390.000000 -1.118697 2.378372
 391.000000 -1.510777 3.012859
 392.000000 -0.839988 2.314497
 393.000000 -1.097638 2.374843
 394.000000 -0.892479 2.816940
 395.000000 -1.077127 2.380940
 396.000000 -1.083363 2.700881
 397.000000 -0.593186 2.033056
 398.000000 -1.437444 2.693543
 399.000000 -1.922144 2.092607
 400.000000 -1.726411 2.426019
