#! FIELDS time phi psi
#! SET min_phi -pi
#! SET max_phi pi
#! SET min_psi -pi
#! SET max_psi pi
 0.000000 1.093984 -0.222360
 1.000000 0.942194 1.243429
 2.000000 0.898484 1.148468
 3.000000 0.708594 1.247312
 4.000000 0.857836 1.243933
 5.000000 0.182071 1.783311
 6.000000 -1.129929 2.343932
 7.000000 -0.496461 2.518773
 8.000000 -1.009687 2.625042
 9.000000 -1.521433 2.804818
 10.000000 -1.315704 2.692925
 11.000000 -1.282492 2.580264
 12.000000 -1.069151 2.639075
 13.000000 -0.973501 2.218879
 14.000000 -1.136533 2.400952
 15.000000 -1.201678 2.494506
 16.000000 -1.189759 2.143459
 17.000000 -0.974166 2.420079
 18.000000 -1.361958 2.515229
 19.000000 -2.746637 2.877724
 20.000000 -2.341205 2.902414
 21.000000 -2.382739 2.573059
 22.000000 -2.376862 3.005333
 23.000000 -2.525611 2.788079
 24.000000 -0.974010 2.781482
 25.000000 -1.308554 2.946133
 26.000000 -0.640359 2.676884
 27.000000 -1.317420 2.717485
 28.000000 -1.630226 2.486653
 29.000000 -1.251728 2.562976
 30.000000 -1.204638 2.527945
 31.000000 -1.983344 2.710706
 32.000000 -1.038551 2.927851
 33.000000 -1.531545 2.542021
 34.000000 -1.917075 2.424070
 35.000000 -2.346876 3.029681
 36.000000 -1.300532 2.423811
 37.000000 -1.486084 2.863138
 38.000000 -1.154043 2.527868
 39.000000 -0.901711 2.736626
 40.000000 -1.171676 2.658234
 41.000000 -0.915601 2.504835
 42.000000 -1.549797 1.930486
 43.000000 -1.017947 2.525655
 44.000000 -1.177538 2.512397
 45.000000 -1.000074 2.544853
 46.000000 -1.384196 2.570299
 47.000000 -1.931091 2.718172
 48.000000 -2.711559 2.226409
 49.000000 -2.415116 2.850618
 50.000000 -1.391016 2.062028
 51.000000 -2.790829 2.869000
 52.000000 -2.436067 2.921402
 53.000000 2.819397 2.015497
 54.000000 -2.442966 2.707774
 55.000000 -2.725079 2.728233
 56.000000 -2.881972 2.997265
 57.000000 -1.648845 2.755646
 58.000000 -1.251703 2.567934
 59.000000 -1.293055 2.376706
 60.000000 -1.787741 2.182048
 61.000000 -1.129223 2.583321
 62.000000 -2.215528 2.167498
 63.000000 -2.421783 2.156023
 64.000000 -2.222227 2.364952
 65.000000 -2.660261 2.810574
 66.000000 -2.646888 2.926510
 67.000000 -0.775700 2.352370
 68.000000 -1.546056 2.279513
 69.000000 -1.531558 2.348304
 70.000000 -0.992535 2.328982
 71.000000 -0.924351 2.729042
 72.000000 -1.188855 2.419391
 73.000000 -1.094755 2.393870
 74.000000 -1.092639 2.508502
 75.000000 -1.222800 2.524371
 76.000000 -0.719090 2.979484
 77.000000 -0.874213 2.414906
 78.000000 -0.877203 2.287635
 79.000000 -0.855733 2.700695
 80.000000 -1.232108 2.824411
 81.000000 -0.971343 2.270382
 82.000000 -1.133351 2.652754
 83.000000 -1.037609 2.761098
 84.000000 -1.288554 2.448491
 85.000000 -1.470910 2.068806
 86.000000 -1.189910 2.568175
 87.000000 -1.323743 2.704687
 88.000000 -1.593779 2.832009
 89.000000 -1.438423 2.233004
 90.000000 -1.133349 2.896227
 91.000000 -1.050151 2.387506
 92.000000 -1.219549 2.493516
 93.000000 -1.635275 2.419722
 94.000000 -1.366878 3.062223
 95.000000 -1.115265 2.187614
 96.000000 -2.427373 2.741928
 97.000000 -2.918907 2.812728
 98.000000 -2.275251 2.832470
 99.000000 -1.778943 2.402786
 100.000000 -1.318055 2.257512
 101.000000 -1.123137 2.571953
 102.000000 -1.025972 2.616962
 103.000000 -1.158445 2.584295
 104.000000 -1.117301 2.068324
 105.000000 -1.535573 2.803252
 106.000000 -1.196373 2.424806
 107.000000 -1.657748 2.202305
 108.000000 -1.438898 2.869271
 109.000000 -2.649275 2.481554
 110.000000 -2.534991 2.536819
 111.000000 -1.508765 2.795783
 112.000000 -1.654156 2.380812
 113.000000 -2.258451 2.877783
 114.000000 -1.763428 2.587448
 115.000000 -1.022934 2.664133
 116.000000 -1.494089 2.913116
 117.000000 -1.050498 2.200878
 118.000000 -1.351460 2.772150
 119.000000 -1.043117 2.236827
 120.000000 -0.696044 2.624302
 121.000000 -0.915497 2.792392
 122.000000 -1.399777 2.465575
 123.000000 -1.148839 2.562045
 124.000000 -0.958771 2.551831
 125.000000 -0.958110 2.582243
 126.000000 -0.759911 2.553359
 127.000000 -2.043251 2.353630
 128.000000 -1.967185 2.487069
 129.000000 -1.587782 2.807079
 130.000000 -1.045011 2.544268
 131.000000 -1.949870 2.696442
 132.000000 -1.391915 2.714087
 133.000000 -1.329293 2.182082
 134.000000 -1.149183 2.093394
 135.000000 -0.906008 2.680640
 136.000000 -0.912990 2.691981
 137.000000 -1.286677 2.306267
 138.000000 -1.179710 2.843622
 139.000000 -1.323920 2.702328
 140.000000 -1.626828 2.618787
 141.000000 -0.994524 2.568924
 142.000000 -1.126813 2.262444
 143.000000 -1.178159 2.589568
 144.000000 -1.005189 2.598367
 145.000000 -1.161151 2.479207
 146.000000 -1.091705 2.551591
 147.000000 -1.097434 2.645065
 148.000000 -1.448209 2.696641
 149.000000 -1.538875 2.563829
 150.000000 -0.839383 2.602718
 151.000000 -1.264329 2.677295
 152.000000 -0.836125 2.326333
 153.000000 -0.847806 2.428921
 154.000000 -1.108126 2.699291
 155.000000 -0.998192 2.619693
 156.000000 -0.732688 2.470401
 157.000000 -1.038620 2.699575
 158.000000 -1.189457 2.292625
 159.000000 -1.391918 2.647359
 160.000000 -1.525758 2.688959
 161.000000 -0.869171 2.139345
 162.000000 -1.232662 2.019592
 163.000000 -1.088972 2.428402
 164.000000 -1.370495 2.731427
 165.000000 -1.447283 2.433332
 166.000000 -1.402552 2.947687
 167.000000 -1.186623 2.515965
 168.000000 -1.374022 2.643626
 169.000000 -0.768536 2.793330
 170.000000 -0.955440 2.528036
 171.000000 -0.869432 2.260808
 172.000000 -0.927139 2.458867
 173.000000 -1.145868 2.576731
 174.000000 -0.931766 2.889144
 175.000000 -1.045927 2.458880
 176.000000 -0.878611 2.719849
 177.000000 -1.686377 2.951152
 178.000000 -1.248255 2.744501
 179.000000 -1.325280 2.295347
 180.000000 -0.877464 2.625618
 181.000000 -1.108672 2.425443
 182.000000 -1.126507 2.572525
 183.000000 -1.526242 2.232119
 184.000000 -1.736906 2.364260
 185.000000 -0.961106 2.363042
 186.000000 -1.119776 2.592601
 187.000000 -0.523000 2.381487
 188.000000 -1.052598 3.041234
 189.000000 -1.138238 2.277847
 190.000000 -2.133443 2.978466
 191.000000 -2.430385 2.886855
 192.000000 -1.704993 2.490851
 193.000000 -1.102631 2.768677
 194.000000 -1.396371 2.580281
 195.000000 -1.278387 2.532774
 196.000000 -0.999924 2.323758
 197.000000 -1.205513 2.649758
 198.000000 -1.123578 2.240187
 199.000000 -1.147365 2.520682
 200.000000 -1.129222 2.314173
 201.000000 -1.048070 2.600573
 202.000000 -1.042182 2.511407
 203.000000 -0.868040 2.177331
 204.000000 -1.304707 2.763562
 205.000000 -1.560678 2.667894
 206.000000 -0.918270 2.186759
 207.000000 -1.102553 2.568493
 208.000000 -1.163881 2.611936
 209.000000 -1.393409 2.195497
 210.000000 -1.890087 1.984827
 211.000000 -1.365626 1.988279
 212.000000 -0.951288 2.393645
 213.000000 -1.089615 2.456900
 214.000000 -1.297847 2.527445
 215.000000 -1.117523 2.662109
 216.000000 -1.168242 2.310162
 217.000000 -0.775816 2.714745
 218.000000 -2.553431 2.816209
 219.000000 -2.097822 2.769552
 220.000000 -2.566205 2.643980
 221.000000 -2.859420 2.663118
 222.000000 -2.773743 2.659384
 223.000000 -2.830749 2.837420
 224.000000 -2.370529 2.664254
 225.000000 -2.574768 2.320824
 226.000000 -2.577157 2.829890
 227.000000 -2.583200 2.339202
 228.000000 -2.023550 2.859702
 229.000000 -1.118696 2.607595
 230.000000 -1.099908 2.431566
 231.000000 -1.091775 2.388772
 232.000000 -0.343218 2.066867
 233.000000 -1.431562 2.380004
 234.000000 -1.238514 2.526661
 235.000000 -0.736060 2.529209
 236.000000 -1.085309 2.570155
 237.000000 -1.132088 2.241062
 238.000000 -1.775667 2.519299
 239.000000 -1.283996 2.579463
 240.000000 -1.218419 2.298390
 241.000000 -1.710741 2.438148
 242.000000 -2.710189 2.798760
 243.000000 -2.089020 2.514904
 244.000000 -1.376327 1.988036
 245.000000 -1.065251 2.289223
 246.000000 -1.166901 2.491426
 247.000000 -1.172787 2.560128
 248.000000 -1.391970 2.552064
 249.000000 -0.901812 2.260366
 250.000000 -1.162780 2.734791
 251.000000 -1.869911 2.373632
 252.000000 -1.088100 2.650733
 253.000000 -1.221251 2.574563
 254.000000 -0.788904 2.561486
 255.000000 -1.166780 2.360216
 256.000000 -0.824838 2.453273
 257.000000 -1.132761 2.319400
 258.000000 -1.242207 2.716430
 259.000000 -1.380190 2.731231
 260.000000 -1.481031 2.665360
 261.000000 -0.897639 2.258969
 262.000000 -1.093776 2.471760
 263.000000 -0.880487 2.405979
 264.000000 -1.901136 2.362649
 265.000000 -1.120444 2.665007
 266.000000 -1.042485 2.802740
 267.000000 -1.122959 2.343476
 268.000000 -0.900570 2.778612
 269.000000 -0.980155 3.110236
 270.000000 -1.404895 2.454724
 271.000000 -1.816232 -3.117015
 272.000000 -1.003011 2.340615
 273.000000 -0.551090 2.321424
 274.000000 -1.002620 2.590427
 275.000000 -1.045149 2.457087
 276.000000 -0.533550 2.113304
 277.000000 -0.602078 2.538813
 278.000000 -1.232552 2.628541
 279.000000 -1.020648 2.339266
 280.000000 -0.836071 2.091966
 281.000000 -1.361060 2.289977
 282.000000 -2.018992 2.447103
 283.000000 -2.123660 2.208381
 284.000000 -2.308303 2.342881
 285.000000 -2.192874 2.364000
 286.000000 -2.645302 2.952118
 287.000000 -2.687141 2.632819
 288.000000 -2.910419 2.534417
 289.000000 -2.436494 2.902873
 290.000000 -1.089165 2.444156
 291.000000 -1.079920 2.510569
 292.000000 -1.547804 2.682484
 293.000000 -0.975073 2.395857
 294.000000 -1.295982 2.606640
 295.000000 -0.746143 2.735400
 296.000000 -1.136830 2.437968
 297.000000 -0.958076 2.646168
 298.000000 -1.056088 2.292654
 299.000000 -1.005623 2.460185
 300.000000 -1.182442 2.313452
 301.000000 -1.187993 2.203965
 302.000000 -0.567602 2.162863
 303.000000 -1.056454 2.649071
 304.000000 -1.239195 2.412514
 305.000000 -1.252269 2.547289
 306.000000 -0.945421 2.561964
 307.000000 -2.023192 2.349705
 308.000000 -2.130840 2.065821
 309.000000 -1.021073 2.525093
 310.000000 -1.755143 2.840351
 311.000000 -1.001862 -3.021562
 312.000000 -1.352023 2.303196
 313.000000 -1.686682 2.651018
 314.000000 -1.291278 2.372490
 315.000000 -1.148346 2.491566
 316.000000 -1.371915 1.316378
 317.000000 -1.492651 -0.241765
 318.000000 -1.597684 0.672940
 319.000000 -1.394362 -0.375107
 320.000000 -1.802834 0.013521
 321.000000 -1.608703 0.348865
 322.000000 -1.633366 0.245599
 323.000000 -2.501416 0.853554
 324.000000 -2.457556 0.337336
 325.000000 2.843880 0.866074
 326.000000 -1.977171 1.089313
 327.000000 -1.487575 0.500278
 328.000000 -1.638236 -0.075899
 329.000000 -1.692403 -0.298695
 330.000000 -1.792189 -0.082715
 331.000000 -1.441592 -0.144733
 332.000000 -2.067749 0.254248
 333.000000 -1.648248 -0.500240
 334.000000 -1.894240 -0.016602
 335.000000 -1.492939 0.132448
 336.000000 -1.665714 0.057126
 337.000000 -1.425918 -0.327764
 338.000000 -1.711802 -0.117922
 339.000000 -0.661829 -0.923024
 340.000000 -0.935466 -0.847759
 341.000000 -1.463379 -0.185373
 342.000000 -1.687860 -0.484828
 343.000000 -2.568379 0.076908
 344.000000 -1.963794 0.007109
 345.000000 -1.794422 0.243557
 346.000000 -2.041017 0.424745
 347.000000 -1.333097 -0.353001
 348.000000 -0.996485 -0.648903
 349.000000 -1.513694 0.127156
 350.000000 -1.196854 -0.569652
 351.000000 -2.743006 0.232737
 352.000000 -2.801208 0.073352
 353.000000 -1.724911 -0.182259
 354.000000 -1.126412 -0.724416
 355.000000 -1.429208 -0.192918
 356.000000 -1.147983 -0.559262
 357.000000 -1.461219 -0.405723
 358.000000 -1.889761 0.258513
 359.000000 -2.027191 1.286033
 360.000000 -1.626663 1.393991
 361.000000 -1.417064 1.709195
 362.000000 -1.719183 2.622627
 363.000000 -1.028453 2.758158
 364.000000 -1.201866 2.585140
 365.000000 -2.040647 1.893640
 366.000000 -2.538985 2.470060
 367.000000 -0.706922 2.439236
 368.000000 -1.100864 2.695677
 369.000000 -1.284975 1.991411
 370.000000 -1.895490 2.307752
 371.000000 -0.520881 2.515378
 372.000000 -1.391980 3.140974
 373.000000 -0.765150 2.326440
 374.000000 -1.202873 2.198059
 375.000000 -2.201322 2.406199
 376.000000 -2.194944 2.164235
 377.000000 -2.636950 2.238651
 378.000000 -2.035312 3.065058
 379.000000 -2.465234 2.706979
 380.000000 -2.655834 2.617784
 381.000000 -3.137666 3.029637
 382.000000 -2.908994 3.073275
 383.000000 -2.506556 2.606221
 384.000000 -0.947144 2.443164
 385.000000 -0.979898 2.659769
 386.000000 -1.157425 2.806066
 387.000000 -1.255881 2.355964
 388.000000 -1.259887 3.021819
 389.000000 -1.665147 1.551474
 390.000000 -1.106487 2.429470
 391.000000 -0.643903 2.264846
 392.000000 -0.998217 3.112551
 393.000000 -1.071304 2.743539
 394.000000 -1.125335 2.322180
 395.000000 -0.818072 2.561219
 396.000000 -1.022060 2.185293
 397.000000 -1.373274 1.432697
 398.000000 -1.703809 2.508818
 399.000000 -0.827895 2.135668
 400.000000 -1.473990 1.904816
