#! FIELDS time phi psi
#! SET min_phi -pi
#! SET max_phi pi
#! SET min_psi -pi
#! SET max_psi pi
 0.000000 -2.751988 0.946874
 1.000000 -1.554991 0.276652
 2.000000 -2.012437 0.333928
 3.000000 -1.080199 -0.692582
 4.000000 -1.950913 -0.117418
 5.000000 -1.782052 -0.012292
 6.000000 -1.113749 -0.847799
 7.000000 -1.792932 -0.266717
 8.000000 -1.836003 0.239976
 9.000000 -1.846655 0.548763
 10.000000 -2.087682 0.530340
 11.000000 -1.929884 0.067962
 12.000000 -1.253900 -0.287581
 13.000000 -1.724654 0.469258
 14.000000 -1.900227 0.070142
 15.000000 -1.200175 -0.181122
 16.000000 -1.117936 -0.839788
 17.000000 -1.429843 -0.237110
 18.000000 -1.567971 -0.050436
 19.000000 -1.071929 -0.751008
 20.000000 -0.931980 -0.915315
 21.000000 -1.001653 -0.712138
 22.000000 -0.986319 -0.674324
 23.000000 -1.208085 -0.533207
 24.000000 -1.670897 0.098307
 25.000000 -1.769462 0.603319
 26.000000 -2.192506 -0.070785
 27.000000 -1.053477 -0.659230
 28.000000 -1.269104 -0.529544
 29.000000 -1.709203 0.167420
 30.000000 -1.563329 -0.260847
 31.000000 -1.040754 -0.712262
 32.000000 -2.309295 0.449332
 33.000000 -1.720413 0.511961
 34.000000 -1.777647 -0.094264
 35.000000 -0.934147 0.000924
 36.000000 -1.252836 0.507476
 37.000000 -1.718436 -0.091129
 38.000000 -2.178646 0.167552
 39.000000 -1.974875 0.192962
 40.000000 -1.432349 -0.212374
 41.000000 -0.946734 -0.805815
 42.000000 -1.021486 -0.746276
 43.000000 -1.795222 0.020449
 44.000000 -2.498294 0.663794
 45.000000 -1.312746 -0.319166
 46.000000 -1.173239 -0.487906
 47.000000 -2.175817 0.169605
 48.000000 -2.875604 0.495883
 49.000000 3.125239 -0.081900
 50.000000 -1.368140 -0.395149
 51.000000 -2.263842 0.048619
 52.000000 -2.208416 0.144940
 53.000000 -1.662129 -0.009437
 54.000000 -1.865291 0.222787
 55.000000 -1.337595 -0.547873
 56.000000 -1.787161 -0.204959
 57.000000 -1.190537 -0.540605
 58.000000 -1.671741 -0.042378
 59.000000 -2.099905 -0.008034
 60.000000 -2.085112 0.186176
 61.000000 -1.254342 -0.492222
 62.000000 -1.763131 0.022328
 63.000000 -2.677288 0.597312
 64.000000 -2.284366 0.844397
 65.000000 -2.802289 1.198061
 66.000000 -2.965925 0.789879
 67.000000 -1.425152 -0.273657
 68.000000 -1.935595 0.070649
 69.000000 -1.536130 -0.299324
 70.000000 -1.605257 0.172158
 71.000000 -1.125043 -0.723705
 72.000000 -1.683134 -0.355517
 73.000000 -1.512873 0.562510
 74.000000 -1.731012 0.480741
 75.000000 -1.810294 0.157513
 76.000000 -2.054807 0.268553
 77.000000 -1.680963 0.109188
 78.000000 -1.506774 -0.427138
 79.000000 -1.936550 -0.550117
 80.000000 -2.389537 -0.584731
 81.000000 -2.535866 -0.217688
 82.000000 -2.899318 0.129630
 83.000000 -1.777926 0.170339
 84.000000 -2.373724 0.290744
 85.000000 -1.999018 0.313925
 86.000000 -1.802255 -0.082012
 87.000000 -1.716285 0.154463
 88.000000 -1.892565 -0.346923
 89.000000 -1.728791 0.304758
 90.000000 -1.651338 0.230475
 91.000000 -1.612865 -0.435062
 92.000000 -1.024538 -0.741280
 93.000000 -1.906276 0.085579
 94.000000 -2.691627 -0.058035
 95.000000 -1.922316 -0.474632
 96.000000 -2.858385 -0.113857
 97.000000 -1.970963 -0.190396
 98.000000 -1.342650 -0.484444
 99.000000 -2.041009 -0.052537
 100.000000 -1.640101 -0.828054
 101.000000 -1.918462 -0.469809
 102.000000 -2.298879 0.130341
 103.000000 -2.403060 0.135334
 104.000000 -2.660948 0.539332
 105.000000 -2.397905 0.213010
 106.000000 -2.832684 0.104105
 107.000000 -1.617995 0.180182
 108.000000 -1.335364 -0.358080
 109.000000 -1.175974 -0.848889
 110.000000 -1.276186 -0.479853
 111.000000 -1.517573 -0.549396
 112.000000 -1.436102 -0.460645
 113.000000 -1.110656 -0.634699
 114.000000 -1.031917 -0.599467
 115.000000 -0.873335 -0.741381
 116.000000 -1.538909 -0.398012
 117.000000 -1.357245 -0.436406
 118.000000 -1.091356 -0.809112
 119.000000 -1.202530 -0.543265
 120.000000 -1.230495 -0.317905
 121.000000 -1.731958 -0.294665
 122.000000 -1.465542 -0.110586
 123.000000 -2.255199 -0.330670
 124.000000 -1.986336 0.144076
 125.000000 -1.655142 -0.022361
 126.000000 -2.083849 1.854738
 127.000000 -2.374326 2.056995
 128.000000 -2.552210 2.248394
 129.000000 -2.197954 2.669696
 130.000000 -2.749756 1.919519
 131.000000 -2.829044 2.242827
 132.000000 -1.657388 2.574239
 133.000000 -1.038919 2.414954
 134.000000 -1.479872 2.540973
 135.000000 -1.416525 1.977140
 136.000000 -1.962875 1.932222
 137.000000 -2.125990 2.330481
 138.000000 -1.262601 2.444700
 139.000000 -1.424001 2.409605
 140.000000 -1.110241 2.560036
 141.000000 -0.922572 2.532520
 142.000000 -1.154761 2.645277
 143.000000 -1.328358 2.258645
 144.000000 -1.173851 2.518650
 145.000000 -1.364667 2.602794
 146.000000 -1.212524 2.445978
 147.000000 -0.731064 2.886510
 148.000000 -1.155534 2.406825
 149.000000 -1.422897 2.617813
 150.000000 -1.948751 2.597607
 151.000000 -1.031069 2.542164
 152.000000 -1.286807 2.455342
 153.000000 -1.342506 2.241489
 154.000000 -1.024598 2.661311
 155.000000 -1.673203 2.848664
 156.000000 -1.430889 2.338914
 157.000000 -2.179581 2.338931
 158.000000 -1.139763 2.685065
 159.000000 -1.031075 2.552633
 160.000000 -1.001702 2.585552
 161.000000 -1.227730 2.567102
 162.000000 -1.056125 2.408483
 163.000000 -1.140613 2.403489
 164.000000 -0.774635 2.679580
 165.000000 -1.132054 2.520748
 166.000000 -0.870363 2.247144
 167.000000 -1.606041 1.591913
 168.000000 -1.825338 2.151647
 169.000000 -1.906829 2.758806
 170.000000 -1.782945 2.494000
 171.000000 -1.266737 2.499483
 172.000000 -1.125485 2.321612
 173.000000 -1.200697 2.714195
 174.000000 -1.243221 2.293140
 175.000000 -1.988847 2.348418
 176.000000 -1.886660 2.202006
 177.000000 -1.640094 1.911849
 178.000000 -1.378498 2.252241
 179.000000 -1.189352 2.590041
 180.000000 -1.503505 2.783674
 181.000000 -1.940402 2.742594
 182.000000 -1.056810 2.406812
 183.000000 -0.597413 2.572765
 184.000000 -1.423298 2.625789
 185.000000 -0.886232 2.111598
 186.000000 -0.995880 2.570464
 187.000000 -1.112864 2.052584
 188.000000 -1.142828 2.649394
 189.000000 -1.106502 2.250976
 190.000000 -1.012982 2.571292
 191.000000 -1.128006 2.346237
 192.000000 -2.010175 2.485447
 193.000000 -2.364940 1.853148
 194.000000 -2.186073 2.381402
 195.000000 -1.581716 2.726640
 196.000000 -1.389399 2.478524
 197.000000 -1.389844 2.548365
 198.000000 -1.065477 2.546090
 199.000000 -1.830921 1.850618
 200.000000 -2.070376 2.212785
 201.000000 -0.998215 2.566375
 202.000000 -1.263756 2.606820
 203.000000 -1.217971 1.858355
 204.000000 -1.233716 2.695035
 205.000000 -1.587494 2.757308
 206.000000 -0.763839 2.365118
 207.000000 -0.910323 1.975966
 208.000000 -1.128563 2.547130
 209.000000 -1.272273 2.999637
 210.000000 -1.444066 2.603412
 211.000000 -0.901034 2.741259
 212.000000 -0.994296 3.062365
 213.000000 -1.146124 2.507278
 214.000000 -0.833219 2.947208
 215.000000 -0.910389 2.441381
 216.000000 -0.989566 2.549334
 217.000000 -1.188317 2.204018
 218.000000 -0.856034 2.322137
 219.000000 -1.367108 2.565121
 220.000000 -1.697595 2.756591
 221.000000 -1.455030 2.270191
 222.000000 -2.500672 2.826250
 223.000000 -2.417214 2.815290
 224.000000 -2.500635 2.438464
 225.000000 -1.966915 2.361392
 226.000000 -2.702212 2.709611
 227.000000 -1.116506 2.690875
 228.000000 -0.927897 2.336099
 229.000000 -0.761429 2.801413
 230.000000 -0.920843 2.842045
 231.000000 -1.255674 2.582660
 232.000000 -0.653339 2.412837
 233.000000 -1.202363 2.661224
 234.000000 -1.086855 2.510658
 235.000000 -1.080838 2.678333
 236.000000 -1.126158 2.671399
 237.000000 -1.058158 2.572736
 238.000000 -1.263878 2.523279
 239.000000 -0.908114 2.385357
 240.000000 -1.201107 2.069859
 241.000000 -0.879905 2.419429
 242.000000 -1.004831 2.388037
 243.000000 -1.002182 2.673073
 244.000000 -1.483786 2.606291
 245.000000 -1.120389 2.504699
 246.000000 -0.890882 2.316492
 247.000000 -0.778690 3.015617
 248.000000 -1.861179 2.412735
 249.000000 -0.948057 2.518463
 250.000000 -2.088107 2.820779
 251.000000 -1.973762 2.586618
 252.000000 -1.029919 2.801450
 253.000000 -0.858674 2.385747
 254.000000 -2.088807 2.626272
 255.000000 -1.951485 2.429892
 256.000000 -1.066959 2.787667
 257.000000 -0.899335 2.365280
 258.000000 -0.589250 2.782900
 259.000000 -0.485137 2.477990
 260.000000 -0.512687 2.601162
 261.000000 -1.044389 2.650964
 262.000000 -1.451386 2.607655
 263.000000 -0.938601 2.697284
 264.000000 -2.784811 2.821729
 265.000000 -2.239781 2.300976
 266.000000 -2.311915 2.790670
 267.000000 -2.548879 2.758079
 268.000000 -2.344995 2.837236
 269.000000 -1.807074 2.405128
 270.000000 -1.097307 2.451275
 271.000000 -0.981556 2.206700
 272.000000 -1.255278 2.432323
 273.000000 -1.191929 -3.064775
 274.000000 -1.360784 2.275769
 275.000000 -0.965640 2.344594
 276.000000 -1.324739 2.443778
 277.000000 -1.316731 2.477872
 278.000000 -1.408296 2.757080
 279.000000 -1.357620 2.273443
 280.000000 -1.306984 2.149116
 281.000000 -1.091280 2.267708
 282.000000 -1.016333 2.490119
 283.000000 -1.578356 2.503065
 284.000000 -1.342147 2.364887
 285.000000 -1.536745 2.070162
 286.000000 -1.530219 1.938508
 287.000000 -1.486853 2.644952
 288.000000 -1.141246 2.692057
 289.000000 -1.015750 2.324737
 290.000000 -1.542119 2.225177
 291.000000 -1.180513 2.590296
 292.000000 -1.472706 2.188534
 293.000000 -1.109007 2.524241
 294.000000 -0.687820 2.301420
 295.000000 -0.728796 2.481197
 296.000000 -2.025785 1.966112
 297.000000 -2.712651 2.639785
 298.000000 -2.713738 2.985529
 299.000000 -2.241592 2.367179
 300.000000 -1.902056 2.335431
 301.000000 -2.355071 2.384851
 302.000000 -2.432449 3.044534
 303.000000 -2.440928 2.954974
 304.000000 -2.270210 2.514835
 305.000000 -2.244617 3.035654
 306.000000 -1.959089 2.814361
 307.000000 -1.245156 2.034200
 308.000000 -2.350604 2.709345
 309.000000 -2.784178 2.759895
 310.000000 -2.532242 2.897393
 311.000000 -2.613072 2.568084
 312.000000 -2.679008 2.774689
 313.000000 -0.573665 2.270868
 314.000000 -2.188986 2.510802
 315.000000 -2.368383 2.319545
 316.000000 -2.867062 2.948635
 317.000000 2.932885 2.699746
 318.000000 2.125678 2.360486
 319.000000 1.244660 3.058561
 320.000000 0.912729 -3.065338
 321.000000 1.099839 -2.713656
 322.000000 1.062477 -2.888365
 323.000000 0.743940 -2.292745
 324.000000 1.007256 -2.349335
 325.000000 0.721354 -2.452116
 326.000000 0.992385 -2.569834
 327.000000 1.043411 -2.688946
 328.000000 0.797183 -2.523241
 329.000000 0.982779 -2.725444
 330.000000 0.864283 -2.682750
 331.000000 0.588224 -2.645337
 332.000000 0.986529 -2.508207
 333.000000 1.042877 2.701132
 334.000000 1.032785 3.021919
 335.000000 1.036435 -2.857950
 336.000000 0.676014 -2.538585
 337.000000 1.114420 2.719703
 338.000000 0.686428 -2.301186
 339.000000 0.877382 -2.578931
 340.000000 0.984567 -2.671885
 341.000000 0.805015 -2.525770
 342.000000 1.128828 -2.656305
 343.000000 1.234998 -2.744455
 344.000000 1.323728 -2.291673
 345.000000 1.039481 -3.027389
 346.000000 0.715868 -2.484505
 347.000000 0.628792 -2.443363
 348.000000 0.588670 -2.641526
 349.000000 0.705341 -2.348179
 350.000000 0.930009 -2.669979
 351.000000 1.010647 -2.633377
 352.000000 0.705259 -2.357753
 353.000000 0.889725 -2.803279
 354.000000 0.895392 -2.552643
 355.000000 0.892457 -2.737119
 356.000000 0.901115 -2.598314
 357.000000 0.856970 -2.586046
 358.000000 0.807622 -3.108610
 359.000000 0.752201 -2.118282
 360.000000 0.805799 -2.691013
 361.000000 1.001450 -3.076225
 362.000000 0.764737 -2.648978
 363.000000 0.789511 -2.677267
 364.000000 0.593407 -2.324776
 365.000000 0.873648 -2.676413
 366.000000 0.588806 -2.478085
 367.000000 0.955752 -2.570995
 368.000000 0.830231 -3.140369
 369.000000 1.105318 2.813963
 370.000000 0.407940 -2.592901
 371.000000 0.967549 -2.902037
 372.000000 1.033995 2.951975
 373.000000 1.013110 -3.049080
 374.000000 1.024777 -2.027669
 375.000000 0.987279 -3.029933
 376.000000 1.028549 -2.561771
 377.000000 0.984799 -3.037197
 378.000000 0.845916 -2.120640
 379.000000 0.968474 -2.537291
 380.000000 1.495452 2.739898
 381.000000 1.238339 2.381748
 382.000000 0.852897 2.609987
 383.000000 0.920063 -2.577674
 384.000000 1.160221 -3.017966
 385.000000 0.804084 -2.298439
 386.000000 0.860569 -2.628711
 387.000000 0.879221 3.046906
 388.000000 0.867342 -2.834629
 389.000000 0.798120 -2.502967
 390.000000 1.111101 -3.012856
 391.000000 1.286936 2.562534
 392.000000 1.253232 2.365244
 393.000000 1.454786 1.838144
 394.000000 1.189648 2.678971
 395.000000 1.219306 2.613362
 396.000000 0.901264 -2.713500
 397.000000 0.937917 -2.782671
 398.000000 1.274382 2.106500
 399.000000 0.924113 -2.675060
 400.000000 0.786916 -2.508322
