#! FIELDS time phi psi
#! SET min_phi -pi
#! SET max_phi pi
#! SET min_psi -pi
#! SET max_psi pi
 0.000000 0.893039 -2.219281
 1.000000 0.776432 -2.248361
 2.000000 0.718701 -2.657022
 3.000000 1.025123 -2.568346
 4.000000 0.756951 -2.750623
 5.000000 1.041501 2.891102
 6.000000 0.930267 -2.520947
 7.000000 1.003137 -2.578701
 8.000000 1.120929 -2.900808
 9.000000 0.800270 -2.633216
 10.000000 0.870213 -2.237054
 11.000000 1.156621 -3.121475
 12.000000 1.064717 -2.383113
 13.000000 1.224639 -3.003801
 14.000000 0.671293 -2.196476
 15.000000 0.779359 -2.645692
 16.000000 0.846315 -2.424759
 17.000000 1.036484 -2.999329
 18.000000 1.097452 -2.926687
 19.000000 0.794734 -3.085126
 20.000000 1.173929 3.066162
 21.000000 0.894195 -2.931397
 22.000000 1.015403 3.109454
 23.000000 1.031382 -2.182158
 24.000000 0.781988 -2.519566
 25.000000 1.128027 -2.840127
 26.000000 0.874980 -2.189631
 27.000000 0.961274 -3.011589
 28.000000 1.056998 -2.803252
 29.000000 1.034779 -2.712678
 30.000000 0.901271 -2.779805
 31.000000 0.877298 -2.593303
 32.000000 1.110244 -2.577559
 33.000000 0.758965 -2.594633
 34.000000 0.937699 -2.666714
 35.000000 0.762712 -2.466462
 36.000000 1.229692 -3.110530
 37.000000 0.970281 -2.924864
 38.000000 0.965076 -2.900122
 39.000000 0.743268 -2.537964
 40.000000 0.942245 -2.572526
 41.000000 0.714545 -2.626082
 42.000000 0.705050 -2.702919
 43.000000 0.881404 -2.653463
 44.000000 0.899678 -2.339567
 45.000000 0.994362 -2.229630
 46.000000 0.999584 -2.724974
 47.000000 0.805584 -2.665240
 48.000000 0.721031 -2.663451
 49.000000 0.961094 -2.779466
 50.000000 1.073345 -3.036348
 51.000000 1.105304 -2.751811
 52.000000 0.750736 -2.518984
 53.000000 0.618231 -2.509424
 54.000000 1.063812 3.096320
 55.000000 1.194534 -2.511013
 56.000000 0.997495 -2.813735
 57.000000 0.766550 -2.686789
 58.000000 0.949078 -2.930307
 59.000000 0.866838 -2.751224
 60.000000 1.250718 -2.690690
 61.000000 0.909715 -2.573416
 62.000000 0.767377 -2.499446
 63.000000 1.073334 -2.341242
 64.000000 0.838558 -2.526989
 65.000000 0.807540 -2.423570
 66.000000 1.160338 -2.820772
 67.000000 1.108617 -3.063212
 68.000000 1.075280 -2.739173
 69.000000 1.650198 2.749766
 70.000000 0.842446 -2.457362
 71.000000 1.014085 -2.717299
 72.000000 0.828125 -2.560332
 73.000000 0.940245 -2.724725
 74.000000 1.039743 -3.012284
 75.000000 0.915855 3.066676
 76.000000 1.001033 -3.025031
 77.000000 1.277943 -2.516315
 78.000000 0.805477 -2.459902
 79.000000 0.699065 -2.680825
 80.000000 0.493007 -2.459214
 81.000000 0.846962 -2.454937
 82.000000 0.812593 -2.409156
 83.000000 0.948579 -2.541683
 84.000000 1.571882 2.445889
 85.000000 1.127072 2.884132
 86.000000 1.087028 2.806550
 87.000000 1.626238 2.604798
 88.000000 1.336104 2.621312
 89.000000 0.769205 -2.594484
 90.000000 0.899326 -2.601330
 91.000000 1.176086 -2.442046
 92.000000 0.922459 -2.502255
 93.000000 0.960439 -2.336899
 94.000000 0.978654 -2.860808
 95.000000 0.963107 -3.070513
 96.000000 0.723713 -2.993253
 97.000000 0.561693 -2.684667
 98.000000 1.145552 -2.849808
 99.000000 1.168532 -3.111891
 100.000000 1.127826 -2.635780
 101.000000 0.957858 -2.528516
 102.000000 0.736299 -2.248898
 103.000000 0.928875 -3.104461
 104.000000 0.951507 -2.494428
 105.000000 0.632720 -2.683567
 106.000000 1.367490 2.641806
 107.000000 1.110428 2.805732
 108.000000 1.732665 2.632781
 109.000000 0.877115 -3.027917
 110.000000 0.967834 -2.938931
 111.000000 1.292330 -3.108467
 112.000000 0.845754 -2.581256
 113.000000 1.307485 -2.609058
 114.000000 1.001057 -2.928160
 115.000000 0.930049 -3.090493
 116.000000 1.105187 -3.057294
 117.000000 1.063587 -2.305206
 118.000000 1.129664 2.883214
 119.000000 0.936934 -2.235811
 120.000000 0.780078 -2.562648
 121.000000 0.737963 -2.636752
 122.000000 1.059601 -2.745956
 123.000000 1.165218 -2.957844
 124.000000 1.119706 -3.067732
 125.000000 1.060816 -2.659326
 126.000000 1.073255 3.047895
 127.000000 0.572887 -2.284952
 128.000000 1.127831 -2.744782
 129.000000 1.048046 -2.978942
 130.000000 1.338482 -2.895788
 131.000000 1.067725 2.800837
 132.000000 0.894217 3.026701
 133.000000 0.996533 -3.112073
 134.000000 0.723981 -2.158188
 135.000000 0.858411 -2.647894
 136.000000 0.886130 -2.653947
 137.000000 1.061389 -2.804491
 138.000000 0.756851 -2.372501
 139.000000 1.009094 -2.231674
 140.000000 1.226933 -2.896253
 141.000000 0.904044 -2.549071
 142.000000 0.940880 -3.002318
 143.000000 1.178077 3.122888
 144.000000 0.967570 -2.624430
 145.000000 0.878003 -2.416938
 146.000000 1.216197 -3.017062
 147.000000 0.560641 -2.352681
 148.000000 0.848713 -2.124743
 149.000000 0.802043 -2.441624
 150.000000 0.727346 -2.220737
 151.000000 0.854670 -2.570652
 152.000000 1.139719 -2.773085
 153.000000 0.702388 -2.600471
 154.000000 1.289424 2.572663
 155.000000 1.674402 2.207832
 156.000000 0.974025 -3.082127
 157.000000 0.806487 -2.548863
 158.000000 1.467358 2.937396
 159.000000 0.931556 -2.896146
 160.000000 0.953192 -2.739316
 161.000000 1.225777 -2.992022
 162.000000 0.775784 -2.690511
 163.000000 0.824224 -2.758119
 164.000000 0.727365 -2.875035
 165.000000 0.883326 -2.719118
 166.000000 0.941453 -2.769278
 167.000000 0.919140 -2.468344
 168.000000 0.937577 -2.934594
 169.000000 0.986495 3.054861
 170.000000 1.179016 3.074746
 171.000000 1.258591 2.587136
 172.000000 0.897824 2.965376
 173.000000 0.663756 -2.362376
 174.000000 0.707008 -2.364053
 175.000000 1.091099 -3.126441
 176.000000 0.778986 -2.646299
 177.000000 1.104569 -2.755990
 178.000000 1.023226 -2.620658
 179.000000 1.032789 -2.767943
 180.000000 0.894772 -2.844797
 181.000000 1.064421 -2.729784
 182.000000 0.909680 -2.745513
 183.000000 1.133893 2.189004
 184.000000 1.263937 2.864628
 185.000000 1.209594 3.061642
 186.000000 0.862549 -2.677552
 187.000000 0.976363 3.107034
 188.000000 0.951896 -2.660976
 189.000000 1.020227 -2.577782
 190.000000 0.867308 -2.482551
 191.000000 0.960951 -2.533023
 192.000000 1.573116 2.334878
 193.000000 1.116649 1.854506
 194.000000 0.948141 1.177295
 195.000000 1.397647 2.610640
 196.000000 1.276609 2.676415
 197.000000 0.950298 -2.629135
 198.000000 0.879593 -2.621369
 199.000000 0.809618 -2.497726
 200.000000 0.838998 -2.635674
 201.000000 0.823402 -2.494069
 202.000000 0.917938 -2.491792
 203.000000 0.944559 -2.579042
 204.000000 0.794957 -2.330310
 205.000000 1.009008 3.052683
 206.000000 1.167740 3.136380
 207.000000 0.968120 -2.751853
 208.000000 0.640625 -2.502105
 209.000000 0.791814 -2.528692
 210.000000 0.805206 -2.376445
 211.000000 0.847751 -2.499234
 212.000000 0.846645 -2.676936
 213.000000 1.146883 -3.111761
 214.000000 0.806954 -2.625303
 215.000000 0.938999 -3.123297
 216.000000 1.237180 -2.901677
 217.000000 1.045755 -2.986717
 218.000000 0.635171 -2.834868
 219.000000 1.034547 -3.140984
 220.000000 1.115189 -2.410187
 221.000000 1.052444 -2.521623
 222.000000 1.094574 -2.534571
 223.000000 1.163059 -2.897252
 224.000000 0.808684 -2.863357
 225.000000 0.775031 -2.481540
 226.000000 1.010321 -2.961217
 227.000000 0.823773 -2.930666
 228.000000 1.267874 -3.100598
 229.000000 0.999399 2.752609
 230.000000 1.200951 2.871063
 231.000000 0.816899 -2.497004
 232.000000 1.308674 1.971477
 233.000000 1.171185 -2.511188
 234.000000 0.763033 -2.991381
 235.000000 0.865057 -2.896839
 236.000000 0.592589 -2.718225
 237.000000 0.816634 -2.755055
 238.000000 0.814480 -2.778058
 239.000000 1.146359 -3.048485
 240.000000 0.785216 -2.890479
 241.000000 0.883938 -2.831755
 242.000000 0.829107 -2.478329
 243.000000 0.938415 -2.428426
 244.000000 0.730915 -2.504334
 245.000000 0.951347 -2.765385
 246.000000 1.018813 3.099708
 247.000000 0.966822 -2.718974
 248.000000 0.966442 -2.730873
 249.000000 0.943151 -2.421482
 250.000000 1.071588 -3.135111
 251.000000 0.977908 -2.524500
 252.000000 1.073096 -2.724047
 253.000000 0.894591 -2.831886
 254.000000 0.788649 -2.462521
 255.000000 0.788381 -2.841810
 256.000000 0.883221 -2.513708
 257.000000 0.908085 -2.237981
 258.000000 1.113248 -3.064753
 259.000000 0.730662 -2.490995
 260.000000 0.997085 -2.866424
 261.000000 1.480224 2.554543
 262.000000 1.368088 2.652847
 263.000000 0.566187 -2.547309
 264.000000 1.033170 -2.719000
 265.000000 0.858456 -2.675454
 266.000000 1.076612 -2.972994
 267.000000 0.949303 -2.695647
 268.000000 0.799638 -2.617476
 269.000000 0.950012 -2.475299
 270.000000 0.716481 -2.576848
 271.000000 0.869217 -2.621655
 272.000000 0.759879 -2.532812
 273.000000 1.296672 -2.489654
 274.000000 0.895264 -2.533960
 275.000000 1.112656 -3.121369
 276.000000 1.039991 -2.959653
 277.000000 1.240479 -2.494829
 278.000000 1.218991 -2.722808
 279.000000 0.716621 -2.473437
 280.000000 1.007495 -3.010785
 281.000000 0.939247 -2.456254
 282.000000 0.917454 -2.730339
 283.000000 1.068548 -2.056257
 284.000000 0.665903 -2.374609
 285.000000 0.758381 -2.824653
 286.000000 1.229803 2.982171
 287.000000 1.569879 2.250459
 288.000000 1.336075 2.456767
 289.000000 1.032955 0.267823
 290.000000 1.373649 0.724131
 291.000000 0.748262 0.795799
 292.000000 1.453605 0.523974
 293.000000 0.971481 0.496869
 294.000000 1.418009 0.454469
 295.000000 1.802992 0.647974
 296.000000 1.448708 0.178655
 297.000000 1.451328 0.544891
 298.000000 1.368799 0.357664
 299.000000 0.982904 1.181556
 300.000000 1.422854 0.896256
 301.000000 1.010610 1.350854
 302.000000 1.475910 1.828264
 303.000000 1.240531 2.795066
 304.000000 1.161939 2.761546
 305.000000 0.937741 3.103108
 306.000000 0.764947 -2.452836
 307.000000 1.082642 -3.103848
 308.000000 0.946834 3.060205
 309.000000 0.980032 2.975886
 310.000000 1.008737 -1.974369
 311.000000 1.343232 -1.687595
 312.000000 1.054241 -1.685695
 313.000000 1.400102 -0.724695
 314.000000 0.689612 -2.065765
 315.000000 1.011294 3.018932
 316.000000 0.662071 -2.261116
 317.000000 1.125607 3.034230
 318.000000 0.953944 -2.647923
 319.000000 0.904559 -2.917746
 320.000000 0.953427 -3.115486
 321.000000 1.147475 2.703415
 322.000000 1.317793 -1.927140
 323.000000 1.145187 -2.873588
 324.000000 0.581544 -2.351786
 325.000000 1.019373 -2.555917
 326.000000 0.724888 -2.461730
 327.000000 0.749160 -2.715466
 328.000000 0.942067 -2.739728
 329.000000 0.911608 -2.696407
 330.000000 0.980471 -2.868490
 331.000000 1.142344 -2.393243
 332.000000 0.859088 -2.887747
 333.000000 1.233083 -1.560540
 334.000000 0.660409 -2.201776
 335.000000 1.043562 -2.529186
 336.000000 0.981612 -2.884541
 337.000000 0.611977 -2.426056
 338.000000 0.841935 -2.727396
 339.000000 0.838678 -2.878963
 340.000000 1.091495 -2.955642
 341.000000 0.995030 -2.285830
 342.000000 1.252908 -2.262306
 343.000000 0.972418 -2.593081
 344.000000 0.694636 -2.965942
 345.000000 1.137743 -2.536342
 346.000000 0.956369 -2.711037
 347.000000 0.978527 -2.744808
 348.000000 0.982755 -2.750296
 349.000000 0.963452 -2.936331
 350.000000 0.799731 -2.338925
 351.000000 0.700322 -2.887480
 352.000000 0.857054 -2.917592
 353.000000 1.004098 2.816120
 354.000000 1.061932 3.106932
 355.000000 0.902746 3.055145
 356.000000 1.087955 -2.450156
 357.000000 1.105030 -2.437159
 358.000000 0.759292 -2.574610
 359.000000 1.001125 -2.622159
 360.000000 0.999542 -2.569828
 361.000000 0.925124 -2.546063
 362.000000 0.937406 -2.774300
 363.000000 0.578748 -2.499989
 364.000000 0.891649 -2.636444
 365.000000 0.854440 -3.124608
 366.000000 1.090397 3.069181
 367.000000 0.562761 -2.466291
 368.000000 0.881294 -2.276213
 369.000000 1.067365 -2.655587
 370.000000 1.001650 -2.330979
 371.000000 0.591932 -2.437814
 372.000000 0.841676 -2.455924
 373.000000 1.187917 3.055764
 374.000000 1.057675 -2.620227
 375.000000 0.850924 -2.660365
 376.000000 1.013226 -2.934520
 377.000000 1.736203 2.728415
 378.000000 0.830923 -2.604790
 379.000000 0.779225 -1.708336
 380.000000 1.231889 -1.537759
 381.000000 1.349440 -1.454889
 382.000000 1.335389 -1.329570
 383.000000 1.317386 -1.618584
 384.000000 0.765716 -2.553772
 385.000000 1.223415 3.043672
 386.000000 1.139825 2.553195
 387.000000 1.289868 2.518251
 388.000000 1.078393 2.916086
 389.000000 1.620133 2.982307
 390.000000 1.323417 -2.749757
 391.000000 1.379936 2.173732
 392.000000 1.308421 2.811189
 393.000000 1.081766 2.962183
 394.000000 0.877955 -2.666945
 395.000000 0.927044 -2.782710
 396.000000 1.039529 3.016057
 397.000000 0.484837 -2.404776
 398.000000 1.048587 -2.295759
 399.000000 0.705383 -2.445419
 400.000000 1.389290 2.693951
