#! FIELDS time phi psi
#! SET min_phi -pi
#! SET max_phi pi
#! SET min_psi -pi
#! SET max_psi pi
 0.000000 3.104817 -0.951424
 1.000000 -1.851485 -0.168165
 2.000000 -2.480018 -0.064324
 3.000000 -1.397218 -0.955231
 4.000000 -1.817930 0.017330
 5.000000 -2.060523 -0.278877
 6.000000 -1.442883 -0.189699
 7.000000 -1.349144 -0.072199
 8.000000 -1.790879 -0.089745
 9.000000 -1.636289 -1.120496
 10.000000 -1.012183 -0.726582
 11.000000 -1.057524 -0.549287
 12.000000 -1.012192 -0.783409
 13.000000 -1.000794 -0.680983
 14.000000 -1.442965 -0.235965
 15.000000 -1.734733 0.568427
 16.000000 -0.836375 -0.458326
 17.000000 -1.540274 -0.449937
 18.000000 -1.055987 -0.860577
 19.000000 -1.661722 0.413110
 20.000000 -1.307952 -0.471661
 21.000000 -1.067341 -0.830125
 22.000000 -1.728737 -0.275199
 23.000000 -1.628758 0.283640
 24.000000 -2.236221 0.451618
 25.000000 -2.443203 0.498690
 26.000000 -2.317094 0.382970
 27.000000 -2.146162 0.246812
 28.000000 -1.626065 0.087992
 29.000000 -1.081755 -0.827828
 30.000000 -0.968540 -0.661171
 31.000000 -1.258815 -0.605500
 32.000000 -1.282423 -0.645059
 33.000000 -1.146648 -0.642747
 34.000000 -0.727178 -0.938836
 35.000000 -1.156012 -0.662701
 36.000000 -1.010108 -0.606076
 37.000000 -1.490160 -0.399747
 38.000000 -1.105425 -0.549267
 39.000000 -1.629195 -0.280132
 40.000000 -1.689507 0.248945
 41.000000 -1.157369 -0.729594
 42.000000 -1.695084 0.260775
 43.000000 -1.763822 -0.127845
 44.000000 -1.818862 -0.165554
 45.000000 -1.977012 0.356121
 46.000000 -2.144816 0.492676
 47.000000 -2.029537 0.161453
 48.000000 -2.162430 0.026132
 49.000000 -2.173998 -0.333692
 50.000000 -1.675471 0.143528
 51.000000 -1.680960 -0.363665
 52.000000 -1.468566 -0.198029
 53.000000 -1.112243 -0.388193
 54.000000 -1.619166 0.076269
 55.000000 -2.263541 0.146906
 56.000000 -1.605629 -0.082778
 57.000000 -1.677979 -0.048990
 58.000000 -2.015168 0.184868
 59.000000 -1.993230 0.084195
 60.000000 -1.508354 -0.071997
 61.000000 -1.711543 0.268226
 62.000000 -1.137081 -0.562569
 63.000000 -2.762679 0.465294
 64.000000 -2.227258 0.544401
 65.000000 -1.524392 -0.000191
 66.000000 -1.890275 0.088995
 67.000000 -1.250962 -0.482579
 68.000000 -1.533337 -0.315912
 69.000000 -0.997815 -0.740357
 70.000000 -1.540758 -0.456364
 71.000000 -1.356410 -0.087495
 72.000000 -1.262304 -0.394786
 73.000000 -0.998261 -0.912917
 74.000000 -1.963693 0.412973
 75.000000 -1.398793 1.156233
 76.000000 -1.409853 -0.059945
 77.000000 -1.933066 0.023825
 78.000000 -1.746360 -0.319447
 79.000000 -1.076629 -0.740661
 80.000000 -1.109786 -0.640376
 81.000000 -1.536580 -0.298438
 82.000000 -1.160959 -0.835727
 83.000000 -1.339011 -0.548080
 84.000000 -1.899388 0.405516
 85.000000 -2.223759 0.266662
 86.000000 -2.738576 0.555283
 87.000000 -1.994935 0.101786
 88.000000 -2.133617 0.209116
 89.000000 -1.645449 0.507400
 90.000000 -1.989610 -0.362002
 91.000000 -1.483405 -0.686157
 92.000000 -1.684313 -0.039247
 93.000000 -0.981517 -0.729996
 94.000000 -1.849878 -0.096153
 95.000000 -2.237924 0.840398
 96.000000 -1.721695 0.380183
 97.000000 -1.438650 -0.546231
 98.000000 -0.993299 -0.770636
 99.000000 -1.168903 -0.532491
 100.000000 -1.616077 -0.032881
 101.000000 -1.011114 -0.586942
 102.000000 -1.617506 -0.093462
 103.000000 -1.736377 -0.145251
 104.000000 -1.639568 -0.400789
 105.000000 -1.041935 -0.589280
 106.000000 -1.108533 -0.738354
 107.000000 -1.206260 -0.659752
 108.000000 -1.159261 -0.674670
 109.000000 -0.914339 -0.804650
 110.000000 -0.647572 -0.758129
 111.000000 -1.104659 -0.627939
 112.000000 -1.633439 -0.341570
 113.000000 -1.549188 -0.178280
 114.000000 -1.125767 -0.501274
 115.000000 -1.847987 0.107791
 116.000000 -1.600864 0.413349
 117.000000 -1.120080 -0.540000
 118.000000 -1.140644 -0.743772
 119.000000 -1.013510 -0.743627
 120.000000 -1.624662 -0.508131
 121.000000 -1.777701 0.291528
 122.000000 -2.089162 0.099289
 123.000000 -2.708345 -0.019427
 124.000000 -2.707101 0.218913
 125.000000 -2.482106 0.414161
 126.000000 -1.648505 0.057571
 127.000000 -2.039630 0.187351
 128.000000 -1.710103 -0.114475
 129.000000 -1.755268 -0.003444
 130.000000 -1.455458 -0.495394
 131.000000 -1.744266 -0.000614
 132.000000 -2.007151 0.182782
 133.000000 -1.670035 -0.013229
 134.000000 -1.826619 0.037766
 135.000000 -1.872784 0.182515
 136.000000 -1.905844 0.470182
 137.000000 -1.829696 0.184348
 138.000000 -1.706432 0.412521
 139.000000 -1.855861 0.025335
 140.000000 -1.936548 -0.020072
 141.000000 -1.586442 -0.184154
 142.000000 -1.894256 0.173932
 143.000000 -1.750251 0.094365
 144.000000 -2.380896 0.268018
 145.000000 -1.889785 0.153349
 146.000000 -1.943830 0.279965
 147.000000 -1.694554 0.168973
 148.000000 -1.337219 0.849825
 149.000000 -1.580314 1.917802
 150.000000 -2.612570 2.303351
 151.000000 -2.533893 2.407138
 152.000000 -2.314485 2.192779
 153.000000 -2.331855 2.848703
 154.000000 -2.526422 2.764563
 155.000000 -2.378369 2.654117
 156.000000 -1.262619 2.891928
 157.000000 -1.070002 2.425319
 158.000000 -0.936095 2.199188
 159.000000 -0.707236 2.199517
 160.000000 -1.347897 2.797068
 161.000000 -0.945580 2.213957
 162.000000 -0.986473 2.756543
 163.000000 -0.974040 2.686125
 164.000000 -1.383605 2.226609
 165.000000 -0.893393 1.865743
 166.000000 -2.597980 2.344929
 167.000000 -2.042764 1.977404
 168.000000 -1.902805 2.640417
 169.000000 -1.648614 2.182665
 170.000000 -2.632496 2.969422
 171.000000 -2.551979 2.991437
 172.000000 -2.835978 2.649575
 173.000000 -2.539009 3.058256
 174.000000 -2.852189 2.972380
 175.000000 -2.329976 2.287276
 176.000000 -1.936471 2.230811
 177.000000 -1.771062 2.358919
 178.000000 -1.942989 2.152882
 179.000000 -2.263077 2.346473
 180.000000 -1.560624 2.444598
 181.000000 -1.019845 2.202531
 182.000000 -2.154703 2.031756
 183.000000 -1.353344 2.065686
 184.000000 -0.516571 2.423312
 185.000000 -0.593409 2.435198
 186.000000 -1.444387 2.432900
 187.000000 -2.540672 2.611326
 188.000000 -1.043712 1.878268
 189.000000 -1.021034 2.688828
 190.000000 -2.183327 2.388453
 191.000000 -2.254113 2.067077
 192.000000 -2.508613 2.440836
 193.000000 -2.492335 2.776284
 194.000000 -2.794938 2.653716
 195.000000 -2.368207 2.356088
 196.000000 -1.163248 2.416654
 197.000000 -1.354420 2.434125
 198.000000 -0.763025 2.091079
 199.000000 -0.908488 2.479702
 200.000000 -1.103783 2.772882
 201.000000 -0.968515 2.521216
 202.000000 -1.076418 2.642726
 203.000000 -2.002747 2.395281
 204.000000 -2.307976 2.140626
 205.000000 -1.906768 2.392452
 206.000000 -1.421977 2.065178
 207.000000 -0.962942 2.379620
 208.000000 -1.448670 2.279945
 209.000000 -1.536196 2.333421
 210.000000 -0.984244 2.414893
 211.000000 -2.434175 2.547766
 212.000000 -2.661289 2.849367
 213.000000 -1.677684 2.362380
 214.000000 -1.072410 2.554562
 215.000000 -1.284618 2.349922
 216.000000 -0.975133 2.365206
 217.000000 -1.122803 2.138796
 218.000000 -0.720511 2.604012
 219.000000 -2.586526 2.290758
 220.000000 -1.991577 2.650298
 221.000000 -1.521783 1.970388
 222.000000 -1.871571 3.127825
 223.000000 -1.734322 2.545210
 224.000000 -1.005571 2.110552
 225.000000 -1.070072 2.561402
 226.000000 -1.008910 2.641904
 227.000000 -0.822450 2.560387
 228.000000 -1.076937 2.676607
 229.000000 -1.071485 2.389190
 230.000000 -1.198845 2.458966
 231.000000 -1.688750 2.825043
 232.000000 -1.048256 2.647069
 233.000000 -1.123331 2.371309
 234.000000 -0.991720 2.629444
 235.000000 -0.795117 2.706472
 236.000000 -1.467510 2.913814
 237.000000 -1.205082 2.402703
 238.000000 -1.260548 2.207451
 239.000000 -1.040571 2.708521
 240.000000 -1.251648 2.852936
 241.000000 -1.670332 2.665682
 242.000000 -1.131884 2.594334
 243.000000 -0.915843 2.592222
 244.000000 -1.380601 2.581821
 245.000000 -1.043890 2.652863
 246.000000 -1.399016 2.773538
 247.000000 -1.082024 2.364416
 248.000000 -1.153924 2.537973
 249.000000 -1.261743 2.584729
 250.000000 -1.186632 2.018608
 251.000000 -1.882658 2.689052
 252.000000 -2.607543 2.428491
 253.000000 -2.701472 2.650999
 254.000000 -2.203265 2.528547
 255.000000 -2.597388 2.934966
 256.000000 -2.798598 3.072812
 257.000000 -1.563145 2.590428
 258.000000 -1.247116 2.590831
 259.000000 -2.017891 2.434691
 260.000000 -1.126178 2.238468
 261.000000 -2.187200 2.114954
 262.000000 -2.197243 2.014903
 263.000000 -1.720857 2.412813
 264.000000 -1.574672 2.294517
 265.000000 -1.877976 2.575160
 266.000000 -2.613845 2.447810
 267.000000 -2.808617 3.030199
 268.000000 -2.583069 2.596612
 269.000000 -1.166604 2.242579
 270.000000 -1.406343 1.969300
 271.000000 -1.727180 2.074548
 272.000000 -1.663375 2.556829
 273.000000 -1.132443 2.399992
 274.000000 -1.275376 2.697725
 275.000000 -1.013277 2.715655
 276.000000 -0.730311 2.522812
 277.000000 -0.807207 2.704621
 278.000000 -0.577943 2.706333
 279.000000 -0.428654 1.972560
 280.000000 -1.064502 2.520300
 281.000000 -0.905531 2.446955
 282.000000 -1.730196 2.373807
 283.000000 -2.064333 2.742141
 284.000000 -1.511680 -3.072195
 285.000000 -1.219619 2.272131
 286.000000 -1.260818 2.761169
 287.000000 -0.797821 2.605203
 288.000000 -1.011976 2.088162
 289.000000 -1.452226 2.411747
 290.000000 -1.373063 2.832855
 291.000000 -1.052174 2.736438
 292.000000 -1.426538 2.658756
 293.000000 -0.974025 2.723869
 294.000000 -1.115485 2.014799
 295.000000 -1.107524 2.650446
 296.000000 -1.213492 3.023483
 297.000000 -1.771211 2.819601
 298.000000 -1.329812 2.500640
 299.000000 2.976125 2.638629
 300.000000 -2.691836 2.755494
 301.000000 -2.636652 2.894119
 302.000000 -3.026088 2.579082
 303.000000 -2.577175 2.699360
 304.000000 -3.079201 2.545462
 305.000000 -1.055911 2.659719
 306.000000 -1.218620 2.815100
 307.000000 -1.986231 2.284624
 308.000000 -1.847810 2.021640
 309.000000 3.129685 2.138661
 310.000000 -3.080876 1.109718
 311.000000 -2.654157 -0.304867
 312.000000 -1.830641 -0.217295
 313.000000 -1.615777 0.059835
 314.000000 -1.096906 -0.729712
 315.000000 -1.360718 -0.253528
 316.000000 -1.463791 -0.321980
 317.000000 -1.292046 -0.322555
 318.000000 -1.381703 -0.725701
 319.000000 -1.160638 -0.787341
 320.000000 -2.046348 0.159629
 321.000000 -1.331600 -0.431146
 322.000000 -0.941088 -0.695467
 323.000000 -1.797523 -0.355965
 324.000000 -2.133198 -0.233776
 325.000000 -1.937804 -0.113340
 326.000000 -2.131340 0.612465
 327.000000 -1.267010 -0.603048
 328.000000 -1.057868 -0.630759
 329.000000 -1.362476 -0.351766
 330.000000 -0.965402 -0.726618
 331.000000 -1.075838 -0.605096
 332.000000 -1.330684 -0.584714
 333.000000 -1.128114 -0.575400
 334.000000 -1.260978 -0.574861
 335.000000 -1.111048 -0.728455
 336.000000 -1.427432 -0.119349
 337.000000 -1.085732 -0.814548
 338.000000 -1.685263 -0.081497
 339.000000 -1.218690 -0.293096
 340.000000 -1.181605 -0.354173
 341.000000 -1.110199 -0.556500
 342.000000 -1.158880 -0.705314
 343.000000 -2.223708 -1.477234
 344.000000 -2.400350 -0.998691
 345.000000 -1.077357 -0.640420
 346.000000 -0.949308 -0.740293
 347.000000 -1.033935 -0.396361
 348.000000 -1.197135 -0.880721
 349.000000 -1.733120 0.154120
 350.000000 -1.028280 -0.703543
 351.000000 -1.141264 -0.511075
 352.000000 -1.022680 -0.775042
 353.000000 -1.538334 -0.339825
 354.000000 -1.746244 -0.605045
 355.000000 -1.132186 -0.622248
 356.000000 -1.207505 0.072454
 357.000000 -1.097340 -0.807854
 358.000000 -1.084404 -0.755491
 359.000000 -1.961759 -0.094313
 360.000000 -2.162293 0.076286
 361.000000 -1.853120 -0.071333
 362.000000 -1.740971 -0.163049
 363.000000 -2.043959 0.288551
 364.000000 -1.524049 -0.375730
 365.000000 -1.912974 0.144829
 366.000000 -1.863534 0.159893
 367.000000 -1.835678 -0.083847
 368.000000 -2.165308 -0.316479
 369.000000 -2.316607 0.240856
 370.000000 -1.586099 0.295103
 371.000000 -2.132409 -0.034644
 372.000000 -1.984971 -0.238969
 373.000000 -1.090935 -0.771911
 374.000000 -1.046517 -0.597140
 375.000000 -2.010061 0.273506
 376.000000 -1.960875 0.317257
 377.000000 -1.376800 -0.297072
 378.000000 -2.159755 -0.212286
 379.000000 -1.474517 -0.181797
 380.000000 -1.872375 -0.358447
 381.000000 -1.164130 -0.366672
 382.000000 -1.067782 -0.816518
 383.000000 -1.164081 -0.417636
 384.000000 -1.320701 -0.296505
 385.000000 -1.905391 0.278018
 386.000000 -1.736170 0.040941
 387.000000 -2.496054 0.509860
 388.000000 -1.815832 -0.083676
 389.000000 -1.553348 0.311292
 390.000000 -1.850559 -0.278408
 391.000000 -1.779308 -0.245424
 392.000000 -1.208927 -0.490919
 393.000000 -0.881869 -0.802212
 394.000000 -1.124712 -0.742106
 395.000000 -1.623709 0.112702
 396.000000 -1.244479 -0.326283
 397.000000 -1.561631 0.161493
 398.000000 -1.728615 0.023911
 399.000000 -1.631585 0.030750
 400.000000 -1.867986 0.180335
