#! FIELDS time phi psi
#! SET min_phi -pi
#! SET max_phi pi
#! SET min_psi -pi
#! SET max_psi pi
 0.000000 -2.582646 2.650251
 1.000000 -2.153461 2.969619
 2.000000 -2.701475 3.059735
 3.000000 -2.338369 2.992311
 4.000000 -2.625446 3.033439
 5.000000 -2.827217 2.742690
 6.000000 -1.790372 2.444849
 7.000000 -2.837142 2.908664
 8.000000 -2.774907 2.944626
 9.000000 -2.543056 2.465825
 10.000000 -1.968710 2.790612
 11.000000 -1.506489 2.123528
 12.000000 -1.182560 2.452648
 13.000000 -1.171063 2.695400
 14.000000 -1.251424 2.504658
 15.000000 -1.418448 2.534286
 16.000000 -0.528981 2.554908
 17.000000 -0.921476 2.497384
 18.000000 -1.112449 2.433841
 19.000000 -1.640306 2.791330
 20.000000 -0.846414 2.798023
 21.000000 -1.162915 2.552964
 22.000000 -1.429911 2.528252
 23.000000 -1.191087 2.697679
 24.000000 -0.914762 2.916035
 25.000000 -1.028779 2.328394
 26.000000 -0.584228 2.369551
 27.000000 -1.082862 2.400264
 28.000000 -0.917013 2.207926
 29.000000 -1.014488 2.556827
 30.000000 -1.195786 2.401702
 31.000000 -1.150383 2.730963
 32.000000 -1.212617 2.464467
 33.000000 -0.910111 2.447252
 34.000000 -0.916315 1.879833
 35.000000 -1.095187 2.317117
 36.000000 -0.526165 2.404218
 37.000000 -1.167573 2.481730
 38.000000 -1.287167 2.285647
 39.000000 -1.599358 2.448500
 40.000000 -1.224751 2.597142
 41.000000 -1.818573 1.955671
 42.000000 -1.801800 2.251798
 43.000000 -2.562936 2.707753
 44.000000 -1.462203 2.542810
 45.000000 -1.091022 2.265804
 46.000000 -0.949056 2.559583
 47.000000 -1.039538 2.548231
 48.000000 -1.362552 -3.101376
 49.000000 -2.191711 2.440349
 50.000000 -2.515742 2.429178
 51.000000 -1.095770 2.527727
 52.000000 -1.095847 2.498240
 53.000000 -1.443409 2.634563
 54.000000 -1.184063 2.423905
 55.000000 -1.132019 2.521327
 56.000000 -1.211439 2.634985
 57.000000 -1.185520 2.386945
 58.000000 -1.022293 2.283714
 59.000000 -1.157776 2.279171
 60.000000 -1.422940 2.334111
 61.000000 -0.995574 2.360100
 62.000000 -0.856768 2.653499
 63.000000 -0.991586 2.276859
 64.000000 -1.021088 2.481395
 65.000000 -1.157891 2.388454
 66.000000 -1.486065 3.076967
 67.000000 -1.108594 2.449787
 68.000000 -1.113857 2.599474
 69.000000 -0.626796 2.308064
 70.000000 -1.386387 1.670895
 71.000000 -1.832894 1.986481
 72.000000 -1.088610 2.750220
 73.000000 -1.318211 1.967202
 74.000000 -1.094430 2.550042
 75.000000 -0.849990 2.634592
 76.000000 -1.391656 2.414503
 77.000000 -1.741849 2.481865
 78.000000 -1.100386 1.977587
 79.000000 -1.132756 2.456805
 80.000000 -0.821783 2.556705
 81.000000 -1.133436 2.698841
 82.000000 -1.318401 2.517253
 83.000000 -1.272552 2.608790
 84.000000 -2.118355 2.953119
 85.000000 -1.362186 2.791080
 86.000000 -1.130692 2.527613
 87.000000 -0.694497 2.526724
 88.000000 -1.125464 2.520100
 89.000000 -2.625199 2.994504
 90.000000 -2.866571 2.758505
 91.000000 -1.385820 2.715659
 92.000000 -1.338641 2.919848
 93.000000 -0.935504 2.560269
 94.000000 -0.950413 2.538595
 95.000000 -0.993043 2.251126
 96.000000 -2.304938 2.261908
 97.000000 -2.278854 2.053578
 98.000000 -0.976908 2.310958
 99.000000 -1.934018 2.469968
 100.000000 -1.396026 2.772297
 101.000000 -0.816881 2.676166
 102.000000 -0.704563 2.489468
 103.000000 -1.460945 2.663457
 104.000000 -0.560377 2.134966
 105.000000 -1.198159 2.280822
 106.000000 -2.047297 2.524688
 107.000000 -1.879507 2.921881
 108.000000 -1.733499 2.331584
 109.000000 -1.328223 2.755400
 110.000000 -1.809387 2.728916
 111.000000 -2.056505 3.012445
 112.000000 -1.299149 2.320471
 113.000000 -1.151167 2.391143
 114.000000 -1.009290 2.540773
 115.000000 -1.081890 2.347265
 116.000000 -1.093780 2.589661
 117.000000 -1.594317 2.755890
 118.000000 -1.839622 2.579743
 119.000000 -1.138218 2.282751
 120.000000 -1.523780 2.869344
 121.000000 -1.113451 2.547691
 122.000000 -1.195422 2.509763
 123.000000 -2.423528 2.496837
 124.000000 -2.562492 2.787873
 125.000000 -0.803830 2.191994
 126.000000 -1.048921 2.896395
 127.000000 -2.424936 2.395266
 128.000000 -2.554090 2.554075
 129.000000 -2.240597 2.406863
 130.000000 -1.841525 2.347068
 131.000000 -1.107580 2.735532
 132.000000 -1.152325 2.383596
 133.000000 -1.056538 2.237449
 134.000000 -1.645699 2.889082
 135.000000 -1.259020 2.513617
 136.000000 -1.231068 2.803283
 137.000000 -1.505965 2.775250
 138.000000 -1.048064 2.444108
 139.000000 -1.085574 2.790169
 140.000000 -2.320210 2.952923
 141.000000 -1.244872 2.631761
 142.000000 -1.019353 2.460912
 143.000000 -0.504198 2.321218
 144.000000 -0.963395 2.441503
 145.000000 -1.185158 2.824989
 146.000000 -0.869715 2.532186
 147.000000 -1.189843 2.493138
 148.000000 -1.102307 2.809391
 149.000000 -0.722955 2.856762
 150.000000 -1.308724 2.400374
 151.000000 -1.247818 2.672365
 152.000000 -1.011826 2.574018
 153.000000 -1.383629 2.530979
 154.000000 -1.030513 2.675809
 155.000000 -1.476057 2.916794
 156.000000 -1.038402 2.574685
 157.000000 -1.363442 2.767968
 158.000000 -1.048106 2.532333
 159.000000 -1.251402 2.585500
 160.000000 -1.579783 2.817131
 161.000000 -1.410876 2.781994
 162.000000 -1.167884 2.494571
 163.000000 -1.102158 2.903514
 164.000000 -1.098447 2.467503
 165.000000 -1.146715 2.348248
 166.000000 -1.054832 1.978070
 167.000000 -1.115958 2.704656
 168.000000 -0.756067 2.036081
 169.000000 -1.428752 2.553696
 170.000000 -1.402475 2.276343
 171.000000 -1.710688 2.616859
 172.000000 -1.034514 2.095809
 173.000000 -1.791790 2.896631
 174.000000 -1.028016 2.324759
 175.000000 -0.881509 2.350381
 176.000000 -1.542458 2.489541
 177.000000 -1.381845 2.552814
 178.000000 -1.477314 1.521497
 179.000000 -1.007410 2.379606
 180.000000 -1.254054 2.036904
 181.000000 -1.172810 2.288909
 182.000000 -2.265361 2.854809
 183.000000 -2.339740 2.814941
 184.000000 -2.114236 2.779819
 185.000000 -2.298418 2.855459
 186.000000 -2.324958 2.243227
 187.000000 -2.680685 2.695324
 188.000000 -2.640717 2.652313
 189.000000 -1.680613 2.822458
 190.000000 -0.940752 2.562696
 191.000000 -1.189440 2.370901
 192.000000 -0.932235 2.446636
 193.000000 -1.165816 2.579750
 194.000000 -0.952786 2.504270
 195.000000 -1.331637 2.827019
 196.000000 -1.117892 2.526401
 197.000000 -1.317875 2.616075
 198.000000 -1.444752 2.671330
 199.000000 -1.339211 2.799456
 200.000000 -0.419541 2.349352
 201.000000 -1.538183 2.276440
 202.000000 -0.896504 2.333012
 203.000000 -2.176983 2.434361
 204.000000 -2.968575 2.893948
 205.000000 -1.310251 2.019616
 206.000000 -1.627813 2.614578
 207.000000 -1.235832 2.051596
 208.000000 -2.638840 2.596841
 209.000000 -2.733026 2.746928
 210.000000 -2.577441 2.220153
 211.000000 -1.312518 2.900872
 212.000000 -1.165882 2.475287
 213.000000 -0.934556 2.484216
 214.000000 -0.939984 2.187234
 215.000000 -1.462131 2.244008
 216.000000 -1.475983 2.519067
 217.000000 -1.032350 2.226512
 218.000000 -1.021659 2.176221
 219.000000 -1.120533 2.483687
 220.000000 -1.172111 2.300159
 221.000000 -0.995568 2.732192
 222.000000 -1.199155 2.035594
 223.000000 -1.054537 2.341016
 224.000000 -1.635732 1.941217
 225.000000 -2.155328 1.344517
 226.000000 -1.332441 1.676697
 227.000000 -1.169932 2.278377
 228.000000 -1.052853 2.285534
 229.000000 -0.997707 2.392790
 230.000000 -0.816989 2.478958
 231.000000 -1.139393 2.886883
 232.000000 -1.350842 2.569847
 233.000000 -1.300214 2.602946
 234.000000 -1.107551 2.591439
 235.000000 -1.503772 2.242765
 236.000000 -1.798811 1.993592
 237.000000 -2.206565 2.600593
 238.000000 -2.371390 2.895591
 239.000000 -1.574077 1.896879
 240.000000 -2.758763 2.518601
 241.000000 -2.794461 2.847225
 242.000000 -2.465733 2.896902
 243.000000 -2.279495 2.606371
 244.000000 -2.745150 2.442065
 245.000000 -2.301412 2.158256
 246.000000 -2.011247 2.409036
 247.000000 -1.951494 2.404677
 248.000000 -1.380071 2.651087
 249.000000 -1.505077 2.247267
 250.000000 -2.587760 2.649973
 251.000000 -2.055037 1.977446
 252.000000 -0.877241 2.536679
 253.000000 -0.488571 2.133480
 254.000000 -1.583983 2.665594
 255.000000 -1.743040 -2.294508
 256.000000 -2.452280 -2.702583
 257.000000 -1.546831 3.084978
 258.000000 -1.293597 2.334553
 259.000000 -1.353891 2.674766
 260.000000 -0.537055 2.709024
 261.000000 -1.949033 2.221588
 262.000000 -0.975905 2.527107
 263.000000 -1.496931 2.214031
 264.000000 -2.488314 2.570889
 265.000000 -1.392033 3.133969
 266.000000 -1.893113 -2.569890
 267.000000 -2.154520 2.754121
 268.000000 -1.583261 2.189838
 269.000000 -1.230583 2.327120
 270.000000 -1.975585 2.382558
 271.000000 -0.828380 2.733227
 272.000000 -1.283929 2.447853
 273.000000 -1.333409 1.735314
 274.000000 -1.772419 2.460998
 275.000000 -2.368541 2.671750
 276.000000 -1.427861 2.207266
 277.000000 -1.146488 2.617343
 278.000000 -1.714366 2.782539
 279.000000 -2.729557 2.908274
 280.000000 -2.503244 2.064151
 281.000000 -1.525594 -3.124069
 282.000000 -2.132913 2.107212
 283.000000 -2.910627 2.668402
 284.000000 -2.802079 2.899149
 285.000000 -1.254550 2.535929
 286.000000 -1.480196 2.322689
 287.000000 -1.300521 2.408258
 288.000000 -1.336255 2.079250
 289.000000 -1.412623 2.136100
 290.000000 -1.110587 2.566851
 291.000000 -1.137397 2.538496
 292.000000 -2.185681 2.814208
 293.000000 -1.531091 2.912662
 294.000000 -2.837780 2.581924
 295.000000 -1.508216 2.186188
 296.000000 -1.164208 2.633772
 297.000000 -1.040033 2.365934
 298.000000 -0.789809 2.384947
 299.000000 -1.331630 2.176672
 300.000000 -0.972011 2.459439
 301.000000 -1.010571 2.347071
 302.000000 -1.433578 2.643549
 303.000000 -1.261214 2.679197
 304.000000 -0.913118 2.604042
 305.000000 -1.533856 2.896517
 306.000000 -0.880890 2.732158
 307.000000 -0.679647 2.572442
 308.000000 -0.932419 2.535390
 309.000000 -1.522013 2.629318
 310.000000 -0.974199 2.435782
 311.000000 -1.128859 2.448671
 312.000000 -1.324232 2.610869
 313.000000 -0.414173 2.189135
 314.000000 -1.054499 2.242432
 315.000000 -0.943485 2.330902
 316.000000 -1.142110 2.524843
 317.000000 -0.763220 2.686017
 318.000000 -1.020054 2.434198
 319.000000 -1.210079 2.349509
 320.000000 0.329511 1.581046
 321.000000 -1.040242 2.791505
 322.000000 -1.159100 2.567419
 323.000000 -0.761897 2.812584
 324.000000 -1.011421 2.443315
 325.000000 -0.924109 2.596520
 326.000000 -0.997991 2.423525
 327.000000 -1.809115 -2.915325
 328.000000 -1.265227 2.873095
 329.000000 -1.077132 2.620121
 330.000000 -1.061401 2.586591
 331.000000 -0.867416 2.403964
 332.000000 -1.808746 1.926537
 333.000000 -1.280777 2.498990
 334.000000 -1.414469 2.499006
 335.000000 -2.727302 2.423102
 336.000000 -2.777647 2.989467
 337.000000 -2.533075 -3.058634
 338.000000 -2.520307 2.966584
 339.000000 -1.973288 2.896006
 340.000000 -1.859666 -3.137665
 341.000000 -1.062979 -3.097960
 342.000000 -1.175122 2.878541
 343.000000 -0.829778 2.411189
 344.000000 -0.798011 2.507370
 345.000000 -0.940962 2.553692
 346.000000 -1.216106 2.308586
 347.000000 -1.104678 2.421738
 348.000000 -0.954038 2.631154
 349.000000 -1.211237 2.682133
 350.000000 -1.041681 2.653752
 351.000000 -1.314424 1.574579
 352.000000 -1.329185 2.395027
 353.000000 -0.938673 2.292235
 354.000000 -1.153481 1.995491
 355.000000 -1.011890 2.629241
 356.000000 -0.953850 2.356318
 357.000000 -1.161356 2.778783
 358.000000 -2.488903 2.762236
 359.000000 -2.162309 2.102135
 360.000000 -2.643699 2.672729
 361.000000 -1.995337 1.946076
 362.000000 -1.114898 2.501959
 363.000000 -1.437038 2.397539
 364.000000 -0.982354 2.304738
 365.000000 -1.212473 2.689569
 366.000000 -2.465755 2.850881
 367.000000 -1.053128 2.480205
 368.000000 -0.901446 2.286284
 369.000000 -1.033856 2.274740
 370.000000 -1.387492 2.790402
 371.000000 -1.204721 2.586125
 372.000000 -0.919481 2.326727
 373.000000 -0.516564 2.354876
 374.000000 -1.167559 2.507728
 375.000000 -1.215915 2.400721
 376.000000 -0.957423 2.480968
 377.000000 -0.909206 2.569027
 378.000000 -1.162164 2.709745
 379.000000 -1.529227 2.768562
 380.000000 -1.492235 3.054523
 381.000000 -1.320690 2.869065
 382.000000 -1.349912 2.296967
 383.000000 -1.169582 2.552073
 384.000000 -1.424969 2.214733
 385.000000 -1.666452 2.422575
 386.000000 -1.181407 2.383733
 387.000000 -1.298026 2.944679
 388.000000 -0.858522 2.502736
 389.000000 -1.118214 2.381850
 390.000000 -0.956084 2.243757
 391.000000 -1.252559 2.573682
 392.000000 -1.065531 2.390965
 393.000000 -1.106011 2.774491
 394.000000 -2.002558 2.766895
 395.000000 -2.751200 2.404551
 396.000000 -2.772119 2.762868
 397.000000 -2.772202 3.013849
 398.000000 -2.787625 2.697055
 399.000000 -1.331368 2.182807
 400.000000 -1.469784 2.324002
