#! FIELDS time phi psi
#! SET min_phi -pi
#! SET max_phi pi
#! SET min_psi -pi
#! SET max_psi pi
 0.000000 1.501608 -0.899486
 1.000000 1.463555 -0.864746
 2.000000 1.500504 0.219351
 3.000000 0.890858 0.409870
 4.000000 1.209224 0.315111
 5.000000 1.080523 0.701342
 6.000000 1.723908 0.525010
 7.000000 0.988268 1.043075
 8.000000 0.993209 1.215279
 9.000000 0.913461 0.689135
 10.000000 1.523966 0.659744
 11.000000 0.846631 0.881953
 12.000000 1.538007 0.413717
 13.000000 1.455865 0.345248
 14.000000 1.043192 0.572573
 15.000000 1.222501 0.648326
 16.000000 0.920220 0.863897
 17.000000 1.180319 0.764272
 18.000000 1.326259 0.511271
 19.000000 0.941216 0.722846
 20.000000 0.855155 0.528564
 21.000000 1.274431 0.646008
 22.000000 0.440788 1.109389
 23.000000 1.249630 0.440590
 24.000000 1.584274 0.692015
 25.000000 1.453831 0.329349
 26.000000 0.993558 1.519690
 27.000000 1.255057 1.684169
 28.000000 1.619099 1.827446
 29.000000 1.283572 2.128815
 30.000000 1.109826 1.497660
 31.000000 1.516567 1.739717
 32.000000 0.992780 2.643526
 33.000000 1.168798 2.662519
 34.000000 1.552802 2.607284
 35.000000 1.006627 2.461675
 36.000000 1.198548 2.692888
 37.000000 1.283592 2.523633
 38.000000 1.547378 1.688719
 39.000000 1.052210 2.693237
 40.000000 1.335946 2.708859
 41.000000 1.486129 2.285779
 42.000000 1.100047 1.626618
 43.000000 1.546711 1.989731
 44.000000 1.187615 2.264405
 45.000000 1.119518 -2.928553
 46.000000 1.174787 -2.915804
 47.000000 0.699428 -2.872360
 48.000000 0.894958 -2.712177
 49.000000 0.940473 -2.445476
 50.000000 0.723690 -2.297713
 51.000000 0.673606 -2.475001
 52.000000 0.720106 -2.675311
 53.000000 1.541236 2.449286
 54.000000 1.488784 2.465520
 55.000000 1.024201 -3.114162
 56.000000 0.735738 -2.805181
 57.000000 0.879835 -2.675113
 58.000000 1.008228 -2.743177
 59.000000 1.007331 -2.706290
 60.000000 0.859286 -2.817543
 61.000000 0.918895 -2.629931
 62.000000 0.886112 -2.849422
 63.000000 0.913152 -3.058105
 64.000000 0.835122 -2.581291
 65.000000 1.152268 3.089706
 66.000000 1.110801 -2.999543
 67.000000 0.941081 -2.867953
 68.000000 0.811533 -2.897497
 69.000000 1.201262 -2.877203
 70.000000 0.941510 -3.085692
 71.000000 0.957441 -3.089935
 72.000000 0.798666 -2.640238
 73.000000 1.014911 -2.515929
 74.000000 0.870970 -2.460468
 75.000000 0.658900 -2.785603
 76.000000 1.038600 -2.921232
 77.000000 0.778325 -2.268270
 78.000000 0.636749 -2.874686
 79.000000 0.734339 -2.644990
 80.000000 0.763360 -2.608009
 81.000000 1.000397 -2.146736
 82.000000 0.919374 -2.308956
 83.000000 0.884321 -3.039906
 84.000000 0.977370 2.983080
 85.000000 1.062853 -2.999512
 86.000000 1.070049 -2.893799
 87.000000 1.058983 3.084440
 88.000000 0.709321 -2.880549
 89.000000 0.969745 -2.726529
 90.000000 1.074507 -2.589103
 91.000000 0.929300 -2.725978
 92.000000 1.112346 -2.926279
 93.000000 0.981530 -2.775382
 94.000000 0.760849 -2.610018
 95.000000 0.644057 -2.809546
 96.000000 1.097716 -2.894891
 97.000000 1.074502 3.049915
 98.000000 1.427458 2.898391
 99.000000 0.644130 -2.742116
 100.000000 0.996509 -2.540789
 101.000000 0.789765 -2.873557
 102.000000 0.995475 -2.555062
 103.000000 1.131055 -3.070468
 104.000000 0.895681 -2.703597
 105.000000 0.658909 -2.577800
 106.000000 0.857259 -2.510159
 107.000000 0.962697 -2.667676
 108.000000 1.231568 -3.086462
 109.000000 0.852473 2.979476
 110.000000 0.872698 -2.658855
 111.000000 0.846154 -2.510732
 112.000000 0.631183 -2.483644
 113.000000 1.216181 3.106385
 114.000000 1.238134 -3.022530
 115.000000 1.313516 2.620375
 116.000000 1.349674 2.421876
 117.000000 0.714604 -2.562288
 118.000000 0.987177 -2.629600
 119.000000 0.937533 -2.929535
 120.000000 0.958545 -3.036352
 121.000000 0.990505 -2.956265
 122.000000 0.833548 -2.950529
 123.000000 1.017690 -2.890000
 124.000000 1.116685 -3.003420
 125.000000 1.387899 2.223440
 126.000000 1.632043 2.662554
 127.000000 1.303327 2.163241
 128.000000 1.371941 2.032423
 129.000000 1.475054 2.861835
 130.000000 0.909082 -2.681563
 131.000000 0.847650 -2.582585
 132.000000 1.075196 -2.994302
 133.000000 1.143819 2.862353
 134.000000 1.253595 0.336063
 135.000000 1.089835 0.469620
 136.000000 0.292020 1.480171
 137.000000 1.672780 0.498743
 138.000000 1.513132 0.374690
 139.000000 1.359355 0.737878
 140.000000 1.332701 0.424440
 141.000000 0.830100 0.934265
 142.000000 0.921404 1.159815
 143.000000 1.497534 0.140471
 144.000000 1.498163 0.556208
 145.000000 1.205423 0.581587
 146.000000 1.363391 0.219547
 147.000000 1.630460 0.646432
 148.000000 1.433039 -0.396752
 149.000000 1.438008 -0.822904
 150.000000 1.554144 0.430470
 151.000000 1.443787 0.346994
 152.000000 0.778113 0.790959
 153.000000 0.747320 0.932740
 154.000000 0.631976 0.935794
 155.000000 1.268147 0.148577
 156.000000 1.326631 0.383323
 157.000000 1.587736 0.395614
 158.000000 1.075672 1.197286
 159.000000 1.361158 0.418245
 160.000000 1.240008 0.386098
 161.000000 1.404882 0.324859
 162.000000 0.118808 1.788203
 163.000000 1.172468 2.623902
 164.000000 1.332235 2.511139
 165.000000 1.059622 -2.712534
 166.000000 1.050325 -3.067253
 167.000000 0.958652 2.957630
 168.000000 0.864580 -2.337269
 169.000000 0.935436 -2.675285
 170.000000 1.404727 2.268756
 171.000000 1.101727 -3.006640
 172.000000 0.889954 -2.808605
 173.000000 1.209551 2.755722
 174.000000 1.243996 2.789264
 175.000000 1.111346 2.686933
 176.000000 1.428244 2.773494
 177.000000 0.652196 -2.534077
 178.000000 1.060160 3.007891
 179.000000 1.202240 2.557310
 180.000000 0.998168 3.023684
 181.000000 1.252707 2.389061
 182.000000 0.969608 2.632255
 183.000000 0.777663 -2.329815
 184.000000 1.015557 -2.955539
 185.000000 1.077217 -2.583261
 186.000000 0.975375 -2.822297
 187.000000 0.942410 -2.949897
 188.000000 1.019101 3.027953
 189.000000 0.688363 -2.483176
 190.000000 0.864849 -2.785845
 191.000000 0.913513 -2.907838
 192.000000 0.906465 -2.930659
 193.000000 0.967797 -2.803673
 194.000000 0.583460 -2.582400
 195.000000 0.948779 -3.011289
 196.000000 0.789526 -2.765214
 197.000000 1.592520 2.584074
 198.000000 0.902675 -2.737281
 199.000000 1.130985 3.027822
 200.000000 1.135076 2.915453
 201.000000 0.867899 -2.769398
 202.000000 1.157008 -3.133370
 203.000000 1.135088 -2.882496
 204.000000 1.459536 -2.994728
 205.000000 1.113538 2.990428
 206.000000 0.945488 -2.713112
 207.000000 0.430511 -2.192620
 208.000000 0.643392 -2.326916
 209.000000 1.049938 -2.827987
 210.000000 1.017083 -2.872217
 211.000000 0.806711 -2.657611
 212.000000 0.676927 -2.461186
 213.000000 0.898196 -2.769958
 214.000000 0.869308 -2.510775
 215.000000 0.669044 -2.494518
 216.000000 1.077543 -2.859179
 217.000000 0.980886 -3.076245
 218.000000 0.945438 -3.053797
 219.000000 1.333954 -2.814491
 220.000000 0.746349 -2.837812
 221.000000 0.914797 -2.203774
 222.000000 0.901141 -2.504191
 223.000000 1.138706 -2.936370
 224.000000 1.283891 -2.631170
 225.000000 1.310078 -3.117631
 226.000000 1.063177 -2.794151
 227.000000 0.996027 -2.919167
 228.000000 1.133465 2.987231
 229.000000 0.944963 -2.637989
 230.000000 0.767573 -2.842660
 231.000000 0.879956 -2.601821
 232.000000 1.050279 -2.561119
 233.000000 0.435456 -2.269504
 234.000000 0.941130 -2.610714
 235.000000 0.833236 -2.409754
 236.000000 0.901759 -2.823540
 237.000000 0.966229 -3.089815
 238.000000 0.917824 -2.882016
 239.000000 0.806823 -3.036752
 240.000000 0.959555 -2.922516
 241.000000 0.997038 3.082505
 242.000000 0.750227 -2.775525
 243.000000 0.755053 -2.544951
 244.000000 0.987275 -2.530071
 245.000000 0.823211 -2.859572
 246.000000 1.172041 2.982465
 247.000000 1.321941 1.827792
 248.000000 1.439202 2.732639
 249.000000 0.810854 -2.916402
 250.000000 0.889355 -3.136628
 251.000000 0.921302 -3.017869
 252.000000 1.662833 2.693565
 253.000000 0.920961 -2.442196
 254.000000 1.101875 -2.964646
 255.000000 1.271985 -2.690035
 256.000000 0.815562 -3.011755
 257.000000 0.989392 -2.186992
 258.000000 0.574994 -2.814782
 259.000000 0.782978 -2.926002
 260.000000 1.303794 2.848741
 261.000000 1.026009 -2.819594
 262.000000 0.856480 -2.865117
 263.000000 0.991362 -2.861606
 264.000000 0.994632 -2.625227
 265.000000 0.724130 -2.549967
 266.000000 0.556189 -2.338560
 267.000000 0.912212 -2.840087
 268.000000 0.638767 -2.134461
 269.000000 0.834844 -3.075299
 270.000000 0.951427 -2.468830
 271.000000 1.144024 -3.024942
 272.000000 0.952644 -2.933617
 273.000000 0.886549 -2.337253
 274.000000 1.099872 2.895533
 275.000000 0.620992 -2.563548
 276.000000 0.719493 -2.580275
 277.000000 1.006852 -2.409918
 278.000000 0.839702 -2.708042
 279.000000 0.954736 -2.913192
 280.000000 1.016517 -3.008245
 281.000000 0.830390 -2.875479
 282.000000 0.856319 -2.829599
 283.000000 0.745258 -2.959750
 284.000000 0.863081 -2.083586
 285.000000 0.621338 -2.455341
 286.000000 1.003532 -2.988162
 287.000000 0.916062 -3.043933
 288.000000 1.332531 -3.097192
 289.000000 0.981203 -2.849398
 290.000000 1.201181 2.906445
 291.000000 0.939423 3.063286
 292.000000 0.590083 -2.411954
 293.000000 1.076610 -2.481185
 294.000000 0.944925 -2.932929
 295.000000 0.971748 -2.670117
 296.000000 0.741599 -2.745976
 297.000000 0.954798 -2.877448
 298.000000 1.019977 -2.830091
 299.000000 0.763660 -2.700142
 300.000000 0.783690 -2.523315
 301.000000 0.991183 -2.539024
 302.000000 0.899540 3.117998
 303.000000 1.016042 2.879975
 304.000000 0.953929 -2.641033
 305.000000 1.347354 -2.856761
 306.000000 1.089012 2.931823
 307.000000 0.743927 -2.636446
 308.000000 1.128476 -3.067977
 309.000000 0.838628 -2.729303
 310.000000 1.038772 -2.698449
 311.000000 0.920838 -2.568800
 312.000000 1.058779 -2.780722
 313.000000 0.861487 -2.566494
 314.000000 1.244180 1.988693
 315.000000 1.470796 2.890208
 316.000000 1.118584 -2.839310
 317.000000 1.152812 2.694390
 318.000000 0.947962 -3.003156
 319.000000 1.064256 -2.778474
 320.000000 0.934224 -2.581977
 321.000000 0.971511 -2.775123
 322.000000 0.934700 -2.803362
 323.000000 0.943854 -2.900923
 324.000000 0.850814 -2.925590
 325.000000 0.878954 -2.644194
 326.000000 0.841420 -2.970378
 327.000000 0.984599 -2.536689
 328.000000 0.694410 -2.106956
 329.000000 0.880180 -3.133791
 330.000000 1.280643 3.130474
 331.000000 1.160662 3.069750
 332.000000 0.956333 2.849420
 333.000000 1.293392 2.713464
 334.000000 0.927153 -3.013849
 335.000000 1.203237 -2.627001
 336.000000 0.812885 -2.790594
 337.000000 1.323777 2.273417
 338.000000 1.239313 2.786681
 339.000000 0.830499 -3.080503
 340.000000 0.832144 -2.753942
 341.000000 0.836782 -2.471522
 342.000000 0.738248 -2.559590
 343.000000 1.021277 -2.326468
 344.000000 1.193629 -2.731842
 345.000000 0.691553 -2.637349
 346.000000 0.829061 -2.597380
 347.000000 0.960529 -2.648293
 348.000000 0.965316 3.064135
 349.000000 0.773481 -2.737108
 350.000000 0.935094 2.926650
 351.000000 1.231234 1.995879
 352.000000 0.812669 -2.745675
 353.000000 0.829935 -2.861654
 354.000000 0.953420 -3.113151
 355.000000 1.151336 -2.919824
 356.000000 1.085116 -2.825587
 357.000000 0.909533 -3.129815
 358.000000 1.153523 2.459960
 359.000000 1.327837 2.854817
 360.000000 0.908300 -2.887607
 361.000000 0.701391 -2.543734
 362.000000 1.047603 3.100417
 363.000000 1.320861 2.616853
 364.000000 1.276480 2.482173
 365.000000 1.231361 1.948723
 366.000000 0.993677 3.097752
 367.000000 1.518211 2.180117
 368.000000 1.088498 -2.958872
 369.000000 1.088249 -2.614490
 370.000000 0.878987 -2.833028
 371.000000 1.047840 -2.401549
 372.000000 1.659519 2.911726
 373.000000 1.031403 -3.099155
 374.000000 1.065352 -2.732257
 375.000000 1.120752 -3.004785
 376.000000 0.804584 -2.453448
 377.000000 0.825836 -2.313020
 378.000000 0.828284 -2.880222
 379.000000 0.811930 -3.003547
 380.000000 0.946525 -2.671540
 381.000000 1.185743 -2.332720
 382.000000 1.165277 3.127024
 383.000000 0.619893 -2.699025
 384.000000 1.033673 -3.132229
 385.000000 1.323433 2.422396
 386.000000 1.318427 2.458197
 387.000000 1.387682 2.270835
 388.000000 1.106600 1.299376
 389.000000 0.182754 1.484017
 390.000000 0.837192 1.165187
 391.000000 0.666301 1.304098
 392.000000 1.442313 0.529624
 393.000000 1.456228 0.587175
 394.000000 1.250849 0.288322
 395.000000 1.407407 0.319122
 396.000000 1.375843 0.706026
 397.000000 0.624114 1.096838
 398.000000 0.886825 0.596730
 399.000000 1.102170 0.578372
 400.000000 1.428554 0.441863
