#! FIELDS time phi psi
#! SET min_phi -pi
#! SET max_phi pi
#! SET min_psi -pi
#! SET max_psi pi
 0.000000 1.083406 -1.359256
 1.000000 1.304057 -1.187373
 2.000000 1.519823 0.375021
 3.000000 1.373884 0.419779
 4.000000 0.988396 1.236035
 5.000000 0.888547 0.704626
 6.000000 1.363238 0.523594
 7.000000 1.261829 0.616553
 8.000000 1.336173 0.393811
 9.000000 1.303569 0.469765
 10.000000 1.495982 0.207676
 11.000000 1.436085 0.417451
 12.000000 1.146705 0.611195
 13.000000 1.766686 0.443153
 14.000000 1.470545 0.786743
 15.000000 1.038087 1.031943
 16.000000 1.427757 0.267038
 17.000000 0.368465 1.251874
 18.000000 0.792770 0.694801
 19.000000 0.965229 1.138544
 20.000000 0.917916 0.830876
 21.000000 1.552883 0.118690
 22.000000 0.750903 0.801440
 23.000000 1.185507 0.544922
 24.000000 0.911876 0.503861
 25.000000 1.277022 0.797411
 26.000000 1.497634 0.488901
 27.000000 1.115444 0.585995
 28.000000 1.268628 0.484737
 29.000000 1.322314 0.376480
 30.000000 1.514020 0.327651
 31.000000 0.810589 0.792282
 32.000000 1.262531 0.452666
 33.000000 1.360872 0.560726
 34.000000 1.400274 0.310967
 35.000000 0.521887 1.112720
 36.000000 1.425741 0.260089
 37.000000 1.037610 0.522125
 38.000000 1.633858 0.266882
 39.000000 0.632500 0.771628
 40.000000 -1.035540 2.451445
 41.000000 -1.348060 2.122604
 42.000000 -0.969986 2.380922
 43.000000 -0.937482 2.634763
 44.000000 -1.163306 2.823987
 45.000000 -1.721133 2.660491
 46.000000 -1.642536 2.623010
 47.000000 -1.506454 2.569783
 48.000000 -1.065501 2.353054
 49.000000 -2.240941 -3.098652
 50.000000 -1.805592 2.137177
 51.000000 -1.330634 2.802948
 52.000000 -1.142129 2.454917
 53.000000 -1.036591 2.767677
 54.000000 -1.231890 2.361045
 55.000000 -1.072807 2.328426
 56.000000 -0.822534 2.714200
 57.000000 -1.260944 2.540433
 58.000000 -1.189037 2.296836
 59.000000 -1.295254 2.795163
 60.000000 -1.141278 2.509257
 61.000000 -0.721706 2.257633
 62.000000 -0.590210 2.268367
 63.000000 -1.296984 2.038206
 64.000000 -1.022717 2.452579
 65.000000 -0.505860 2.819902
 66.000000 -1.025320 2.507746
 67.000000 -1.187822 2.485029
 68.000000 -0.998418 2.421291
 69.000000 -1.294074 2.778567
 70.000000 -1.185783 2.514640
 71.000000 -1.113505 2.650486
 72.000000 -1.114718 2.570778
 73.000000 -0.921429 2.360302
 74.000000 -1.141147 2.620998
 75.000000 -0.705381 2.409676
 76.000000 -1.240681 1.904216
 77.000000 -1.744202 2.371940
 78.000000 -1.083897 2.423377
 79.000000 -1.021279 2.262694
 80.000000 -1.188994 2.514788
 81.000000 -1.174898 2.819677
 82.000000 -1.304533 2.513079
 83.000000 -1.055297 2.549452
 84.000000 -1.078394 2.633343
 85.000000 -0.844670 2.327587
 86.000000 -0.961778 2.279596
 87.000000 -0.916471 2.224610
 88.000000 -0.860485 2.511633
 89.000000 -0.770336 2.489858
 90.000000 -1.265489 2.738460
 91.000000 -0.793158 2.439760
 92.000000 -1.491434 2.839448
 93.000000 -1.229581 2.812317
 94.000000 -1.935337 2.484489
 95.000000 -2.215570 2.134661
 96.000000 -0.825301 2.664492
 97.000000 -1.152914 2.451693
 98.000000 -1.123340 2.567212
 99.000000 -0.635039 2.476012
 100.000000 -1.081024 2.684696
 101.000000 -0.867417 2.314021
 102.000000 -1.296641 2.217461
 103.000000 -1.362850 1.979880
 104.000000 -1.132445 2.556473
 105.000000 -1.136937 2.383446
 106.000000 -1.348262 2.716988
 107.000000 -1.248435 2.724184
 108.000000 -1.476417 2.825891
 109.000000 -1.361489 2.293218
 110.000000 -1.735427 2.431243
 111.000000 -1.039278 2.377440
 112.000000 -1.190090 2.414212
 113.000000 -1.149747 2.211309
 114.000000 -1.345405 2.295307
 115.000000 -1.334080 2.761149
 116.000000 -0.778966 2.676681
 117.000000 -1.439990 2.619635
 118.000000 -2.607719 2.536860
 119.000000 -1.992901 2.562359
 120.000000 -0.827299 2.513314
 121.000000 -1.052900 2.629253
 122.000000 -0.777953 3.132767
 123.000000 -1.161544 2.743778
 124.000000 -1.364695 2.463587
 125.000000 -1.131933 2.338331
 126.000000 -1.067519 2.456402
 127.000000 -0.786438 2.380877
 128.000000 -1.216191 2.561768
 129.000000 -1.015096 2.585876
 130.000000 -1.124979 1.957597
 131.000000 -0.721241 2.318720
 132.000000 -0.761932 2.376829
 133.000000 -1.379664 2.724027
 134.000000 -1.144465 2.701163
 135.000000 -1.187997 2.380562
 136.000000 -2.160887 2.296358
 137.000000 -1.672071 2.247329
 138.000000 -0.965634 1.843044
 139.000000 -2.451474 3.029197
 140.000000 -1.978981 2.322102
 141.000000 -1.809606 2.037440
 142.000000 -2.748418 2.853855
 143.000000 -2.053275 2.283941
 144.000000 -1.983034 2.131471
 145.000000 -2.393962 2.603609
 146.000000 -2.270929 -2.919882
 147.000000 -2.189939 2.858631
 148.000000 -1.906148 2.992014
 149.000000 -2.768338 2.772085
 150.000000 -2.576430 2.564196
 151.000000 -2.201832 2.560944
 152.000000 -0.912305 2.442578
 153.000000 -0.901938 2.687577
 154.000000 -1.315792 2.704495
 155.000000 -1.591262 2.164447
 156.000000 -2.676049 2.396896
 157.000000 -2.490561 2.398339
 158.000000 -2.624352 2.345058
 159.000000 -2.756390 2.806903
 160.000000 -2.584528 2.856856
 161.000000 -2.674030 -3.102745
 162.000000 -2.827584 2.936601
 163.000000 -1.552662 2.249436
 164.000000 -0.561382 2.550618
 165.000000 -1.129523 2.212869
 166.000000 -0.521691 1.977706
 167.000000 -1.287962 2.491131
 168.000000 -1.662248 2.111248
 169.000000 -1.917105 2.963720
 170.000000 -2.040185 3.032504
 171.000000 -2.099791 2.930886
 172.000000 -1.031006 2.553473
 173.000000 -1.334130 2.921877
 174.000000 -1.017032 2.623381
 175.000000 -1.824562 2.461448
 176.000000 -2.527217 3.000226
 177.000000 -0.851549 2.337865
 178.000000 -1.107760 2.447456
 179.000000 -0.756373 2.295314
 180.000000 -0.919701 2.470850
 181.000000 -1.051160 2.196678
 182.000000 -1.015448 2.528284
 183.000000 -1.322770 2.769115
 184.000000 -2.754914 2.518352
 185.000000 -2.870665 -3.132982
 186.000000 -1.896302 1.909038
 187.000000 -1.938457 2.546127
 188.000000 -1.337154 2.823903
 189.000000 -1.156470 2.722827
 190.000000 -1.102856 2.379982
 191.000000 -1.177540 2.140262
 192.000000 -1.272605 2.288992
 193.000000 -1.172331 1.162508
 194.000000 -1.761283 1.940858
 195.000000 -1.666177 2.185328
 196.000000 -2.173476 2.455600
 197.000000 -1.760276 2.785298
 198.000000 -1.192879 2.590719
 199.000000 -0.977790 2.327867
 200.000000 -1.508408 2.801026
 201.000000 -1.699452 2.768431
 202.000000 -1.476730 2.138271
 203.000000 -0.970621 2.505495
 204.000000 -1.225270 2.845129
 205.000000 -1.361673 2.836460
 206.000000 -1.133625 2.514164
 207.000000 -1.019042 2.642416
 208.000000 -0.969697 2.375337
 209.000000 -1.157757 2.348813
 210.000000 -1.162620 2.056850
 211.000000 -1.165320 2.366216
 212.000000 -1.033973 2.505296
 213.000000 -1.061965 2.585495
 214.000000 -1.145375 2.485229
 215.000000 -1.252018 2.526073
 216.000000 -1.142585 2.668881
 217.000000 -0.771870 2.010832
 218.000000 -1.063213 2.496701
 219.000000 -1.276502 2.628453
 220.000000 -0.992361 2.669473
 221.000000 -0.883215 2.979115
 222.000000 -1.423607 2.908084
 223.000000 -1.110946 2.609317
 224.000000 -1.424082 2.731126
 225.000000 -1.401887 2.266246
 226.000000 -2.437054 2.511612
 227.000000 -2.177250 2.215772
 228.000000 -1.033009 2.520595
 229.000000 -1.173843 2.441136
 230.000000 -1.060474 2.520319
 231.000000 -1.088886 2.614291
 232.000000 -1.567900 3.120381
 233.000000 -1.123452 1.938097
 234.000000 -1.057557 2.354768
 235.000000 -0.990106 2.231617
 236.000000 -1.375188 2.600418
 237.000000 -3.016527 2.854604
 238.000000 -1.481902 2.366880
 239.000000 -1.956681 2.271408
 240.000000 -1.138247 2.336145
 241.000000 -0.616791 2.489088
 242.000000 -0.886497 2.355542
 243.000000 -1.331342 2.514537
 244.000000 -2.026833 2.144423
 245.000000 -1.052979 2.373331
 246.000000 -1.199144 2.608663
 247.000000 -1.015756 2.307695
 248.000000 -1.508014 2.557982
 249.000000 -1.064100 2.534524
 250.000000 -0.749373 2.405438
 251.000000 -1.116973 1.704893
 252.000000 -1.402317 2.658320
 253.000000 -1.465152 2.309452
 254.000000 -2.459649 2.951396
 255.000000 -2.293940 2.873503
 256.000000 -2.829296 2.772130
 257.000000 -2.714577 2.612007
 258.000000 -2.637922 2.617719
 259.000000 -2.800477 2.939096
 260.000000 -2.421456 2.211637
 261.000000 -2.103068 2.727752
 262.000000 -0.989828 2.432777
 263.000000 -0.945836 2.450178
 264.000000 -1.268778 2.705713
 265.000000 -1.214034 2.653339
 266.000000 -1.153324 2.906876
 267.000000 -1.127227 2.873984
 268.000000 -1.230080 2.556505
 269.000000 -1.126443 2.474537
 270.000000 -0.943358 2.833895
 271.000000 -0.924362 2.724343
 272.000000 -0.961907 2.287673
 273.000000 -1.082035 2.484170
 274.000000 -0.952970 2.720033
 275.000000 -1.081786 2.601033
 276.000000 -1.385214 2.614807
 277.000000 -0.637154 2.165081
 278.000000 -2.645154 2.375077
 279.000000 2.922460 1.769455
 280.000000 -2.694952 2.849110
 281.000000 -2.498339 2.431914
 282.000000 -1.889465 2.833886
 283.000000 -2.036771 2.686962
 284.000000 -1.017168 2.058860
 285.000000 -1.169003 2.339684
 286.000000 -0.968313 2.644751
 287.000000 -1.069590 2.560800
 288.000000 -0.661401 2.188689
 289.000000 -1.150811 2.842528
 290.000000 -0.882700 2.590228
 291.000000 -1.090183 2.230992
 292.000000 -1.115225 2.508007
 293.000000 -1.041105 2.323352
 294.000000 -0.988377 2.347844
 295.000000 -1.056858 2.540296
 296.000000 -1.124193 2.887578
 297.000000 -1.160282 2.410593
 298.000000 -1.297394 2.550785
 299.000000 -1.286507 3.069170
 300.000000 -1.139947 2.746585
 301.000000 -1.271609 2.502285
 302.000000 -0.867121 2.465895
 303.000000 -1.161409 2.642455
 304.000000 -1.662864 2.140707
 305.000000 -1.691705 2.570126
 306.000000 -1.670878 2.785247
 307.000000 -0.984831 2.356156
 308.000000 -1.368880 2.503629
 309.000000 -1.156301 2.143808
 310.000000 -1.221220 2.845743
 311.000000 -1.070572 2.496206
 312.000000 -1.024545 2.237036
 313.000000 -1.015182 2.600018
 314.000000 -1.233403 2.575969
 315.000000 -0.943571 2.847280
 316.000000 -1.239234 2.704383
 317.000000 -1.304426 2.820521
 318.000000 -0.960662 2.706649
 319.000000 -0.819370 2.714810
 320.000000 -1.084869 2.540911
 321.000000 -1.008473 2.402164
 322.000000 -1.070521 2.657236
 323.000000 -1.119128 2.768940
 324.000000 -1.442799 2.887885
 325.000000 -1.027302 2.419103
 326.000000 -1.204262 2.389543
 327.000000 -1.013962 2.479820
 328.000000 -0.938189 2.781137
 329.000000 -1.078357 2.254477
 330.000000 -0.585624 2.478906
 331.000000 -1.404128 2.940948
 332.000000 -1.316751 2.771888
 333.000000 -1.070873 2.508883
 334.000000 -1.996448 2.835034
 335.000000 -2.240163 2.364994
 336.000000 -1.134746 2.624517
 337.000000 -2.924968 2.766770
 338.000000 -1.487265 2.567878
 339.000000 -0.973129 2.359516
 340.000000 -0.857729 2.090409
 341.000000 -0.751614 2.235937
 342.000000 -0.906371 2.306088
 343.000000 -1.117506 1.990226
 344.000000 -1.015678 2.655610
 345.000000 -0.935951 2.370219
 346.000000 -1.316630 2.626039
 347.000000 -1.053339 2.596437
 348.000000 -1.434162 2.593694
 349.000000 -2.742509 3.036167
 350.000000 -2.611200 3.056899
 351.000000 -1.708475 2.185563
 352.000000 -2.715282 2.698542
 353.000000 -2.512222 2.400046
 354.000000 -2.070031 1.866260
 355.000000 -2.498037 2.331041
 356.000000 -1.427643 2.688233
 357.000000 -1.176887 2.538697
 358.000000 -1.377276 2.820573
 359.000000 -1.083377 2.390289
 360.000000 -1.087656 2.602787
 361.000000 -1.276340 2.516950
 362.000000 -1.246988 2.563566
 363.000000 -1.496804 2.210936
 364.000000 -1.313809 2.714422
 365.000000 -1.118754 1.911591
 366.000000 -2.357761 1.684744
 367.000000 -2.102289 2.240329
 368.000000 -1.891206 2.291802
 369.000000 -2.700611 2.830791
 370.000000 -2.589265 2.877450
 371.000000 -1.168733 2.629886
 372.000000 -1.583760 2.616659
 373.000000 -1.921642 2.336777
 374.000000 -1.423134 2.931006
 375.000000 -1.363779 2.625390
 376.000000 -2.139455 2.743915
 377.000000 -2.165340 1.958004
 378.000000 -1.794414 2.354195
 379.000000 -0.983654 2.523749
 380.000000 -1.074716 2.263451
 381.000000 -0.992821 2.555690
 382.000000 -1.219322 1.976422
 383.000000 -2.600161 2.760039
 384.000000 -2.383656 2.581465
 385.000000 -2.680283 2.854153
 386.000000 -2.259466 3.056644
 387.000000 -2.112000 2.536766
 388.000000 -2.248833 2.205904
 389.000000 -2.019338 2.480840
 390.000000 -2.047307 2.178030
 391.000000 -2.968248 2.421540
 392.000000 -2.573471 2.940040
 393.000000 -2.717850 3.036267
 394.000000 -2.344052 2.276938
 395.000000 -2.150082 2.240113
 396.000000 -0.633346 1.992175
 397.000000 -1.417641 2.770655
 398.000000 -1.198342 2.488839
 399.000000 -1.485251 2.449733
 400.000000 -1.123763 2.542132
