#! FIELDS time phi psi
#! SET min_phi -pi
#! SET max_phi pi
#! SET min_psi -pi
#! SET max_psi pi
 0.000000 1.501608 -0.899486
 1.000000 1.130365 0.487790
 2.000000 1.201662 0.563571
 3.000000 1.065453 0.486848
 4.000000 1.482953 0.455362
 5.000000 1.234010 0.312502
 6.000000 0.789371 1.468847
 7.000000 1.121007 1.158516
 8.000000 0.555384 1.546773
 9.000000 0.397018 1.239152
 10.000000 1.079599 1.221937
 11.000000 1.161029 0.838086
 12.000000 1.489011 0.513662
 13.000000 1.431072 0.489767
 14.000000 1.389065 0.321227
 15.000000 1.003497 1.227216
 16.000000 1.010441 1.316912
 17.000000 1.633633 0.561850
 18.000000 0.943477 0.087536
 19.000000 0.864560 0.984114
 20.000000 0.420237 1.211688
 21.000000 1.505593 0.391223
 22.000000 0.629759 1.063622
 23.000000 0.934205 0.682620
 24.000000 1.107749 0.651791
 25.000000 1.290628 0.580685
 26.000000 0.859136 0.850336
 27.000000 1.670516 0.324752
 28.000000 1.134272 0.429400
 29.000000 1.414598 0.638791
 30.000000 1.392912 0.286475
 31.000000 1.041501 0.503179
 32.000000 1.829318 -0.010593
 33.000000 0.860807 0.726513
 34.000000 1.108217 0.400935
 35.000000 1.470041 0.170580
 36.000000 1.473104 0.439106
 37.000000 1.490224 0.507610
 38.000000 1.250607 0.538985
 39.000000 1.454520 0.439413
 40.000000 1.323108 0.446537
 41.000000 1.194969 0.338438
 42.000000 1.319643 0.278578
 43.000000 0.928961 1.221188
 44.000000 1.194714 0.559964
 45.000000 0.904119 0.743323
 46.000000 1.561069 0.533016
 47.000000 1.344472 0.749784
 48.000000 1.354294 0.594036
 49.000000 1.458107 0.637719
 50.000000 1.156456 0.384183
 51.000000 0.648164 1.257504
 52.000000 1.403157 1.485601
 53.000000 1.452744 1.398293
 54.000000 0.994433 0.724526
 55.000000 1.082591 0.589361
 56.000000 1.192870 0.349499
 57.000000 1.482437 0.440265
 58.000000 1.369567 0.227827
 59.000000 1.193540 0.384168
 60.000000 2.800217 0.911520
 61.000000 1.323510 0.368961
 62.000000 1.333736 0.122242
 63.000000 1.343824 0.255998
 64.000000 1.310562 0.379451
 65.000000 1.163999 0.745965
 66.000000 1.227258 0.462612
 67.000000 1.550106 0.292560
 68.000000 1.278073 0.735617
 69.000000 1.162514 1.128921
 70.000000 1.460485 0.920826
 71.000000 1.147899 0.411318
 72.000000 1.518995 0.509320
 73.000000 1.317574 0.660118
 74.000000 1.571862 0.140283
 75.000000 1.065697 0.676690
 76.000000 1.038433 0.450901
 77.000000 0.907825 0.651101
 78.000000 1.247240 0.841148
 79.000000 1.081349 0.884104
 80.000000 1.576928 0.450614
 81.000000 1.395340 0.249931
 82.000000 1.288449 0.522710
 83.000000 0.985522 0.412322
 84.000000 1.431020 0.387693
 85.000000 1.060490 0.582868
 86.000000 1.911766 0.518354
 87.000000 1.441272 0.622159
 88.000000 1.356218 1.676152
 89.000000 1.309276 2.050255
 90.000000 1.254636 2.375428
 91.000000 1.420453 2.679462
 92.000000 0.909233 -2.610389
 93.000000 0.888372 -2.791958
 94.000000 1.114801 -2.316698
 95.000000 0.723121 -2.473109
 96.000000 1.200043 2.811138
 97.000000 0.947086 -2.866094
 98.000000 0.906781 3.139132
 99.000000 1.069994 -3.082722
 100.000000 1.097913 -3.128222
 101.000000 0.860706 -2.647515
 102.000000 0.672561 -2.360400
 103.000000 0.937545 -2.499254
 104.000000 1.244661 -2.700656
 105.000000 0.925830 -2.644023
 106.000000 0.878969 -2.972824
 107.000000 0.807868 -2.251025
 108.000000 1.161276 2.961499
 109.000000 0.948944 -3.013332
 110.000000 0.985240 -2.721082
 111.000000 0.945318 -2.493757
 112.000000 0.971414 -1.946988
 113.000000 0.915143 -2.318848
 114.000000 0.743263 -2.735948
 115.000000 0.742624 -2.647267
 116.000000 0.947812 -2.651765
 117.000000 0.749477 3.016978
 118.000000 0.916261 -2.505539
 119.000000 0.655416 -2.540388
 120.000000 1.088842 -2.796011
 121.000000 0.991006 3.090038
 122.000000 1.062717 -2.665184
 123.000000 0.874254 -2.478432
 124.000000 0.907068 -2.818554
 125.000000 0.959475 -3.131405
 126.000000 1.072679 -2.740021
 127.000000 0.851390 -2.740608
 128.000000 0.789967 -2.141567
 129.000000 0.941889 -2.984702
 130.000000 1.072133 -2.397581
 131.000000 1.023819 -2.269998
 132.000000 0.611938 -2.675043
 133.000000 0.754178 -2.738537
 134.000000 0.776540 -2.590396
 135.000000 0.753028 -2.698422
 136.000000 1.045441 -2.664730
 137.000000 0.992312 -3.002860
 138.000000 1.238967 -2.478471
 139.000000 1.153871 -3.096869
 140.000000 1.189542 2.530397
 141.000000 1.260718 1.904677
 142.000000 1.170650 1.645133
 143.000000 0.782099 0.466114
 144.000000 1.045973 -0.254140
 145.000000 1.356163 0.400958
 146.000000 1.873938 0.736434
 147.000000 1.731489 2.169415
 148.000000 2.698905 2.202600
 149.000000 -2.879721 2.888302
 150.000000 -2.628055 2.661535
 151.000000 -2.132217 2.099535
 152.000000 -2.337123 2.674495
 153.000000 -1.199250 2.549700
 154.000000 -0.553846 2.480065
 155.000000 -1.055377 2.778786
 156.000000 -1.027476 2.698292
 157.000000 -0.612496 2.662595
 158.000000 -1.148121 2.556842
 159.000000 -1.300740 2.420210
 160.000000 -0.697953 2.490773
 161.000000 -1.093185 2.553884
 162.000000 -2.261445 2.507438
 163.000000 -2.461236 2.214096
 164.000000 -2.851590 2.780236
 165.000000 -1.901683 2.033525
 166.000000 -1.479630 1.855901
 167.000000 -0.619509 2.501863
 168.000000 -2.076113 3.116176
 169.000000 -2.683842 -3.137886
 170.000000 -2.647377 2.819571
 171.000000 -2.764668 2.954781
 172.000000 -2.605096 2.742532
 173.000000 -1.526616 2.203291
 174.000000 -1.103949 2.689582
 175.000000 -1.224886 2.817454
 176.000000 -1.455109 2.457286
 177.000000 -1.210767 2.640429
 178.000000 -1.392505 2.138322
 179.000000 -1.627459 2.388086
 180.000000 -1.006272 2.625474
 181.000000 -1.157204 2.436189
 182.000000 -2.815264 2.813445
 183.000000 -2.620165 2.666237
 184.000000 -1.175536 2.697665
 185.000000 -1.109818 2.538458
 186.000000 -1.632450 2.904751
 187.000000 -0.909879 2.190837
 188.000000 -1.530637 2.833203
 189.000000 -1.148346 2.701449
 190.000000 -1.214684 2.906022
 191.000000 -0.814995 2.708613
 192.000000 -0.870878 2.167845
 193.000000 -1.222157 2.734411
 194.000000 -2.713509 2.711438
 195.000000 -2.154884 2.149061
 196.000000 -1.615194 2.311705
 197.000000 -1.036054 2.361843
 198.000000 -0.919042 2.568148
 199.000000 -1.033963 2.547123
 200.000000 -1.214658 2.148497
 201.000000 -1.714121 2.928451
 202.000000 -2.059316 3.007928
 203.000000 -1.657516 2.916992
 204.000000 -1.565833 2.137362
 205.000000 -1.523215 2.105144
 206.000000 -2.630148 2.641371
 207.000000 -2.788663 2.910830
 208.000000 -1.453323 2.719294
 209.000000 -2.448962 2.873612
 210.000000 -2.901478 2.954478
 211.000000 -2.407738 2.849779
 212.000000 -2.418083 3.027582
 213.000000 -1.747825 2.586512
 214.000000 -2.631344 -3.121908
 215.000000 -2.537081 2.838876
 216.000000 -2.128034 2.784462
 217.000000 -2.599536 2.810318
 218.000000 -2.680186 3.067624
 219.000000 -1.695275 2.474842
 220.000000 -2.135632 2.496226
 221.000000 -2.343330 2.091058
 222.000000 -2.594370 2.731318
 223.000000 -2.336466 2.891780
 224.000000 -1.746960 2.989946
 225.000000 -2.910914 2.773957
 226.000000 -2.590074 2.337738
 227.000000 -2.772890 2.857570
 228.000000 -2.719465 2.929521
 229.000000 -2.412433 2.527121
 230.000000 -2.732706 2.433576
 231.000000 -2.016500 2.465499
 232.000000 -1.085737 2.245416
 233.000000 -2.316189 2.515538
 234.000000 -1.765121 2.732495
 235.000000 -1.887460 2.605423
 236.000000 -1.505466 2.761653
 237.000000 -0.869845 2.560397
 238.000000 -1.658032 2.099661
 239.000000 -0.961690 2.605463
 240.000000 -1.208773 2.672964
 241.000000 -0.985032 2.485749
 242.000000 -0.596311 2.571483
 243.000000 -1.242396 2.406496
 244.000000 -1.182908 1.665401
 245.000000 -2.332859 2.664315
 246.000000 -2.328615 2.631592
 247.000000 -2.394091 3.117128
 248.000000 -2.569622 2.707799
 249.000000 -2.166568 2.320412
 250.000000 -2.351979 2.925233
 251.000000 -2.626573 2.601180
 252.000000 -2.649043 2.476451
 253.000000 -0.799338 2.818442
 254.000000 -0.760363 2.558239
 255.000000 -1.143923 2.623814
 256.000000 -1.484505 2.674881
 257.000000 -0.929180 2.651490
 258.000000 -1.520080 2.887810
 259.000000 -2.894979 -3.089714
 260.000000 -2.622618 2.851063
 261.000000 -1.862050 3.112963
 262.000000 -2.220434 2.616790
 263.000000 3.135148 2.113259
 264.000000 -2.569951 2.613048
 265.000000 -2.192416 3.033379
 266.000000 -2.412419 2.872762
 267.000000 -1.472842 2.935649
 268.000000 -1.997631 2.304718
 269.000000 -1.075051 2.639919
 270.000000 -1.187182 2.679882
 271.000000 -1.087141 2.276487
 272.000000 -0.989817 1.841941
 273.000000 -1.001370 2.513759
 274.000000 -1.004431 2.818275
 275.000000 -0.967001 2.567248
 276.000000 -0.330928 2.318106
 277.000000 -1.067824 2.259857
 278.000000 -0.981061 2.138250
 279.000000 -0.980325 2.149580
 280.000000 -1.311013 2.428019
 281.000000 -0.403619 2.207298
 282.000000 -1.625842 2.331654
 283.000000 -0.856468 2.452603
 284.000000 -1.051721 2.296491
 285.000000 -1.481121 1.462215
 286.000000 -1.069459 1.921417
 287.000000 -1.007695 2.562366
 288.000000 -2.053538 2.524968
 289.000000 -0.888967 2.398104
 290.000000 -0.766373 2.360183
 291.000000 -0.992436 2.331909
 292.000000 -1.378986 2.844620
 293.000000 -1.001585 2.590543
 294.000000 -1.292694 2.649575
 295.000000 -2.202573 2.226930
 296.000000 -0.996399 2.749008
 297.000000 -1.613000 2.328289
 298.000000 -2.091772 2.246932
 299.000000 -2.368499 2.474722
 300.000000 -2.640320 2.601138
 301.000000 -2.191938 2.602519
 302.000000 -2.448153 2.907650
 303.000000 -2.396665 2.721634
 304.000000 -2.494529 2.508623
 305.000000 -0.599916 2.163685
 306.000000 -2.232102 2.652851
 307.000000 -1.385059 2.054401
 308.000000 -2.464237 2.642249
 309.000000 -2.635139 2.720608
 310.000000 -2.260081 3.098513
 311.000000 -2.615044 2.615420
 312.000000 -2.955757 2.685562
 313.000000 -2.337333 3.035373
 314.000000 -0.991237 2.350343
 315.000000 -1.042410 2.485143
 316.000000 -1.453385 2.347650
 317.000000 -2.473008 2.429802
 318.000000 -2.135348 2.059420
 319.000000 -2.578150 2.721779
 320.000000 -2.281911 2.812741
 321.000000 -1.921963 2.499194
 322.000000 -2.642314 2.857377
 323.000000 -1.965266 1.839948
 324.000000 -1.861824 2.244781
 325.000000 -2.119834 2.391779
 326.000000 -1.084658 2.524243
 327.000000 -0.859587 2.087655
 328.000000 -1.171893 1.917651
 329.000000 -1.145409 2.573037
 330.000000 -1.473855 2.459114
 331.000000 -1.321876 2.528308
 332.000000 -1.327741 1.374709
 333.000000 -2.772730 1.033977
 334.000000 -2.612977 0.577594
 335.000000 -2.644449 2.681757
 336.000000 -2.651801 2.683354
 337.000000 -1.888521 2.779316
 338.000000 -2.668664 2.728443
 339.000000 -2.804860 2.779934
 340.000000 -2.525118 2.873333
 341.000000 -2.133322 2.550663
 342.000000 -1.026854 2.582179
 343.000000 -0.598097 2.544824
 344.000000 -1.106517 2.470999
 345.000000 -1.154058 2.114212
 346.000000 -0.964116 2.569689
 347.000000 -2.250351 2.338806
 348.000000 -1.747192 1.826800
 349.000000 -2.384908 1.682713
 350.000000 -2.708922 2.656581
 351.000000 -0.850599 2.672810
 352.000000 -1.274841 2.672584
 353.000000 -1.180635 2.310265
 354.000000 -0.775116 2.499394
 355.000000 -1.025211 2.632098
 356.000000 -0.917335 2.532445
 357.000000 -1.140528 2.314626
 358.000000 -0.883535 2.326932
 359.000000 -0.861055 2.349204
 360.000000 -0.998486 2.712114
 361.000000 -1.014782 2.530063
 362.000000 -1.134687 2.432228
 363.000000 -1.172365 2.506277
 364.000000 -1.128775 2.714616
 365.000000 -1.796799 2.076567
 366.000000 -1.483778 2.025198
 367.000000 -1.559194 2.906223
 368.000000 -2.673170 2.984880
 369.000000 -1.436820 2.846000
 370.000000 -0.842445 2.383338
 371.000000 -1.143993 2.395514
 372.000000 -0.972661 2.536229
 373.000000 -1.082114 2.512949
 374.000000 -1.116918 2.320776
 375.000000 -1.536549 2.577727
 376.000000 -0.976815 2.415195
 377.000000 -0.525191 2.497404
 378.000000 -1.162398 2.449589
 379.000000 -1.516132 2.575366
 380.000000 -0.801833 2.205126
 381.000000 -1.350311 2.557855
 382.000000 -1.023971 2.549833
 383.000000 -1.048585 2.413487
 384.000000 -0.875346 2.310851
 385.000000 -1.091884 2.770680
 386.000000 -1.123797 2.245362
 387.000000 -1.845487 2.853331
 388.000000 -2.281884 2.194769
 389.000000 -2.436276 2.476258
 390.000000 -2.724800 2.744900
 391.000000 -2.588392 2.679599
 392.000000 -2.433840 2.491125
 393.000000 -2.301854 2.777340
 394.000000 -2.452669 2.579431
 395.000000 -2.156922 2.394700
 396.000000 -1.936856 2.152536
 397.000000 -1.069210 2.639104
 398.000000 -0.985337 2.537837
 399.000000 -1.265365 2.559826
 400.000000 -1.000360 2.661433
