#! FIELDS time phi psi
#! SET min_phi -pi
#! SET max_phi pi
#! SET min_psi -pi
#! SET max_psi pi
 0.000000 -2.899823 0.004894
 1.000000 -2.629457 0.569943
 2.000000 -1.486637 0.886987
 3.000000 -2.005311 0.959405
 4.000000 -1.865989 2.252053
 5.000000 -2.369657 2.988105
 6.000000 -2.709349 2.865259
 7.000000 -1.795326 2.657994
 8.000000 -2.420347 2.606629
 9.000000 -2.527094 2.888203
 10.000000 -1.589491 2.989453
 11.000000 -2.451185 2.792130
 12.000000 -1.194717 2.226259
 13.000000 -1.405914 2.409874
 14.000000 -0.746768 2.687484
 15.000000 -1.179143 2.467315
 16.000000 -1.092088 2.546592
 17.000000 -0.753723 2.567096
 18.000000 -1.017341 2.682928
 19.000000 -2.076202 2.743115
 20.000000 -2.177195 2.369935
 21.000000 -1.388062 2.405416
 22.000000 -1.356777 2.718423
 23.000000 -1.040273 2.320373
 24.000000 -1.486697 1.663342
 25.000000 -1.533907 2.525584
 26.000000 -1.066106 2.683995
 27.000000 -0.805199 2.390245
 28.000000 -0.982912 2.567728
 29.000000 -1.922849 2.486284
 30.000000 -1.524428 2.153959
 31.000000 -0.691401 2.397929
 32.000000 -1.317180 2.263609
 33.000000 -0.980230 2.933273
 34.000000 -1.297366 2.731020
 35.000000 -1.571301 2.549348
 36.000000 -1.537726 2.274889
 37.000000 -1.542732 2.363652
 38.000000 -1.148050 2.318379
 39.000000 -0.937544 2.330548
 40.000000 -0.932451 2.182568
 41.000000 -1.029786 2.488133
 42.000000 -1.574976 2.767805
 43.000000 -2.313781 2.228536
 44.000000 -1.098961 2.433014
 45.000000 -1.056524 2.536833
 46.000000 -0.891443 1.909746
 47.000000 -1.856348 2.147509
 48.000000 -2.540284 2.829798
 49.000000 -1.283436 2.112353
 50.000000 -1.006880 2.806240
 51.000000 -1.032664 3.099493
 52.000000 -1.072390 2.488376
 53.000000 -1.762470 2.608487
 54.000000 -0.989321 2.359127
 55.000000 -1.413383 2.672849
 56.000000 -1.073041 2.750517
 57.000000 -0.859010 2.658453
 58.000000 -0.871483 2.496572
 59.000000 -1.223718 2.649484
 60.000000 -1.512677 3.122949
 61.000000 -2.157389 2.715497
 62.000000 -0.810255 2.533853
 63.000000 -1.060459 2.517281
 64.000000 -1.453083 2.404178
 65.000000 -1.549677 2.997096
 66.000000 -1.346828 2.591846
 67.000000 -1.117827 2.828280
 68.000000 -1.640228 2.642053
 69.000000 -2.082906 2.161946
 70.000000 -1.144039 2.646385
 71.000000 -0.893912 2.414786
 72.000000 -1.537503 2.524132
 73.000000 -1.205771 2.151189
 74.000000 -1.216681 2.210824
 75.000000 -1.362948 2.318099
 76.000000 -1.393660 -3.135101
 77.000000 -2.481532 2.337416
 78.000000 -2.283571 2.273465
 79.000000 -2.508239 1.721379
 80.000000 -1.553537 2.545188
 81.000000 -1.261392 2.714201
 82.000000 -1.183931 2.343877
 83.000000 -0.898379 3.004918
 84.000000 -1.097925 2.651314
 85.000000 -2.300993 2.383448
 86.000000 -1.625406 1.792985
 87.000000 -1.607636 1.765263
 88.000000 -1.921308 2.350621
 89.000000 -1.748586 2.599193
 90.000000 -1.724383 2.558066
 91.000000 -1.381402 2.438762
 92.000000 -1.036196 1.862913
 93.000000 -1.415588 2.868685
 94.000000 -0.882620 2.737021
 95.000000 -1.201203 2.507110
 96.000000 -1.363481 2.443836
 97.000000 -1.191343 2.446678
 98.000000 -1.198907 2.576232
 99.000000 -1.161285 2.632306
 100.000000 -0.987858 2.357202
 101.000000 -2.282231 2.908054
 102.000000 -2.794579 2.805645
 103.000000 -1.656805 2.559811
 104.000000 -0.972997 2.437034
 105.000000 -1.480233 3.021413
 106.000000 -1.419768 2.633245
 107.000000 -1.348523 2.833896
 108.000000 -1.086049 2.480594
 109.000000 -0.972087 2.636339
 110.000000 -1.192009 2.836083
 111.000000 -1.430406 2.226409
 112.000000 -1.036525 2.281994
 113.000000 -0.637509 2.168082
 114.000000 -1.232889 2.857776
 115.000000 -0.940684 2.521932
 116.000000 -1.349688 2.245289
 117.000000 -0.985103 2.080340
 118.000000 -1.467046 2.158057
 119.000000 -1.287818 2.600756
 120.000000 -1.288363 2.433350
 121.000000 -2.446470 2.629280
 122.000000 -2.743754 1.994764
 123.000000 -2.536050 2.582235
 124.000000 -0.862274 2.291474
 125.000000 -1.107185 2.036522
 126.000000 -1.150762 2.580971
 127.000000 -0.865013 2.662369
 128.000000 -0.981802 2.449452
 129.000000 -0.987096 2.508029
 130.000000 -0.838543 2.644658
 131.000000 -0.758590 2.665485
 132.000000 -1.257832 2.595196
 133.000000 -1.127040 2.565903
 134.000000 -1.620859 2.624721
 135.000000 -1.432136 2.569772
 136.000000 -0.848738 2.315274
 137.000000 -1.070882 2.483449
 138.000000 -1.011868 2.773584
 139.000000 -1.423204 2.092529
 140.000000 -1.195283 2.034730
 141.000000 -1.389690 2.815453
 142.000000 -1.394411 3.019085
 143.000000 -1.087749 2.494561
 144.000000 -1.305327 3.010382
 145.000000 -1.261006 2.340526
 146.000000 -1.178462 2.649007
 147.000000 -1.121082 2.552666
 148.000000 -0.958380 2.670614
 149.000000 -1.123903 2.417147
 150.000000 -1.174176 2.968997
 151.000000 -1.781596 -3.105045
 152.000000 -2.033551 2.180968
 153.000000 -2.074662 2.772958
 154.000000 -2.492009 2.704391
 155.000000 -1.138062 2.236968
 156.000000 -1.223804 2.369075
 157.000000 -1.230881 2.179194
 158.000000 -1.137606 2.543852
 159.000000 -0.997127 2.315256
 160.000000 -1.747155 2.847901
 161.000000 -0.976853 3.021590
 162.000000 -1.325193 2.738734
 163.000000 -1.896912 2.379717
 164.000000 -0.808500 2.801700
 165.000000 -0.653331 2.373606
 166.000000 -1.552347 2.783566
 167.000000 -2.498320 2.891114
 168.000000 -2.950513 2.898015
 169.000000 -2.397060 2.747620
 170.000000 -2.272248 2.890874
 171.000000 -2.616298 3.020387
 172.000000 -2.684211 2.306242
 173.000000 -2.623857 2.497352
 174.000000 -2.879083 2.636905
 175.000000 -2.749543 2.720377
 176.000000 -2.677917 2.896559
 177.000000 -2.633646 2.867444
 178.000000 -2.154213 2.031146
 179.000000 -2.296874 2.230790
 180.000000 -2.291285 2.115977
 181.000000 -2.540393 2.565366
 182.000000 -2.561566 2.526679
 183.000000 -1.633923 2.367121
 184.000000 -1.080997 2.295454
 185.000000 -2.312579 2.723722
 186.000000 -2.662917 2.770671
 187.000000 -2.765719 2.830538
 188.000000 -1.828624 2.883156
 189.000000 -1.362482 2.198720
 190.000000 -1.528669 2.039917
 191.000000 -1.236829 2.533886
 192.000000 -1.052989 2.503209
 193.000000 -0.733432 2.540277
 194.000000 -1.197769 2.409837
 195.000000 -2.046415 2.371715
 196.000000 -2.432530 2.338802
 197.000000 -2.025937 2.836597
 198.000000 -1.723807 2.898206
 199.000000 -1.933168 2.485277
 200.000000 -2.503456 2.338742
 201.000000 -1.288870 2.093598
 202.000000 -1.386564 2.948066
 203.000000 -1.035149 2.637645
 204.000000 -1.577446 2.806769
 205.000000 -1.327274 3.011861
 206.000000 -0.461286 2.287051
 207.000000 -1.083100 2.239643
 208.000000 -1.396561 2.102038
 209.000000 -1.504874 2.689982
 210.000000 -0.748321 2.489835
 211.000000 -1.239725 2.667635
 212.000000 -1.063096 2.367712
 213.000000 -1.061915 2.314874
 214.000000 -0.691520 2.602739
 215.000000 -1.058075 2.468205
 216.000000 -1.534813 2.470361
 217.000000 -2.210793 2.120583
 218.000000 -1.087945 2.590913
 219.000000 -1.232809 2.420611
 220.000000 -1.340901 2.592523
 221.000000 -1.425276 2.595656
 222.000000 -0.832485 2.875824
 223.000000 -2.572487 2.485200
 224.000000 -1.756062 2.476298
 225.000000 -2.616465 2.541181
 226.000000 -0.864716 2.431692
 227.000000 -1.442799 2.376401
 228.000000 -1.084371 2.371375
 229.000000 -1.098317 2.516708
 230.000000 -0.779759 2.583157
 231.000000 -1.503079 3.031806
 232.000000 -2.580208 2.279958
 233.000000 -1.856062 2.259990
 234.000000 -1.506133 2.363677
 235.000000 -1.342938 2.868490
 236.000000 -0.695701 2.391601
 237.000000 -0.836645 2.580830
 238.000000 -0.859866 2.560749
 239.000000 -1.296585 1.953825
 240.000000 -1.051359 2.540825
 241.000000 -1.015173 2.629332
 242.000000 -1.203804 2.486740
 243.000000 -0.848181 2.571249
 244.000000 -1.036708 2.692330
 245.000000 -0.898574 2.685805
 246.000000 -0.996204 1.739395
 247.000000 -2.129713 2.653202
 248.000000 -1.396835 2.758776
 249.000000 -1.552983 2.107552
 250.000000 -1.142406 2.422710
 251.000000 -0.996108 2.479200
 252.000000 -1.786731 2.811460
 253.000000 -1.354666 2.483474
 254.000000 -1.153115 2.399720
 255.000000 -0.891325 2.863583
 256.000000 -1.252318 2.541461
 257.000000 -0.927661 2.501383
 258.000000 -1.003992 2.401190
 259.000000 -1.020570 2.476609
 260.000000 -0.958109 2.435249
 261.000000 -1.480501 2.753292
 262.000000 -1.787573 2.341923
 263.000000 -2.325590 2.591919
 264.000000 -1.038678 2.665834
 265.000000 -1.072021 2.481423
 266.000000 -1.008815 2.709056
 267.000000 -1.396521 2.525517
 268.000000 -1.106813 2.639863
 269.000000 -1.828786 2.314590
 270.000000 -1.363838 2.308863
 271.000000 -1.599372 -3.036618
 272.000000 -1.120542 2.570675
 273.000000 -1.221708 2.537826
 274.000000 -1.146422 2.569695
 275.000000 -1.776033 2.538389
 276.000000 -0.970567 2.568633
 277.000000 -1.417839 2.439541
 278.000000 -1.737980 -3.137119
 279.000000 -0.989134 2.641422
 280.000000 -1.139966 2.897420
 281.000000 -1.369944 2.498322
 282.000000 -1.029439 2.283553
 283.000000 -1.383966 1.651454
 284.000000 -1.304738 2.492081
 285.000000 -1.478266 2.641401
 286.000000 -1.058657 2.421839
 287.000000 -1.071300 2.131486
 288.000000 -1.105815 2.296348
 289.000000 -1.375242 1.969977
 290.000000 -0.690759 2.793739
 291.000000 -1.350464 2.685607
 292.000000 -1.180644 2.356061
 293.000000 -2.733585 2.774928
 294.000000 -2.522792 2.536855
 295.000000 -1.950922 2.864875
 296.000000 -1.073782 3.122137
 297.000000 -1.139331 2.699762
 298.000000 -1.135582 2.498171
 299.000000 -1.224291 2.432071
 300.000000 -1.192331 2.536405
 301.000000 -0.957375 1.994884
 302.000000 -1.117496 2.463432
 303.000000 -1.104905 2.386322
 304.000000 -1.023424 2.459075
 305.000000 -0.545570 2.583321
 306.000000 -1.110123 2.117477
 307.000000 -0.517389 2.426926
 308.000000 -1.150443 2.574834
 309.000000 -1.410027 2.286102
 310.000000 -1.557672 2.771952
 311.000000 -1.802933 2.083551
 312.000000 -1.235569 2.638064
 313.000000 -2.007215 2.309225
 314.000000 -0.661279 2.193265
 315.000000 -0.744428 2.634740
 316.000000 -0.719185 2.749319
 317.000000 -2.237129 2.866897
 318.000000 -1.831486 2.792426
 319.000000 -1.206544 2.513470
 320.000000 -1.789662 2.878437
 321.000000 -1.163884 2.370481
 322.000000 -1.261243 1.975718
 323.000000 -2.157854 1.999501
 324.000000 -2.703067 2.816176
 325.000000 -2.264208 2.624694
 326.000000 -1.944391 2.345827
 327.000000 -0.973495 2.107001
 328.000000 -1.110309 2.142589
 329.000000 -1.164715 2.168799
 330.000000 -1.281557 2.327439
 331.000000 -1.173319 2.933470
 332.000000 -1.425348 2.246899
 333.000000 -1.806966 2.134495
 334.000000 -1.193992 2.468966
 335.000000 -0.972379 2.291979
 336.000000 -1.475727 2.471127
 337.000000 -1.061264 2.578629
 338.000000 -0.787296 2.995115
 339.000000 -1.518608 2.175909
 340.000000 -1.936310 2.331923
 341.000000 -2.209499 2.260154
 342.000000 -2.155627 2.748065
 343.000000 -2.325587 2.119666
 344.000000 -1.302724 2.495570
 345.000000 -1.490830 2.586024
 346.000000 -1.176811 2.205364
 347.000000 -1.146470 2.417085
 348.000000 -1.301602 2.505774
 349.000000 -1.207408 2.255401
 350.000000 -0.993757 2.425876
 351.000000 -0.632596 2.201155
 352.000000 -1.328206 2.646734
 353.000000 -1.011642 2.379154
 354.000000 -0.994512 2.665903
 355.000000 -1.072341 2.439610
 356.000000 -1.087507 2.602718
 357.000000 -1.226992 2.573914
 358.000000 -0.618412 2.050156
 359.000000 -1.067908 2.307763
 360.000000 -1.610022 2.192868
 361.000000 -1.160818 2.431431
 362.000000 -0.925153 2.583755
 363.000000 -1.165419 2.200243
 364.000000 -2.362861 2.499842
 365.000000 -2.613425 2.724814
 366.000000 -1.555700 2.060190
 367.000000 -1.416423 2.359623
 368.000000 -1.580250 2.642482
 369.000000 -1.247886 2.619165
 370.000000 -1.180124 2.874717
 371.000000 -1.113290 2.430205
 372.000000 -0.923262 2.688413
 373.000000 -1.376509 2.699428
 374.000000 -0.850160 2.953409
 375.000000 -1.468837 2.496134
 376.000000 -1.161366 2.626710
 377.000000 -1.721170 2.771682
 378.000000 -1.583559 2.945915
 379.000000 -1.360535 2.567257
 380.000000 -1.374210 2.718835
 381.000000 -1.378162 2.939092
 382.000000 -1.068145 2.551717
 383.000000 -1.296562 2.644391
 384.000000 -2.208866 2.638699
 385.000000 -2.308653 2.919810
 386.000000 -2.500001 3.011919
 387.000000 -2.358297 3.072396
 388.000000 -2.107269 2.490804
 389.000000 -2.707838 2.679526
 390.000000 -1.437464 2.673907
 391.000000 -0.744301 2.414109
 392.000000 -1.297581 2.266329
 393.000000 -1.385181 2.852817
 394.000000 -1.428162 2.319627
 395.000000 -1.441746 2.678867
 396.000000 -1.457328 2.554696
 397.000000 -1.332619 2.349665
 398.000000 -1.876493 2.213717
 399.000000 -2.101826 1.816342
 400.000000 -1.499099 2.270191
