#! FIELDS time phi psi
#! SET min_phi -pi
#! SET max_phi pi
#! SET min_psi -pi
#! SET max_psi pi
 0.000000 -2.582646 2.650251
 1.000000 -2.286694 2.912561
 2.000000 -2.624828 2.536769
 3.000000 -2.762066 2.908079
 4.000000 -1.316653 2.609899
 5.000000 -1.548648 2.508713
 6.000000 -1.142720 2.420969
 7.000000 -1.025748 2.461700
 8.000000 -1.112743 2.528173
 9.000000 -1.548859 2.041014
 10.000000 -1.743101 2.068142
 11.000000 -1.505160 1.948572
 12.000000 -1.118391 2.314618
 13.000000 -1.869797 2.288236
 14.000000 -1.457735 2.762903
 15.000000 -1.067867 2.332966
 16.000000 -1.572804 2.557636
 17.000000 -2.142242 2.011209
 18.000000 -2.073730 2.471519
 19.000000 -2.469855 -3.085540
 20.000000 -2.590266 2.615156
 21.000000 -2.194740 2.611857
 22.000000 -1.474145 2.815283
 23.000000 -1.354929 2.949169
 24.000000 -1.142566 2.644946
 25.000000 -0.812356 2.812435
 26.000000 -1.243605 2.671594
 27.000000 -1.084390 2.078687
 28.000000 -1.615282 1.862422
 29.000000 -1.103228 2.299297
 30.000000 -1.162619 2.080181
 31.000000 -0.956054 2.561264
 32.000000 -0.898040 1.894862
 33.000000 -1.026928 2.280653
 34.000000 -0.921201 2.592314
 35.000000 -1.272680 -3.125479
 36.000000 -1.125235 2.302234
 37.000000 -1.154521 2.401736
 38.000000 -1.298052 2.386084
 39.000000 -1.422297 2.894855
 40.000000 -1.545174 2.514113
 41.000000 -0.768372 2.437080
 42.000000 -1.007691 2.652625
 43.000000 -0.924021 2.456732
 44.000000 -1.071272 2.720402
 45.000000 -1.225171 2.548026
 46.000000 -1.027489 2.534733
 47.000000 -1.070296 2.661645
 48.000000 -1.030350 2.859831
 49.000000 -1.352596 2.599362
 50.000000 -1.046054 2.540298
 51.000000 -1.611065 2.605047
 52.000000 -1.352864 2.713815
 53.000000 -1.101102 2.454935
 54.000000 -1.375676 2.865397
 55.000000 -1.172688 2.848732
 56.000000 -1.679761 2.532212
 57.000000 -0.671438 2.292207
 58.000000 -0.900890 2.372179
 59.000000 -1.034338 2.459775
 60.000000 -1.328212 2.197367
 61.000000 -1.308558 2.688707
 62.000000 -0.937707 2.418549
 63.000000 -0.946072 2.331470
 64.000000 -1.236483 2.248179
 65.000000 -1.574523 2.094995
 66.000000 -1.395978 3.046339
 67.000000 -1.423210 2.323291
 68.000000 -1.246328 2.469318
 69.000000 -1.290145 2.414723
 70.000000 -1.968262 2.283303
 71.000000 -1.617680 2.491664
 72.000000 -2.208732 2.283924
 73.000000 -3.052356 3.056061
 74.000000 -2.082970 2.894186
 75.000000 -2.279362 2.799452
 76.000000 -2.090373 2.766301
 77.000000 -1.690010 2.905503
 78.000000 -1.356868 2.865321
 79.000000 -1.017120 2.525734
 80.000000 -1.124045 2.499547
 81.000000 -1.309342 2.693934
 82.000000 -1.083024 2.274279
 83.000000 -2.605641 2.385604
 84.000000 -2.508677 2.702729
 85.000000 -2.451932 2.361065
 86.000000 -1.422503 2.365213
 87.000000 -0.882170 2.566370
 88.000000 -1.234518 2.687168
 89.000000 -1.261384 2.658573
 90.000000 -0.833737 2.779597
 91.000000 -1.085787 2.597187
 92.000000 -1.646195 2.608162
 93.000000 -0.953848 2.678212
 94.000000 -0.917266 2.315492
 95.000000 -1.455346 2.494082
 96.000000 -1.295977 2.831629
 97.000000 -1.008880 2.669604
 98.000000 -1.000595 2.620713
 99.000000 -0.688724 2.519064
 100.000000 -1.483157 2.700179
 101.000000 -1.861819 2.295897
 102.000000 -2.408102 2.272003
 103.000000 -2.042202 2.190164
 104.000000 -2.696751 2.615895
 105.000000 -2.605788 2.844685
 106.000000 -1.294804 2.385317
 107.000000 -1.077458 2.287056
 108.000000 -1.616569 2.820958
 109.000000 -0.975261 2.525880
 110.000000 -1.063939 2.466612
 111.000000 -1.184113 2.338006
 112.000000 -1.286199 2.689540
 113.000000 -1.544356 2.454044
 114.000000 -1.431352 2.640531
 115.000000 -1.171692 2.539258
 116.000000 -1.391838 2.739634
 117.000000 -1.015084 2.454002
 118.000000 -1.104604 2.749949
 119.000000 -1.308891 1.932012
 120.000000 -1.054360 2.483209
 121.000000 -1.580680 2.361926
 122.000000 -2.021876 2.811469
 123.000000 -1.412203 2.869746
 124.000000 -1.362626 2.526397
 125.000000 -1.211635 2.024245
 126.000000 -1.355305 1.961631
 127.000000 -1.089177 2.052816
 128.000000 -1.195194 2.268824
 129.000000 -1.049696 2.610506
 130.000000 -0.914772 2.588219
 131.000000 -1.251059 2.907909
 132.000000 -1.153479 2.426855
 133.000000 -1.577748 2.890586
 134.000000 -0.696997 2.518692
 135.000000 -1.645007 2.048576
 136.000000 -1.542882 2.607521
 137.000000 -1.196655 2.380976
 138.000000 -0.954218 2.041198
 139.000000 -0.916800 2.881198
 140.000000 -2.023147 2.599857
 141.000000 -2.162135 2.547333
 142.000000 -2.039523 1.765867
 143.000000 -1.474771 2.923558
 144.000000 -0.533071 2.352940
 145.000000 -1.505058 2.559960
 146.000000 -0.986637 2.727798
 147.000000 -1.164189 2.611432
 148.000000 -1.615827 2.753309
 149.000000 -1.757398 2.365578
 150.000000 -1.232046 2.036560
 151.000000 -1.379550 1.942768
 152.000000 -1.044562 2.284575
 153.000000 -1.269871 2.516310
 154.000000 -0.510216 2.190396
 155.000000 -2.085773 2.512520
 156.000000 -1.570789 2.682753
 157.000000 -0.990158 2.472318
 158.000000 -1.040586 2.533511
 159.000000 -0.789436 2.257738
 160.000000 -1.460068 2.812924
 161.000000 -1.455729 2.322526
 162.000000 -1.080037 2.317403
 163.000000 -1.167286 2.464620
 164.000000 -1.118440 2.401552
 165.000000 -1.194395 2.077034
 166.000000 -2.133775 2.539745
 167.000000 -2.103500 2.444515
 168.000000 -2.574982 2.777993
 169.000000 -2.482231 2.842853
 170.000000 -1.146124 2.646990
 171.000000 -2.130627 2.306246
 172.000000 -1.747606 2.044957
 173.000000 -0.868115 2.414513
 174.000000 -1.292721 2.591021
 175.000000 -0.639440 2.403633
 176.000000 -1.667289 2.751701
 177.000000 -1.247413 2.612244
 178.000000 -0.990507 2.608838
 179.000000 -0.907366 2.516391
 180.000000 -1.025357 2.497849
 181.000000 -0.888269 2.517974
 182.000000 -1.199789 2.103233
 183.000000 -1.573207 2.840374
 184.000000 -1.319083 2.661731
 185.000000 -1.026023 2.541432
 186.000000 -1.142378 2.668955
 187.000000 -0.973655 1.944054
 188.000000 -0.873477 2.595246
 189.000000 -1.154089 2.595228
 190.000000 -1.086162 2.611513
 191.000000 -1.000811 2.556316
 192.000000 -1.269080 2.661981
 193.000000 -2.300328 2.450208
 194.000000 -1.603004 2.656874
 195.000000 -0.643914 2.393326
 196.000000 -0.941375 2.419050
 197.000000 -1.169476 2.161058
 198.000000 -1.721559 2.219518
 199.000000 -1.218943 2.545838
 200.000000 -1.409115 2.981333
 201.000000 -1.352254 2.888418
 202.000000 -2.531240 2.877852
 203.000000 -2.850074 2.924448
 204.000000 -2.782854 2.892392
 205.000000 -2.480447 2.859647
 206.000000 -2.159253 2.495801
 207.000000 -2.726630 2.636156
 208.000000 -1.003004 2.279943
 209.000000 -2.131172 2.237405
 210.000000 -2.398349 2.295400
 211.000000 -1.570887 2.521837
 212.000000 -1.215501 2.317750
 213.000000 -1.228305 2.367927
 214.000000 -0.985347 2.728436
 215.000000 -1.187608 2.336771
 216.000000 -1.741315 2.872768
 217.000000 -1.138298 2.613883
 218.000000 -0.835206 2.294249
 219.000000 -0.963212 2.590364
 220.000000 -0.453956 2.620487
 221.000000 -1.479725 2.980147
 222.000000 -1.133057 2.325175
 223.000000 -1.132292 2.530773
 224.000000 -0.346245 2.232154
 225.000000 -1.638846 2.114991
 226.000000 -1.164749 2.487719
 227.000000 -1.386231 2.497719
 228.000000 -2.136000 1.987163
 229.000000 -1.877671 1.977694
 230.000000 -2.235355 2.088495
 231.000000 -1.967046 2.277090
 232.000000 -1.315589 2.721146
 233.000000 -1.818958 3.005094
 234.000000 -2.624132 3.086279
 235.000000 2.992362 1.391624
 236.000000 -1.833339 0.128396
 237.000000 -1.739850 -0.321905
 238.000000 -2.749237 0.156666
 239.000000 -1.542645 0.147589
 240.000000 -1.795713 -0.061150
 241.000000 -1.215507 -0.385347
 242.000000 -1.935875 -0.000708
 243.000000 -2.055047 0.430752
 244.000000 -1.989106 -0.271304
 245.000000 -1.647818 -0.282665
 246.000000 -1.243957 -0.582138
 247.000000 -0.998856 -0.752135
 248.000000 -1.435603 -0.446503
 249.000000 -0.956711 -0.723827
 250.000000 -1.935760 0.095014
 251.000000 -1.608732 0.348013
 252.000000 -1.544041 -0.088371
 253.000000 -2.826255 0.231133
 254.000000 -2.065505 0.315103
 255.000000 -2.257154 0.375754
 256.000000 -2.096512 0.285612
 257.000000 -1.037572 -0.685199
 258.000000 -0.804981 -0.659135
 259.000000 -1.745286 -0.086979
 260.000000 -2.867922 -0.072971
 261.000000 -2.569139 0.124579
 262.000000 -2.709927 0.225906
 263.000000 -1.973486 0.073230
 264.000000 -1.715077 -0.022110
 265.000000 -1.765109 0.069374
 266.000000 -1.825824 0.206452
 267.000000 -1.245156 -0.696474
 268.000000 -1.172897 -0.917190
 269.000000 -1.734312 0.206219
 270.000000 -2.114667 -0.501876
 271.000000 -1.400629 -0.435608
 272.000000 -1.024600 -0.804891
 273.000000 -1.075017 -0.685872
 274.000000 -1.154232 -0.776025
 275.000000 -0.979645 -0.987721
 276.000000 -1.019813 -0.624112
 277.000000 -0.927300 -0.706069
 278.000000 -1.173147 -0.340157
 279.000000 -0.968330 -0.612099
 280.000000 -1.207178 -0.734271
 281.000000 -1.180316 -0.727864
 282.000000 -1.407875 -0.477822
 283.000000 -1.608766 -0.045820
 284.000000 -0.965600 -1.378884
 285.000000 -1.782252 0.244215
 286.000000 -1.309120 -0.306867
 287.000000 -1.082380 -0.705649
 288.000000 -1.529319 -0.243064
 289.000000 -1.476991 -0.431213
 290.000000 -2.023030 0.207666
 291.000000 -1.920176 0.138684
 292.000000 -1.601420 0.009444
 293.000000 -1.758793 -0.087977
 294.000000 -1.833142 0.259023
 295.000000 -2.957241 0.199111
 296.000000 -2.077253 -0.125687
 297.000000 -1.441406 -0.554214
 298.000000 -1.447882 -0.795349
 299.000000 -1.639211 0.420326
 300.000000 -1.574262 0.029950
 301.000000 -2.931844 -0.113040
 302.000000 -2.130524 0.225677
 303.000000 -1.819680 0.165139
 304.000000 -0.994443 -0.903015
 305.000000 -1.158471 -0.587196
 306.000000 -1.274348 -0.338469
 307.000000 -1.341115 -0.394407
 308.000000 -1.679726 -0.741978
 309.000000 -2.148991 -1.212141
 310.000000 -2.836554 -0.001002
 311.000000 -2.207233 -0.171237
 312.000000 -1.353235 -0.293526
 313.000000 -1.101414 -0.857669
 314.000000 -1.150545 -0.770478
 315.000000 -1.949038 0.231258
 316.000000 -1.983196 -0.069116
 317.000000 -3.127815 0.644505
 318.000000 -1.860007 -0.286867
 319.000000 -1.624263 1.129479
 320.000000 -1.344676 1.123955
 321.000000 -1.623005 1.103260
 322.000000 -1.245738 0.469755
 323.000000 -1.858879 0.418880
 324.000000 -1.640889 -0.022834
 325.000000 -1.839130 -0.113287
 326.000000 -1.021618 -0.724839
 327.000000 -1.298916 -0.750360
 328.000000 -0.788591 -1.086244
 329.000000 -1.504894 -0.262247
 330.000000 -1.242698 -0.168936
 331.000000 -1.184058 -0.606046
 332.000000 -1.062346 -0.700960
 333.000000 -1.652555 -0.244304
 334.000000 -1.530912 -0.161679
 335.000000 -1.583111 0.176764
 336.000000 -2.228027 0.359084
 337.000000 -1.632223 0.065975
 338.000000 -1.582730 -0.119796
 339.000000 -2.347140 -0.190489
 340.000000 -2.862749 0.174645
 341.000000 -2.007516 -0.127984
 342.000000 -2.435988 0.157438
 343.000000 -2.548960 0.639598
 344.000000 -1.585010 0.011289
 345.000000 -1.642311 -0.061063
 346.000000 -1.649070 0.034102
 347.000000 -2.227362 0.263078
 348.000000 -2.579628 -0.183000
 349.000000 -1.768440 0.194908
 350.000000 -1.942139 -0.347173
 351.000000 -1.493336 -0.433963
 352.000000 -1.380229 -0.636794
 353.000000 -1.835059 0.288156
 354.000000 -1.979794 -0.168313
 355.000000 -1.140287 -0.693657
 356.000000 -1.718712 -0.369633
 357.000000 -1.797739 -0.172700
 358.000000 -1.606316 -0.166332
 359.000000 -1.447841 -0.432574
 360.000000 -1.364764 -0.486674
 361.000000 -1.808106 -0.083688
 362.000000 -2.037911 0.096423
 363.000000 -1.263241 -0.564341
 364.000000 -1.840967 -0.227746
 365.000000 -2.036427 0.097224
 366.000000 -1.693282 -0.239853
 367.000000 -1.589613 -0.363145
 368.000000 -1.480034 -0.544206
 369.000000 -1.139231 -0.597646
 370.000000 -1.587763 -0.286777
 371.000000 -0.953224 -0.706084
 372.000000 -1.532006 -0.124846
 373.000000 -1.825240 -0.136670
 374.000000 -1.669671 0.281002
 375.000000 -2.631736 -0.128827
 376.000000 -2.446484 0.622271
 377.000000 -2.814764 0.645206
 378.000000 -1.940144 0.187730
 379.000000 -2.902904 -0.911350
 380.000000 -2.754681 -0.157884
 381.000000 -1.408165 -1.062844
 382.000000 -1.906064 -1.770281
 383.000000 -1.922430 -2.267700
 384.000000 -1.498658 2.923759
 385.000000 -2.671920 2.533308
 386.000000 -2.145013 2.206205
 387.000000 -2.225657 2.894548
 388.000000 -2.252787 2.228567
 389.000000 -2.244009 2.343659
 390.000000 -1.037976 2.072270
 391.000000 -1.344398 2.709424
 392.000000 -0.936285 2.220859
 393.000000 -2.268540 2.397658
 394.000000 -1.452008 2.660178
 395.000000 -2.570035 2.794225
 396.000000 -2.310150 2.701012
 397.000000 -2.017027 2.225286
 398.000000 -2.282034 1.817626
 399.000000 -2.075319 2.471292
 400.000000 -0.890366 2.719612
