#! FIELDS time phi psi
#! SET min_phi -pi
#! SET max_phi pi
#! SET min_psi -pi
#! SET max_psi pi
 0.000000 0.756951 -2.750623
 1.000000 0.839075 3.098066
 2.000000 0.991984 -2.930101
 3.000000 0.812713 -2.925541
 4.000000 0.987613 -2.872147
 5.000000 0.888738 -2.785162
 6.000000 1.119616 -2.483488
 7.000000 0.931500 -2.414628
 8.000000 0.842534 -3.070609
 9.000000 0.887413 -2.514311
 10.000000 0.711227 -2.454163
 11.000000 0.369501 -2.241140
 12.000000 0.480047 -2.256497
 13.000000 1.312881 -2.890910
 14.000000 1.331058 3.107581
 15.000000 1.002619 -3.070418
 16.000000 0.783438 -2.409199
 17.000000 1.077466 -2.811547
 18.000000 1.012627 -2.959137
 19.000000 1.144189 -2.959303
 20.000000 0.927713 -2.491497
 21.000000 0.856845 -2.515807
 22.000000 0.901416 -2.673802
 23.000000 0.867381 -2.780544
 24.000000 1.190748 2.989913
 25.000000 0.741700 -2.755525
 26.000000 0.737167 -2.189998
 27.000000 1.219679 3.125434
 28.000000 0.871648 -2.916081
 29.000000 0.844712 3.015475
 30.000000 1.393627 2.626064
 31.000000 1.377729 2.904838
 32.000000 0.506295 -2.189996
 33.000000 0.913372 -2.643369
 34.000000 1.169143 -2.882008
 35.000000 1.834407 2.796889
 36.000000 1.951552 2.251558
 37.000000 0.828990 -2.852986
 38.000000 1.106463 -3.134030
 39.000000 0.622637 -2.649458
 40.000000 0.847017 -2.171177
 41.000000 0.762088 -2.973537
 42.000000 0.869742 -2.684916
 43.000000 0.881337 -2.331621
 44.000000 0.992094 -2.924464
 45.000000 1.187330 2.794176
 46.000000 1.039990 2.715023
 47.000000 1.061010 2.907617
 48.000000 0.968210 -2.742690
 49.000000 1.095646 -3.128509
 50.000000 1.056071 -2.796987
 51.000000 0.786064 -2.309788
 52.000000 1.017271 -2.571547
 53.000000 0.851936 3.132052
 54.000000 0.660031 -2.699608
 55.000000 0.980134 2.456824
 56.000000 1.313366 2.736671
 57.000000 0.779109 -2.713087
 58.000000 1.259018 2.938347
 59.000000 0.913968 -3.063946
 60.000000 1.147415 -2.813492
 61.000000 0.906497 -2.638144
 62.000000 0.848906 -2.942280
 63.000000 0.950614 -2.757231
 64.000000 1.054439 -2.723214
 65.000000 0.778334 -2.730640
 66.000000 0.920028 -2.669609
 67.000000 1.421537 2.730869
 68.000000 1.408432 1.700090
 69.000000 1.517890 2.436071
 70.000000 0.711281 -2.261452
 71.000000 0.960964 -2.041685
 72.000000 0.924780 -2.781704
 73.000000 0.873657 -2.891708
 74.000000 0.805688 -2.271292
 75.000000 0.954618 -2.427264
 76.000000 1.062696 -1.642112
 77.000000 0.576990 -2.578682
 78.000000 1.189546 -2.984832
 79.000000 0.760234 -2.529369
 80.000000 1.176136 -2.800918
 81.000000 1.031605 -2.396447
 82.000000 0.855190 -2.863443
 83.000000 0.885314 -2.929499
 84.000000 0.993010 -2.717454
 85.000000 0.723228 -2.895908
 86.000000 0.672146 -2.272968
 87.000000 0.460966 -2.433370
 88.000000 1.102814 -2.987636
 89.000000 0.479615 -2.447603
 90.000000 0.910029 -2.390783
 91.000000 1.096716 -2.534045
 92.000000 1.180834 -3.021069
 93.000000 1.140178 -3.001493
 94.000000 0.923021 -2.793511
 95.000000 1.148398 2.763186
 96.000000 1.040718 2.914271
 97.000000 1.170912 2.666296
 98.000000 1.591402 1.980738
 99.000000 1.147799 2.956576
 100.000000 1.281915 2.613924
 101.000000 -3.004186 2.252522
 102.000000 -2.218444 2.801016
 103.000000 -2.352070 2.639555
 104.000000 -2.158146 2.709385
 105.000000 -1.303108 2.359184
 106.000000 -2.499571 2.251321
 107.000000 -2.751327 2.753681
 108.000000 -2.325008 2.349183
 109.000000 -1.180478 2.560024
 110.000000 -0.988356 2.571264
 111.000000 -1.139599 2.866551
 112.000000 -0.988925 2.776605
 113.000000 -1.117680 2.764788
 114.000000 -1.167497 2.424197
 115.000000 -1.466585 2.490408
 116.000000 -1.454823 2.499788
 117.000000 -1.144445 2.212394
 118.000000 -0.754729 2.393264
 119.000000 -1.291141 2.955368
 120.000000 -1.698337 2.529263
 121.000000 -0.799971 2.554320
 122.000000 -1.148432 2.805797
 123.000000 -1.019092 2.283252
 124.000000 -1.249977 2.740675
 125.000000 -1.435583 2.576342
 126.000000 -1.787037 2.885686
 127.000000 -1.608618 2.924761
 128.000000 -1.106650 2.209154
 129.000000 -1.043370 2.566108
 130.000000 -1.298883 2.176721
 131.000000 -1.289395 2.269070
 132.000000 -1.226706 1.967383
 133.000000 -1.265864 2.067262
 134.000000 -1.135494 2.442402
 135.000000 -1.239306 2.772355
 136.000000 -1.115790 2.706557
 137.000000 -2.869348 -3.135954
 138.000000 -2.295569 2.913546
 139.000000 -1.470556 2.650879
 140.000000 -0.908384 2.687413
 141.000000 -1.133154 2.439891
 142.000000 -1.056372 2.257782
 143.000000 -1.239471 2.473157
 144.000000 -1.396456 2.091630
 145.000000 -1.041929 2.907105
 146.000000 -1.056503 2.491860
 147.000000 -0.648491 2.267494
 148.000000 -1.045525 2.453740
 149.000000 -1.125931 1.781788
 150.000000 -1.001967 2.480783
 151.000000 -1.257809 2.158133
 152.000000 -1.965071 2.445457
 153.000000 -1.425940 2.160296
 154.000000 -1.393456 2.394366
 155.000000 -1.075733 2.380805
 156.000000 -1.140658 2.405408
 157.000000 -1.053736 2.552814
 158.000000 -0.764870 2.649718
 159.000000 -1.054111 2.749822
 160.000000 -0.728181 2.562293
 161.000000 -1.461245 2.816621
 162.000000 -0.379094 2.220909
 163.000000 -1.009593 2.637264
 164.000000 -1.040266 2.751714
 165.000000 -0.925401 2.045027
 166.000000 -1.344681 2.580123
 167.000000 -1.363733 2.281616
 168.000000 -0.908877 2.609316
 169.000000 -0.808133 2.350264
 170.000000 -1.166521 2.802476
 171.000000 -0.897809 2.625018
 172.000000 -1.474747 2.451447
 173.000000 -1.001962 2.353326
 174.000000 -1.040604 2.622089
 175.000000 -0.881731 2.652257
 176.000000 -1.332677 2.812925
 177.000000 -1.356266 2.638284
 178.000000 -0.975060 2.584698
 179.000000 -1.255196 2.577700
 180.000000 -1.020688 2.585873
 181.000000 -1.123826 2.647856
 182.000000 -1.479697 2.212169
 183.000000 -1.035901 2.602406
 184.000000 -2.427729 2.806218
 185.000000 -1.512740 2.709599
 186.000000 -1.566619 2.910523
 187.000000 -0.886807 1.816417
 188.000000 -1.113010 2.628857
 189.000000 -1.462564 2.608971
 190.000000 -1.210525 2.655300
 191.000000 -0.929335 2.328615
 192.000000 -1.161414 2.044607
 193.000000 -1.195059 2.752598
 194.000000 -1.687458 2.982924
 195.000000 -1.531998 2.979519
 196.000000 -3.078374 2.246441
 197.000000 -2.291419 2.780490
 198.000000 -2.390667 3.040182
 199.000000 -2.843156 2.490330
 200.000000 -2.391340 2.748477
 201.000000 -2.631503 2.872735
 202.000000 -2.277494 2.731260
 203.000000 -0.993565 2.672173
 204.000000 -1.011121 2.407998
 205.000000 -1.051377 2.583167
 206.000000 -0.727720 2.522561
 207.000000 -1.423673 1.859156
 208.000000 -2.337893 -3.060978
 209.000000 -0.851591 2.927324
 210.000000 -1.064170 2.392186
 211.000000 -1.868310 2.386536
 212.000000 -2.429974 2.878110
 213.000000 -1.153428 2.134750
 214.000000 -0.922746 2.272383
 215.000000 -1.037759 2.202723
 216.000000 -2.095772 2.565757
 217.000000 -2.728485 2.642174
 218.000000 -2.299780 2.638832
 219.000000 -1.282230 2.326144
 220.000000 -1.385769 2.225188
 221.000000 -1.717049 1.769815
 222.000000 -1.691061 2.184533
 223.000000 -0.895359 1.864671
 224.000000 -1.836441 1.967433
 225.000000 -1.294874 2.493770
 226.000000 -1.233888 2.489887
 227.000000 -0.877615 3.058858
 228.000000 -1.084426 2.495413
 229.000000 -1.098313 2.348044
 230.000000 -1.673540 2.580093
 231.000000 -1.532710 2.946813
 232.000000 -1.124371 2.307079
 233.000000 -1.528203 2.551410
 234.000000 -1.586824 2.405533
 235.000000 -1.007541 2.771846
 236.000000 -1.253913 2.336734
 237.000000 -1.517262 2.156140
 238.000000 -2.399191 2.671979
 239.000000 -2.368028 2.939312
 240.000000 -2.638945 2.720007
 241.000000 -2.090410 2.687564
 242.000000 -1.183335 2.579551
 243.000000 -1.524398 2.295526
 244.000000 -2.912721 2.848768
 245.000000 -2.345003 2.510630
 246.000000 -2.630090 -2.664339
 247.000000 -2.724346 2.998679
 248.000000 -2.463617 2.407548
 249.000000 -2.429856 2.971755
 250.000000 -2.368143 2.702600
 251.000000 -2.539647 2.622299
 252.000000 -1.339493 2.337792
 253.000000 -1.271326 2.333220
 254.000000 -1.223408 2.333626
 255.000000 -0.991783 2.412530
 256.000000 -0.956213 2.645167
 257.000000 -1.161303 2.633231
 258.000000 -0.907223 2.295565
 259.000000 -0.998217 2.711167
 260.000000 -1.199867 2.520399
 261.000000 -0.974016 2.663393
 262.000000 -0.879313 2.707061
 263.000000 -0.948262 2.963703
 264.000000 -0.992999 2.532551
 265.000000 -1.245873 2.586202
 266.000000 -0.982069 2.333742
 267.000000 -1.011814 2.484519
 268.000000 -1.120682 2.778511
 269.000000 -1.184095 2.151221
 270.000000 -0.715073 2.265324
 271.000000 -1.171269 2.336364
 272.000000 -1.091838 2.693091
 273.000000 -0.846395 2.680295
 274.000000 -1.095954 2.621897
 275.000000 -1.005461 2.497623
 276.000000 -0.971867 2.470713
 277.000000 -0.594038 2.613252
 278.000000 -1.322458 2.770915
 279.000000 -1.249291 2.545825
 280.000000 -1.057781 2.624154
 281.000000 -1.933788 2.292790
 282.000000 -2.672204 2.992521
 283.000000 -2.534652 2.632266
 284.000000 -2.811356 2.740256
 285.000000 -2.733011 2.833637
 286.000000 -1.727464 -2.673178
 287.000000 -0.912723 2.831889
 288.000000 -1.601289 2.210194
 289.000000 -1.192571 2.408167
 290.000000 -0.949644 2.527299
 291.000000 -1.131259 2.454383
 292.000000 -1.091758 2.864628
 293.000000 -1.320099 2.375527
 294.000000 -0.914854 2.402530
 295.000000 -1.224368 2.380255
 296.000000 -1.141974 1.963048
 297.000000 -0.955230 2.403250
 298.000000 -2.419964 2.732826
 299.000000 -2.238841 2.585560
 300.000000 -2.023796 2.099001
 301.000000 -1.911604 2.011018
 302.000000 -2.065562 2.259426
 303.000000 -1.514710 2.380862
 304.000000 -1.303205 2.277232
 305.000000 -1.658311 2.365078
 306.000000 -0.881578 2.583458
 307.000000 -1.148530 2.638701
 308.000000 -1.837663 2.199635
 309.000000 -1.382692 2.713830
 310.000000 -1.191780 2.622395
 311.000000 -1.529768 2.380447
 312.000000 -1.398214 2.351590
 313.000000 -0.800230 1.818898
 314.000000 -0.414622 2.126334
 315.000000 -1.306823 2.562188
 316.000000 -0.665572 2.958282
 317.000000 -1.023843 2.387408
 318.000000 -2.096247 2.387079
 319.000000 -1.320382 2.289912
 320.000000 -1.029226 2.454943
 321.000000 -1.166144 2.344694
 322.000000 -1.426182 2.560038
 323.000000 -1.774418 2.602692
 324.000000 -0.953794 2.449269
 325.000000 -0.954472 2.411706
 326.000000 -0.943200 2.406245
 327.000000 -1.281895 1.885236
 328.000000 -0.846052 2.462646
 329.000000 -1.145291 2.112302
 330.000000 -0.990333 2.432437
 331.000000 -1.848496 2.803151
 332.000000 -2.718728 2.683092
 333.000000 -2.485771 2.684348
 334.000000 -1.928861 2.207313
 335.000000 -2.624110 2.449420
 336.000000 -2.519933 2.740864
 337.000000 -1.080580 2.282873
 338.000000 -0.994768 2.411627
 339.000000 -1.152292 2.621235
 340.000000 -1.413755 2.137694
 341.000000 -1.037027 2.598784
 342.000000 -1.109946 2.385613
 343.000000 -1.058262 2.559715
 344.000000 -1.250174 3.092537
 345.000000 -0.893737 2.728059
 346.000000 -1.078909 2.382218
 347.000000 -1.486173 2.125268
 348.000000 -1.312680 2.286463
 349.000000 -0.992718 2.725095
 350.000000 -1.060032 2.185598
 351.000000 -1.239221 2.807045
 352.000000 -1.266926 2.356756
 353.000000 -1.214519 2.604520
 354.000000 -2.010903 2.212948
 355.000000 -1.623745 2.043742
 356.000000 -1.486022 2.888530
 357.000000 -1.486278 3.125014
 358.000000 -1.081340 2.799815
 359.000000 -2.765647 2.672045
 360.000000 -2.111848 2.273826
 361.000000 -2.180888 2.796646
 362.000000 -2.574443 2.650524
 363.000000 -2.431205 2.705480
 364.000000 -1.481093 2.411213
 365.000000 -1.055213 2.668477
 366.000000 -0.637777 2.580953
 367.000000 -1.010975 2.465251
 368.000000 -1.534869 2.963038
 369.000000 -0.825200 2.661204
 370.000000 -1.374663 2.097834
 371.000000 -1.117576 2.666155
 372.000000 -0.546017 2.242604
 373.000000 -0.999979 2.523587
 374.000000 -1.325755 2.774397
 375.000000 -0.608821 2.313637
 376.000000 -1.531585 2.647223
 377.000000 -0.935617 2.481040
 378.000000 -1.087288 2.696160
 379.000000 -1.299633 2.791724
 380.000000 -1.684291 2.631241
 381.000000 -0.997339 2.468965
 382.000000 -0.997994 2.836078
 383.000000 -1.163544 2.407848
 384.000000 -1.341785 3.005146
 385.000000 -1.116389 2.023435
 386.000000 -1.215573 2.209231
 387.000000 -1.510501 2.088981
 388.000000 -1.210212 2.386784
 389.000000 -1.074392 2.445447
 390.000000 -1.163951 2.275372
 391.000000 -2.256548 2.616938
 392.000000 -1.158943 -3.111853
 393.000000 -1.021667 2.568970
 394.000000 -0.984683 2.484778
 395.000000 -1.331512 2.903676
 396.000000 -1.402655 3.058058
 397.000000 -1.301054 2.603789
 398.000000 -1.493773 2.326489
 399.000000 -1.356259 2.570797
 400.000000 -1.403899 2.630867
