#! FIELDS time phi psi
#! SET min_phi -pi
#! SET max_phi pi
#! SET min_psi -pi
#! SET max_psi pi
 0.000000 1.525876 0.302942
 1.000000 1.405036 0.298436
 2.000000 0.669695 0.686213
 3.000000 0.858761 0.682643
 4.000000 1.422370 0.781071
 5.000000 0.787363 0.715642
 6.000000 0.911828 1.149517
 7.000000 1.214614 0.474865
 8.000000 1.309780 0.712650
 9.000000 1.099543 0.327032
 10.000000 1.384080 0.145092
 11.000000 1.002189 0.759084
 12.000000 1.261896 0.227020
 13.000000 0.821525 1.171325
 14.000000 1.357194 0.562699
 15.000000 1.450005 0.602778
 16.000000 1.105718 0.530650
 17.000000 1.119581 0.953048
 18.000000 0.827927 0.893484
 19.000000 1.163222 1.080390
 20.000000 0.991005 0.737136
 21.000000 0.838015 0.996497
 22.000000 1.449120 0.403066
 23.000000 1.423139 0.161422
 24.000000 0.882642 1.269328
 25.000000 1.315475 0.242749
 26.000000 1.098178 0.439237
 27.000000 0.724538 0.840779
 28.000000 1.543014 -0.371796
 29.000000 1.325230 0.425534
 30.000000 1.444926 0.348144
 31.000000 1.213286 0.621141
 32.000000 1.246497 -0.161774
 33.000000 0.665507 0.682730
 34.000000 1.370040 0.513891
 35.000000 1.203778 0.557985
 36.000000 1.496504 0.493405
 37.000000 1.184710 0.070397
 38.000000 1.135206 0.413527
 39.000000 1.280532 0.284322
 40.000000 1.590036 0.521761
 41.000000 1.524872 0.739762
 42.000000 1.400194 0.743593
 43.000000 1.474246 1.122552
 44.000000 1.049666 0.694566
 45.000000 1.070573 1.381180
 46.000000 1.049858 1.145456
 47.000000 1.361234 0.224829
 48.000000 1.860856 0.371124
 49.000000 1.413805 0.271128
 50.000000 0.702420 0.753203
 51.000000 1.134549 0.795896
 52.000000 0.995042 1.047965
 53.000000 1.340671 0.405681
 54.000000 1.184983 0.094276
 55.000000 1.372990 0.514058
 56.000000 0.972520 0.459534
 57.000000 1.435778 0.262382
 58.000000 1.072887 1.354736
 59.000000 0.988903 1.120945
 60.000000 1.409539 0.418882
 61.000000 1.443551 0.643666
 62.000000 1.511021 0.235948
 63.000000 1.298596 0.380068
 64.000000 1.237337 0.367957
 65.000000 1.090392 0.242368
 66.000000 0.960883 1.087773
 67.000000 1.192533 0.629767
 68.000000 1.153973 2.758450
 69.000000 0.868898 -3.116037
 70.000000 1.000414 3.056473
 71.000000 1.376833 2.991257
 72.000000 0.822677 2.938949
 73.000000 1.198206 3.064504
 74.000000 1.998185 2.464986
 75.000000 0.898788 2.592470
 76.000000 0.965345 2.975075
 77.000000 1.156316 2.787200
 78.000000 1.362923 2.598803
 79.000000 1.107259 2.784448
 80.000000 1.487821 2.424813
 81.000000 1.232477 -2.678801
 82.000000 1.036772 -2.768309
 83.000000 0.903978 -2.766193
 84.000000 0.951689 -2.729189
 85.000000 1.030853 -2.941203
 86.000000 1.213323 2.707250
 87.000000 0.859938 2.755530
 88.000000 1.248261 2.812348
 89.000000 1.099111 3.139161
 90.000000 0.721147 -2.746571
 91.000000 1.030855 -2.183821
 92.000000 0.442895 -2.122205
 93.000000 0.344129 -2.040098
 94.000000 0.920649 -2.529073
 95.000000 0.706732 -2.946422
 96.000000 0.860979 -2.701450
 97.000000 1.265857 3.054038
 98.000000 0.738501 -2.456215
 99.000000 0.999770 -2.782014
 100.000000 0.871450 -2.890242
 101.000000 1.086571 -2.559827
 102.000000 1.018309 -2.550893
 103.000000 0.793843 -2.685780
 104.000000 1.091512 2.890622
 105.000000 1.146075 2.812489
 106.000000 1.007447 3.085001
 107.000000 0.978362 -2.961800
 108.000000 1.360685 3.131247
 109.000000 1.261499 2.654240
 110.000000 1.074081 -2.967350
 111.000000 1.512074 2.797840
 112.000000 1.234559 2.813114
 113.000000 1.154549 2.628058
 114.000000 1.081908 1.887330
 115.000000 1.209097 2.559722
 116.000000 1.404246 1.613640
 117.000000 1.404422 2.767301
 118.000000 1.451681 1.865024
 119.000000 1.166889 2.013832
 120.000000 1.040612 1.947591
 121.000000 0.745552 1.283222
 122.000000 0.822394 1.452669
 123.000000 1.135212 2.220823
 124.000000 0.995903 2.914972
 125.000000 1.002393 -2.537246
 126.000000 1.017293 -2.757769
 127.000000 0.866055 -2.518121
 128.000000 1.052775 -2.853869
 129.000000 0.972889 -2.906305
 130.000000 0.997008 -3.091936
 131.000000 1.508973 -2.293568
 132.000000 0.688049 -2.574323
 133.000000 0.884150 -2.926240
 134.000000 0.857323 -2.495715
 135.000000 0.951858 -2.736667
 136.000000 0.890138 -2.653736
 137.000000 0.914221 -2.482763
 138.000000 0.670670 -2.885873
 139.000000 0.997152 -2.536440
 140.000000 0.942317 -2.139467
 141.000000 0.789587 -2.448360
 142.000000 1.002620 -2.541666
 143.000000 0.783150 -2.649846
 144.000000 0.985464 -2.502828
 145.000000 0.518616 -2.468475
 146.000000 0.794202 -2.575539
 147.000000 0.826739 3.137215
 148.000000 1.153381 -3.018823
 149.000000 1.019767 -2.536731
 150.000000 0.767085 -2.745264
 151.000000 1.236342 2.633804
 152.000000 1.100388 -2.537280
 153.000000 1.056768 -2.210094
 154.000000 0.785523 -2.691834
 155.000000 0.942046 -2.905076
 156.000000 0.829338 -2.608290
 157.000000 0.851403 -2.582446
 158.000000 1.134870 -2.733399
 159.000000 0.925507 -2.663282
 160.000000 0.847278 -2.908019
 161.000000 0.949770 3.024711
 162.000000 1.007293 -2.352001
 163.000000 1.105672 -2.819589
 164.000000 0.784590 -3.068298
 165.000000 1.326804 2.731430
 166.000000 1.098610 2.766045
 167.000000 0.837099 -3.024399
 168.000000 1.101146 -2.883090
 169.000000 1.150905 2.580200
 170.000000 0.878662 -2.916612
 171.000000 0.774789 -2.480753
 172.000000 1.129955 -2.545461
 173.000000 1.132043 -2.767577
 174.000000 0.924302 -2.636199
 175.000000 0.628570 -2.241288
 176.000000 0.835899 -2.773408
 177.000000 0.821988 -2.714277
 178.000000 1.374439 -2.990609
 179.000000 1.129542 2.556197
 180.000000 1.455893 2.224948
 181.000000 0.959546 3.109312
 182.000000 1.001977 -3.042629
 183.000000 1.114818 -3.122514
 184.000000 1.112102 -2.943343
 185.000000 1.415054 -3.033643
 186.000000 0.802970 -2.745959
 187.000000 0.784486 -2.668901
 188.000000 1.028860 -2.269447
 189.000000 0.816784 -2.741827
 190.000000 0.878972 -2.587586
 191.000000 1.050135 -2.778713
 192.000000 1.378474 -2.968457
 193.000000 1.019133 -2.859249
 194.000000 1.042380 2.970306
 195.000000 1.821933 2.888483
 196.000000 1.034121 -2.608226
 197.000000 1.037377 -2.644504
 198.000000 0.922541 -2.810936
 199.000000 1.093277 3.107276
 200.000000 0.816617 -2.537899
 201.000000 1.178571 2.723395
 202.000000 1.122823 2.733066
 203.000000 1.234631 3.058007
 204.000000 1.299786 3.061246
 205.000000 1.278445 2.527145
 206.000000 0.858775 -3.033109
 207.000000 0.853857 -2.773389
 208.000000 1.197219 -2.782151
 209.000000 1.086080 3.082594
 210.000000 0.717474 3.124215
 211.000000 1.082655 -2.687039
 212.000000 1.484118 2.000771
 213.000000 1.778820 2.318819
 214.000000 1.406157 1.514828
 215.000000 0.568793 1.426007
 216.000000 1.267853 0.109945
 217.000000 1.268909 0.209818
 218.000000 1.251802 0.155353
 219.000000 1.426913 0.634003
 220.000000 1.476004 0.676724
 221.000000 1.159933 0.470354
 222.000000 1.207876 0.507348
 223.000000 1.246109 0.203599
 224.000000 1.362591 0.477709
 225.000000 1.778551 0.208211
 226.000000 1.197806 0.296071
 227.000000 0.900011 0.808793
 228.000000 1.260895 0.296707
 229.000000 1.678038 0.082709
 230.000000 1.210920 0.158972
 231.000000 1.009030 0.653502
 232.000000 1.285943 0.436435
 233.000000 1.007702 0.404065
 234.000000 1.095191 0.508547
 235.000000 1.076490 0.677635
 236.000000 1.334919 0.359535
 237.000000 1.213060 0.588354
 238.000000 1.332787 0.474034
 239.000000 1.323340 0.382850
 240.000000 1.420441 0.286206
 241.000000 1.650660 0.233951
 242.000000 1.297663 0.183024
 243.000000 1.627892 0.090488
 244.000000 0.595989 1.138417
 245.000000 0.630403 0.651457
 246.000000 1.894616 0.200361
 247.000000 1.258163 0.581205
 248.000000 1.341645 0.155096
 249.000000 1.426047 0.429362
 250.000000 0.796357 0.652728
 251.000000 1.500951 0.423663
 252.000000 1.277878 0.516227
 253.000000 1.581553 0.488764
 254.000000 0.763397 1.079756
 255.000000 -1.628046 2.024822
 256.000000 -1.857455 1.930493
 257.000000 -1.461909 2.525112
 258.000000 -0.637969 2.552920
 259.000000 -1.688476 2.183890
 260.000000 -2.124426 2.307120
 261.000000 -0.881549 2.457802
 262.000000 -1.058330 2.583863
 263.000000 -0.991616 2.703379
 264.000000 -1.052021 2.568229
 265.000000 -0.747110 2.410725
 266.000000 -1.160590 2.572393
 267.000000 -1.005862 2.312142
 268.000000 -1.185556 2.431271
 269.000000 -1.212489 1.311012
 270.000000 -1.116398 2.638145
 271.000000 -1.342158 2.305098
 272.000000 -1.623828 2.201087
 273.000000 -1.607884 2.824022
 274.000000 -2.751984 1.703552
 275.000000 -1.544884 2.370887
 276.000000 -1.397893 2.183283
 277.000000 -0.952548 2.457780
 278.000000 -1.049777 2.602817
 279.000000 -1.554564 2.890081
 280.000000 -1.270242 2.721726
 281.000000 -1.857997 2.729235
 282.000000 -1.401318 2.513750
 283.000000 -1.111703 2.547163
 284.000000 -1.473370 1.971642
 285.000000 -1.083765 2.772026
 286.000000 -1.531099 2.500807
 287.000000 -2.116739 2.071295
 288.000000 -1.631913 2.055625
 289.000000 -1.872309 2.562206
 290.000000 -1.839628 2.586617
 291.000000 -1.684726 2.802589
 292.000000 -1.015309 2.527604
 293.000000 -1.386269 -3.100955
 294.000000 -0.991303 2.765803
 295.000000 -1.278457 2.447101
 296.000000 -1.507565 2.412074
 297.000000 -2.010880 2.130278
 298.000000 -0.757357 2.342365
 299.000000 -1.111870 2.668420
 300.000000 -1.365103 2.776677
 301.000000 -1.206670 2.590914
 302.000000 -1.311237 2.042150
 303.000000 -1.484425 2.500658
 304.000000 -0.854363 2.052737
 305.000000 -1.495164 2.059821
 306.000000 -1.437107 1.890748
 307.000000 -1.520117 2.150774
 308.000000 -1.238688 2.521600
 309.000000 -1.048858 2.343495
 310.000000 -0.727935 2.700524
 311.000000 -0.996138 2.576684
 312.000000 -1.152465 2.592662
 313.000000 -1.372135 2.387593
 314.000000 -2.519410 2.626321
 315.000000 -2.482441 0.406626
 316.000000 -1.229673 -0.706950
 317.000000 -1.727371 -0.556134
 318.000000 -2.190926 0.366134
 319.000000 -1.703149 -0.122064
 320.000000 -1.497452 -0.587672
 321.000000 -1.845755 0.003642
 322.000000 -1.825574 -0.021865
 323.000000 -1.153774 -0.663959
 324.000000 -1.051306 -0.716258
 325.000000 -1.079375 -0.670392
 326.000000 -1.255443 -0.620842
 327.000000 -2.265294 0.292091
 328.000000 -1.600811 -0.048914
 329.000000 -1.896941 0.177531
 330.000000 -1.931568 -0.026971
 331.000000 -1.453247 -0.491677
 332.000000 -1.955378 -0.146136
 333.000000 -0.955779 -0.740222
 334.000000 -1.106517 -0.743779
 335.000000 -1.070212 -0.813994
 336.000000 -0.897396 -0.910987
 337.000000 -1.020988 -0.650523
 338.000000 -1.167925 -0.626729
 339.000000 -1.679507 -0.397839
 340.000000 -1.481435 -0.224712
 341.000000 -1.340052 -0.204807
 342.000000 -1.463311 -0.367008
 343.000000 -2.221918 -0.073420
 344.000000 -1.814467 -0.185478
 345.000000 -1.724617 0.026994
 346.000000 -1.646107 0.023217
 347.000000 -2.027854 0.217695
 348.000000 -2.513069 -0.228693
 349.000000 -1.640410 0.190943
 350.000000 -1.732616 0.425572
 351.000000 -1.256026 -0.646331
 352.000000 -2.066274 0.065876
 353.000000 -1.308106 -0.262223
 354.000000 -1.713536 0.167488
 355.000000 -2.364375 0.493282
 356.000000 -1.603304 -0.162753
 357.000000 -1.896702 0.343925
 358.000000 -1.670839 0.257242
 359.000000 -1.799221 -0.010977
 360.000000 -1.611246 0.152245
 361.000000 -1.632315 0.174046
 362.000000 -2.547315 0.515731
 363.000000 -1.858722 0.107376
 364.000000 -1.917286 -0.155358
 365.000000 -1.952018 -0.071098
 366.000000 -0.761640 -1.033201
 367.000000 -1.027475 -0.559024
 368.000000 -2.123538 0.204475
 369.000000 -1.468172 -0.103469
 370.000000 -1.374084 -0.192932
 371.000000 -1.533718 0.162679
 372.000000 -1.515148 0.605419
 373.000000 -1.995549 0.115097
 374.000000 -1.768261 0.167442
 375.000000 -0.957540 -0.831058
 376.000000 -2.063357 0.295418
 377.000000 -1.408288 -0.356810
 378.000000 -2.342466 0.144282
 379.000000 -1.370642 0.507612
 380.000000 -2.021569 0.626827
 381.000000 -1.723611 0.247346
 382.000000 -2.993253 0.045618
 383.000000 -1.709419 -0.183300
 384.000000 -1.765802 0.211667
 385.000000 -1.602602 0.059329
 386.000000 -1.730861 0.422585
 387.000000 -1.316874 -0.207758
 388.000000 -1.809870 0.896332
 389.000000 -1.739243 0.007906
 390.000000 -2.251189 0.215162
 391.000000 -2.550304 0.261502
 392.000000 -1.667121 -0.435938
 393.000000 -0.961593 -0.782772
 394.000000 -1.182798 -0.751151
 395.000000 -1.102361 -0.508023
 396.000000 -1.489720 -0.122303
 397.000000 -2.299395 0.178272
 398.000000 -1.827453 0.060691
 399.000000 -1.928304 0.074053
 400.000000 -1.636099 -0.065174
