#! FIELDS time phi psi
#! SET min_phi -pi
#! SET max_phi pi
#! SET min_psi -pi
#! SET max_psi pi
 0.000000 0.854502 -1.179948
 1.000000 1.239581 -1.378977
 2.000000 1.214482 -1.810261
 3.000000 0.931514 -3.068306
 4.000000 0.976664 -2.914291
 5.000000 1.316215 2.889022
 6.000000 1.058636 -2.985486
 7.000000 1.169103 3.004651
 8.000000 1.056014 -2.967433
 9.000000 1.224983 2.937843
 10.000000 1.479982 1.527040
 11.000000 1.439834 0.343930
 12.000000 1.397680 0.430824
 13.000000 1.445003 0.331326
 14.000000 1.304716 0.295129
 15.000000 0.426313 1.220824
 16.000000 1.136125 0.487457
 17.000000 1.274487 0.325871
 18.000000 1.493102 0.312432
 19.000000 1.115148 0.724863
 20.000000 1.298035 0.263701
 21.000000 1.305146 0.304535
 22.000000 1.964902 0.584633
 23.000000 1.402107 0.681314
 24.000000 1.345281 0.657947
 25.000000 1.062880 0.614624
 26.000000 1.008810 0.854317
 27.000000 0.698592 0.691837
 28.000000 0.856636 0.747478
 29.000000 0.955192 1.232156
 30.000000 1.008443 0.998150
 31.000000 0.981747 1.147040
 32.000000 1.447398 0.054488
 33.000000 1.393952 0.360849
 34.000000 1.407989 0.564761
 35.000000 0.792849 0.899276
 36.000000 1.109308 1.066978
 37.000000 1.321568 0.151459
 38.000000 1.175206 0.304956
 39.000000 0.945216 1.172175
 40.000000 1.126662 0.504546
 41.000000 1.006796 1.281637
 42.000000 1.009913 0.728493
 43.000000 0.902338 0.881637
 44.000000 1.226192 0.431662
 45.000000 1.458852 0.126015
 46.000000 1.144748 -0.038830
 47.000000 1.325383 0.232776
 48.000000 1.158874 0.445821
 49.000000 1.195564 0.399048
 50.000000 1.565896 0.182552
 51.000000 0.642877 0.923143
 52.000000 0.903345 1.267710
 53.000000 0.721279 0.751985
 54.000000 0.996186 0.447640
 55.000000 0.777572 0.810410
 56.000000 1.141567 0.230938
 57.000000 1.363881 0.859727
 58.000000 1.224470 0.771734
 59.000000 1.781055 0.314784
 60.000000 1.211883 0.765772
 61.000000 1.201898 1.404248
 62.000000 1.393663 2.562271
 63.000000 0.599460 -2.737315
 64.000000 0.875425 -3.025636
 65.000000 1.307905 2.921436
 66.000000 1.013385 2.828650
 67.000000 1.022490 -2.233120
 68.000000 0.721841 -2.529172
 69.000000 0.746532 -2.193459
 70.000000 0.815969 -2.561037
 71.000000 0.604656 -2.214624
 72.000000 0.439522 -2.407476
 73.000000 0.770086 -3.049454
 74.000000 1.001932 -3.067358
 75.000000 0.884358 -2.892394
 76.000000 0.946336 -2.684806
 77.000000 0.608928 -2.240769
 78.000000 0.785562 -2.372805
 79.000000 1.014669 -2.350521
 80.000000 0.903752 -2.610587
 81.000000 0.549116 -2.491921
 82.000000 0.641217 -2.638925
 83.000000 0.904889 -2.832419
 84.000000 0.877305 -2.415622
 85.000000 0.824947 -2.444453
 86.000000 0.940937 -2.874941
 87.000000 0.938269 -2.537291
 88.000000 0.765188 -2.544499
 89.000000 0.903813 -2.468648
 90.000000 0.984062 -2.595921
 91.000000 0.929209 -2.643679
 92.000000 0.830808 -2.455667
 93.000000 1.047262 -2.702649
 94.000000 0.890092 -2.622703
 95.000000 0.874079 -2.530822
 96.000000 0.929727 -2.758977
 97.000000 0.910220 -2.836811
 98.000000 0.802880 -2.009704
 99.000000 0.893303 -2.688347
 100.000000 1.254854 2.950895
 101.000000 1.310437 2.990113
 102.000000 0.918718 -2.529511
 103.000000 1.159009 -2.801212
 104.000000 0.342329 -2.295667
 105.000000 0.896180 -2.131090
 106.000000 1.122956 -2.570377
 107.000000 0.848162 -2.838777
 108.000000 1.181320 2.815918
 109.000000 1.034177 -3.120635
 110.000000 0.824715 -2.853699
 111.000000 1.023033 -2.961840
 112.000000 0.909098 -2.603094
 113.000000 0.761661 -2.271043
 114.000000 1.290494 -2.630895
 115.000000 0.785881 -2.788666
 116.000000 0.929604 3.067980
 117.000000 1.258406 -2.879797
 118.000000 1.002610 -2.763371
 119.000000 1.005539 -2.407802
 120.000000 1.067661 -2.856313
 121.000000 0.956102 -2.671101
 122.000000 1.000032 -2.735073
 123.000000 0.658053 -2.168162
 124.000000 0.956042 -2.487074
 125.000000 1.040768 -2.680294
 126.000000 0.982347 -2.871151
 127.000000 0.928111 -2.969411
 128.000000 0.923934 -2.793644
 129.000000 0.965422 -2.744903
 130.000000 1.031203 -2.301302
 131.000000 1.039705 -2.748002
 132.000000 0.723876 -2.596377
 133.000000 1.180112 2.596071
 134.000000 0.739537 -2.585515
 135.000000 0.779855 -2.395514
 136.000000 0.928847 -2.956968
 137.000000 0.815654 -2.500392
 138.000000 1.146285 -2.751550
 139.000000 1.166550 3.050542
 140.000000 0.889901 -2.938441
 141.000000 0.803379 -2.849263
 142.000000 0.581461 -2.620089
 143.000000 0.948131 -2.872040
 144.000000 1.152621 -2.845019
 145.000000 0.989935 -2.275076
 146.000000 1.122002 2.847009
 147.000000 1.784019 2.535712
 148.000000 2.972702 2.267481
 149.000000 1.068277 2.188413
 150.000000 1.249517 2.172830
 151.000000 0.768365 3.072836
 152.000000 0.750150 -2.470362
 153.000000 0.940546 -2.606067
 154.000000 0.882432 -2.404322
 155.000000 0.904980 -2.917801
 156.000000 0.922287 -2.846286
 157.000000 1.124363 -2.905953
 158.000000 0.861033 -2.542872
 159.000000 1.033933 -2.527698
 160.000000 0.761405 -2.361723
 161.000000 0.847044 -2.915690
 162.000000 1.072960 -3.101057
 163.000000 1.022730 -2.670224
 164.000000 0.896670 -2.986669
 165.000000 1.144788 3.084577
 166.000000 0.762359 -2.573778
 167.000000 1.078332 -2.671216
 168.000000 0.856051 -2.899438
 169.000000 0.870410 -2.974721
 170.000000 0.961154 3.121822
 171.000000 0.762453 -2.893290
 172.000000 0.886467 -2.939753
 173.000000 0.911499 -2.676843
 174.000000 0.920835 -2.547685
 175.000000 0.842148 -2.794119
 176.000000 1.145313 -2.899338
 177.000000 0.709165 -2.340944
 178.000000 1.497602 -3.093478
 179.000000 1.030507 -3.063084
 180.000000 1.202862 -2.629307
 181.000000 0.895697 -2.371675
 182.000000 1.061756 -2.817375
 183.000000 0.585429 -2.444695
 184.000000 0.862464 -2.584443
 185.000000 0.869012 -2.224826
 186.000000 0.783567 -2.718178
 187.000000 1.234267 -2.900685
 188.000000 0.988456 -2.696314
 189.000000 1.258924 2.905468
 190.000000 0.916479 -2.504590
 191.000000 0.932211 -2.819343
 192.000000 0.905534 -3.113753
 193.000000 1.171178 -2.632418
 194.000000 0.977775 -2.613476
 195.000000 1.080569 -2.589473
 196.000000 0.945141 -2.311004
 197.000000 1.108402 -3.108339
 198.000000 1.281174 2.488859
 199.000000 1.994867 2.649567
 200.000000 1.618964 2.860179
 201.000000 1.169077 1.992880
 202.000000 0.722211 -2.659244
 203.000000 0.898133 -2.680080
 204.000000 1.040056 -2.931706
 205.000000 0.855010 -2.517632
 206.000000 0.999606 -3.042631
 207.000000 1.018062 -2.807350
 208.000000 0.793545 -2.715221
 209.000000 0.892267 -2.948994
 210.000000 0.971100 -2.436988
 211.000000 1.332476 2.584433
 212.000000 0.905103 -2.801297
 213.000000 0.775207 -2.603066
 214.000000 0.989340 -2.790798
 215.000000 0.854418 -2.478574
 216.000000 1.077062 -2.725818
 217.000000 1.131609 -2.719355
 218.000000 0.902299 -2.918157
 219.000000 0.923734 -2.706302
 220.000000 1.119350 -2.812722
 221.000000 0.784439 -2.117499
 222.000000 1.143757 -2.425555
 223.000000 1.032674 3.054050
 224.000000 1.021878 -2.503310
 225.000000 0.920256 -2.410452
 226.000000 0.987432 -3.034883
 227.000000 0.872465 -2.633118
 228.000000 0.878267 -2.957365
 229.000000 0.843297 -2.952668
 230.000000 1.035766 -2.707459
 231.000000 0.866911 -2.710251
 232.000000 0.951399 3.138316
 233.000000 0.868505 3.033983
 234.000000 0.942672 -2.651804
 235.000000 0.458101 -2.105429
 236.000000 1.122016 -2.662759
 237.000000 0.653780 -2.424675
 238.000000 0.912868 -2.653595
 239.000000 0.982259 -2.713311
 240.000000 0.862166 -2.428036
 241.000000 1.682922 -3.123335
 242.000000 0.925745 -2.550359
 243.000000 0.801361 -2.485582
 244.000000 0.972583 -2.649666
 245.000000 1.171973 -2.966879
 246.000000 0.846378 -2.337220
 247.000000 0.837143 -2.533710
 248.000000 1.175147 -2.959538
 249.000000 0.898451 -3.074851
 250.000000 1.030709 -2.742640
 251.000000 1.247432 2.708604
 252.000000 1.005860 -2.846191
 253.000000 0.957448 -2.770857
 254.000000 1.177008 -2.944742
 255.000000 0.684821 -2.832809
 256.000000 0.973727 -2.452476
 257.000000 0.815738 -2.496915
 258.000000 0.856399 -2.551237
 259.000000 1.270265 2.519837
 260.000000 1.049323 2.381955
 261.000000 1.261485 2.057944
 262.000000 1.183192 2.061383
 263.000000 1.349324 2.260320
 264.000000 1.039518 1.009082
 265.000000 1.382926 0.291198
 266.000000 1.442930 0.022034
 267.000000 0.665501 0.986597
 268.000000 1.236052 0.092131
 269.000000 1.597480 0.362023
 270.000000 1.375248 0.552766
 271.000000 1.536667 0.421113
 272.000000 1.555694 0.372463
 273.000000 1.424365 0.340340
 274.000000 1.423418 0.569799
 275.000000 0.572877 1.385524
 276.000000 1.304024 0.428050
 277.000000 1.424545 0.780318
 278.000000 1.346313 0.369559
 279.000000 1.536231 0.495704
 280.000000 1.487488 0.300430
 281.000000 1.345787 0.330756
 282.000000 1.195501 0.680613
 283.000000 1.004632 0.495780
 284.000000 0.235206 1.249747
 285.000000 -0.634821 2.534336
 286.000000 -1.479634 2.078873
 287.000000 -1.283145 2.792809
 288.000000 -1.320690 2.483472
 289.000000 -1.046605 2.388280
 290.000000 -1.548975 2.671990
 291.000000 -1.173697 2.697963
 292.000000 -1.046006 2.638631
 293.000000 -1.610834 2.958641
 294.000000 -0.812138 2.538307
 295.000000 -1.236977 2.007499
 296.000000 -0.887789 2.663985
 297.000000 -1.367666 2.691941
 298.000000 -1.070800 2.677920
 299.000000 -0.879397 2.663340
 300.000000 -1.366749 2.728222
 301.000000 -2.824681 2.571588
 302.000000 -2.274967 2.530078
 303.000000 -1.974234 2.654803
 304.000000 -2.503710 2.733649
 305.000000 -1.330663 2.777840
 306.000000 -2.582346 2.509651
 307.000000 -1.881265 2.380684
 308.000000 -2.267202 2.344788
 309.000000 -1.802126 2.075493
 310.000000 -1.478752 2.390434
 311.000000 -2.144972 2.189171
 312.000000 -1.513395 2.319165
 313.000000 -1.477898 1.952912
 314.000000 -0.979253 2.224030
 315.000000 -1.088822 2.851289
 316.000000 -0.502921 2.038320
 317.000000 -2.198147 2.396929
 318.000000 -1.387867 1.898332
 319.000000 -1.105521 2.639085
 320.000000 -0.988595 2.388597
 321.000000 -1.646691 2.544046
 322.000000 -0.848898 2.149763
 323.000000 -0.794938 2.278199
 324.000000 -1.473636 2.281708
 325.000000 -1.436120 2.675210
 326.000000 -2.504701 2.674584
 327.000000 -1.130898 2.495714
 328.000000 -1.088824 2.476818
 329.000000 -1.760198 2.572516
 330.000000 -1.192833 2.367374
 331.000000 -1.625332 1.553599
 332.000000 -2.162973 2.375032
 333.000000 -1.103627 2.114185
 334.000000 -2.349067 1.893245
 335.000000 -1.381976 2.630098
 336.000000 -1.129252 2.380497
 337.000000 -1.881304 2.722749
 338.000000 -1.265740 2.482064
 339.000000 -1.747448 2.707040
 340.000000 -1.864114 2.422362
 341.000000 -1.200491 2.299529
 342.000000 -1.111674 2.396912
 343.000000 -1.111268 2.415530
 344.000000 -1.081152 2.587135
 345.000000 -1.236871 2.755094
 346.000000 -1.876150 2.459360
 347.000000 -1.175592 2.632367
 348.000000 -1.770215 2.207184
 349.000000 -1.061620 2.252988
 350.000000 -1.079338 2.409825
 351.000000 -0.867166 2.431902
 352.000000 -1.042669 2.424468
 353.000000 -0.766034 2.220565
 354.000000 -1.128335 2.553626
 355.000000 -0.639934 2.467269
 356.000000 -1.193437 2.766358
 357.000000 -2.700486 2.944246
 358.000000 -1.273876 2.575558
 359.000000 -1.146845 2.785496
 360.000000 -0.999714 2.831336
 361.000000 -1.816844 2.904290
 362.000000 -1.714311 2.498654
 363.000000 -2.278460 2.653141
 364.000000 -2.575210 2.255877
 365.000000 -2.491959 2.993860
 366.000000 -2.313657 1.980322
 367.000000 -1.328287 -0.476709
 368.000000 -1.517500 -1.299468
 369.000000 -1.856312 -0.005511
 370.000000 -1.624556 0.410024
 371.000000 -1.927894 -0.109531
 372.000000 -1.931886 0.344303
 373.000000 -1.660248 -0.244115
 374.000000 -1.870597 -0.154101
 375.000000 -1.309887 -0.692182
 376.000000 -1.149281 -0.665589
 377.000000 -1.761265 -0.046546
 378.000000 -1.857880 -0.025426
 379.000000 -1.874122 0.120224
 380.000000 -1.018212 -0.995884
 381.000000 -2.639792 0.100229
 382.000000 -2.565900 0.266753
 383.000000 -2.092256 0.119955
 384.000000 -2.192764 0.308788
 385.000000 -2.402594 0.259325
 386.000000 -1.553842 -0.433707
 387.000000 -1.842474 0.277704
 388.000000 -0.999958 -0.736850
 389.000000 -1.044369 -0.817900
 390.000000 -1.633030 -0.242291
 391.000000 -1.539927 -0.229738
 392.000000 -1.326587 -0.590600
 393.000000 -2.462180 0.226582
 394.000000 -2.251017 -0.267616
 395.000000 -1.986172 -0.250863
 396.000000 -1.802276 0.361897
 397.000000 -1.117285 -0.642186
 398.000000 -2.016933 0.229756
 399.000000 -2.125968 0.728031
 400.000000 -1.053176 -0.736349
