#! FIELDS time phi psi
#! SET min_phi -pi
#! SET max_phi pi
#! SET min_psi -pi
#! SET max_psi pi
 0.000000 3.104817 -0.951424
 1.000000 -2.049811 -0.171279
 2.000000 -1.885471 -0.041399
 3.000000 -2.152923 -0.174987
 4.000000 -1.620808 0.323918
 5.000000 -2.107190 -0.465912
 6.000000 -1.667703 0.029951
 7.000000 -2.373518 0.093999
 8.000000 -1.675881 0.182147
 9.000000 -2.483316 1.355932
 10.000000 -2.023392 2.100829
 11.000000 -1.975942 2.518689
 12.000000 -2.314747 2.686697
 13.000000 -1.704969 2.234991
 14.000000 -2.261711 1.960849
 15.000000 -2.379092 2.244660
 16.000000 -2.371875 2.235416
 17.000000 -2.394537 2.707877
 18.000000 -2.121760 3.016501
 19.000000 -0.923562 1.851128
 20.000000 -1.091629 2.584245
 21.000000 -1.156481 2.551931
 22.000000 -0.934935 2.475029
 23.000000 -0.907319 2.522920
 24.000000 -2.055264 2.701113
 25.000000 -2.307808 -2.894535
 26.000000 -1.090708 2.755101
 27.000000 -0.753083 2.800857
 28.000000 -1.387977 2.771027
 29.000000 -0.743689 2.280602
 30.000000 -1.079191 2.380411
 31.000000 -1.210856 2.668040
 32.000000 -1.273355 2.294855
 33.000000 -1.429341 2.281661
 34.000000 -0.759371 2.645317
 35.000000 -0.905293 2.171168
 36.000000 -1.541806 3.113675
 37.000000 -1.047373 2.236586
 38.000000 -1.080572 2.476169
 39.000000 -0.881795 2.658089
 40.000000 -1.227447 2.816129
 41.000000 -1.195005 2.631550
 42.000000 -1.158787 2.659501
 43.000000 -1.598257 2.923617
 44.000000 -1.128663 3.000834
 45.000000 -1.273339 3.005707
 46.000000 -1.251532 2.389363
 47.000000 -1.217255 2.243802
 48.000000 -1.776137 2.383864
 49.000000 -2.167404 2.217256
 50.000000 -2.558855 2.767829
 51.000000 -2.016443 2.486950
 52.000000 -1.028835 2.146996
 53.000000 -1.701042 2.501202
 54.000000 -1.186684 2.195685
 55.000000 -0.757198 2.850631
 56.000000 -1.183225 2.679148
 57.000000 -1.575146 2.280547
 58.000000 -1.053745 2.603053
 59.000000 -0.857415 2.338068
 60.000000 -1.158414 2.546065
 61.000000 -1.155465 2.530371
 62.000000 -2.141657 2.353453
 63.000000 -2.278356 2.567821
 64.000000 -2.577944 -3.073289
 65.000000 -1.060149 2.597571
 66.000000 -2.496825 3.080954
 67.000000 -1.571476 2.752531
 68.000000 -1.605248 2.520771
 69.000000 -1.841613 2.072342
 70.000000 -2.203984 2.775500
 71.000000 -1.535987 1.993930
 72.000000 -1.130808 2.518522
 73.000000 -1.005362 2.460690
 74.000000 -1.167068 1.970313
 75.000000 -0.855517 2.718675
 76.000000 -1.086274 2.559579
 77.000000 -1.493028 2.522072
 78.000000 -1.201026 2.514373
 79.000000 -0.962817 2.413962
 80.000000 -0.953567 2.601296
 81.000000 -1.495345 2.618305
 82.000000 -1.582417 2.652308
 83.000000 -1.289653 2.135966
 84.000000 -1.183365 2.706208
 85.000000 -1.154740 2.567737
 86.000000 -1.051447 2.413310
 87.000000 -1.220622 2.579355
 88.000000 -0.907525 2.128820
 89.000000 -1.121288 1.897173
 90.000000 -0.960405 2.252252
 91.000000 -1.778851 1.902361
 92.000000 -0.916431 2.345058
 93.000000 -1.075398 2.625486
 94.000000 -0.915301 2.482551
 95.000000 -0.846649 2.998951
 96.000000 -1.482129 2.337364
 97.000000 -0.515946 2.416635
 98.000000 -0.900053 2.611494
 99.000000 -1.198642 2.389699
 100.000000 -0.992329 2.735547
 101.000000 -1.127048 2.551477
 102.000000 -1.125000 2.738744
 103.000000 -1.384030 2.568858
 104.000000 -1.426365 2.712795
 105.000000 -1.104400 2.561463
 106.000000 -1.882098 2.281619
 107.000000 -1.432122 2.277927
 108.000000 -1.127442 2.632271
 109.000000 -1.199247 2.148779
 110.000000 -1.227822 2.894737
 111.000000 -0.641193 2.454249
 112.000000 -1.062806 2.626162
 113.000000 -1.001862 2.579206
 114.000000 -0.903022 2.247104
 115.000000 -1.536420 2.465345
 116.000000 -0.821994 2.595227
 117.000000 -0.790694 2.921126
 118.000000 -2.033868 2.855681
 119.000000 -2.700180 2.906452
 120.000000 -2.466210 2.335561
 121.000000 -2.480521 2.745716
 122.000000 -2.772436 3.004016
 123.000000 -2.498425 2.961418
 124.000000 -2.682149 2.632383
 125.000000 -2.644680 2.453995
 126.000000 -2.291970 2.077316
 127.000000 -2.542676 2.996471
 128.000000 -2.210213 2.488796
 129.000000 -2.891022 2.550263
 130.000000 -3.131225 2.741117
 131.000000 -1.822807 2.986178
 132.000000 0.108755 1.981785
 133.000000 -1.143263 2.568443
 134.000000 -1.024937 2.542054
 135.000000 -0.943468 2.262859
 136.000000 -1.291843 2.455416
 137.000000 -0.553042 2.032588
 138.000000 -0.636922 2.320865
 139.000000 -1.165291 2.372789
 140.000000 -1.127446 2.357124
 141.000000 -0.996466 2.510243
 142.000000 -0.922309 2.500850
 143.000000 -0.925164 2.258920
 144.000000 -0.974436 2.549318
 145.000000 -1.568983 2.949208
 146.000000 -2.248305 2.464831
 147.000000 -2.771876 2.660392
 148.000000 -2.053192 2.418432
 149.000000 -0.871724 2.560059
 150.000000 -0.880980 2.663931
 151.000000 -0.911484 2.702065
 152.000000 -0.810530 2.642919
 153.000000 -1.312501 2.846188
 154.000000 -1.161538 2.470287
 155.000000 -1.307508 2.445036
 156.000000 -1.799638 2.182121
 157.000000 -2.420187 2.795170
 158.000000 -2.757047 -3.068181
 159.000000 -2.673421 2.303068
 160.000000 -2.861777 3.066902
 161.000000 -0.640006 2.682435
 162.000000 -0.956843 2.655524
 163.000000 -1.992115 2.005028
 164.000000 -1.213294 2.130560
 165.000000 -1.568427 2.143289
 166.000000 -1.092628 2.445130
 167.000000 -0.981488 2.404842
 168.000000 -1.275832 2.398616
 169.000000 -1.533418 2.547042
 170.000000 -0.823262 2.291217
 171.000000 -0.615312 2.345872
 172.000000 -1.324422 2.267455
 173.000000 -0.963564 2.734542
 174.000000 -1.338640 2.627870
 175.000000 -1.219975 2.461792
 176.000000 -1.108965 2.623857
 177.000000 -1.126540 2.703430
 178.000000 -0.869911 2.317420
 179.000000 -0.870821 3.075204
 180.000000 -1.322067 2.672123
 181.000000 -0.776780 2.830282
 182.000000 -1.126208 2.653669
 183.000000 -2.399373 2.973183
 184.000000 -1.244814 2.588706
 185.000000 -1.081271 2.741029
 186.000000 -1.129232 2.677899
 187.000000 -1.320933 2.833064
 188.000000 -1.535794 2.478987
 189.000000 -0.390625 2.377282
 190.000000 -1.156645 2.134496
 191.000000 -1.051089 2.250705
 192.000000 -1.149038 2.629291
 193.000000 -1.803578 1.717423
 194.000000 -1.043787 2.327841
 195.000000 -1.553681 2.928353
 196.000000 -1.200893 2.676504
 197.000000 -1.269524 2.324198
 198.000000 -1.280169 2.633746
 199.000000 -1.308825 2.747903
 200.000000 -0.794627 2.069148
 201.000000 -1.301846 2.837928
 202.000000 -0.924579 2.375467
 203.000000 -1.192938 2.809609
 204.000000 -1.975664 2.580516
 205.000000 -1.164484 2.730523
 206.000000 -2.616860 2.756387
 207.000000 -2.250245 2.845380
 208.000000 -2.579542 2.536433
 209.000000 -2.274028 2.540869
 210.000000 -2.545915 2.994460
 211.000000 -2.193775 2.286668
 212.000000 -1.059622 2.712927
 213.000000 -1.781532 3.036997
 214.000000 -1.414247 2.767149
 215.000000 -0.925876 2.467161
 216.000000 -1.647640 2.266450
 217.000000 -1.492907 1.862059
 218.000000 -1.075729 2.544319
 219.000000 -0.917475 2.296180
 220.000000 -1.114247 2.639681
 221.000000 -1.135127 2.871385
 222.000000 -0.849382 2.465796
 223.000000 -1.178773 2.567457
 224.000000 -0.934272 2.356250
 225.000000 -1.012266 2.514012
 226.000000 -1.109760 2.580544
 227.000000 -0.985995 2.612242
 228.000000 -0.745827 2.275907
 229.000000 -1.462011 3.043868
 230.000000 -1.169084 2.471843
 231.000000 -0.945114 2.601136
 232.000000 -1.806718 2.578323
 233.000000 -2.192561 2.244929
 234.000000 -0.721151 2.675622
 235.000000 -1.033001 2.441691
 236.000000 -1.098499 2.826380
 237.000000 -1.471220 3.070392
 238.000000 -1.082641 2.499597
 239.000000 -1.337649 2.707533
 240.000000 -1.813348 2.170609
 241.000000 -1.202617 2.027549
 242.000000 -0.571389 2.173012
 243.000000 -1.393118 2.782114
 244.000000 -0.908860 2.663340
 245.000000 -1.800899 3.109718
 246.000000 -0.903185 3.107162
 247.000000 -1.155886 2.591450
 248.000000 -1.689231 2.528335
 249.000000 -1.161781 2.252742
 250.000000 -1.026924 1.629000
 251.000000 -1.575115 2.488788
 252.000000 -0.949173 2.570517
 253.000000 -1.143200 1.964808
 254.000000 -0.873435 2.727889
 255.000000 -1.199274 2.776984
 256.000000 -0.924201 2.585290
 257.000000 -1.377437 2.654717
 258.000000 -2.724764 2.123079
 259.000000 -1.159766 2.162785
 260.000000 -1.152997 2.531586
 261.000000 -0.736057 2.383907
 262.000000 -0.966916 2.560982
 263.000000 -0.428419 2.268941
 264.000000 -0.883204 2.382129
 265.000000 -1.840375 2.670338
 266.000000 -2.562738 2.987524
 267.000000 -2.027679 2.605165
 268.000000 -2.221988 2.527881
 269.000000 -2.716068 2.814823
 270.000000 -2.388489 2.459064
 271.000000 -1.754675 1.958618
 272.000000 -1.870266 2.333952
 273.000000 -2.384923 2.151165
 274.000000 -1.800960 2.733382
 275.000000 -2.248992 2.274380
 276.000000 0.265840 1.756644
 277.000000 -0.819482 2.747046
 278.000000 -1.115568 2.590090
 279.000000 -0.809672 2.611547
 280.000000 -1.193373 2.611283
 281.000000 -1.164531 2.650691
 282.000000 -1.652577 2.901772
 283.000000 -1.450628 2.013600
 284.000000 -1.297961 2.614419
 285.000000 -2.040412 2.721551
 286.000000 -1.023610 2.622057
 287.000000 -1.120314 2.333565
 288.000000 -1.064701 2.603761
 289.000000 -1.164139 3.055870
 290.000000 -1.633190 2.788321
 291.000000 -1.009645 2.424423
 292.000000 -1.162883 2.690845
 293.000000 -1.141112 2.665902
 294.000000 -1.111486 2.847508
 295.000000 -2.592392 2.329327
 296.000000 -2.798392 2.858655
 297.000000 -2.913599 2.877756
 298.000000 -2.259131 2.774268
 299.000000 2.846082 2.717850
 300.000000 -2.678191 2.822805
 301.000000 -1.878821 2.444239
 302.000000 -1.878843 2.796949
 303.000000 -1.311518 2.918760
 304.000000 -1.163925 2.591925
 305.000000 -1.899703 2.330576
 306.000000 -2.018143 2.532504
 307.000000 -0.908787 2.255135
 308.000000 -0.907376 2.104622
 309.000000 -1.011673 2.545652
 310.000000 -0.726932 2.836132
 311.000000 -1.025958 2.584771
 312.000000 -0.923878 2.587304
 313.000000 -1.503077 2.140860
 314.000000 -1.498988 2.665560
 315.000000 -1.271356 2.450261
 316.000000 -1.499627 0.979715
 317.000000 -1.232883 2.925966
 318.000000 -2.165311 2.307642
 319.000000 -1.469154 2.459155
 320.000000 -1.392084 2.304807
 321.000000 -1.200013 2.524858
 322.000000 -1.040437 2.773330
 323.000000 -1.884573 2.655437
 324.000000 -1.426952 2.286294
 325.000000 -0.734873 2.474838
 326.000000 -0.967747 2.278154
 327.000000 -1.092354 2.904619
 328.000000 -1.314189 2.755288
 329.000000 -0.989765 2.737169
 330.000000 -1.115142 2.591977
 331.000000 -1.076437 2.598139
 332.000000 -1.072697 2.585931
 333.000000 -0.812125 2.923966
 334.000000 -1.467014 2.644135
 335.000000 -1.432011 2.557162
 336.000000 -2.026304 2.238061
 337.000000 -1.803427 2.260719
 338.000000 -1.146014 2.577567
 339.000000 -2.734081 3.012104
 340.000000 -1.180696 2.960614
 341.000000 -0.675631 2.561212
 342.000000 -1.973155 2.988140
 343.000000 -2.554017 3.094277
 344.000000 -1.895470 2.383930
 345.000000 -1.877520 2.379963
 346.000000 -1.298547 2.432164
 347.000000 -1.874043 2.791506
 348.000000 -0.878730 2.535269
 349.000000 -1.191093 2.418189
 350.000000 -1.523937 2.399719
 351.000000 -1.222157 2.917572
 352.000000 -0.769482 2.254496
 353.000000 -1.275628 2.199108
 354.000000 -1.272758 2.863779
 355.000000 -1.332527 2.844848
 356.000000 -1.065785 2.723316
 357.000000 -1.059978 2.648808
 358.000000 -1.257201 2.476574
 359.000000 -1.144616 3.012142
 360.000000 -1.136677 2.852962
 361.000000 -0.956708 2.592412
 362.000000 -0.998899 2.316853
 363.000000 -0.856846 2.438502
 364.000000 -1.308447 2.738800
 365.000000 -1.280071 2.803374
 366.000000 -1.133112 2.367985
 367.000000 -1.069396 2.595705
 368.000000 -0.935177 2.517350
 369.000000 -1.174851 2.511385
 370.000000 -1.772714 2.848476
 371.000000 -1.614574 2.941297
 372.000000 -2.612434 2.574676
 373.000000 -2.452016 2.364607
 374.000000 -1.625274 2.678872
 375.000000 -2.465244 2.778314
 376.000000 -2.325829 2.352645
 377.000000 -2.399845 3.044890
 378.000000 -2.118527 2.746814
 379.000000 -2.543796 2.426015
 380.000000 -2.834757 3.073715
 381.000000 -2.589482 2.731921
 382.000000 -2.533645 2.739950
 383.000000 -2.316798 2.851860
 384.000000 -2.578993 2.644173
 385.000000 -0.975788 2.917384
 386.000000 -1.096823 -3.089715
 387.000000 -1.084486 2.548375
 388.000000 -1.498935 2.295299
 389.000000 -1.164710 2.293244
 390.000000 -1.381887 2.165387
 391.000000 -2.005416 2.374480
 392.000000 -2.127671 2.410716
 393.000000 -2.772806 2.776045
 394.000000 -2.681860 3.050106
 395.000000 -2.578711 2.671793
 396.000000 -2.676775 2.352892
 397.000000 -2.327952 2.834502
 398.000000 -2.671499 2.818996
 399.000000 -2.602326 2.611329
 400.000000 -1.516206 2.339637
