#! FIELDS time phi psi
#! SET min_phi -pi
#! SET max_phi pi
#! SET min_psi -pi
#! SET max_psi pi
 0.000000 -1.034387 -0.715976
 1.000000 -0.881601 -0.730616
 2.000000 -1.238490 -0.651128
 3.000000 -0.839500 -0.981234
 4.000000 -1.698787 -0.447821
 5.000000 -1.232506 -0.750021
 6.000000 -1.454220 -0.370641
 7.000000 -0.987599 -0.676013
 8.000000 -1.405346 -0.852218
 9.000000 -1.071946 -0.769145
 10.000000 -1.708190 -0.474022
 11.000000 -2.283069 0.087612
 12.000000 -1.420844 -0.210297
 13.000000 -2.128612 0.067151
 14.000000 -2.737521 -0.015433
 15.000000 -2.592271 0.948905
 16.000000 -2.516420 1.411326
 17.000000 -2.203704 0.636605
 18.000000 -2.319488 0.734473
 19.000000 -1.786770 0.138548
 20.000000 -2.145428 0.369201
 21.000000 -2.246449 -0.106208
 22.000000 -1.977321 -0.024777
 23.000000 -2.746271 0.897926
 24.000000 -2.573636 -0.038628
 25.000000 -1.037899 -0.619907
 26.000000 -0.964219 -0.821027
 27.000000 -1.667617 -0.221732
 28.000000 -1.165986 -0.759421
 29.000000 -2.641612 0.135094
 30.000000 -2.672886 0.019062
 31.000000 -2.278618 0.475130
 32.000000 -2.152748 0.193443
 33.000000 -2.487448 -0.486761
 34.000000 -1.237376 -0.474437
 35.000000 -1.624948 -0.155654
 36.000000 -1.063057 -0.608345
 37.000000 -1.153544 -0.701956
 38.000000 -1.140248 -0.494522
 39.000000 -1.129551 -0.837434
 40.000000 -1.089459 -0.855944
 41.000000 -1.140273 -0.611796
 42.000000 -1.161103 -0.690211
 43.000000 -1.167979 -0.487581
 44.000000 -1.740855 0.171195
 45.000000 -2.132627 0.088906
 46.000000 -1.038458 -0.727034
 47.000000 -1.015252 -0.898913
 48.000000 -1.256279 -0.511750
 49.000000 -1.596008 0.333809
 50.000000 -2.802682 -0.157042
 51.000000 -2.699020 0.322275
 52.000000 -1.818775 0.215447
 53.000000 -1.761124 0.023946
 54.000000 -2.231581 0.218639
 55.000000 -1.829340 -0.049556
 56.000000 -1.882121 0.349741
 57.000000 -2.631425 0.187154
 58.000000 -2.694982 0.400361
 59.000000 -1.970789 0.092792
 60.000000 -1.566900 -0.036412
 61.000000 -1.751106 -0.453474
 62.000000 -2.416203 0.133209
 63.000000 -2.409919 -0.306524
 64.000000 -2.014096 0.211139
 65.000000 -1.656932 -0.432675
 66.000000 -1.451780 -0.349922
 67.000000 -1.284049 -0.559055
 68.000000 -1.893374 -0.136384
 69.000000 -2.047416 0.197293
 70.000000 -1.573687 -0.142131
 71.000000 -1.750889 -0.151726
 72.000000 -1.362090 -0.428388
 73.000000 -1.552433 -0.107631
 74.000000 -2.018519 0.240242
 75.000000 -1.727395 0.151838
 76.000000 -2.927522 0.465393
 77.000000 -2.630882 0.269910
 78.000000 -2.174618 0.329191
 79.000000 -1.684477 0.010656
 80.000000 -1.807825 0.246355
 81.000000 -0.947110 -0.616703
 82.000000 -1.156706 -0.407206
 83.000000 -1.042179 -0.528009
 84.000000 -1.181899 -0.501388
 85.000000 -1.618083 -0.248045
 86.000000 -1.875568 -0.289676
 87.000000 -1.687274 0.002536
 88.000000 -2.166832 -0.070589
 89.000000 -1.599799 0.375937
 90.000000 -1.473114 -0.066843
 91.000000 -1.711529 -0.004614
 92.000000 -1.451678 -0.355694
 93.000000 -1.961640 0.147707
 94.000000 -2.043222 0.268496
 95.000000 -1.942339 0.175619
 96.000000 -0.931867 -0.818204
 97.000000 -1.712518 -0.175222
 98.000000 -1.696536 -0.563835
 99.000000 -1.147614 -0.547190
 100.000000 -1.335205 -0.517055
 101.000000 -0.960038 -0.786457
 102.000000 -1.872412 -0.149186
 103.000000 -2.236998 -0.073090
 104.000000 -2.413347 0.150586
 105.000000 -1.970888 0.018165
 106.000000 -1.426448 -0.363044
 107.000000 -1.247023 -0.383375
 108.000000 -1.700655 0.093233
 109.000000 -1.616250 -0.348894
 110.000000 -1.602847 -0.176687
 111.000000 -1.167997 1.504385
 112.000000 -1.513138 2.365664
 113.000000 -1.148705 2.372603
 114.000000 -2.042677 2.394714
 115.000000 -2.230801 2.440920
 116.000000 3.018894 2.541163
 117.000000 -2.597634 2.823321
 118.000000 -2.263765 2.424338
 119.000000 -2.209982 2.585779
 120.000000 -2.261846 2.265982
 121.000000 -0.933170 2.426266
 122.000000 -1.069713 2.258271
 123.000000 -2.430913 2.840797
 124.000000 -2.319846 2.963946
 125.000000 -1.498503 3.052532
 126.000000 -1.330295 2.689026
 127.000000 -2.495270 2.872843
 128.000000 -1.765609 2.709481
 129.000000 -0.869459 2.458929
 130.000000 -1.740343 2.431992
 131.000000 -1.994172 2.724959
 132.000000 -1.480659 2.170644
 133.000000 -1.411310 2.277280
 134.000000 -0.853638 2.732719
 135.000000 -0.701421 2.452333
 136.000000 -2.033302 2.843872
 137.000000 -0.581010 2.523819
 138.000000 -0.932439 2.508261
 139.000000 -1.640758 2.814133
 140.000000 -1.079580 2.392622
 141.000000 -1.513266 2.431527
 142.000000 -2.154704 2.325164
 143.000000 -2.274205 2.510772
 144.000000 -1.231597 2.690383
 145.000000 -1.262284 2.114351
 146.000000 -0.584391 2.527489
 147.000000 -1.209131 2.491966
 148.000000 -1.050435 2.268861
 149.000000 -1.136920 1.828373
 150.000000 -1.119840 2.543975
 151.000000 -0.684837 2.285180
 152.000000 -1.168461 2.773920
 153.000000 -1.123744 2.029183
 154.000000 -1.131055 2.195719
 155.000000 -0.817956 2.356450
 156.000000 -2.072998 2.667250
 157.000000 -1.613833 2.332334
 158.000000 -1.793970 2.187187
 159.000000 -0.975153 2.261624
 160.000000 -1.620270 2.832400
 161.000000 -1.020244 2.560359
 162.000000 -1.279404 2.880023
 163.000000 -1.473428 2.640683
 164.000000 -1.079886 2.583770
 165.000000 -1.302415 2.584296
 166.000000 -0.763432 2.576782
 167.000000 -1.306705 2.203584
 168.000000 -1.527591 2.228327
 169.000000 -1.575226 2.330769
 170.000000 -1.402963 2.267746
 171.000000 -1.167917 2.368473
 172.000000 -1.121497 2.715968
 173.000000 -1.390977 2.646545
 174.000000 -1.686234 2.454968
 175.000000 -1.206144 2.715101
 176.000000 -1.003274 2.660450
 177.000000 -1.691258 2.571920
 178.000000 -1.767022 2.510581
 179.000000 -1.161135 2.652058
 180.000000 -1.588693 2.283993
 181.000000 -0.990993 2.320460
 182.000000 -1.129406 2.256867
 183.000000 -1.250148 2.662607
 184.000000 -1.445137 2.988671
 185.000000 -0.921453 2.475195
 186.000000 -0.892280 2.513626
 187.000000 -0.958479 2.507096
 188.000000 -1.461389 2.713901
 189.000000 -1.067352 2.440623
 190.000000 -0.685845 2.372577
 191.000000 -1.243679 2.740820
 192.000000 -0.787429 2.292546
 193.000000 -1.293811 2.528058
 194.000000 -1.651010 2.624939
 195.000000 -0.996886 2.489693
 196.000000 -1.385506 1.807220
 197.000000 -0.992180 2.752435
 198.000000 -0.885782 1.907269
 199.000000 -0.898254 2.184196
 200.000000 -1.203664 2.602882
 201.000000 -1.266032 2.829909
 202.000000 -1.021324 2.664097
 203.000000 -1.009218 2.393050
 204.000000 -1.029466 2.335234
 205.000000 -1.336408 2.298401
 206.000000 -1.021102 2.435294
 207.000000 -0.915892 1.943695
 208.000000 -1.200797 2.317542
 209.000000 -1.340795 2.257229
 210.000000 -0.479189 2.320120
 211.000000 -1.574471 2.529361
 212.000000 -1.490196 2.772386
 213.000000 -1.486229 2.499694
 214.000000 -0.710032 2.463386
 215.000000 -1.351266 2.764869
 216.000000 -1.356109 2.723887
 217.000000 -1.106498 2.352560
 218.000000 -1.440755 2.349760
 219.000000 -1.154964 2.423182
 220.000000 -1.447483 2.876568
 221.000000 -1.265666 2.748889
 222.000000 -2.336323 2.896385
 223.000000 -1.685182 2.214084
 224.000000 -2.657831 2.679413
 225.000000 -2.669053 2.478688
 226.000000 -2.758185 -3.122985
 227.000000 -2.660060 2.777986
 228.000000 -2.817260 2.524195
 229.000000 -2.276104 2.858758
 230.000000 -2.514154 2.581057
 231.000000 -2.467049 2.958941
 232.000000 -2.751198 2.560263
 233.000000 -2.803108 2.199804
 234.000000 -1.895527 1.807129
 235.000000 -1.876633 2.360284
 236.000000 -1.028579 2.353042
 237.000000 -0.792966 2.150607
 238.000000 -1.604727 2.827160
 239.000000 -1.297348 2.038900
 240.000000 -2.035468 2.232677
 241.000000 -2.557713 2.875789
 242.000000 -2.761041 3.020493
 243.000000 -2.712279 2.837725
 244.000000 -0.979470 2.507890
 245.000000 -1.077453 2.470368
 246.000000 -1.083724 2.423385
 247.000000 -1.535294 2.177098
 248.000000 -1.514864 2.442732
 249.000000 -2.481110 2.181987
 250.000000 -2.391309 2.150774
 251.000000 -2.577148 2.525495
 252.000000 -2.704027 2.692882
 253.000000 -2.408582 2.918624
 254.000000 -2.665371 2.920971
 255.000000 -1.176770 2.295984
 256.000000 -1.145983 2.370829
 257.000000 -0.971435 2.436360
 258.000000 -1.078896 2.457332
 259.000000 -1.152704 2.307738
 260.000000 -2.104095 2.326919
 261.000000 -2.288319 2.793392
 262.000000 -2.827694 2.459041
 263.000000 -1.559048 2.186409
 264.000000 -0.942611 2.485160
 265.000000 -0.982808 2.288506
 266.000000 -1.127005 2.482619
 267.000000 -2.144014 2.794390
 268.000000 -2.359948 2.892962
 269.000000 -2.525342 2.444133
 270.000000 -2.387076 2.926819
 271.000000 -2.365276 3.002282
 272.000000 -1.070113 2.509844
 273.000000 -2.380353 1.696733
 274.000000 -1.084728 2.277346
 275.000000 -1.545859 2.640031
 276.000000 -1.481948 2.393858
 277.000000 -1.309262 2.731424
 278.000000 -1.071424 2.342617
 279.000000 -1.040783 2.378213
 280.000000 -0.868948 2.015547
 281.000000 -0.930505 2.453953
 282.000000 -1.102469 2.723796
 283.000000 -0.986110 2.429234
 284.000000 -0.409120 2.196769
 285.000000 -0.934394 2.271367
 286.000000 -1.695780 2.838225
 287.000000 -1.494456 2.337940
 288.000000 -2.106745 2.255802
 289.000000 -1.512397 2.597003
 290.000000 -1.046754 2.235873
 291.000000 -1.058734 2.557710
 292.000000 -0.957201 2.471415
 293.000000 -1.410232 2.903604
 294.000000 -1.335139 2.655701
 295.000000 -1.709923 2.485221
 296.000000 -2.278248 2.320601
 297.000000 -1.079885 2.208944
 298.000000 -1.178384 2.649804
 299.000000 -1.042006 2.033213
 300.000000 -0.672066 2.164193
 301.000000 -1.174109 2.496295
 302.000000 -1.181238 2.405744
 303.000000 -1.816555 2.625041
 304.000000 -1.802489 2.157814
 305.000000 -1.420597 2.215880
 306.000000 -1.019666 2.629591
 307.000000 -1.174070 2.553169
 308.000000 -2.548254 2.514150
 309.000000 2.912697 1.651964
 310.000000 -2.251887 2.866258
 311.000000 -2.274474 2.322891
 312.000000 -2.493658 2.486532
 313.000000 -1.118916 2.609510
 314.000000 -0.992109 2.552855
 315.000000 -1.096617 2.416275
 316.000000 -1.112232 2.013917
 317.000000 -1.111055 2.190872
 318.000000 -1.136744 2.527198
 319.000000 -1.763819 2.533015
 320.000000 -2.581535 2.409908
 321.000000 -1.245511 2.480575
 322.000000 -1.060652 2.623401
 323.000000 -1.157739 2.333839
 324.000000 -1.080604 2.675496
 325.000000 -1.279881 2.035819
 326.000000 -2.068623 2.684139
 327.000000 -1.095982 2.458725
 328.000000 -0.881830 2.485656
 329.000000 -1.035570 2.424488
 330.000000 -1.361381 2.876073
 331.000000 -2.222404 2.898244
 332.000000 -2.403025 2.810773
 333.000000 -1.881224 1.990788
 334.000000 -2.509517 2.554900
 335.000000 -2.061003 2.617286
 336.000000 -2.341885 2.945230
 337.000000 -1.466009 1.720833
 338.000000 -1.453953 1.947433
 339.000000 -1.642762 2.252626
 340.000000 -0.890860 2.226044
 341.000000 -1.126678 2.788270
 342.000000 -1.288716 2.314193
 343.000000 -1.134547 2.424711
 344.000000 -0.931362 2.653491
 345.000000 -0.781771 2.412085
 346.000000 -1.279607 2.648127
 347.000000 -2.373510 2.860452
 348.000000 -2.037301 2.228304
 349.000000 -1.547656 2.765515
 350.000000 -0.801906 2.181063
 351.000000 -1.114990 2.346473
 352.000000 -1.037731 2.253977
 353.000000 -1.042070 2.611121
 354.000000 -0.499803 2.180935
 355.000000 -1.138202 2.296486
 356.000000 -1.427625 2.588014
 357.000000 -2.295271 2.195058
 358.000000 -1.060170 2.374576
 359.000000 -1.061344 2.420323
 360.000000 -0.985660 2.433167
 361.000000 -1.173972 2.504635
 362.000000 -1.241918 1.978128
 363.000000 -0.715808 2.583146
 364.000000 -1.019490 2.819138
 365.000000 -1.189370 2.175205
 366.000000 -1.065324 2.454859
 367.000000 -0.910774 2.475203
 368.000000 -0.932842 2.672938
 369.000000 -0.346604 2.168767
 370.000000 -1.531623 2.780027
 371.000000 -2.550023 -3.001692
 372.000000 -2.655723 -2.982163
 373.000000 -2.264993 2.996065
 374.000000 -1.798151 2.639989
 375.000000 -1.151696 1.917376
 376.000000 -1.181391 2.431610
 377.000000 -1.111675 2.506588
 378.000000 -0.998248 3.018879
 379.000000 -1.099973 2.512598
 380.000000 -1.148334 2.661462
 381.000000 -1.156075 2.324324
 382.000000 -0.895703 2.694389
 383.000000 -1.672924 3.071443
 384.000000 -0.860855 2.690946
 385.000000 -1.512860 2.816572
 386.000000 -1.118665 2.231757
 387.000000 -1.835590 2.739536
 388.000000 -1.166719 2.663170
 389.000000 -1.224206 2.601630
 390.000000 -1.127201 2.478960
 391.000000 -0.904296 2.662440
 392.000000 -1.313663 2.883598
 393.000000 -2.147521 2.335377
 394.000000 -2.437208 2.773863
 395.000000 -2.058183 2.361704
 396.000000 -1.260288 1.994089
 397.000000 -1.078871 2.456358
 398.000000 -1.361946 2.988748
 399.000000 -1.228080 2.879920
 400.000000 -1.114049 2.701847
