#! FIELDS time phi psi
#! SET min_phi -pi
#! SET max_phi pi
#! SET min_psi -pi
#! SET max_psi pi
 0.000000 1.501608 -0.899486
 1.000000 1.460940 -1.963654
 2.000000 1.344307 -1.463638
 3.000000 1.295295 -2.771808
 4.000000 1.016826 -2.851680
 5.000000 1.228527 2.490584
 6.000000 1.087456 1.887936
 7.000000 1.231945 1.680948
 8.000000 1.370122 1.946015
 9.000000 1.173769 2.758010
 10.000000 1.032808 2.646398
 11.000000 1.330178 2.533304
 12.000000 1.253359 2.329482
 13.000000 0.781005 -2.719518
 14.000000 0.758207 -2.891157
 15.000000 0.940067 -2.557667
 16.000000 0.812039 -2.294903
 17.000000 0.977239 -3.003909
 18.000000 1.152263 -2.446855
 19.000000 1.040446 -2.396068
 20.000000 0.920053 -2.364386
 21.000000 1.013653 -2.681238
 22.000000 0.900690 -3.107279
 23.000000 0.927772 -2.738472
 24.000000 1.022618 -2.598880
 25.000000 0.965112 -2.451843
 26.000000 0.841916 -2.549826
 27.000000 0.749241 -2.341645
 28.000000 1.084325 -2.638453
 29.000000 1.049044 -2.635969
 30.000000 0.985288 -2.924878
 31.000000 1.012162 2.668952
 32.000000 1.215914 2.756266
 33.000000 1.567541 2.678151
 34.000000 1.234797 0.484852
 35.000000 1.116913 0.285272
 36.000000 1.536721 0.388537
 37.000000 1.320982 0.584189
 38.000000 1.485476 0.783681
 39.000000 1.138898 0.687510
 40.000000 0.659312 0.742684
 41.000000 1.223317 0.399716
 42.000000 1.250053 0.320200
 43.000000 0.528506 1.190558
 44.000000 1.204804 0.525173
 45.000000 1.294473 0.237003
 46.000000 1.333160 0.597343
 47.000000 1.570138 0.712850
 48.000000 0.979423 0.966578
 49.000000 1.320080 0.308145
 50.000000 1.361976 0.382382
 51.000000 1.279420 0.339224
 52.000000 1.323272 0.321715
 53.000000 1.364161 0.554213
 54.000000 1.844167 0.473272
 55.000000 0.769538 0.711190
 56.000000 1.514342 0.407159
 57.000000 1.196756 0.625058
 58.000000 1.272208 0.296288
 59.000000 1.177918 0.641693
 60.000000 1.257003 0.375892
 61.000000 1.349644 0.316500
 62.000000 0.998109 0.515786
 63.000000 1.636492 -0.004338
 64.000000 1.182808 0.259690
 65.000000 1.653187 0.213527
 66.000000 0.446980 1.163487
 67.000000 0.772824 0.696260
 68.000000 1.596298 0.256987
 69.000000 1.592240 0.351950
 70.000000 1.740122 0.636446
 71.000000 1.358164 0.120798
 72.000000 1.608995 0.337158
 73.000000 0.933630 0.921211
 74.000000 0.625204 0.764428
 75.000000 1.030393 0.559429
 76.000000 0.868799 0.766697
 77.000000 1.251890 0.824506
 78.000000 1.302538 0.286065
 79.000000 1.053007 0.382759
 80.000000 1.460801 0.197897
 81.000000 0.674564 0.735750
 82.000000 0.787177 0.870183
 83.000000 1.399496 0.348536
 84.000000 1.397520 0.397400
 85.000000 1.255710 0.673393
 86.000000 1.385787 0.442403
 87.000000 0.755701 0.596399
 88.000000 1.484764 0.264769
 89.000000 0.950150 0.617495
 90.000000 0.507085 1.121922
 91.000000 0.776612 1.180175
 92.000000 1.196383 1.172809
 93.000000 1.664031 0.552357
 94.000000 1.477115 0.599699
 95.000000 1.051928 0.218085
 96.000000 0.841691 0.966902
 97.000000 0.804539 0.819298
 98.000000 1.003446 1.116385
 99.000000 0.972896 1.060434
 100.000000 1.429334 0.250981
 101.000000 1.311629 0.419009
 102.000000 1.152446 0.454451
 103.000000 0.725484 0.840260
 104.000000 1.299200 0.461150
 105.000000 1.126530 0.100244
 106.000000 1.337938 0.174091
 107.000000 0.670246 1.344140
 108.000000 -1.588423 2.208139
 109.000000 -1.023297 2.422386
 110.000000 -2.444510 2.833960
 111.000000 -1.685604 2.349735
 112.000000 -2.483258 2.536861
 113.000000 -1.092957 2.079591
 114.000000 -1.144344 2.352012
 115.000000 -0.935056 1.958075
 116.000000 -2.141893 2.020546
 117.000000 -1.255560 0.476439
 118.000000 -1.663650 0.168989
 119.000000 -1.383739 -0.060106
 120.000000 -2.494321 0.921815
 121.000000 -1.914520 0.102271
 122.000000 -1.900877 0.321837
 123.000000 -2.049882 0.150443
 124.000000 -1.874886 0.113779
 125.000000 -2.128880 0.044657
 126.000000 -1.841288 0.045820
 127.000000 -2.376599 -0.128017
 128.000000 -2.024521 0.407550
 129.000000 -1.056212 -0.589779
 130.000000 -0.886584 -0.921035
 131.000000 -1.589838 0.079880
 132.000000 -1.607527 0.018686
 133.000000 -2.135763 0.213506
 134.000000 -1.234549 -0.600868
 135.000000 -1.512858 -0.124023
 136.000000 -1.299356 -0.379613
 137.000000 -1.187209 -0.535086
 138.000000 -1.095454 -0.686002
 139.000000 -1.108807 -0.628628
 140.000000 -1.066206 -0.745102
 141.000000 -1.679735 -0.391318
 142.000000 -1.266676 -0.527170
 143.000000 -1.120692 -0.606688
 144.000000 -0.943844 -0.735191
 145.000000 -1.345900 -0.434193
 146.000000 -1.001554 -0.810239
 147.000000 -1.930934 0.471778
 148.000000 -1.648802 0.144902
 149.000000 -1.874507 0.078571
 150.000000 -1.762405 0.214184
 151.000000 -1.160614 -0.596083
 152.000000 -1.067869 -0.682490
 153.000000 -2.640388 0.800118
 154.000000 -2.407211 0.697872
 155.000000 -2.516728 0.316764
 156.000000 -2.701331 0.144805
 157.000000 -2.229489 0.498042
 158.000000 -2.325790 0.032828
 159.000000 -2.927217 -0.789111
 160.000000 -2.686987 -1.191353
 161.000000 -2.816837 -0.274090
 162.000000 -2.638225 0.000352
 163.000000 -1.199531 -0.727947
 164.000000 -1.276216 -0.332457
 165.000000 -1.246563 -0.829481
 166.000000 -1.264658 -0.729232
 167.000000 -0.895548 -0.822105
 168.000000 -1.044413 -0.830438
 169.000000 -1.555099 0.093233
 170.000000 -1.492163 -0.599581
 171.000000 -1.663723 -0.079701
 172.000000 -1.575320 0.026490
 173.000000 -1.329817 0.523437
 174.000000 -2.028137 0.301730
 175.000000 -1.604967 0.508653
 176.000000 -2.482318 0.322132
 177.000000 -2.382050 0.160869
 178.000000 -1.755058 0.018418
 179.000000 -1.314658 -0.431162
 180.000000 -2.049801 0.270749
 181.000000 -1.384295 -0.269289
 182.000000 -1.007168 -0.543455
 183.000000 -2.813965 -0.390913
 184.000000 -2.112162 0.641133
 185.000000 -2.577692 0.637349
 186.000000 -1.864640 0.033458
 187.000000 -1.306278 -0.442899
 188.000000 -0.978622 -0.715713
 189.000000 -0.950961 -0.620395
 190.000000 -1.879918 0.200933
 191.000000 -1.569396 0.302422
 192.000000 -1.413887 -0.137014
 193.000000 -1.287971 -0.104366
 194.000000 -1.838313 -0.312584
 195.000000 -1.300855 -0.605611
 196.000000 -1.447483 -0.637929
 197.000000 -1.883692 0.153390
 198.000000 -1.796911 -0.868144
 199.000000 -1.749362 -0.172776
 200.000000 -1.648268 -0.140709
 201.000000 -1.892868 0.086078
 202.000000 -1.680044 -0.374923
 203.000000 -1.727363 -0.119193
 204.000000 -1.248431 -0.733160
 205.000000 -1.487536 0.099928
 206.000000 -1.254052 -0.442810
 207.000000 -1.323430 -0.317648
 208.000000 -1.029056 -0.745671
 209.000000 -1.186710 -0.950205
 210.000000 -1.697358 0.203399
 211.000000 -1.234782 -0.450180
 212.000000 -2.159917 0.603071
 213.000000 -1.731248 -0.139791
 214.000000 -1.644844 0.001228
 215.000000 -1.148346 -0.284772
 216.000000 -1.502150 -0.140539
 217.000000 -1.132050 -0.711365
 218.000000 -1.007040 -0.645165
 219.000000 -2.036812 0.188431
 220.000000 -2.841123 0.555095
 221.000000 -1.248003 1.863565
 222.000000 -1.151426 2.171964
 223.000000 -1.792253 2.572299
 224.000000 -1.900078 -3.024863
 225.000000 -2.356383 2.791428
 226.000000 -2.272742 2.767759
 227.000000 -2.633289 2.837503
 228.000000 -2.318887 2.232256
 229.000000 -1.666232 2.396273
 230.000000 -0.783965 2.509703
 231.000000 -1.317404 2.706364
 232.000000 -1.135446 2.769905
 233.000000 -0.973599 2.694663
 234.000000 -1.046760 2.488811
 235.000000 -0.912274 2.274005
 236.000000 -0.549512 2.688602
 237.000000 -1.404402 2.895765
 238.000000 -0.615228 2.295466
 239.000000 -2.767255 2.535183
 240.000000 -2.717571 2.841742
 241.000000 -2.165231 2.665529
 242.000000 -1.691410 2.670513
 243.000000 -0.978646 2.362332
 244.000000 -1.155517 2.644061
 245.000000 -0.782453 2.784712
 246.000000 -0.705244 2.749272
 247.000000 -1.095673 2.407578
 248.000000 -1.371005 2.297883
 249.000000 -0.978250 2.598112
 250.000000 -0.799942 2.625120
 251.000000 -1.116572 2.441294
 252.000000 -1.024806 2.294987
 253.000000 -1.409927 2.838674
 254.000000 -1.108078 2.553725
 255.000000 -1.154893 2.411694
 256.000000 -1.033546 2.095769
 257.000000 -1.347937 2.625167
 258.000000 -0.684169 2.419659
 259.000000 -1.084945 2.168417
 260.000000 -1.176212 2.410083
 261.000000 -1.186520 2.291740
 262.000000 -0.943695 2.645041
 263.000000 -0.983032 2.743137
 264.000000 -0.971314 2.506477
 265.000000 -1.018571 2.456581
 266.000000 -1.065434 2.532879
 267.000000 -1.098814 2.599227
 268.000000 -1.155380 2.337800
 269.000000 -1.170743 2.256688
 270.000000 -1.246359 2.004527
 271.000000 -1.120804 2.782520
 272.000000 -0.920423 2.810967
 273.000000 -1.290831 2.816213
 274.000000 -1.645685 2.712633
 275.000000 -1.559984 2.294328
 276.000000 -1.116854 2.372759
 277.000000 -1.043917 2.596688
 278.000000 -0.967392 2.610364
 279.000000 -0.962890 -2.972189
 280.000000 -1.058687 2.310495
 281.000000 -0.931177 2.064431
 282.000000 -1.867332 0.137762
 283.000000 -2.115213 0.452416
 284.000000 -1.913901 0.274761
 285.000000 -1.874434 -0.020064
 286.000000 -1.267848 -0.530867
 287.000000 -1.527429 0.144537
 288.000000 -1.707358 0.384615
 289.000000 -2.031469 0.131937
 290.000000 -1.868226 0.109413
 291.000000 -1.717572 0.024714
 292.000000 -1.397920 0.186670
 293.000000 -1.814629 0.058422
 294.000000 -2.007840 -0.963357
 295.000000 -2.190444 -0.454994
 296.000000 -1.193474 -0.629725
 297.000000 -1.581777 0.306308
 298.000000 -0.904581 -0.937680
 299.000000 -1.850203 0.307460
 300.000000 -1.366860 -0.229199
 301.000000 -1.844082 0.310278
 302.000000 -1.722693 -0.040071
 303.000000 -1.532756 -0.118580
 304.000000 -2.121822 0.155358
 305.000000 -1.510988 -0.326608
 306.000000 -1.934716 -0.261468
 307.000000 -1.370378 -0.367301
 308.000000 -1.549969 0.724364
 309.000000 -1.604433 -0.192516
 310.000000 -1.693517 0.039740
 311.000000 -2.573354 0.355838
 312.000000 -1.613361 0.035244
 313.000000 -1.874113 0.245438
 314.000000 -1.336648 -0.289459
 315.000000 -2.015764 0.075099
 316.000000 -2.968397 0.631975
 317.000000 -2.000843 0.326302
 318.000000 -2.540344 0.289476
 319.000000 -1.989675 0.099674
 320.000000 -2.066738 0.042443
 321.000000 -1.016879 -0.826086
 322.000000 -1.046638 -0.734667
 323.000000 -1.747250 0.114720
 324.000000 -1.650345 -0.408082
 325.000000 -1.151355 -0.729368
 326.000000 -1.780438 0.070073
 327.000000 -1.691624 -0.043166
 328.000000 -1.359145 -0.197211
 329.000000 -2.020970 0.459704
 330.000000 -1.006475 -0.583858
 331.000000 -1.386831 -0.473159
 332.000000 -1.370121 -0.638853
 333.000000 -1.912421 -0.313221
 334.000000 -1.920648 -0.441115
 335.000000 -1.083213 -0.774691
 336.000000 -1.479394 -0.332779
 337.000000 -1.466157 -0.202779
 338.000000 -1.429104 -0.449750
 339.000000 -2.089618 0.514970
 340.000000 -1.902073 0.143368
 341.000000 -2.152775 0.007788
 342.000000 -1.259883 -0.190606
 343.000000 -0.944009 -0.629684
 344.000000 -1.972165 -0.634611
 345.000000 -1.665924 0.087870
 346.000000 -2.300507 0.265663
 347.000000 -3.014479 0.417342
 348.000000 -1.526080 0.262099
 349.000000 -1.702315 0.460576
 350.000000 -1.068146 -0.321982
 351.000000 -1.171105 -0.536830
 352.000000 -1.335314 -0.292694
 353.000000 -1.377094 -0.285919
 354.000000 -1.716917 0.272835
 355.000000 -1.227635 -0.399389
 356.000000 -1.437147 -0.559513
 357.000000 -1.172474 -0.591763
 358.000000 -1.077445 -0.754443
 359.000000 -1.165539 -0.812127
 360.000000 -1.980442 -1.238356
 361.000000 -1.308577 -0.994682
 362.000000 -1.378328 -0.313496
 363.000000 -1.048716 -0.654685
 364.000000 -0.991040 -0.838530
 365.000000 -1.097919 -0.647582
 366.000000 -1.065435 -0.747326
 367.000000 -1.844141 -0.109415
 368.000000 -1.119371 -0.760276
 369.000000 -2.120008 0.556311
 370.000000 -1.342719 -0.586360
 371.000000 -1.107357 -0.565354
 372.000000 -1.277203 -0.318914
 373.000000 -1.857886 0.247087
 374.000000 -1.943812 0.429161
 375.000000 -1.964414 0.142714
 376.000000 -1.433256 0.189242
 377.000000 -2.087795 0.236702
 378.000000 -2.135987 0.050131
 379.000000 -1.594790 0.158256
 380.000000 -1.277233 -0.608075
 381.000000 -1.698919 0.071280
 382.000000 -1.059336 -0.858209
 383.000000 -1.002031 -0.819276
 384.000000 -1.449798 -0.459517
 385.000000 -1.403279 -0.283931
 386.000000 -1.961566 -0.146752
 387.000000 -0.959036 -0.855355
 388.000000 -1.750120 -0.186607
 389.000000 -0.997102 -0.570234
 390.000000 -1.151750 -0.767777
 391.000000 -0.992526 -0.833192
 392.000000 -1.040281 -0.650786
 393.000000 -1.427171 -1.530319
 394.000000 -1.195158 -2.527452
 395.000000 -1.358816 2.956389
 396.000000 -1.543032 2.327059
 397.000000 -0.896005 2.699732
 398.000000 -1.105549 2.787969
 399.000000 -0.706620 2.055941
 400.000000 -1.229297 2.625458
