#! FIELDS time phi psi
#! SET min_phi -pi
#! SET max_phi pi
#! SET min_psi -pi
#! SET max_psi pi
 0.000000 0.645355 0.919964
 1.000000 1.160086 0.351302
 2.000000 0.982506 0.604218
 3.000000 1.186757 0.303592
 4.000000 0.776095 1.319273
 5.000000 0.952306 1.353968
 6.000000 1.491259 1.814568
 7.000000 1.095410 2.761296
 8.000000 1.112764 -2.805193
 9.000000 0.882942 -2.888561
 10.000000 1.043717 -2.872539
 11.000000 1.196875 2.983212
 12.000000 0.857055 -2.977366
 13.000000 1.155514 3.077596
 14.000000 0.931811 -2.914032
 15.000000 0.936256 -2.885985
 16.000000 0.902657 -2.479417
 17.000000 1.120881 -2.985768
 18.000000 0.761556 -2.585596
 19.000000 0.936898 -2.793090
 20.000000 0.901797 -2.656113
 21.000000 0.807631 -2.668364
 22.000000 1.148257 -3.080784
 23.000000 0.641200 -2.606529
 24.000000 1.391292 -2.805176
 25.000000 1.653013 2.513241
 26.000000 1.221888 -3.043031
 27.000000 1.053358 2.508797
 28.000000 1.166071 2.181445
 29.000000 1.200273 2.085434
 30.000000 1.167757 2.541796
 31.000000 1.355784 2.569817
 32.000000 1.187818 2.122137
 33.000000 0.848152 1.247387
 34.000000 1.227391 0.445777
 35.000000 1.283142 0.381578
 36.000000 1.374218 0.720416
 37.000000 1.369879 0.411071
 38.000000 1.219625 0.484155
 39.000000 1.181113 0.354646
 40.000000 1.584106 0.798977
 41.000000 1.118605 0.905010
 42.000000 1.168078 0.521409
 43.000000 -1.009856 2.626329
 44.000000 -0.933543 2.780001
 45.000000 -1.102600 2.310292
 46.000000 -2.334918 2.708946
 47.000000 -1.251647 2.551263
 48.000000 -0.979389 2.345766
 49.000000 -0.989727 2.483212
 50.000000 -1.775164 2.980105
 51.000000 -2.458334 2.525008
 52.000000 -0.866834 2.261128
 53.000000 -0.655548 2.327939
 54.000000 -0.882112 2.532786
 55.000000 -1.469245 2.617979
 56.000000 -0.802531 2.267475
 57.000000 -0.978571 2.459122
 58.000000 -1.247263 2.582953
 59.000000 -0.974416 2.177325
 60.000000 -1.058611 2.793451
 61.000000 -0.606137 2.689033
 62.000000 -1.137293 2.599399
 63.000000 -1.174850 2.927991
 64.000000 -1.139540 2.377190
 65.000000 -1.360394 2.720192
 66.000000 -1.925387 2.689722
 67.000000 -1.456769 2.922161
 68.000000 -1.018633 2.243684
 69.000000 -1.241057 2.130572
 70.000000 -2.227813 2.564101
 71.000000 -1.894923 2.851269
 72.000000 -0.617907 2.703555
 73.000000 -0.788501 2.481661
 74.000000 -0.928790 2.576874
 75.000000 -1.915669 2.823351
 76.000000 -0.941789 1.895634
 77.000000 -1.733517 2.380425
 78.000000 -1.440869 2.684657
 79.000000 -1.411135 2.438092
 80.000000 -1.334097 1.662841
 81.000000 -1.945285 2.197310
 82.000000 -1.357428 2.414980
 83.000000 -1.178363 2.720208
 84.000000 -1.180556 2.384554
 85.000000 -1.267710 2.494908
 86.000000 -1.453686 2.532506
 87.000000 -0.720217 2.693115
 88.000000 -0.856327 2.249365
 89.000000 -1.120035 2.508986
 90.000000 -1.122541 2.616335
 91.000000 -1.556388 2.136524
 92.000000 -1.038806 2.567443
 93.000000 -1.417409 2.105426
 94.000000 -0.907009 2.278374
 95.000000 -1.154190 -2.926543
 96.000000 -1.883556 2.460316
 97.000000 -1.200874 2.124932
 98.000000 -0.959309 2.543844
 99.000000 -0.898699 2.456290
 100.000000 -1.143740 2.000465
 101.000000 -1.020299 2.646495
 102.000000 -1.125608 -3.116452
 103.000000 -1.112306 2.458944
 104.000000 -0.626566 2.473509
 105.000000 -1.023325 2.706628
 106.000000 -1.204911 2.729931
 107.000000 -1.250803 2.656876
 108.000000 -0.883186 2.784424
 109.000000 -1.043101 2.419533
 110.000000 -0.676342 2.591661
 111.000000 -0.819154 2.965585
 112.000000 -1.160362 2.612498
 113.000000 -1.185434 2.337161
 114.000000 -1.081026 2.161954
 115.000000 -1.506442 2.266915
 116.000000 -1.861655 1.943548
 117.000000 -1.208322 2.380325
 118.000000 -1.143747 2.180952
 119.000000 -1.914758 2.886563
 120.000000 -1.052100 2.157434
 121.000000 -0.706747 2.029020
 122.000000 -1.897944 1.865608
 123.000000 -0.591436 2.384251
 124.000000 -0.990248 2.398029
 125.000000 -0.970818 2.332422
 126.000000 -2.318389 2.494492
 127.000000 -2.688915 2.855768
 128.000000 -2.821452 2.995038
 129.000000 -1.142580 2.622675
 130.000000 -1.541200 2.001193
 131.000000 -1.045812 2.387403
 132.000000 -0.936562 2.210359
 133.000000 -1.192450 2.352276
 134.000000 -1.109904 2.731306
 135.000000 -1.482199 2.151307
 136.000000 -2.067245 1.976446
 137.000000 -2.843274 2.859703
 138.000000 -2.616853 2.596598
 139.000000 -1.293127 2.511652
 140.000000 -0.545039 2.302488
 141.000000 -0.931706 2.190133
 142.000000 -1.156754 2.503028
 143.000000 -1.029714 2.428084
 144.000000 -1.167738 2.335008
 145.000000 -1.128598 2.730468
 146.000000 -0.962217 2.517217
 147.000000 -0.803803 2.386629
 148.000000 -1.089087 2.529444
 149.000000 -0.482014 2.763894
 150.000000 -1.693548 2.357857
 151.000000 -2.222711 -3.055344
 152.000000 -2.647894 2.404327
 153.000000 -1.814400 2.154134
 154.000000 -2.503078 2.643481
 155.000000 -2.919715 3.088622
 156.000000 -2.628818 2.775095
 157.000000 -2.974660 2.776497
 158.000000 -2.256266 2.391697
 159.000000 -1.621139 2.298746
 160.000000 -1.514558 2.379026
 161.000000 -1.258803 2.519855
 162.000000 -0.814021 2.275665
 163.000000 -1.577169 2.450889
 164.000000 -0.922304 2.484839
 165.000000 -1.046997 2.568731
 166.000000 -1.196701 1.874604
 167.000000 -0.896716 2.389727
 168.000000 -1.123310 2.624593
 169.000000 -0.837529 2.686531
 170.000000 -0.986024 2.574328
 171.000000 -0.947219 2.405978
 172.000000 -0.972447 2.466674
 173.000000 -1.014321 3.060243
 174.000000 -1.261642 2.504240
 175.000000 -1.764380 3.083317
 176.000000 -1.195726 2.639106
 177.000000 -1.847092 2.287903
 178.000000 -1.054381 2.596871
 179.000000 -0.864338 2.698046
 180.000000 -0.689480 2.671931
 181.000000 -1.172842 2.437365
 182.000000 -1.374292 2.362611
 183.000000 -0.941199 2.470329
 184.000000 -1.540599 1.872216
 185.000000 -1.511667 1.764822
 186.000000 -1.034504 2.813073
 187.000000 -1.704484 2.294065
 188.000000 -1.241259 2.151774
 189.000000 -1.236714 2.513864
 190.000000 -1.398732 2.620951
 191.000000 -1.723316 2.895094
 192.000000 -1.089804 2.527032
 193.000000 -1.570570 2.651970
 194.000000 -1.257721 2.419305
 195.000000 -1.053326 2.876947
 196.000000 -1.565651 2.688410
 197.000000 -1.413992 2.834858
 198.000000 -0.818479 2.919046
 199.000000 -0.962566 2.436305
 200.000000 -2.302156 2.437249
 201.000000 -1.716680 2.001359
 202.000000 -1.587151 2.461191
 203.000000 -1.737257 1.917836
 204.000000 -1.474501 2.140776
 205.000000 -1.089434 2.795667
 206.000000 -0.685528 2.062694
 207.000000 -1.482192 2.768027
 208.000000 -1.323287 2.482248
 209.000000 -0.884334 2.226159
 210.000000 -1.708001 2.852100
 211.000000 -0.999267 2.541697
 212.000000 -1.220410 3.094855
 213.000000 -1.110710 2.675895
 214.000000 -0.789006 2.405810
 215.000000 -1.228056 2.755023
 216.000000 -1.375825 2.364277
 217.000000 -1.339573 2.646023
 218.000000 -1.860748 2.961868
 219.000000 -1.657946 2.093824
 220.000000 -1.884079 2.009707
 221.000000 -2.682698 3.020143
 222.000000 -2.835944 2.834010
 223.000000 -2.697436 2.835579
 224.000000 -1.386792 3.030872
 225.000000 -1.135145 2.618180
 226.000000 -1.133324 2.638722
 227.000000 -1.025216 2.280940
 228.000000 -1.230963 2.548861
 229.000000 -0.942158 2.447061
 230.000000 -0.941622 2.360401
 231.000000 -0.944645 2.289462
 232.000000 -1.335313 2.731354
 233.000000 -1.109619 2.515023
 234.000000 -0.934713 2.642370
 235.000000 -1.635108 2.151060
 236.000000 -1.140056 2.069287
 237.000000 -0.895226 2.322922
 238.000000 -1.174874 2.420070
 239.000000 -1.588053 2.656525
 240.000000 -2.579477 2.625295
 241.000000 -2.226234 3.019377
 242.000000 -2.671792 2.499580
 243.000000 -1.099020 2.850067
 244.000000 -1.109505 2.690138
 245.000000 -1.402625 2.182753
 246.000000 -1.153385 2.650919
 247.000000 -1.024739 2.333179
 248.000000 -1.460328 2.705457
 249.000000 -1.200572 2.527673
 250.000000 -1.423873 2.699580
 251.000000 -1.647467 2.098674
 252.000000 -1.602177 2.608448
 253.000000 -1.520589 2.145791
 254.000000 -0.891597 2.123093
 255.000000 -1.168304 2.672053
 256.000000 -1.131247 2.631595
 257.000000 -2.468173 2.598655
 258.000000 -2.225228 2.472385
 259.000000 -1.110437 2.393056
 260.000000 -0.973086 2.559017
 261.000000 -0.971917 2.549220
 262.000000 -1.032967 2.560479
 263.000000 -1.250992 2.499766
 264.000000 -0.891943 2.314129
 265.000000 -1.360557 2.010649
 266.000000 -1.060719 2.531475
 267.000000 -1.322158 2.580201
 268.000000 -0.807196 2.488426
 269.000000 -1.194294 1.991415
 270.000000 -1.850171 2.509063
 271.000000 -1.983290 2.577024
 272.000000 -1.199984 2.673526
 273.000000 -1.037776 2.521227
 274.000000 -1.064151 2.473329
 275.000000 -1.009919 2.204810
 276.000000 -0.760161 2.091855
 277.000000 -1.082944 2.552673
 278.000000 -1.065409 2.553076
 279.000000 -0.752661 2.659779
 280.000000 -1.554280 2.729925
 281.000000 -1.061867 2.465068
 282.000000 -0.882148 2.594824
 283.000000 -0.434805 2.069236
 284.000000 -1.222817 2.381652
 285.000000 -1.005847 2.327713
 286.000000 -1.573491 2.808212
 287.000000 -0.712558 2.784029
 288.000000 -0.876651 2.400384
 289.000000 -0.837785 2.464330
 290.000000 -0.697015 2.537239
 291.000000 -0.890173 2.650992
 292.000000 -1.378184 3.044367
 293.000000 -0.687590 2.499809
 294.000000 -0.983614 2.458582
 295.000000 -1.667778 2.626483
 296.000000 -1.896240 2.593255
 297.000000 -1.009949 2.439847
 298.000000 -0.865504 2.650074
 299.000000 -1.507423 2.588071
 300.000000 -1.262110 2.884572
 301.000000 -1.180992 2.586089
 302.000000 -1.394066 2.544381
 303.000000 -0.999355 2.397262
 304.000000 -1.479510 2.723937
 305.000000 -1.385164 2.091427
 306.000000 -0.638881 2.463502
 307.000000 -1.263346 2.552390
 308.000000 -1.011082 2.721986
 309.000000 -1.178141 2.491239
 310.000000 -0.366434 2.258292
 311.000000 -0.853646 2.716237
 312.000000 -0.840433 2.537217
 313.000000 -1.121912 2.425015
 314.000000 -0.596708 2.345495
 315.000000 -1.573708 2.483928
 316.000000 -1.233429 2.637236
 317.000000 -0.970345 2.521639
 318.000000 -0.978374 2.464080
 319.000000 -1.614569 3.078016
 320.000000 -1.115101 3.128375
 321.000000 -1.187750 2.385863
 322.000000 -1.832789 2.955116
 323.000000 -1.370698 2.709950
 324.000000 -2.449499 2.738603
 325.000000 -1.300508 2.547833
 326.000000 -0.629431 2.040277
 327.000000 -0.849964 2.341387
 328.000000 -0.891200 2.635346
 329.000000 -1.203189 2.644133
 330.000000 -1.750101 2.786768
 331.000000 -0.993072 2.318780
 332.000000 -1.075180 2.400586
 333.000000 -1.666659 2.628263
 334.000000 -0.876099 2.668529
 335.000000 -1.091550 2.325910
 336.000000 -1.086436 2.179911
 337.000000 -1.861639 2.226850
 338.000000 -2.326866 1.528128
 339.000000 -2.870473 1.207682
 340.000000 -2.625200 0.889932
 341.000000 -1.571041 -0.004086
 342.000000 -2.726856 -0.024237
 343.000000 -2.737536 -0.364748
 344.000000 -2.047513 -0.003780
 345.000000 -1.394058 -0.454195
 346.000000 -1.493707 -0.427876
 347.000000 -1.722833 0.134785
 348.000000 -0.974120 -0.742620
 349.000000 -1.996410 0.478154
 350.000000 -1.810866 -0.015224
 351.000000 -1.596362 -0.147414
 352.000000 -1.958126 0.145343
 353.000000 -1.894809 0.162932
 354.000000 -1.674911 -0.013173
 355.000000 -0.962528 -1.110698
 356.000000 -1.060810 -0.647665
 357.000000 -1.707827 0.629453
 358.000000 -1.731705 -0.119106
 359.000000 -2.012339 0.286355
 360.000000 -1.529041 -0.144305
 361.000000 -1.666348 -0.214714
 362.000000 -0.995177 -0.775204
 363.000000 -1.125593 -0.624236
 364.000000 -1.145177 -0.778962
 365.000000 -2.666256 0.230117
 366.000000 -1.250960 -0.384810
 367.000000 -2.472171 0.796080
 368.000000 -1.547764 0.891276
 369.000000 -2.726932 0.383716
 370.000000 -2.791916 0.072824
 371.000000 3.104178 0.085167
 372.000000 -2.180204 0.233007
 373.000000 -1.425079 1.025381
 374.000000 -1.132059 1.974013
 375.000000 -1.502669 3.056567
 376.000000 -1.328649 2.308337
 377.000000 -1.103513 2.636693
 378.000000 -1.220114 2.432775
 379.000000 -1.100624 2.635840
 380.000000 -1.035579 2.727528
 381.000000 -1.186935 3.060955
 382.000000 -0.885256 2.402047
 383.000000 -1.200572 2.469887
 384.000000 -1.064373 2.452661
 385.000000 -1.493426 2.421384
 386.000000 -1.680787 2.826865
 387.000000 -0.876275 2.588628
 388.000000 -1.524898 2.564057
 389.000000 -1.130155 2.558720
 390.000000 -1.238760 2.645586
 391.000000 -2.487114 2.324496
 392.000000 -2.806682 2.397688
 393.000000 -2.093311 2.426515
 394.000000 -2.457206 2.091750
 395.000000 -1.877116 1.805507
 396.000000 -2.527497 2.215852
 397.000000 3.068968 1.669743
 398.000000 2.870776 0.840840
 399.000000 -2.561945 0.390502
 400.000000 -2.615833 -0.025007
