#! FIELDS time phi psi
#! SET min_phi -pi
#! SET max_phi pi
#! SET min_psi -pi
#! SET max_psi pi
 0.000000 0.756951 -2.750623
 1.000000 1.088656 2.964918
 2.000000 1.017674 -2.964875
 3.000000 0.800082 -2.627849
 4.000000 0.934696 -3.120577
 5.000000 1.267191 -2.720820
 6.000000 1.039831 -2.546290
 7.000000 1.292800 2.630297
 8.000000 1.373820 2.105896
 9.000000 1.234324 2.489694
 10.000000 1.220922 1.604822
 11.000000 1.344630 2.487133
 12.000000 1.167890 2.738084
 13.000000 1.039906 2.938728
 14.000000 0.741055 -2.378584
 15.000000 0.834721 -2.705470
 16.000000 0.926657 -2.621977
 17.000000 0.808392 -2.534254
 18.000000 1.541021 2.338444
 19.000000 1.216637 -2.676144
 20.000000 1.344643 2.380428
 21.000000 2.726324 2.030373
 22.000000 -2.739354 1.951510
 23.000000 -2.628766 2.495791
 24.000000 -2.753541 2.941422
 25.000000 -2.514415 2.589635
 26.000000 -2.924417 2.842654
 27.000000 -2.282877 1.816911
 28.000000 -2.166555 2.169901
 29.000000 -1.241205 2.121826
 30.000000 -0.975820 2.483336
 31.000000 -0.980851 2.408326
 32.000000 -1.048053 2.490802
 33.000000 -0.956032 1.666298
 34.000000 -1.119753 2.684479
 35.000000 -0.969438 2.105474
 36.000000 -1.037908 2.629657
 37.000000 -0.739069 2.497119
 38.000000 -1.154435 2.709554
 39.000000 -1.930499 2.474890
 40.000000 -2.039714 2.449114
 41.000000 -1.972292 2.275734
 42.000000 -2.287639 2.552549
 43.000000 -2.924711 2.757230
 44.000000 -2.569811 2.684235
 45.000000 -2.156062 2.735322
 46.000000 -1.234931 2.544355
 47.000000 -1.057929 2.518644
 48.000000 -0.571084 2.167642
 49.000000 -0.882977 2.401801
 50.000000 -1.214091 2.572384
 51.000000 -1.291460 2.675862
 52.000000 -1.101870 2.293235
 53.000000 -1.415046 2.660939
 54.000000 -1.180135 2.095962
 55.000000 -1.842563 2.815261
 56.000000 -1.818801 3.108326
 57.000000 -0.901901 2.467043
 58.000000 -1.421891 2.500073
 59.000000 -1.556524 2.393861
 60.000000 -0.995894 2.432730
 61.000000 -1.177198 2.530554
 62.000000 -2.197742 2.459771
 63.000000 -1.115544 2.639846
 64.000000 -1.622043 2.780946
 65.000000 -1.910069 2.205041
 66.000000 -0.981026 2.507400
 67.000000 -1.539494 1.952581
 68.000000 -1.499829 2.606313
 69.000000 -1.861471 2.718168
 70.000000 -2.786521 2.839020
 71.000000 -2.630592 2.408412
 72.000000 -2.630505 2.340872
 73.000000 -1.029744 2.193710
 74.000000 -1.028226 2.522330
 75.000000 -1.368855 2.712567
 76.000000 -1.325263 2.643453
 77.000000 -1.019501 2.744524
 78.000000 -0.582310 2.600173
 79.000000 -1.106653 2.551884
 80.000000 -0.944835 2.559425
 81.000000 -1.936086 2.301712
 82.000000 -1.427896 2.725252
 83.000000 -1.474619 2.418032
 84.000000 -1.290380 2.279881
 85.000000 -1.818193 2.378162
 86.000000 -1.751318 2.213023
 87.000000 -2.616129 2.766253
 88.000000 -2.829929 2.728350
 89.000000 -1.922274 2.144044
 90.000000 -0.957774 2.461208
 91.000000 -1.360967 2.992564
 92.000000 -1.009794 2.576580
 93.000000 -1.012633 2.524893
 94.000000 -1.263259 2.379331
 95.000000 -2.093666 2.744229
 96.000000 -2.582907 2.204521
 97.000000 -3.071542 2.458813
 98.000000 -2.547747 2.798440
 99.000000 -2.758793 2.684063
 100.000000 -2.283407 2.693669
 101.000000 -2.132779 2.510639
 102.000000 -2.167892 2.456126
 103.000000 -1.095679 2.607761
 104.000000 -1.084710 2.207501
 105.000000 -2.093374 2.291624
 106.000000 -1.863966 2.706503
 107.000000 -1.157128 2.571407
 108.000000 -1.109500 2.552736
 109.000000 -1.514962 2.876832
 110.000000 -1.155737 2.573535
 111.000000 -1.536710 2.164300
 112.000000 -1.314610 2.431303
 113.000000 -2.177564 2.655940
 114.000000 -1.375445 2.644297
 115.000000 -1.132912 2.614578
 116.000000 -1.033331 2.741432
 117.000000 -1.169683 2.455460
 118.000000 -1.258809 2.499325
 119.000000 -1.188864 2.707204
 120.000000 -1.343683 2.006745
 121.000000 -1.987824 2.694957
 122.000000 -0.864446 2.796337
 123.000000 -1.166303 2.564757
 124.000000 -2.149664 2.575737
 125.000000 -1.888733 2.708837
 126.000000 -2.289035 2.119863
 127.000000 -2.656524 -3.108027
 128.000000 -2.836785 3.122036
 129.000000 -1.460144 2.113173
 130.000000 -2.331363 1.956122
 131.000000 -2.731774 3.010236
 132.000000 -2.629152 2.653806
 133.000000 -1.818388 1.975128
 134.000000 -1.243227 2.042173
 135.000000 -1.166409 2.584283
 136.000000 -0.872545 2.472625
 137.000000 -0.936169 2.369666
 138.000000 -2.603094 2.571455
 139.000000 -2.468204 2.158487
 140.000000 -1.245961 2.485004
 141.000000 -1.293429 2.724377
 142.000000 -1.196847 2.482758
 143.000000 -1.167040 2.316208
 144.000000 -0.994016 2.731110
 145.000000 -1.277983 2.618379
 146.000000 -1.050105 2.574250
 147.000000 -1.133420 2.833688
 148.000000 -1.179027 2.207446
 149.000000 -0.997810 2.343821
 150.000000 -0.942234 2.713868
 151.000000 -1.032471 2.405424
 152.000000 -1.075382 2.197472
 153.000000 -1.213077 3.025124
 154.000000 -1.418276 2.554971
 155.000000 -1.262274 2.523088
 156.000000 -1.070503 2.844731
 157.000000 -1.369178 2.726976
 158.000000 -0.698982 2.692029
 159.000000 -1.121047 2.366569
 160.000000 -1.082676 2.635124
 161.000000 -1.877217 2.876931
 162.000000 -2.470135 2.737174
 163.000000 -2.707524 -3.128935
 164.000000 -2.946642 2.535124
 165.000000 -2.304465 2.631613
 166.000000 -1.211019 1.920161
 167.000000 -2.128819 2.931392
 168.000000 -2.118301 2.272238
 169.000000 -2.119021 2.527029
 170.000000 -2.820139 2.798777
 171.000000 -1.246398 2.516690
 172.000000 -1.215682 2.768457
 173.000000 -1.498518 2.945072
 174.000000 -0.899256 2.539816
 175.000000 -0.746626 2.257752
 176.000000 -0.976661 2.623785
 177.000000 -1.116603 2.401141
 178.000000 -1.271500 2.441529
 179.000000 -1.162419 2.475940
 180.000000 -1.976376 2.840716
 181.000000 -1.048335 2.469242
 182.000000 -1.123770 2.326452
 183.000000 -1.066143 2.742739
 184.000000 -1.555988 3.092931
 185.000000 -1.364168 2.617569
 186.000000 -1.337218 2.412016
 187.000000 -1.118437 2.605300
 188.000000 -0.730153 2.704228
 189.000000 -1.137006 2.571277
 190.000000 -1.909052 2.514417
 191.000000 -2.061881 2.539904
 192.000000 -1.493077 2.056373
 193.000000 -1.802483 2.734556
 194.000000 -2.251779 2.170783
 195.000000 -1.618328 2.340116
 196.000000 -1.564580 2.248432
 197.000000 -1.257022 3.080778
 198.000000 -1.546723 2.285862
 199.000000 -1.265534 2.790354
 200.000000 -0.989846 2.717895
 201.000000 -1.254262 2.750403
 202.000000 -1.054477 2.530284
 203.000000 -0.973836 2.435173
 204.000000 -1.078408 2.479274
 205.000000 -2.005419 2.222436
 206.000000 -1.764079 2.439897
 207.000000 -0.916449 2.390909
 208.000000 -1.552140 2.359937
 209.000000 -1.579705 3.005328
 210.000000 -1.210464 2.735917
 211.000000 -0.652786 2.308544
 212.000000 -1.457429 2.377036
 213.000000 -2.336606 2.703094
 214.000000 -1.431691 2.763899
 215.000000 -1.634895 -3.063744
 216.000000 -1.856695 2.316907
 217.000000 -1.875134 2.985905
 218.000000 -2.408759 3.129071
 219.000000 -2.446273 2.909428
 220.000000 -2.467216 2.767318
 221.000000 -2.601705 3.059409
 222.000000 -2.639814 2.453132
 223.000000 -2.557845 2.641634
 224.000000 -1.325817 2.150763
 225.000000 -0.516554 2.158884
 226.000000 -0.980314 2.404767
 227.000000 -1.732003 2.804864
 228.000000 -1.566574 2.639473
 229.000000 -2.372624 -2.969632
 230.000000 -1.297188 2.423483
 231.000000 -1.046967 2.407479
 232.000000 -2.385033 2.109777
 233.000000 -2.183905 -3.134534
 234.000000 -2.294600 2.559618
 235.000000 -2.500976 2.717184
 236.000000 -1.073380 2.609525
 237.000000 -2.864459 2.826253
 238.000000 -2.616651 2.912177
 239.000000 -2.684052 2.667323
 240.000000 -2.560594 2.821244
 241.000000 -2.133573 3.139867
 242.000000 -1.467188 1.643420
 243.000000 -1.945023 2.291777
 244.000000 -2.152845 2.441016
 245.000000 -1.882802 2.915041
 246.000000 -1.397860 2.619239
 247.000000 -1.202665 2.500204
 248.000000 -0.447995 2.671976
 249.000000 -1.088699 -3.110428
 250.000000 -1.286944 2.996927
 251.000000 -1.006029 2.615607
 252.000000 -1.508911 -3.117875
 253.000000 -1.948089 2.563791
 254.000000 -2.142467 2.306075
 255.000000 -1.830443 2.318497
 256.000000 -1.233050 2.534360
 257.000000 -1.377358 2.190693
 258.000000 -1.835382 1.897660
 259.000000 -1.802937 2.252244
 260.000000 -1.663986 2.256796
 261.000000 -1.186120 2.515966
 262.000000 -1.169411 2.118980
 263.000000 -0.757815 2.393367
 264.000000 -1.144442 2.180495
 265.000000 -0.972567 2.748542
 266.000000 -0.937704 2.387272
 267.000000 -1.626155 2.632997
 268.000000 -0.844400 2.547212
 269.000000 -0.695028 2.063660
 270.000000 -1.234107 2.475330
 271.000000 -0.924207 2.465328
 272.000000 -1.332854 2.480157
 273.000000 -0.499450 2.236777
 274.000000 -1.331203 2.668605
 275.000000 -2.425151 2.216099
 276.000000 -1.321341 2.538141
 277.000000 -1.137376 2.742432
 278.000000 -1.082068 2.604856
 279.000000 -1.523086 2.731711
 280.000000 -1.053196 2.474506
 281.000000 -1.144071 2.632120
 282.000000 -0.546026 1.951169
 283.000000 -1.329251 1.941484
 284.000000 -0.655184 2.481645
 285.000000 -0.729568 2.431474
 286.000000 -1.052314 2.544220
 287.000000 -0.947643 2.733937
 288.000000 -0.983465 2.523910
 289.000000 -0.985186 2.771828
 290.000000 -0.921276 2.637511
 291.000000 -1.205147 2.542692
 292.000000 -1.316852 2.558624
 293.000000 -1.068717 2.157711
 294.000000 -1.255899 2.644156
 295.000000 -0.828325 2.871377
 296.000000 -1.455230 2.560768
 297.000000 -0.980368 2.432362
 298.000000 -1.391829 2.669600
 299.000000 -1.111441 2.320841
 300.000000 -1.232836 2.461267
 301.000000 -1.468489 2.070884
 302.000000 -1.022790 2.389483
 303.000000 -1.783140 2.560165
 304.000000 -1.432092 2.870960
 305.000000 -1.034420 2.619909
 306.000000 -1.205542 2.700714
 307.000000 -1.336369 2.672961
 308.000000 -1.044137 2.550442
 309.000000 -0.560081 2.440545
 310.000000 -1.102359 2.257131
 311.000000 -1.117881 2.591393
 312.000000 -1.180676 2.472587
 313.000000 -1.851963 2.724619
 314.000000 -1.009741 2.742800
 315.000000 -1.022030 2.618421
 316.000000 -0.874637 2.527218
 317.000000 -1.319407 2.664220
 318.000000 -1.001304 2.286034
 319.000000 -0.895917 2.357715
 320.000000 -1.121820 2.468758
 321.000000 -1.219606 2.519563
 322.000000 -0.657752 2.417417
 323.000000 -1.116463 1.947238
 324.000000 -1.240284 1.759312
 325.000000 -0.670529 1.982638
 326.000000 -1.007812 1.839564
 327.000000 -1.425714 2.227918
 328.000000 -0.909094 2.867344
 329.000000 -1.825297 -3.117943
 330.000000 -1.085855 2.479255
 331.000000 -1.627328 2.680117
 332.000000 -1.115124 2.598405
 333.000000 -1.378021 2.651282
 334.000000 -1.005598 2.371075
 335.000000 -1.491423 2.946170
 336.000000 -0.633083 1.903670
 337.000000 -1.170461 2.573485
 338.000000 -1.069183 2.567119
 339.000000 -0.966928 2.656396
 340.000000 -1.192450 2.583226
 341.000000 -1.084708 2.626224
 342.000000 -1.048015 2.631935
 343.000000 -0.693778 2.568874
 344.000000 -0.897070 2.510234
 345.000000 -1.150591 2.819559
 346.000000 -1.985463 2.801097
 347.000000 -2.075911 2.532133
 348.000000 -1.619549 -2.214739
 349.000000 -1.551146 3.079001
 350.000000 -1.346910 3.082146
 351.000000 -0.842544 2.359093
 352.000000 -1.463709 2.509932
 353.000000 -0.649884 2.550906
 354.000000 -1.282978 2.776354
 355.000000 -1.093650 2.642979
 356.000000 -1.211764 2.566592
 357.000000 -1.028926 2.695665
 358.000000 -1.335748 2.220336
 359.000000 -2.159586 2.500905
 360.000000 -1.077977 2.487278
 361.000000 -2.307679 2.230423
 362.000000 -2.048933 2.763850
 363.000000 -2.519793 2.149257
 364.000000 -1.148139 1.601950
 365.000000 -1.075132 2.153124
 366.000000 -1.087963 2.516397
 367.000000 -1.339418 2.515521
 368.000000 -2.223582 2.643991
 369.000000 -2.774357 2.937932
 370.000000 -2.300340 3.009847
 371.000000 -2.306967 2.394626
 372.000000 -1.652684 2.604458
 373.000000 -1.144809 2.551361
 374.000000 -0.723922 2.497742
 375.000000 -1.029676 2.431217
 376.000000 -2.119578 2.286096
 377.000000 -1.176076 2.510157
 378.000000 -1.101996 2.611633
 379.000000 -1.174615 2.933459
 380.000000 -1.426059 2.490973
 381.000000 -1.046373 2.588566
 382.000000 -1.336884 2.659930
 383.000000 -0.992616 2.451762
 384.000000 -0.733578 2.315839
 385.000000 -1.246938 2.523076
 386.000000 -1.270265 2.597078
 387.000000 -1.665866 2.946747
 388.000000 -1.593106 2.864779
 389.000000 -1.619581 2.311098
 390.000000 -0.665949 2.122468
 391.000000 -1.120898 2.314710
 392.000000 -1.369220 2.809771
 393.000000 -0.269388 1.908808
 394.000000 -1.476636 2.441086
 395.000000 -2.758149 3.064044
 396.000000 -1.435887 2.201348
 397.000000 -1.497250 2.181567
 398.000000 -1.747916 2.250144
 399.000000 -1.916320 2.563822
 400.000000 -1.086458 2.045825
