#! FIELDS time phi psi
#! SET min_phi -pi
#! SET max_phi pi
#! SET min_psi -pi
#! SET max_psi pi
 0.000000 -2.582646 2.650251
 1.000000 -2.352128 2.712114
 2.000000 -1.505032 2.044249
 3.000000 -1.295684 2.367608
 4.000000 -1.425956 2.183762
 5.000000 -1.405306 2.296188
 6.000000 -1.753912 2.766639
 7.000000 -1.133380 2.410672
 8.000000 -0.812926 2.647072
 9.000000 -0.313239 2.084462
 10.000000 -1.171372 2.896162
 11.000000 -0.922673 2.487824
 12.000000 -0.989104 2.175358
 13.000000 -2.793924 2.627298
 14.000000 -2.214417 2.375672
 15.000000 -2.665418 2.541732
 16.000000 -2.417672 2.466306
 17.000000 -2.772200 2.598366
 18.000000 -2.879259 2.890000
 19.000000 -2.792013 3.027126
 20.000000 -2.840451 2.730357
 21.000000 2.812885 2.230173
 22.000000 -2.892531 3.123905
 23.000000 -2.914577 2.399075
 24.000000 -2.430841 2.539644
 25.000000 -2.484272 2.694805
 26.000000 -2.460695 2.375797
 27.000000 -2.328105 2.132171
 28.000000 -2.225865 2.854386
 29.000000 -2.431454 2.757242
 30.000000 -2.443021 2.857784
 31.000000 -2.603620 2.822232
 32.000000 -0.669381 2.308291
 33.000000 -0.801854 2.152124
 34.000000 -0.811394 2.530176
 35.000000 -0.706216 2.425974
 36.000000 -1.166309 2.551433
 37.000000 -0.334815 2.185317
 38.000000 -1.096982 2.556739
 39.000000 -1.184889 2.289118
 40.000000 -0.913786 2.818007
 41.000000 -1.336960 2.679743
 42.000000 -1.379427 2.743286
 43.000000 -0.945280 2.374928
 44.000000 -1.140024 2.781741
 45.000000 -1.431781 2.726716
 46.000000 -1.338123 2.930748
 47.000000 -2.711902 2.948140
 48.000000 -1.753618 2.201373
 49.000000 -2.000058 2.561142
 50.000000 -2.371511 2.760938
 51.000000 -1.830397 2.208754
 52.000000 -1.215946 2.499448
 53.000000 -1.023647 2.332282
 54.000000 -1.174673 2.570359
 55.000000 -2.007784 2.421763
 56.000000 -2.405769 2.969751
 57.000000 -2.626369 2.952549
 58.000000 -2.097732 2.661640
 59.000000 -2.124383 1.919464
 60.000000 -2.283566 2.994162
 61.000000 -2.085911 2.115531
 62.000000 -1.850030 2.185902
 63.000000 -1.265944 1.939369
 64.000000 -1.167203 2.642632
 65.000000 -1.163720 2.655118
 66.000000 -1.824927 2.685846
 67.000000 -1.256482 2.553532
 68.000000 -1.295434 2.436584
 69.000000 -1.477791 2.300535
 70.000000 -1.358552 2.879404
 71.000000 -0.679513 2.918019
 72.000000 -1.143329 2.364001
 73.000000 -0.562974 2.473466
 74.000000 -1.149110 2.471605
 75.000000 -1.586313 2.092669
 76.000000 -1.145956 2.616819
 77.000000 -2.246500 2.970889
 78.000000 -1.322471 2.767831
 79.000000 -1.022401 2.488335
 80.000000 -0.877080 2.446510
 81.000000 -1.140303 2.546224
 82.000000 -1.202016 2.043478
 83.000000 -0.860794 2.980304
 84.000000 -1.126258 2.584470
 85.000000 -1.001465 2.703929
 86.000000 -1.066360 2.566911
 87.000000 -1.372059 2.011514
 88.000000 -0.938249 2.740259
 89.000000 -1.088511 2.353368
 90.000000 -1.054529 2.086114
 91.000000 -0.669676 2.656421
 92.000000 -0.925273 2.535131
 93.000000 -0.953337 2.647994
 94.000000 -1.202575 2.301761
 95.000000 -1.490814 2.253630
 96.000000 -1.261836 2.533883
 97.000000 -1.162436 2.543187
 98.000000 -1.085027 2.044903
 99.000000 -0.933371 2.370242
 100.000000 -1.371956 2.004626
 101.000000 -1.015114 2.506140
 102.000000 -1.272897 2.822157
 103.000000 -1.010218 2.533944
 104.000000 -1.277061 2.213543
 105.000000 -1.306629 2.486561
 106.000000 -1.203815 2.450374
 107.000000 -1.256229 3.002921
 108.000000 -1.097262 2.645461
 109.000000 -1.076896 2.557603
 110.000000 -0.061489 1.849208
 111.000000 -1.367166 2.464117
 112.000000 -1.167231 2.128716
 113.000000 -1.180710 2.565438
 114.000000 -1.370355 3.029397
 115.000000 -1.021258 2.388291
 116.000000 -1.084093 2.470172
 117.000000 -1.407056 2.126905
 118.000000 -1.843840 2.465686
 119.000000 -1.563888 2.399418
 120.000000 -2.539600 2.601511
 121.000000 -1.604834 2.513079
 122.000000 -2.004446 2.653755
 123.000000 -2.236888 3.065143
 124.000000 -2.413218 2.871175
 125.000000 -2.602198 2.899643
 126.000000 -1.012494 2.540907
 127.000000 -1.178897 2.077069
 128.000000 -1.320119 2.509737
 129.000000 -1.250359 2.254995
 130.000000 -2.346690 2.460608
 131.000000 -2.563067 2.517201
 132.000000 -2.620740 2.881988
 133.000000 -0.975147 2.645311
 134.000000 -1.124650 2.593583
 135.000000 -1.983296 2.557802
 136.000000 -2.201309 2.413490
 137.000000 -1.950800 3.069209
 138.000000 -1.358858 2.792617
 139.000000 -1.151901 2.549289
 140.000000 -1.267322 2.596442
 141.000000 -1.141633 2.563233
 142.000000 -1.442685 -3.006293
 143.000000 -1.508474 2.319674
 144.000000 -1.343235 2.195455
 145.000000 -1.035206 2.654260
 146.000000 -1.239956 1.859663
 147.000000 -1.386188 1.945572
 148.000000 -1.150763 2.585626
 149.000000 -0.998660 2.398012
 150.000000 -1.221749 1.953611
 151.000000 -0.957883 2.961128
 152.000000 -0.961288 2.894935
 153.000000 -1.434297 2.181164
 154.000000 -1.460258 2.452399
 155.000000 -1.143388 2.171323
 156.000000 -1.347517 2.600688
 157.000000 -2.569406 2.650649
 158.000000 -2.244081 2.336185
 159.000000 -2.570517 2.829660
 160.000000 -2.169859 2.576554
 161.000000 -1.624249 3.077664
 162.000000 -2.656665 2.462089
 163.000000 -2.141567 2.851307
 164.000000 -2.792364 3.011942
 165.000000 -2.395788 2.968393
 166.000000 -2.089021 2.662293
 167.000000 -0.941868 2.485295
 168.000000 -1.897524 2.182045
 169.000000 -0.953806 2.465850
 170.000000 -0.922594 2.011921
 171.000000 -1.338323 2.729510
 172.000000 -1.109956 2.631923
 173.000000 -0.995581 2.220190
 174.000000 -0.581073 1.970350
 175.000000 -1.068811 2.647870
 176.000000 -0.905383 2.052784
 177.000000 -0.852251 2.498314
 178.000000 -1.206796 2.646040
 179.000000 -1.492987 2.808004
 180.000000 -1.161482 2.725871
 181.000000 -2.412743 2.392378
 182.000000 -2.316914 2.668426
 183.000000 -1.673570 2.261795
 184.000000 -1.202201 2.510736
 185.000000 -1.194613 2.503652
 186.000000 -1.071804 2.591108
 187.000000 -1.044015 2.840408
 188.000000 -1.604433 2.433784
 189.000000 -1.494772 1.507151
 190.000000 -1.666058 1.516758
 191.000000 -0.918317 2.496290
 192.000000 -1.399578 2.934813
 193.000000 -1.046746 2.515199
 194.000000 -0.801382 2.367655
 195.000000 -1.044314 2.669495
 196.000000 -0.565596 1.789938
 197.000000 -0.594691 2.735860
 198.000000 -0.855849 2.760667
 199.000000 -0.612144 2.524354
 200.000000 -0.673325 2.550526
 201.000000 -1.203125 2.574163
 202.000000 -1.251983 2.651952
 203.000000 -1.983181 2.154765
 204.000000 -1.511473 2.063172
 205.000000 -1.367314 2.772054
 206.000000 -1.663041 2.734467
 207.000000 -1.494888 2.320637
 208.000000 -1.329413 2.558160
 209.000000 -1.695520 2.488335
 210.000000 -1.233788 2.732008
 211.000000 -1.494390 2.473222
 212.000000 -1.395039 2.967664
 213.000000 -0.734862 2.496910
 214.000000 -1.049642 2.487043
 215.000000 -1.121105 2.194913
 216.000000 -1.159332 2.492432
 217.000000 -0.883727 2.497870
 218.000000 -1.114866 2.357734
 219.000000 -1.356023 2.946998
 220.000000 -0.989400 2.244001
 221.000000 -0.800694 2.907718
 222.000000 -1.048094 2.801005
 223.000000 -1.214581 2.398335
 224.000000 -1.042014 2.505931
 225.000000 -1.260750 2.125773
 226.000000 -1.581896 2.088772
 227.000000 -2.119749 1.914871
 228.000000 -2.667494 2.954364
 229.000000 -1.070065 2.265952
 230.000000 -0.992927 2.628219
 231.000000 -0.854605 2.767131
 232.000000 -1.552862 2.775376
 233.000000 -1.157223 2.257347
 234.000000 -1.415200 1.828891
 235.000000 -1.115199 1.341529
 236.000000 -1.492896 1.904111
 237.000000 -0.951651 2.563458
 238.000000 -1.481572 2.570167
 239.000000 -1.150367 2.719172
 240.000000 -1.246325 2.447075
 241.000000 -0.991394 2.564057
 242.000000 -0.753999 2.692662
 243.000000 -1.195460 2.355068
 244.000000 -0.982093 2.346228
 245.000000 -1.161137 2.423773
 246.000000 -1.331652 2.559757
 247.000000 -1.264850 2.115324
 248.000000 -1.050647 2.523240
 249.000000 -1.019437 2.858669
 250.000000 -1.443098 2.488957
 251.000000 -1.570535 2.576699
 252.000000 -0.953146 2.451206
 253.000000 -1.256172 2.428768
 254.000000 -1.052533 2.541571
 255.000000 -1.304653 2.624847
 256.000000 -1.038145 2.657065
 257.000000 -1.741085 2.904076
 258.000000 -1.829981 2.543848
 259.000000 -1.525940 2.465364
 260.000000 -1.187147 2.591539
 261.000000 -1.066643 2.572171
 262.000000 -1.563121 2.721890
 263.000000 -1.574660 2.288490
 264.000000 -1.012279 1.903246
 265.000000 -1.020090 2.258568
 266.000000 -1.187669 2.229364
 267.000000 -0.994563 2.536302
 268.000000 -0.412592 2.051686
 269.000000 -2.695199 2.738338
 270.000000 -2.529381 -2.441300
 271.000000 -2.101529 -2.928167
 272.000000 -1.275278 2.724379
 273.000000 -0.869494 2.902266
 274.000000 -2.279723 2.888351
 275.000000 -2.145534 2.788052
 276.000000 -2.156962 2.926728
 277.000000 -2.118328 2.739366
 278.000000 -1.216486 2.624552
 279.000000 -0.875376 2.538204
 280.000000 -1.012952 2.537050
 281.000000 -1.553687 2.647310
 282.000000 -0.885713 2.128228
 283.000000 -1.764290 2.170955
 284.000000 -1.674400 2.333549
 285.000000 -2.486448 1.687491
 286.000000 -2.652157 2.175443
 287.000000 -1.304070 2.117800
 288.000000 -1.629738 2.375572
 289.000000 -0.930157 2.471447
 290.000000 -1.154817 2.436624
 291.000000 -1.121261 2.491620
 292.000000 -1.133564 2.394979
 293.000000 -0.921099 2.790505
 294.000000 -2.200270 2.461420
 295.000000 -2.088506 2.647300
 296.000000 -2.120298 2.778815
 297.000000 -2.550904 2.921578
 298.000000 -2.255494 2.682466
 299.000000 -2.370238 2.903981
 300.000000 -2.377859 2.912444
 301.000000 -2.663673 2.572220
 302.000000 -2.415213 2.372106
 303.000000 -2.795494 2.658156
 304.000000 -2.433379 2.489171
 305.000000 -2.469084 2.847029
 306.000000 -1.688200 2.667501
 307.000000 -1.589805 -2.824930
 308.000000 -2.019602 2.440770
 309.000000 -1.180797 2.454983
 310.000000 -1.916582 2.838782
 311.000000 -2.528834 2.391727
 312.000000 -2.642568 2.099377
 313.000000 -2.997704 1.094886
 314.000000 -3.104544 2.018901
 315.000000 -2.759026 0.457423
 316.000000 -1.271527 -0.062784
 317.000000 -1.785397 0.043285
 318.000000 -1.211963 -0.570196
 319.000000 -1.258578 -0.111800
 320.000000 -1.378808 -0.453167
 321.000000 -1.146255 -0.441155
 322.000000 -1.822916 0.002709
 323.000000 -1.445222 0.046472
 324.000000 -1.687845 -0.024690
 325.000000 -1.060868 -0.718231
 326.000000 -1.614006 -0.069773
 327.000000 -1.864499 -0.038082
 328.000000 -2.023099 0.310203
 329.000000 -1.969333 0.381658
 330.000000 -1.412999 -0.365606
 331.000000 -1.259819 -0.409679
 332.000000 -1.639579 -0.835993
 333.000000 -1.365065 -0.162077
 334.000000 -1.197328 -0.587601
 335.000000 -1.046744 -0.610015
 336.000000 -1.640165 -0.585179
 337.000000 -1.661375 0.035888
 338.000000 -1.914731 -0.018140
 339.000000 -2.319186 0.026776
 340.000000 -1.843547 0.107356
 341.000000 -1.887768 -0.069104
 342.000000 -1.739748 -0.173205
 343.000000 -1.652549 0.032919
 344.000000 -1.359793 -0.278266
 345.000000 -1.219650 -0.378996
 346.000000 -1.228891 -1.220179
 347.000000 -1.703561 -0.220302
 348.000000 -1.583928 0.114331
 349.000000 -2.759937 0.319212
 350.000000 -1.746813 -0.231681
 351.000000 -1.688260 -0.184550
 352.000000 -1.003831 -0.750831
 353.000000 -1.322499 -0.237743
 354.000000 -1.223030 -1.021781
 355.000000 -1.535322 -0.230213
 356.000000 -1.125302 -0.527244
 357.000000 -1.973845 0.132592
 358.000000 -0.986887 -0.490981
 359.000000 -1.310039 -0.414756
 360.000000 -1.416473 -0.656312
 361.000000 -1.645189 0.115414
 362.000000 -2.168122 -0.025009
 363.000000 -1.721794 -0.640668
 364.000000 -2.163590 0.239694
 365.000000 -2.027871 0.386556
 366.000000 -1.566250 -0.052307
 367.000000 -1.583983 -0.155313
 368.000000 -1.925416 0.157163
 369.000000 -3.061685 -0.002552
 370.000000 -1.670767 -0.215564
 371.000000 -1.835293 0.056402
 372.000000 -1.202089 -0.683752
 373.000000 -1.121020 -0.700664
 374.000000 -1.346245 -0.635286
 375.000000 -1.030708 -0.672228
 376.000000 -1.471698 -0.316335
 377.000000 -1.162034 -0.808919
 378.000000 -1.508746 -0.279022
 379.000000 -0.949578 -0.783917
 380.000000 -1.433157 -0.533721
 381.000000 -1.791428 0.287095
 382.000000 -1.415696 -0.022768
 383.000000 -1.846337 0.348801
 384.000000 -2.028360 0.014092
 385.000000 -1.112813 -0.734647
 386.000000 -1.013168 -0.590274
 387.000000 -1.396020 -0.288765
 388.000000 -1.772740 -0.066018
 389.000000 -2.815075 -0.019322
 390.000000 -2.359058 0.651780
 391.000000 -2.123190 0.041540
 392.000000 -1.933524 -0.129114
 393.000000 -2.035341 0.081708
 394.000000 -1.493524 0.387114
 395.000000 -1.358948 -0.392572
 396.000000 -1.044096 -0.810608
 397.000000 -1.314105 -0.280174
 398.000000 -1.543110 -0.099629
 399.000000 -1.676820 -0.010613
 400.000000 -1.435848 -0.291317
