#! FIELDS time phi psi
#! SET min_phi -pi
#! SET max_phi pi
#! SET min_psi -pi
#! SET max_psi pi
 0.000000 0.756951 -2.750623
 1.000000 0.958147 -3.034097
 2.000000 0.910820 -2.814235
 3.000000 0.997138 -2.645951
 4.000000 0.893320 -2.791061
 5.000000 0.985272 -2.354442
 6.000000 1.011604 -2.257555
 7.000000 0.806292 -3.081341
 8.000000 0.935008 3.094471
 9.000000 1.092435 -2.725473
 10.000000 1.168809 2.980787
 11.000000 0.983507 -3.083884
 12.000000 1.414177 2.636638
 13.000000 1.325016 2.076307
 14.000000 0.928853 1.879217
 15.000000 1.291468 1.650125
 16.000000 1.254405 2.569799
 17.000000 0.906885 3.087071
 18.000000 0.934665 -3.099966
 19.000000 1.053886 -2.504463
 20.000000 1.000333 -2.587327
 21.000000 1.160984 -2.994970
 22.000000 0.691499 -2.496930
 23.000000 0.922881 -2.593090
 24.000000 1.145869 3.019588
 25.000000 1.160625 2.863642
 26.000000 1.266641 2.399777
 27.000000 1.316620 1.975083
 28.000000 1.107849 2.759772
 29.000000 1.196129 2.138829
 30.000000 1.077460 2.630654
 31.000000 0.870855 -2.807174
 32.000000 0.819844 -2.606453
 33.000000 0.738801 -2.515551
 34.000000 0.775873 -2.646675
 35.000000 0.904975 -2.463954
 36.000000 0.675945 -2.465661
 37.000000 0.798388 -2.515882
 38.000000 1.202153 2.816185
 39.000000 1.203534 -3.106977
 40.000000 0.934831 -2.229450
 41.000000 1.143987 -3.041619
 42.000000 0.866455 -2.819853
 43.000000 0.979705 -2.805704
 44.000000 0.740806 -2.645971
 45.000000 0.939397 3.051292
 46.000000 1.239302 3.072853
 47.000000 1.297186 -2.712936
 48.000000 0.576317 -2.816927
 49.000000 0.618188 -2.177994
 50.000000 1.023488 -2.373124
 51.000000 1.069286 -2.739316
 52.000000 0.980321 3.049026
 53.000000 1.013400 -2.584448
 54.000000 1.208730 -2.312190
 55.000000 0.880297 -2.462314
 56.000000 0.747862 -2.599339
 57.000000 0.880129 -2.533504
 58.000000 1.044955 -2.616827
 59.000000 1.222880 -2.785892
 60.000000 0.847656 -2.719399
 61.000000 0.922069 -2.666418
 62.000000 0.855999 -2.697280
 63.000000 0.765791 -2.581879
 64.000000 1.011574 2.984971
 65.000000 1.127022 -2.737867
 66.000000 0.682552 -2.710427
 67.000000 0.646255 -2.378375
 68.000000 0.766888 -2.262488
 69.000000 1.113414 -2.678468
 70.000000 0.962894 -2.939866
 71.000000 1.210987 -2.767924
 72.000000 0.770013 -3.128687
 73.000000 0.850626 -2.972487
 74.000000 0.995702 -2.865738
 75.000000 1.295352 -2.696783
 76.000000 1.424629 2.561395
 77.000000 1.422175 2.632326
 78.000000 1.178657 2.410337
 79.000000 1.106363 2.022860
 80.000000 1.052401 2.374531
 81.000000 1.531711 1.938858
 82.000000 1.885799 2.454484
 83.000000 1.673284 2.851878
 84.000000 1.199680 2.659203
 85.000000 0.852821 -2.489011
 86.000000 1.013955 -2.507067
 87.000000 0.954671 -2.000169
 88.000000 0.989809 -2.893562
 89.000000 0.662015 -2.842155
 90.000000 0.888692 -2.925696
 91.000000 1.035506 2.978240
 92.000000 1.181508 2.843166
 93.000000 1.299557 2.182623
 94.000000 0.870065 -2.638122
 95.000000 0.871253 -2.862477
 96.000000 1.130157 -2.966201
 97.000000 0.903419 -2.585525
 98.000000 0.787581 -2.612052
 99.000000 1.040925 -2.667272
 100.000000 0.928209 -2.367634
 101.000000 0.798858 -2.359356
 102.000000 1.031739 -2.355217
 103.000000 1.088861 -2.658489
 104.000000 0.761121 -2.378275
 105.000000 0.940413 -3.118750
 106.000000 1.065262 -2.951958
 107.000000 1.280593 3.050855
 108.000000 0.973344 -2.787842
 109.000000 1.336148 3.136067
 110.000000 1.000189 -3.024774
 111.000000 0.975962 -2.412955
 112.000000 0.903045 -3.033101
 113.000000 0.975518 -2.594424
 114.000000 0.938013 -2.428437
 115.000000 0.909808 3.015207
 116.000000 0.968418 -2.926597
 117.000000 0.835034 -2.745791
 118.000000 0.974132 -3.004816
 119.000000 1.416442 2.514165
 120.000000 1.234765 2.062334
 121.000000 1.366898 1.536511
 122.000000 1.047702 2.683090
 123.000000 1.109851 2.501223
 124.000000 1.295752 2.430648
 125.000000 1.458185 1.913620
 126.000000 1.247676 1.595056
 127.000000 0.917291 1.281971
 128.000000 1.568047 0.636310
 129.000000 1.224306 1.035478
 130.000000 1.247528 0.342034
 131.000000 0.870992 1.339609
 132.000000 1.444659 0.533033
 133.000000 0.379519 1.199725
 134.000000 0.999000 1.084491
 135.000000 1.351585 0.471891
 136.000000 1.436505 0.558423
 137.000000 1.224945 0.367733
 138.000000 1.395358 0.348484
 139.000000 1.100194 1.342030
 140.000000 1.400748 0.462868
 141.000000 1.134061 0.705505
 142.000000 1.078862 0.454041
 143.000000 1.190516 0.407137
 144.000000 0.739355 1.015502
 145.000000 0.883625 1.097109
 146.000000 1.084726 0.437238
 147.000000 1.326162 0.690221
 148.000000 1.224543 0.522431
 149.000000 1.072355 0.278815
 150.000000 1.580285 0.552375
 151.000000 1.592399 0.522182
 152.000000 1.024929 0.511415
 153.000000 1.281803 0.250021
 154.000000 1.250476 0.948246
 155.000000 1.329477 0.571338
 156.000000 1.649467 0.347170
 157.000000 1.066086 0.484225
 158.000000 1.059157 1.020928
 159.000000 1.469054 0.260914
 160.000000 1.101338 0.392848
 161.000000 1.488238 0.629211
 162.000000 1.184887 0.420654
 163.000000 0.901094 0.704345
 164.000000 0.948193 0.283179
 165.000000 1.174464 0.517941
 166.000000 1.010915 0.575829
 167.000000 1.350275 0.646848
 168.000000 1.280942 0.431268
 169.000000 1.512398 0.379399
 170.000000 1.409457 0.255307
 171.000000 1.337771 0.375659
 172.000000 1.503118 0.347072
 173.000000 1.272992 0.520426
 174.000000 0.807221 0.486272
 175.000000 0.472983 1.237520
 176.000000 0.438526 1.190759
 177.000000 1.261143 0.742483
 178.000000 1.438403 0.638783
 179.000000 0.903836 0.748444
 180.000000 1.447853 0.805760
 181.000000 0.987318 1.105791
 182.000000 1.110952 0.631542
 183.000000 1.270377 0.601567
 184.000000 0.963918 1.153554
 185.000000 0.751391 0.614352
 186.000000 1.239589 0.244196
 187.000000 1.134698 0.428169
 188.000000 1.389420 0.389081
 189.000000 1.022064 0.489142
 190.000000 1.439847 0.357238
 191.000000 1.365890 1.094346
 192.000000 1.465847 0.422976
 193.000000 1.458261 0.097708
 194.000000 1.635270 0.419182
 195.000000 1.402409 0.559047
 196.000000 1.452671 0.584357
 197.000000 1.344748 0.505883
 198.000000 0.882757 1.124971
 199.000000 1.341297 0.622775
 200.000000 1.405897 0.446022
 201.000000 0.990904 0.909007
 202.000000 1.548295 0.450251
 203.000000 1.416480 0.402121
 204.000000 0.705772 0.632127
 205.000000 1.072526 0.433757
 206.000000 1.340633 0.136075
 207.000000 1.382168 0.704203
 208.000000 1.460606 0.500039
 209.000000 1.584134 0.478130
 210.000000 1.075042 0.569320
 211.000000 0.923316 1.192294
 212.000000 1.691136 0.670203
 213.000000 0.989183 0.607034
 214.000000 1.514023 0.779889
 215.000000 1.571383 0.492593
 216.000000 1.130550 0.579678
 217.000000 0.849670 0.631229
 218.000000 1.292375 0.397642
 219.000000 1.037811 0.302704
 220.000000 1.318619 0.485173
 221.000000 0.443377 1.323207
 222.000000 0.455356 1.525186
 223.000000 1.449601 0.504879
 224.000000 1.471033 0.578969
 225.000000 1.110236 -0.150588
 226.000000 1.070597 0.552640
 227.000000 1.401040 0.627699
 228.000000 1.367513 0.600949
 229.000000 1.439127 0.525684
 230.000000 1.278427 0.316126
 231.000000 1.398301 0.430254
 232.000000 1.870636 0.500212
 233.000000 1.353332 0.697496
 234.000000 1.027317 0.616633
 235.000000 1.141209 0.217424
 236.000000 1.654033 0.400074
 237.000000 1.359217 0.740687
 238.000000 1.367290 0.311886
 239.000000 1.392502 0.477506
 240.000000 1.495568 0.507970
 241.000000 1.500010 0.460701
 242.000000 1.500765 0.272660
 243.000000 1.281602 0.281509
 244.000000 1.466459 0.686468
 245.000000 1.129316 0.637442
 246.000000 1.367316 0.266317
 247.000000 1.523294 0.357112
 248.000000 1.177811 0.536493
 249.000000 1.446608 0.186766
 250.000000 0.831660 0.827815
 251.000000 1.269095 0.465892
 252.000000 1.353758 0.365501
 253.000000 1.394638 0.675858
 254.000000 1.459147 0.405191
 255.000000 1.234594 0.418485
 256.000000 0.623442 0.762790
 257.000000 0.745848 0.636673
 258.000000 1.245859 0.755820
 259.000000 1.289513 1.013464
 260.000000 1.104162 0.508614
 261.000000 1.197519 0.456664
 262.000000 0.996457 0.599532
 263.000000 1.559442 -0.345431
 264.000000 1.453790 0.627166
 265.000000 1.580882 0.690816
 266.000000 1.062117 0.320690
 267.000000 0.926193 1.110129
 268.000000 0.818871 0.981598
 269.000000 0.983764 1.089195
 270.000000 0.627085 1.184950
 271.000000 1.202960 1.261040
 272.000000 1.248666 1.358582
 273.000000 1.362995 2.160673
 274.000000 1.074623 1.436869
 275.000000 1.087541 0.660040
 276.000000 1.049966 0.938048
 277.000000 0.886206 0.589121
 278.000000 0.936982 0.651578
 279.000000 0.726654 1.269964
 280.000000 0.996372 0.733143
 281.000000 1.148911 0.234767
 282.000000 1.401141 -0.138156
 283.000000 1.342340 0.704423
 284.000000 1.569017 0.501982
 285.000000 1.213975 0.500071
 286.000000 1.425999 0.252218
 287.000000 1.507041 0.512983
 288.000000 1.384944 0.905565
 289.000000 1.449933 0.289005
 290.000000 0.915043 1.094921
 291.000000 0.524107 1.187615
 292.000000 0.776425 0.620211
 293.000000 1.102191 0.488497
 294.000000 1.297490 0.510867
 295.000000 1.276376 0.419820
 296.000000 1.363704 0.351430
 297.000000 1.420795 0.771850
 298.000000 0.833083 0.459242
 299.000000 1.361901 0.471183
 300.000000 1.673879 0.212543
 301.000000 1.136755 0.306368
 302.000000 1.204064 0.288608
 303.000000 1.641307 0.614797
 304.000000 1.180966 1.043228
 305.000000 1.578658 0.263855
 306.000000 0.809262 0.881576
 307.000000 0.879594 0.782462
 308.000000 1.089150 0.441663
 309.000000 1.465318 0.307426
 310.000000 1.064287 0.668888
 311.000000 1.375611 0.386975
 312.000000 1.473957 0.563289
 313.000000 0.827338 1.067924
 314.000000 0.938753 0.479007
 315.000000 0.974270 1.130102
 316.000000 0.848837 0.932747
 317.000000 1.407416 0.469275
 318.000000 1.336837 0.249235
 319.000000 1.067362 0.516838
 320.000000 1.314126 0.322950
 321.000000 1.408214 0.331947
 322.000000 1.109052 0.460779
 323.000000 1.151583 1.250811
 324.000000 0.913691 1.260696
 325.000000 0.455514 1.200003
 326.000000 0.402209 1.355193
 327.000000 1.337347 0.463858
 328.000000 1.165941 0.507114
 329.000000 1.830976 0.529481
 330.000000 1.431088 0.476522
 331.000000 1.112695 0.910049
 332.000000 1.253795 0.826775
 333.000000 1.410087 0.716277
 334.000000 1.163482 1.126180
 335.000000 0.787796 0.756894
 336.000000 1.385612 0.318261
 337.000000 1.324624 0.486133
 338.000000 1.231783 0.319342
 339.000000 1.446185 1.403966
 340.000000 1.298773 0.798867
 341.000000 1.538674 0.397511
 342.000000 1.283783 0.541840
 343.000000 1.051291 0.635435
 344.000000 0.779893 0.834239
 345.000000 1.026016 0.673411
 346.000000 1.346420 0.382848
 347.000000 0.502799 1.102417
 348.000000 1.490901 0.736797
 349.000000 1.510138 0.526399
 350.000000 1.174608 1.009868
 351.000000 1.928885 1.392625
 352.000000 2.011911 1.586111
 353.000000 1.160185 2.577907
 354.000000 1.168014 2.630875
 355.000000 1.314768 2.768773
 356.000000 1.050628 3.056713
 357.000000 1.000493 -2.704011
 358.000000 1.048035 -2.847697
 359.000000 1.172672 -3.092548
 360.000000 1.236085 2.559671
 361.000000 1.274228 2.671405
 362.000000 1.517490 2.834428
 363.000000 1.412739 2.549483
 364.000000 1.349221 2.723878
 365.000000 0.996181 -2.764736
 366.000000 1.076127 -2.523566
 367.000000 1.055835 -3.074495
 368.000000 1.501831 2.374824
 369.000000 1.238858 2.812133
 370.000000 1.196459 2.368079
 371.000000 0.843886 0.862262
 372.000000 1.163564 0.468686
 373.000000 0.898696 1.134829
 374.000000 1.145462 0.657846
 375.000000 1.457787 0.259727
 376.000000 1.093383 0.578254
 377.000000 1.175849 0.348265
 378.000000 1.372456 0.324282
 379.000000 1.673868 0.110501
 380.000000 1.545952 0.597815
 381.000000 1.502305 0.522620
 382.000000 1.551364 -0.155047
 383.000000 1.107541 0.661637
 384.000000 1.239325 0.397164
 385.000000 1.186118 0.575629
 386.000000 1.295691 0.630750
 387.000000 1.292702 0.357549
 388.000000 1.101262 0.546184
 389.000000 1.435166 0.438539
 390.000000 1.130357 0.511182
 391.000000 1.005575 1.182160
 392.000000 1.027401 1.204152
 393.000000 1.379074 0.439187
 394.000000 1.132153 -0.080163
 395.000000 1.430071 -0.854333
 396.000000 1.214999 0.622356
 397.000000 1.322216 0.951505
 398.000000 1.600649 0.418980
 399.000000 1.317623 0.155582
 400.000000 1.994607 0.382616
