#! FIELDS time phi psi
#! SET min_phi -pi
#! SET max_phi pi
#! SET min_psi -pi
#! SET max_psi pi
 0.000000 0.479182 -2.458120
 1.000000 1.282570 -3.068664
 2.000000 1.238867 2.670058
 3.000000 0.847327 -2.892798
 4.000000 1.334018 3.045347
 5.000000 0.777187 -2.574108
 6.000000 0.710359 -2.349205
 7.000000 1.110606 -2.615893
 8.000000 0.669651 -2.325670
 9.000000 0.929219 -2.671036
 10.000000 0.642086 -2.735016
 11.000000 0.668101 -2.391544
 12.000000 0.957564 -2.801813
 13.000000 0.955566 -2.615135
 14.000000 0.982585 -2.509589
 15.000000 0.893059 -2.247688
 16.000000 1.069821 -2.842025
 17.000000 1.351912 2.763177
 18.000000 0.843878 -2.773192
 19.000000 1.337046 2.931607
 20.000000 0.702715 -2.770942
 21.000000 0.966264 -2.279977
 22.000000 0.817213 -2.351172
 23.000000 0.946306 -2.663495
 24.000000 1.036125 -2.506800
 25.000000 0.895948 -2.697474
 26.000000 0.999314 -2.322978
 27.000000 1.054473 3.033815
 28.000000 0.989165 -2.876482
 29.000000 0.689163 -2.753977
 30.000000 1.023194 3.027612
 31.000000 0.770097 -2.378109
 32.000000 0.582549 -2.489239
 33.000000 0.870451 -2.752159
 34.000000 1.015073 -3.114886
 35.000000 0.934687 -2.759455
 36.000000 1.029317 3.133947
 37.000000 1.254981 -2.723684
 38.000000 0.990416 -3.124894
 39.000000 0.980186 2.995724
 40.000000 1.530018 2.780856
 41.000000 1.017461 -3.137766
 42.000000 1.262024 2.211101
 43.000000 1.097224 2.188350
 44.000000 1.274587 2.468419
 45.000000 1.023293 2.990556
 46.000000 0.896989 -2.646319
 47.000000 0.630916 -2.539594
 48.000000 0.994310 -2.874602
 49.000000 1.022472 3.103949
 50.000000 1.268541 2.950860
 51.000000 0.963346 -2.770889
 52.000000 0.560221 -2.322732
 53.000000 0.961457 -2.689267
 54.000000 0.842355 -3.038676
 55.000000 1.274283 1.816364
 56.000000 0.975181 1.276460
 57.000000 1.003313 0.993826
 58.000000 1.389768 0.562477
 59.000000 1.253189 0.580160
 60.000000 0.957950 0.594294
 61.000000 1.195620 0.361956
 62.000000 1.235266 0.381890
 63.000000 1.419644 0.800249
 64.000000 0.733150 0.838502
 65.000000 1.523654 0.438877
 66.000000 1.241078 0.538756
 67.000000 0.953670 0.445262
 68.000000 1.155902 0.300593
 69.000000 1.124990 1.101235
 70.000000 0.900733 0.352939
 71.000000 1.273590 0.070622
 72.000000 1.533715 0.454553
 73.000000 1.264998 -0.146091
 74.000000 1.428637 0.455204
 75.000000 1.160738 0.534614
 76.000000 1.227429 1.207125
 77.000000 1.116390 1.098801
 78.000000 0.531795 1.509936
 79.000000 1.211768 0.563661
 80.000000 -1.933548 2.764524
 81.000000 -1.138544 2.632023
 82.000000 -1.089000 2.503400
 83.000000 -0.788874 2.519197
 84.000000 -1.006317 2.434769
 85.000000 -1.044999 2.504885
 86.000000 -1.146997 2.688104
 87.000000 -1.093334 2.439401
 88.000000 -2.179363 2.579020
 89.000000 -1.928014 2.411593
 90.000000 -1.546119 2.693560
 91.000000 -1.167717 2.376971
 92.000000 -0.999825 2.320449
 93.000000 -1.482205 3.011168
 94.000000 -1.938165 2.727014
 95.000000 -2.451445 2.382094
 96.000000 -2.066801 1.904393
 97.000000 -1.150995 2.551717
 98.000000 -0.896069 2.725098
 99.000000 -0.373649 2.328486
 100.000000 -0.839316 2.333694
 101.000000 -1.191329 2.144561
 102.000000 -1.061899 2.644366
 103.000000 -1.111459 2.825909
 104.000000 -1.249626 2.726434
 105.000000 -1.122123 2.682429
 106.000000 -0.982936 2.577397
 107.000000 -1.859297 2.718712
 108.000000 -1.935772 2.482427
 109.000000 -0.989095 2.411375
 110.000000 -1.280719 2.687471
 111.000000 -1.107608 2.444255
 112.000000 -1.324446 2.328260
 113.000000 -1.401850 2.548544
 114.000000 -2.015274 2.123184
 115.000000 -1.204630 1.824973
 116.000000 -0.982950 2.587679
 117.000000 -1.072908 2.456846
 118.000000 -1.112045 2.534112
 119.000000 -1.970105 2.097078
 120.000000 -2.601703 2.799506
 121.000000 -1.085322 2.248374
 122.000000 -0.960727 2.751414
 123.000000 -0.790821 2.699857
 124.000000 -1.109648 2.296634
 125.000000 3.044871 1.717617
 126.000000 -2.329209 2.035722
 127.000000 -1.577657 2.269603
 128.000000 -1.736035 2.413853
 129.000000 -0.931899 2.728401
 130.000000 -1.027223 2.475271
 131.000000 -1.093195 2.377320
 132.000000 -1.279824 2.933750
 133.000000 -1.333941 2.419928
 134.000000 -1.103223 2.465705
 135.000000 -1.493074 2.663050
 136.000000 -1.282705 2.637460
 137.000000 -2.326576 1.891970
 138.000000 -1.119739 2.425123
 139.000000 -1.254571 2.401268
 140.000000 -1.630489 2.565958
 141.000000 -0.942637 2.437760
 142.000000 -1.008124 2.195735
 143.000000 -1.171125 2.276061
 144.000000 -0.863272 2.639082
 145.000000 -1.449066 2.453372
 146.000000 -2.177450 2.873267
 147.000000 -1.176847 2.469345
 148.000000 -1.220007 2.521719
 149.000000 -1.345135 2.680367
 150.000000 -0.902880 2.058216
 151.000000 -0.994862 2.416467
 152.000000 -1.022916 2.711015
 153.000000 -1.238588 2.419808
 154.000000 -0.948133 2.468925
 155.000000 -1.045173 2.230335
 156.000000 -0.980348 2.773262
 157.000000 -0.909163 2.946827
 158.000000 -1.674236 2.305001
 159.000000 -1.138476 2.272380
 160.000000 -1.090345 2.440480
 161.000000 -1.103224 2.586714
 162.000000 -0.961146 2.374609
 163.000000 -1.061463 2.630294
 164.000000 -0.858479 2.423232
 165.000000 -1.115266 2.549093
 166.000000 -0.991939 2.758678
 167.000000 -1.234463 2.125295
 168.000000 -1.201481 2.863092
 169.000000 -1.093993 2.434151
 170.000000 -1.084521 2.385913
 171.000000 -1.134689 2.521210
 172.000000 -0.969297 2.557052
 173.000000 -1.246799 2.600245
 174.000000 -2.102148 2.328697
 175.000000 -2.091638 3.054997
 176.000000 -2.126254 2.981501
 177.000000 -1.331734 2.597302
 178.000000 -2.970459 2.481073
 179.000000 -2.545290 2.617106
 180.000000 -1.323551 2.130144
 181.000000 -1.075970 2.583216
 182.000000 -0.379044 2.374876
 183.000000 -0.987863 2.115579
 184.000000 -1.203770 2.450286
 185.000000 -1.287784 2.269155
 186.000000 -1.963149 2.585433
 187.000000 -0.960371 2.073753
 188.000000 -1.167385 2.551074
 189.000000 -1.202684 2.157460
 190.000000 -1.156221 2.650118
 191.000000 -1.676306 2.586703
 192.000000 -1.701939 2.737973
 193.000000 -1.808143 2.156179
 194.000000 -2.751145 -3.095806
 195.000000 -2.544155 2.997603
 196.000000 -1.008368 2.584452
 197.000000 -2.079232 2.449617
 198.000000 -0.899656 2.458223
 199.000000 -1.276212 2.566861
 200.000000 -1.085741 2.609561
 201.000000 -2.251465 1.983611
 202.000000 -2.614810 2.784350
 203.000000 -2.855840 2.815573
 204.000000 -2.519873 2.351502
 205.000000 -1.005808 1.774413
 206.000000 -0.955140 2.530061
 207.000000 -0.772937 2.384049
 208.000000 -1.425178 2.620196
 209.000000 -1.158033 2.475936
 210.000000 -0.885199 2.329164
 211.000000 -0.957830 2.524448
 212.000000 -1.600089 2.707119
 213.000000 -0.723912 2.409147
 214.000000 -1.240150 2.425645
 215.000000 -1.065184 2.329666
 216.000000 -1.048427 2.449730
 217.000000 -1.045617 2.408171
 218.000000 -1.411280 1.981947
 219.000000 -1.071395 2.464319
 220.000000 -1.015236 2.847586
 221.000000 -1.422840 2.840807
 222.000000 -1.101300 2.805701
 223.000000 -1.188453 2.622874
 224.000000 -1.062298 2.465138
 225.000000 -1.026806 2.258687
 226.000000 -1.479692 3.093335
 227.000000 -1.198194 2.528553
 228.000000 -1.076964 2.494781
 229.000000 -0.778460 2.304953
 230.000000 -1.072652 2.640809
 231.000000 -1.142731 2.709001
 232.000000 -2.054108 2.648597
 233.000000 -0.928086 2.573576
 234.000000 -0.988546 2.457607
 235.000000 -1.042145 2.509175
 236.000000 -1.017200 2.614515
 237.000000 -1.790151 2.662513
 238.000000 -0.592898 2.168630
 239.000000 -1.817749 2.388908
 240.000000 -1.117338 2.762833
 241.000000 -1.057732 2.773738
 242.000000 -1.083890 2.321802
 243.000000 -1.034613 2.533720
 244.000000 -1.022131 2.414931
 245.000000 -1.221544 2.360276
 246.000000 -1.128386 2.371863
 247.000000 -1.735293 1.849522
 248.000000 -1.099550 2.682396
 249.000000 -0.830954 2.611094
 250.000000 -0.924390 2.349390
 251.000000 -2.088817 2.297716
 252.000000 -1.377226 2.058950
 253.000000 -1.293590 2.202875
 254.000000 -0.750189 2.479380
 255.000000 -1.889431 2.853732
 256.000000 -1.037380 2.500182
 257.000000 -1.603231 2.777743
 258.000000 -1.280383 2.316624
 259.000000 -1.109126 2.171874
 260.000000 -1.198756 2.584269
 261.000000 -0.648540 2.318630
 262.000000 -1.153512 2.468445
 263.000000 -0.898272 2.528996
 264.000000 -0.490289 2.547947
 265.000000 -1.626019 2.706458
 266.000000 -1.467823 2.424004
 267.000000 -1.696659 2.369215
 268.000000 -0.949547 3.049346
 269.000000 -2.616244 2.810826
 270.000000 -2.811204 3.027745
 271.000000 -2.685219 2.958163
 272.000000 -2.072131 2.303998
 273.000000 -1.836595 2.928686
 274.000000 -1.984449 2.988423
 275.000000 -1.470011 2.354384
 276.000000 -1.035180 2.589783
 277.000000 -1.281416 2.585913
 278.000000 -1.138768 2.833086
 279.000000 -1.270728 2.798681
 280.000000 -1.788020 2.700739
 281.000000 -2.053317 2.530114
 282.000000 -1.629938 3.076755
 283.000000 -2.115166 2.815633
 284.000000 -1.199414 2.507552
 285.000000 -0.946103 2.305310
 286.000000 -0.365386 2.310398
 287.000000 -0.533720 2.638623
 288.000000 -0.832319 2.378488
 289.000000 -1.136239 2.247257
 290.000000 -1.344698 2.460030
 291.000000 -1.149835 2.354725
 292.000000 -1.052499 2.384850
 293.000000 -0.959243 2.498806
 294.000000 -1.408800 2.307937
 295.000000 -1.944865 2.594760
 296.000000 -2.340677 2.132913
 297.000000 -2.681901 2.570157
 298.000000 -2.453584 2.574242
 299.000000 -2.648931 2.734767
 300.000000 -2.340920 1.889543
 301.000000 -2.827583 2.720873
 302.000000 -1.698164 2.807648
 303.000000 -1.523078 2.743066
 304.000000 -1.360432 1.968918
 305.000000 -1.016178 2.257815
 306.000000 -1.999898 2.225164
 307.000000 -2.021618 2.145057
 308.000000 -1.712080 2.302674
 309.000000 -2.401677 2.725422
 310.000000 -2.607715 2.780408
 311.000000 -2.102627 2.463597
 312.000000 -1.805819 2.646711
 313.000000 -1.227674 1.800561
 314.000000 -1.439755 1.959985
 315.000000 -2.235437 2.900204
 316.000000 -2.474252 2.795638
 317.000000 -0.929167 2.531785
 318.000000 -0.840161 2.114965
 319.000000 -1.638626 2.550420
 320.000000 -2.082747 2.632187
 321.000000 -1.541114 2.308047
 322.000000 -0.794344 2.496996
 323.000000 -1.546874 2.658809
 324.000000 -1.018294 2.486577
 325.000000 -1.137669 2.484035
 326.000000 -1.964636 2.723482
 327.000000 -1.434856 2.511764
 328.000000 -1.390497 2.720599
 329.000000 -1.037943 2.707091
 330.000000 -1.337256 2.850927
 331.000000 -0.685712 2.772636
 332.000000 -0.965687 1.991439
 333.000000 -1.367831 2.853031
 334.000000 -1.860169 1.973974
 335.000000 -1.466048 1.951654
 336.000000 -1.207339 2.405116
 337.000000 -1.466924 2.643130
 338.000000 -1.207490 2.658625
 339.000000 -1.428994 2.636858
 340.000000 -0.959458 2.308716
 341.000000 -1.154358 2.522646
 342.000000 -1.219865 2.574450
 343.000000 -1.151905 2.690460
 344.000000 -1.182772 2.555200
 345.000000 -0.889678 2.478928
 346.000000 -1.256051 2.723954
 347.000000 -0.963938 2.741375
 348.000000 -1.087874 2.368520
 349.000000 -0.950217 2.490758
 350.000000 -1.166796 2.078027
 351.000000 -1.347173 2.062216
 352.000000 -1.260978 1.681684
 353.000000 -1.095253 2.552311
 354.000000 -2.223347 2.715224
 355.000000 -2.281554 2.643202
 356.000000 -3.015286 2.588758
 357.000000 -2.591862 2.785792
 358.000000 -2.549332 2.538703
 359.000000 -1.745252 2.428332
 360.000000 -2.649645 2.742241
 361.000000 -1.094312 2.586990
 362.000000 -0.983820 2.356903
 363.000000 -1.232583 2.714182
 364.000000 -1.142260 2.186842
 365.000000 -1.679572 2.604164
 366.000000 -1.158407 2.387946
 367.000000 -1.416034 2.789251
 368.000000 -1.346220 2.305181
 369.000000 -0.883890 2.516340
 370.000000 -1.107046 2.363131
 371.000000 -1.174041 2.563070
 372.000000 -1.243287 2.919520
 373.000000 -1.056924 2.607215
 374.000000 -1.130204 2.152466
 375.000000 -1.267981 3.019429
 376.000000 -0.856310 2.409618
 377.000000 -1.482888 2.673975
 378.000000 -1.312732 2.844071
 379.000000 -1.183443 2.677523
 380.000000 -1.113150 2.657854
 381.000000 -1.164144 2.630948
 382.000000 -1.140439 2.484191
 383.000000 -1.099797 2.121246
 384.000000 -1.019551 2.493188
 385.000000 -0.889802 2.077202
 386.000000 -1.146451 2.744625
 387.000000 -0.532968 2.061281
 388.000000 -0.470987 2.063680
 389.000000 -1.668918 1.881954
 390.000000 -1.529321 2.618108
 391.000000 -2.167332 2.601950
 392.000000 -2.884217 3.038143
 393.000000 -1.977672 2.475739
 394.000000 -1.950382 2.505580
 395.000000 -1.122006 2.617226
 396.000000 -2.586961 2.145607
 397.000000 -2.756217 2.658698
 398.000000 -2.723003 2.639455
 399.000000 -2.703957 2.813006
 400.000000 -1.526246 2.629181
