#! FIELDS time phi psi
#! SET min_phi -pi
#! SET max_phi pi
#! SET min_psi -pi
#! SET max_psi pi
 0.000000 1.093984 -0.222360
 1.000000 1.676758 0.808341
 2.000000 1.284196 0.450251
 3.000000 1.255542 0.601313
 4.000000 1.011046 0.659442
 5.000000 1.123352 0.467964
 6.000000 2.029645 0.494961
 7.000000 1.149689 0.493684
 8.000000 1.901487 0.468702
 9.000000 1.446587 0.366636
 10.000000 1.376573 0.115494
 11.000000 1.363224 0.815686
 12.000000 1.077513 1.050659
 13.000000 0.615092 0.808744
 14.000000 1.554789 0.398750
 15.000000 1.632310 0.344017
 16.000000 1.230971 -0.033701
 17.000000 1.009842 0.542733
 18.000000 1.246925 0.685177
 19.000000 0.733055 0.825307
 20.000000 1.392547 0.745606
 21.000000 1.235611 0.361675
 22.000000 1.247570 0.200539
 23.000000 1.191385 -0.355960
 24.000000 0.898770 0.630362
 25.000000 1.193459 0.598767
 26.000000 1.295717 0.455278
 27.000000 0.801743 0.703944
 28.000000 0.359746 1.235605
 29.000000 1.228524 0.456666
 30.000000 0.984818 1.190393
 31.000000 0.828806 1.256356
 32.000000 1.352389 0.848225
 33.000000 1.308680 0.165943
 34.000000 1.575821 0.257816
 35.000000 1.350384 0.480060
 36.000000 1.289553 0.580915
 37.000000 1.224920 0.407169
 38.000000 1.321680 0.366723
 39.000000 1.156363 0.401378
 40.000000 1.513395 0.583838
 41.000000 1.279535 0.678228
 42.000000 1.282264 0.437773
 43.000000 1.588211 -0.157993
 44.000000 0.791156 0.399283
 45.000000 1.317461 0.275910
 46.000000 1.040365 0.632875
 47.000000 1.602925 0.509592
 48.000000 1.343705 0.074348
 49.000000 1.440761 0.637545
 50.000000 1.826041 0.295677
 51.000000 1.320995 0.394677
 52.000000 1.171935 0.348313
 53.000000 1.109452 0.527815
 54.000000 0.745143 0.530763
 55.000000 1.123350 0.711519
 56.000000 1.628869 0.485880
 57.000000 1.401021 0.436504
 58.000000 1.478311 1.064203
 59.000000 1.079650 1.123291
 60.000000 1.198347 2.174591
 61.000000 1.385356 2.398948
 62.000000 0.989689 -2.924632
 63.000000 0.667730 -2.662875
 64.000000 1.047386 -2.597647
 65.000000 0.844937 -2.560533
 66.000000 1.023786 -3.071087
 67.000000 0.918139 -2.647587
 68.000000 1.236945 3.087735
 69.000000 0.741183 -2.866206
 70.000000 0.900780 -2.508880
 71.000000 1.130877 3.067958
 72.000000 0.847009 -2.458518
 73.000000 1.182159 -2.658569
 74.000000 0.868550 -2.534616
 75.000000 0.983360 -2.472145
 76.000000 1.002938 -2.929265
 77.000000 0.764148 -2.486270
 78.000000 1.189523 -3.015479
 79.000000 0.560303 -2.156417
 80.000000 1.180460 -2.520383
 81.000000 0.921866 3.091784
 82.000000 0.818375 -2.582702
 83.000000 1.095253 3.018800
 84.000000 1.365465 2.537116
 85.000000 1.046723 -3.121265
 86.000000 0.876592 -2.511239
 87.000000 1.080872 -3.107453
 88.000000 1.196430 -3.068738
 89.000000 0.709766 -2.968608
 90.000000 1.139822 -2.947018
 91.000000 0.940969 -2.741438
 92.000000 0.814302 -3.120217
 93.000000 0.874948 -2.997644
 94.000000 0.981934 -2.759869
 95.000000 1.108111 -3.080640
 96.000000 0.995614 -2.637355
 97.000000 1.043280 -2.694843
 98.000000 0.881104 -2.661862
 99.000000 1.071070 -2.571512
 100.000000 0.791782 -2.129430
 101.000000 0.768451 -2.318942
 102.000000 0.999374 -2.867128
 103.000000 0.875410 -2.842809
 104.000000 1.246563 2.863040
 105.000000 1.189522 -3.016634
 106.000000 1.059367 -2.965420
 107.000000 1.001197 2.779515
 108.000000 1.294372 2.741537
 109.000000 0.666749 -2.798410
 110.000000 0.714171 -2.843309
 111.000000 0.804260 -2.649820
 112.000000 0.936709 -2.827190
 113.000000 0.760360 -2.391344
 114.000000 0.940232 2.639895
 115.000000 1.263952 3.099420
 116.000000 0.893438 -2.708005
 117.000000 0.754280 -2.420983
 118.000000 0.893205 3.105394
 119.000000 1.108329 2.953349
 120.000000 1.136914 -3.047121
 121.000000 1.007809 -2.649302
 122.000000 0.863677 -2.080804
 123.000000 0.882556 -2.684440
 124.000000 0.750394 -2.557699
 125.000000 0.576707 -2.498299
 126.000000 0.929112 -2.879790
 127.000000 1.400243 2.636653
 128.000000 0.898320 -2.631282
 129.000000 0.909021 -2.461535
 130.000000 0.799650 -2.697808
 131.000000 0.710694 -2.339596
 132.000000 1.032016 -2.870983
 133.000000 1.278130 2.744921
 134.000000 0.831446 -2.599195
 135.000000 1.218854 2.912108
 136.000000 1.021898 -3.133884
 137.000000 0.919156 -2.250861
 138.000000 1.098626 -2.592310
 139.000000 0.719584 -2.647113
 140.000000 0.980660 -2.616563
 141.000000 0.925772 -2.638944
 142.000000 0.769711 -2.831150
 143.000000 0.698244 -2.437974
 144.000000 0.876385 -2.791341
 145.000000 1.052346 3.037946
 146.000000 1.097693 -2.694827
 147.000000 1.144137 -2.342138
 148.000000 1.111960 3.107628
 149.000000 0.786262 -3.067011
 150.000000 0.926438 -3.061553
 151.000000 0.857914 -3.049893
 152.000000 1.125400 1.910853
 153.000000 1.240534 0.667106
 154.000000 1.205548 0.773566
 155.000000 1.075454 0.527805
 156.000000 1.426731 0.653694
 157.000000 0.635397 1.079983
 158.000000 -0.036642 1.910455
 159.000000 1.410840 0.704301
 160.000000 1.528643 0.833754
 161.000000 1.242904 0.800155
 162.000000 1.324990 0.373103
 163.000000 1.539650 0.089000
 164.000000 1.301934 0.138066
 165.000000 1.068636 0.491163
 166.000000 1.507318 0.510628
 167.000000 1.255654 0.686102
 168.000000 1.509151 0.530356
 169.000000 -0.951267 2.645065
 170.000000 -1.282693 2.737323
 171.000000 -0.949764 2.701705
 172.000000 -1.028640 2.578307
 173.000000 -1.197417 2.586274
 174.000000 -0.964599 2.320719
 175.000000 -1.122052 2.525276
 176.000000 -1.134854 2.966905
 177.000000 -0.949390 2.947053
 178.000000 -0.924338 2.245067
 179.000000 -0.973478 2.573952
 180.000000 -1.398320 2.865385
 181.000000 -1.767049 2.352462
 182.000000 -1.605749 2.367984
 183.000000 -1.392360 2.201858
 184.000000 -1.383752 2.130277
 185.000000 -0.985219 2.207491
 186.000000 -1.343934 2.138496
 187.000000 -1.603359 3.074447
 188.000000 -1.058737 2.081432
 189.000000 -1.917408 2.788159
 190.000000 -1.588639 2.516949
 191.000000 -0.634952 2.302838
 192.000000 -1.054523 2.547716
 193.000000 -0.992884 2.451287
 194.000000 -2.206013 1.946041
 195.000000 -1.672858 2.493846
 196.000000 -1.359312 1.512413
 197.000000 -1.559977 1.872848
 198.000000 -1.307665 2.615748
 199.000000 -1.307453 2.581195
 200.000000 -1.004666 2.139159
 201.000000 -1.353093 2.222457
 202.000000 -1.168585 2.618052
 203.000000 -1.087713 2.664000
 204.000000 -0.965985 2.723138
 205.000000 -1.026119 2.572664
 206.000000 -0.997651 2.417300
 207.000000 -0.963305 2.346817
 208.000000 -1.468169 2.081037
 209.000000 -1.617227 2.084672
 210.000000 -1.162908 2.490418
 211.000000 -1.184253 2.634995
 212.000000 -1.213870 2.383379
 213.000000 -1.436591 2.484658
 214.000000 -1.145275 2.554776
 215.000000 -1.166687 2.068140
 216.000000 -1.199740 2.742913
 217.000000 -0.892731 2.200919
 218.000000 -1.037526 2.437859
 219.000000 -0.909598 2.692550
 220.000000 -0.993893 2.389201
 221.000000 -1.703667 2.834123
 222.000000 -1.059053 2.301502
 223.000000 -0.984311 2.547217
 224.000000 -1.234941 2.669541
 225.000000 -1.279084 2.657208
 226.000000 -0.971301 2.401425
 227.000000 -1.080307 2.420462
 228.000000 -1.117256 2.561119
 229.000000 -1.229690 2.508284
 230.000000 -0.636717 2.449651
 231.000000 -1.284389 2.730227
 232.000000 -1.062093 2.193751
 233.000000 -1.174783 2.188736
 234.000000 -1.743862 2.183378
 235.000000 -2.183071 2.340013
 236.000000 -0.971293 2.735694
 237.000000 -1.563760 2.267642
 238.000000 -1.654375 2.147125
 239.000000 -2.256272 2.144260
 240.000000 -2.274621 2.365723
 241.000000 -2.661394 2.634909
 242.000000 -2.072462 2.401337
 243.000000 -2.523179 3.073738
 244.000000 -2.582333 3.052510
 245.000000 -2.325509 2.692233
 246.000000 -1.010593 2.768064
 247.000000 -0.990528 2.480582
 248.000000 -0.922009 2.554127
 249.000000 -1.391758 2.678113
 250.000000 -1.389126 2.948311
 251.000000 -0.902989 2.451674
 252.000000 -1.986469 2.497520
 253.000000 -1.663863 1.862894
 254.000000 -2.898868 2.756912
 255.000000 -2.774430 2.496823
 256.000000 -2.728883 2.614677
 257.000000 -2.651225 3.001356
 258.000000 -0.998827 2.480622
 259.000000 -1.889408 2.285468
 260.000000 -1.095315 2.332640
 261.000000 0.190561 1.809211
 262.000000 -0.909697 2.567035
 263.000000 -1.432462 2.640374
 264.000000 -0.656187 2.723102
 265.000000 -1.142756 3.041460
 266.000000 -1.251495 2.898397
 267.000000 -0.900578 2.333227
 268.000000 -1.110268 2.388905
 269.000000 -1.481523 2.798127
 270.000000 -1.161917 2.397724
 271.000000 -1.253833 2.595723
 272.000000 -1.076829 2.380315
 273.000000 -1.077718 2.176613
 274.000000 -1.264564 2.636358
 275.000000 -1.170481 2.207804
 276.000000 -1.200448 2.386699
 277.000000 -0.915681 2.617479
 278.000000 -1.805011 2.941550
 279.000000 -1.577340 2.405601
 280.000000 -1.288601 1.550184
 281.000000 -1.490545 2.394113
 282.000000 -1.125037 2.490803
 283.000000 -1.063572 2.608533
 284.000000 -1.111485 2.400154
 285.000000 -1.066599 2.543485
 286.000000 -1.055172 2.682757
 287.000000 -1.704038 2.967469
 288.000000 -1.081937 2.656221
 289.000000 -0.833188 2.594727
 290.000000 -0.937513 2.335346
 291.000000 -1.636752 1.933677
 292.000000 -1.190397 2.647428
 293.000000 -1.469673 3.096020
 294.000000 -1.017202 2.466763
 295.000000 -1.743194 3.016329
 296.000000 -1.702335 2.917040
 297.000000 -2.453274 2.702917
 298.000000 -1.870933 2.846362
 299.000000 -2.744285 2.602163
 300.000000 -2.176180 2.320566
 301.000000 -2.422269 2.918563
 302.000000 -2.647551 2.663975
 303.000000 -2.521494 2.815984
 304.000000 -2.305027 2.846449
 305.000000 -2.466700 2.570147
 306.000000 -2.302467 2.173243
 307.000000 -1.560866 2.272347
 308.000000 -2.275430 2.228792
 309.000000 -2.651972 2.720790
 310.000000 -2.785440 2.857934
 311.000000 -2.861045 2.833953
 312.000000 -2.463121 2.881926
 313.000000 -2.734643 2.859545
 314.000000 -2.443663 2.853270
 315.000000 -1.491637 2.056325
 316.000000 -2.616388 2.399903
 317.000000 -1.607605 2.747353
 318.000000 -1.978650 2.972794
 319.000000 -1.039730 2.102130
 320.000000 -1.137411 1.717324
 321.000000 -1.367426 1.812958
 322.000000 -2.402987 2.692281
 323.000000 -2.594486 2.692720
 324.000000 -2.042010 2.261799
 325.000000 -2.326462 2.650175
 326.000000 -2.687938 2.727898
 327.000000 -2.749311 2.499450
 328.000000 -1.386778 2.440768
 329.000000 -1.149524 2.615438
 330.000000 -0.895378 2.838342
 331.000000 -1.102391 2.486173
 332.000000 -0.689383 2.196793
 333.000000 -1.161981 2.681188
 334.000000 -1.404136 2.297763
 335.000000 -1.278700 1.744527
 336.000000 -1.975091 2.012698
 337.000000 -2.079006 2.479140
 338.000000 -2.119197 2.812801
 339.000000 -2.731239 2.673163
 340.000000 -2.512522 2.862032
 341.000000 -2.767984 2.661043
 342.000000 -2.646740 2.642413
 343.000000 -2.403576 2.342074
 344.000000 -1.975373 2.163537
 345.000000 -2.167389 2.321376
 346.000000 -2.529380 2.616290
 347.000000 -2.718703 2.539022
 348.000000 -2.617565 2.561090
 349.000000 -1.416566 2.168413
 350.000000 -0.840259 2.208265
 351.000000 -0.795698 2.420525
 352.000000 -0.882615 2.390216
 353.000000 0.318572 1.718397
 354.000000 -2.633182 2.821152
 355.000000 -2.453050 2.828473
 356.000000 -2.265513 2.695009
 357.000000 -2.367635 2.268904
 358.000000 -1.705317 2.790627
 359.000000 -1.173384 2.635138
 360.000000 -1.378401 2.518375
 361.000000 -0.912237 2.832014
 362.000000 -0.960461 2.717293
 363.000000 -1.503852 2.881731
 364.000000 -1.416167 2.790051
 365.000000 -0.940146 2.280947
 366.000000 -0.853040 2.519662
 367.000000 -1.314678 2.612028
 368.000000 -0.835635 2.580359
 369.000000 -0.849216 2.309113
 370.000000 -1.223124 2.183444
 371.000000 -1.749862 2.834601
 372.000000 -1.277311 2.566294
 373.000000 -1.004166 2.510904
 374.000000 -1.107611 2.126468
 375.000000 -1.526333 2.273934
 376.000000 -1.947332 2.390070
 377.000000 -0.824127 2.481325
 378.000000 -1.084572 2.250089
 379.000000 -1.159075 2.741044
 380.000000 -1.238142 2.406847
 381.000000 -0.888643 2.412980
 382.000000 -1.280840 2.349146
 383.000000 -1.004904 2.634832
 384.000000 -1.058054 2.376200
 385.000000 -1.134279 2.690186
 386.000000 -1.291234 2.496491
 387.000000 -0.965730 2.065778
 388.000000 -1.651052 2.707171
 389.000000 -0.991879 1.974201
 390.000000 -1.322018 1.996682
 391.000000 -1.976753 2.742769
 392.000000 -1.403234 2.534186
 393.000000 -1.472124 2.926262
 394.000000 -1.610071 2.962240
 395.000000 -1.160121 2.406749
 396.000000 -1.009504 2.241972
 397.000000 -1.190159 2.320296
 398.000000 -1.246161 2.111141
 399.000000 -0.804450 2.731097
 400.000000 -1.401335 1.918305
