#! FIELDS time phi psi
#! SET min_phi -pi
#! SET max_phi pi
#! SET min_psi -pi
#! SET max_psi pi
 0.000000 0.756951 -2.750623
 1.000000 1.427737 2.607179
 2.000000 0.964060 -3.008914
 3.000000 1.215930 2.394804
 4.000000 1.062916 -2.858937
 5.000000 1.348761 2.505318
 6.000000 1.155695 -2.859860
 7.000000 0.919228 -2.980631
 8.000000 0.713990 -2.907137
 9.000000 0.848881 -2.559301
 10.000000 0.742888 -2.765516
 11.000000 1.070613 -2.903094
 12.000000 0.977100 -2.840310
 13.000000 1.184349 3.111961
 14.000000 1.134701 -2.868132
 15.000000 1.027570 -2.273995
 16.000000 0.766738 -2.501134
 17.000000 1.288334 3.062787
 18.000000 0.928997 -2.617765
 19.000000 0.919440 -2.652846
 20.000000 0.533349 -2.600964
 21.000000 0.975536 -2.850600
 22.000000 1.127824 3.110897
 23.000000 0.955183 -2.859807
 24.000000 0.994855 -2.951369
 25.000000 0.771598 -2.516361
 26.000000 0.840481 -2.969558
 27.000000 0.742650 -2.972133
 28.000000 0.778339 -3.004318
 29.000000 0.783186 -2.398927
 30.000000 0.652995 -2.347823
 31.000000 0.707931 -2.575906
 32.000000 0.536074 -2.497516
 33.000000 1.203426 -2.957196
 34.000000 1.190319 2.503189
 35.000000 1.337280 2.130097
 36.000000 0.751717 2.938114
 37.000000 0.748562 -2.247253
 38.000000 0.964509 -2.657878
 39.000000 1.127884 -3.015376
 40.000000 1.062414 -2.673135
 41.000000 0.831716 -2.544018
 42.000000 0.944531 -3.109917
 43.000000 0.793995 -2.458387
 44.000000 0.865732 -2.529883
 45.000000 1.097687 -2.918576
 46.000000 0.830183 -3.045732
 47.000000 1.083169 2.723710
 48.000000 0.973576 -2.123730
 49.000000 0.961937 -2.706886
 50.000000 1.014122 -2.257285
 51.000000 1.075663 -2.841947
 52.000000 1.335373 -2.458868
 53.000000 1.001204 -3.018896
 54.000000 1.221340 2.884175
 55.000000 0.670457 -2.398436
 56.000000 0.906811 -2.497248
 57.000000 1.004885 -2.538329
 58.000000 1.153719 -2.951049
 59.000000 0.856935 -2.721396
 60.000000 1.005491 -3.054891
 61.000000 1.259218 2.639828
 62.000000 1.090310 2.655804
 63.000000 1.267997 2.701690
 64.000000 1.131133 2.374430
 65.000000 0.968332 2.509711
 66.000000 1.565379 2.318323
 67.000000 1.043750 2.306904
 68.000000 0.965626 -2.726050
 69.000000 1.217514 2.388069
 70.000000 1.131642 2.499447
 71.000000 0.958943 3.095967
 72.000000 1.017191 2.445071
 73.000000 0.921438 2.437977
 74.000000 0.955455 -2.891394
 75.000000 1.092895 -2.677414
 76.000000 1.030856 -2.759123
 77.000000 0.713034 -2.719156
 78.000000 0.838624 -3.046776
 79.000000 1.198768 3.103604
 80.000000 1.050421 -2.377252
 81.000000 0.798915 -2.529836
 82.000000 0.924540 -2.809719
 83.000000 0.791949 -2.876560
 84.000000 0.717501 -3.120638
 85.000000 1.085910 2.838977
 86.000000 0.994764 -2.558190
 87.000000 0.854869 -2.583697
 88.000000 1.293482 -2.605686
 89.000000 1.006118 -2.754717
 90.000000 0.975015 -2.247171
 91.000000 0.764110 -2.090411
 92.000000 0.900641 -2.960070
 93.000000 1.011343 -2.661316
 94.000000 0.966513 -2.844972
 95.000000 1.054499 -2.445045
 96.000000 0.863151 -2.896624
 97.000000 0.989600 -3.031035
 98.000000 1.110668 -2.803687
 99.000000 0.647862 -2.616828
 100.000000 0.898279 -2.992990
 101.000000 0.897454 -2.851828
 102.000000 0.896489 -2.986342
 103.000000 1.269611 2.203052
 104.000000 1.647054 2.490001
 105.000000 1.027017 -2.756640
 106.000000 0.943114 -2.543741
 107.000000 0.716115 -2.637204
 108.000000 0.787337 -2.551047
 109.000000 0.964902 -3.068789
 110.000000 0.860454 3.035653
 111.000000 0.920941 -2.507347
 112.000000 1.375888 -3.112427
 113.000000 0.732162 -2.689690
 114.000000 0.690679 -2.381558
 115.000000 1.154878 2.945080
 116.000000 0.843564 -2.681481
 117.000000 0.832284 -2.639389
 118.000000 1.101708 -2.450399
 119.000000 1.220037 2.663526
 120.000000 0.955487 1.145770
 121.000000 0.479896 1.336282
 122.000000 1.236282 0.483628
 123.000000 1.449494 0.561569
 124.000000 1.396090 0.643265
 125.000000 1.740435 0.181845
 126.000000 1.222316 0.533740
 127.000000 0.840082 0.619104
 128.000000 1.455809 0.218499
 129.000000 1.421743 0.661178
 130.000000 0.785603 0.449295
 131.000000 0.942051 0.969250
 132.000000 1.434215 0.411107
 133.000000 1.333363 0.463540
 134.000000 1.528227 0.614670
 135.000000 1.218118 0.448037
 136.000000 1.058840 0.823020
 137.000000 1.169375 1.024077
 138.000000 0.692939 1.030633
 139.000000 1.327024 0.335290
 140.000000 1.388187 0.040557
 141.000000 0.792566 1.169536
 142.000000 1.132582 1.864784
 143.000000 1.145937 2.060920
 144.000000 1.079136 2.555213
 145.000000 1.279471 2.542315
 146.000000 0.900519 -2.776713
 147.000000 1.012240 -3.130756
 148.000000 0.980639 -2.825974
 149.000000 0.942903 -2.818655
 150.000000 0.970573 -2.719241
 151.000000 0.820447 -2.551308
 152.000000 1.070403 -2.828130
 153.000000 0.927216 -2.551271
 154.000000 1.166422 2.644901
 155.000000 1.081888 1.864580
 156.000000 1.309792 2.490264
 157.000000 1.241282 3.013962
 158.000000 1.264145 -3.131428
 159.000000 0.724803 -2.849370
 160.000000 1.392173 2.304563
 161.000000 1.146723 1.596312
 162.000000 2.181521 2.212733
 163.000000 1.116268 1.104158
 164.000000 1.132679 0.466491
 165.000000 0.784658 0.789929
 166.000000 1.448115 0.284191
 167.000000 1.612332 0.469825
 168.000000 0.761513 1.012307
 169.000000 0.355797 1.396200
 170.000000 1.298530 0.947534
 171.000000 0.796370 1.102618
 172.000000 1.364170 0.413986
 173.000000 1.224638 0.131343
 174.000000 1.692437 0.228745
 175.000000 0.862183 1.160210
 176.000000 1.314745 0.260975
 177.000000 0.989046 0.940889
 178.000000 1.860004 0.598685
 179.000000 1.930249 0.342992
 180.000000 1.311648 0.613632
 181.000000 1.220807 0.270552
 182.000000 1.154678 -0.188730
 183.000000 1.157247 0.382564
 184.000000 1.037356 0.645579
 185.000000 1.382482 0.445427
 186.000000 1.178789 0.446024
 187.000000 0.600458 1.329382
 188.000000 0.761141 1.225514
 189.000000 1.243256 1.855647
 190.000000 1.671142 1.981996
 191.000000 1.294941 1.861430
 192.000000 1.850729 1.455954
 193.000000 1.350864 2.048602
 194.000000 1.450073 2.311672
 195.000000 1.191333 1.682654
 196.000000 0.962041 -2.767974
 197.000000 0.820066 -2.448662
 198.000000 1.245501 -2.684289
 199.000000 0.793202 -2.845587
 200.000000 1.008053 -2.968548
 201.000000 0.909964 -2.497373
 202.000000 0.842550 -2.572457
 203.000000 0.690578 -2.747777
 204.000000 0.505543 -2.355275
 205.000000 1.005969 -2.540222
 206.000000 0.836749 -3.046606
 207.000000 1.000032 -2.815889
 208.000000 0.783301 -2.969177
 209.000000 0.864550 -2.179218
 210.000000 1.106121 -2.804022
 211.000000 1.037856 -2.176766
 212.000000 1.175735 3.132423
 213.000000 1.342023 2.737399
 214.000000 0.743539 -2.765594
 215.000000 0.773138 -2.940038
 216.000000 0.979869 -2.893640
 217.000000 0.768923 -2.293980
 218.000000 0.909019 -2.473473
 219.000000 0.707274 -2.285244
 220.000000 0.622478 -2.202471
 221.000000 1.093702 2.999707
 222.000000 1.229349 -2.754091
 223.000000 1.090696 -2.518242
 224.000000 1.070956 -2.354561
 225.000000 0.907246 -2.479755
 226.000000 1.119205 -2.596028
 227.000000 1.252543 2.634236
 228.000000 0.994298 -2.872447
 229.000000 0.979336 -2.735942
 230.000000 0.917441 -2.877982
 231.000000 0.864600 -2.469037
 232.000000 1.106411 -3.055484
 233.000000 1.094854 -2.961614
 234.000000 0.847741 -2.343313
 235.000000 0.519404 -2.631107
 236.000000 1.066779 -2.298284
 237.000000 0.650285 -2.431738
 238.000000 0.590548 -2.418710
 239.000000 0.604974 -2.098439
 240.000000 0.980475 -2.481196
 241.000000 0.886267 -2.822811
 242.000000 0.944988 -2.757574
 243.000000 1.128795 -2.758516
 244.000000 0.885673 3.047486
 245.000000 0.989054 -2.918977
 246.000000 1.629748 2.304742
 247.000000 1.129932 2.697154
 248.000000 1.233370 1.915536
 249.000000 1.326114 2.650796
 250.000000 1.273120 2.059907
 251.000000 1.070726 2.832561
 252.000000 0.850539 -2.735767
 253.000000 0.920856 -2.644645
 254.000000 1.065954 -3.116658
 255.000000 0.739366 -2.479142
 256.000000 0.769291 -2.729538
 257.000000 1.200601 2.807611
 258.000000 1.686378 1.949388
 259.000000 1.281031 2.523664
 260.000000 1.095408 2.714089
 261.000000 1.068846 2.273405
 262.000000 0.966972 -3.139816
 263.000000 0.873205 -2.573672
 264.000000 0.641976 -2.464725
 265.000000 0.955776 -2.728836
 266.000000 1.451536 2.524535
 267.000000 1.319932 1.878370
 268.000000 0.938367 1.362270
 269.000000 1.729400 0.456769
 270.000000 1.371669 0.469606
 271.000000 1.094131 0.291435
 272.000000 1.405696 -0.056481
 273.000000 0.859518 1.294556
 274.000000 0.492110 1.032154
 275.000000 0.240339 1.372877
 276.000000 0.841915 1.127484
 277.000000 1.307929 0.109747
 278.000000 1.342328 0.397944
 279.000000 1.128415 0.576945
 280.000000 1.442230 0.544471
 281.000000 2.254913 -0.218426
 282.000000 -2.792724 -1.181927
 283.000000 -2.828777 -0.862652
 284.000000 -2.662829 -0.235425
 285.000000 -2.774963 -0.028007
 286.000000 -2.012399 0.413719
 287.000000 -2.825481 0.407209
 288.000000 -2.127511 0.129714
 289.000000 -1.229669 -0.574693
 290.000000 -1.471545 -0.358859
 291.000000 3.125973 0.225783
 292.000000 -2.589278 -0.428897
 293.000000 -1.778559 0.219749
 294.000000 -2.072786 0.347230
 295.000000 -2.223308 0.450819
 296.000000 -2.356057 1.079549
 297.000000 -0.751876 2.393091
 298.000000 -1.135739 2.269440
 299.000000 -1.131499 2.171948
 300.000000 -1.585252 1.846808
 301.000000 -1.356958 2.595999
 302.000000 -1.154434 2.508772
 303.000000 -1.227039 2.473194
 304.000000 -1.746499 2.118718
 305.000000 -1.450198 2.176730
 306.000000 -1.197838 2.469430
 307.000000 -1.573430 2.485767
 308.000000 -1.977497 2.118410
 309.000000 -1.551849 3.074351
 310.000000 -2.360067 2.863891
 311.000000 -2.132421 2.691845
 312.000000 -1.547984 2.349717
 313.000000 -0.946830 2.375585
 314.000000 -1.103474 2.542272
 315.000000 -1.062316 2.549477
 316.000000 -1.128167 2.778569
 317.000000 -1.280890 2.604714
 318.000000 -0.668002 2.720258
 319.000000 -1.335522 2.259002
 320.000000 -1.798779 2.692205
 321.000000 -1.252856 2.542360
 322.000000 -1.363571 2.545866
 323.000000 -1.087128 2.387152
 324.000000 -1.320109 2.372954
 325.000000 -1.928663 2.499349
 326.000000 -1.280648 2.503607
 327.000000 -1.036313 1.868639
 328.000000 -1.378277 2.302982
 329.000000 -1.629869 2.803903
 330.000000 -1.128955 2.484330
 331.000000 -1.108453 2.705199
 332.000000 -0.946362 2.703870
 333.000000 -1.204189 2.335593
 334.000000 -1.006901 2.561345
 335.000000 -1.187161 2.384957
 336.000000 -1.030961 2.410242
 337.000000 -1.064023 2.017953
 338.000000 -0.861631 2.634669
 339.000000 -1.123125 2.508930
 340.000000 -1.099139 2.295580
 341.000000 -1.471426 2.421567
 342.000000 -1.399794 2.423362
 343.000000 -0.929974 2.233633
 344.000000 -0.998558 2.625184
 345.000000 -1.086506 2.543332
 346.000000 -1.157209 2.342337
 347.000000 -1.166625 2.732062
 348.000000 -0.808333 2.597566
 349.000000 -1.139340 2.373286
 350.000000 -1.033837 2.622509
 351.000000 -1.325165 2.547043
 352.000000 -1.152763 2.424055
 353.000000 -1.084620 2.260107
 354.000000 -1.027537 2.526583
 355.000000 -1.741377 2.862193
 356.000000 -1.587529 1.989438
 357.000000 -1.657314 2.218563
 358.000000 -1.323989 2.580150
 359.000000 -0.927358 2.538446
 360.000000 -0.620794 2.509498
 361.000000 -1.064395 2.528330
 362.000000 -1.107084 2.014598
 363.000000 -1.969960 2.783686
 364.000000 -2.530783 2.551919
 365.000000 -1.340342 2.647276
 366.000000 -0.894248 2.211126
 367.000000 -1.300604 2.685444
 368.000000 -1.179940 2.587303
 369.000000 -1.227769 2.424283
 370.000000 -1.275997 2.692136
 371.000000 -0.899969 2.074931
 372.000000 -0.900791 2.617714
 373.000000 -1.070458 2.634431
 374.000000 -1.101974 2.243423
 375.000000 -0.544740 2.304657
 376.000000 -0.414791 2.198847
 377.000000 -0.625975 2.181447
 378.000000 -0.529581 2.308088
 379.000000 -1.386184 2.652128
 380.000000 -0.966348 2.628892
 381.000000 -1.111276 2.506090
 382.000000 -1.735842 2.101601
 383.000000 -2.126478 2.368515
 384.000000 -0.507727 2.287487
 385.000000 -1.545580 2.621672
 386.000000 -1.716405 2.447994
 387.000000 -2.591673 2.880034
 388.000000 -2.577085 2.946462
 389.000000 -2.281296 2.166201
 390.000000 -2.655270 2.200644
 391.000000 -2.738991 1.838633
 392.000000 -2.735658 2.709167
 393.000000 -2.414851 2.782712
 394.000000 -2.257512 2.155541
 395.000000 -2.532574 2.940587
 396.000000 -2.602671 2.825314
 397.000000 -2.793711 3.042882
 398.000000 -2.020449 2.304594
 399.000000 -1.664243 1.719154
 400.000000 -1.112862 2.444753
