#! FIELDS time phi psi
#! SET min_phi -pi
#! SET max_phi pi
#! SET min_psi -pi
#! SET max_psi pi
 0.000000 -2.582646 2.650251
 1.000000 -2.321938 2.823987
 2.000000 -2.753294 2.834041
 3.000000 -2.863078 2.686222
 4.000000 -2.385158 2.817530
 5.000000 -1.424988 2.571120
 6.000000 -1.738687 2.611500
 7.000000 -0.933299 2.769338
 8.000000 -1.095158 2.162291
 9.000000 -1.274341 0.599138
 10.000000 -0.989477 -0.849280
 11.000000 -1.829211 0.107807
 12.000000 -1.364223 -0.405120
 13.000000 -1.940361 0.076005
 14.000000 -1.985865 -0.221744
 15.000000 -1.256629 -0.540725
 16.000000 -1.693236 -0.204252
 17.000000 -1.454502 -0.145127
 18.000000 -1.491879 0.274005
 19.000000 -1.660433 0.353698
 20.000000 -1.835414 0.262809
 21.000000 -1.880716 0.051520
 22.000000 -1.859661 -0.381340
 23.000000 -0.918159 -0.586091
 24.000000 -1.562731 -0.178942
 25.000000 -1.063852 -0.584236
 26.000000 -0.934099 -0.853016
 27.000000 -1.074668 -0.521912
 28.000000 -2.183208 0.075784
 29.000000 -1.006688 -0.810213
 30.000000 -1.695128 -0.038591
 31.000000 -1.378669 -0.306220
 32.000000 -1.678283 0.431637
 33.000000 -1.823200 0.446079
 34.000000 -1.800015 0.193281
 35.000000 -1.681944 -0.108423
 36.000000 -1.177999 -0.354282
 37.000000 -1.743248 0.135985
 38.000000 -1.658021 -0.210106
 39.000000 -1.168964 -0.384243
 40.000000 -1.197380 -0.724214
 41.000000 -1.037359 -0.794105
 42.000000 -1.007252 -0.775055
 43.000000 -1.925782 -0.020316
 44.000000 -1.252403 -0.496485
 45.000000 -1.477520 -0.152180
 46.000000 -1.603900 -0.243140
 47.000000 -1.571442 -0.230513
 48.000000 -0.950826 -0.670435
 49.000000 -1.218053 -0.577041
 50.000000 -1.252702 -0.471636
 51.000000 -1.180058 -0.354890
 52.000000 -1.430908 -0.360670
 53.000000 -1.618177 -0.216961
 54.000000 -1.483467 -0.414687
 55.000000 -1.150536 -0.543731
 56.000000 -1.627141 0.148518
 57.000000 -0.873081 -0.850143
 58.000000 -1.615606 0.183944
 59.000000 -1.269679 -0.523686
 60.000000 -1.693407 0.265272
 61.000000 -1.421721 -0.765701
 62.000000 -0.945090 -0.690661
 63.000000 -1.174047 -0.511151
 64.000000 -1.015177 -0.661754
 65.000000 -1.374189 -0.474343
 66.000000 -1.236255 -0.380089
 67.000000 -1.036561 -0.707642
 68.000000 -1.915532 0.066146
 69.000000 -1.000279 -0.769258
 70.000000 -0.848249 -0.637074
 71.000000 -1.156065 -0.688365
 72.000000 -1.142907 -0.582039
 73.000000 -1.079634 -0.828742
 74.000000 -1.136197 -0.583735
 75.000000 -2.186809 -0.395233
 76.000000 -1.861684 -0.066486
 77.000000 -2.661772 0.403306
 78.000000 -2.970324 0.334661
 79.000000 -1.749720 0.091078
 80.000000 -2.378810 0.608179
 81.000000 -1.771920 -0.117054
 82.000000 -1.310401 -0.237662
 83.000000 -1.738926 0.628704
 84.000000 -1.802289 0.349641
 85.000000 -2.521657 -0.077368
 86.000000 -2.668808 0.287757
 87.000000 -2.776121 0.440948
 88.000000 -2.767503 0.145334
 89.000000 -1.778663 -0.007480
 90.000000 -1.257630 -0.287017
 91.000000 -1.941725 -0.003836
 92.000000 -1.792684 0.315046
 93.000000 -1.821137 0.082353
 94.000000 -2.810789 0.385806
 95.000000 -2.899823 0.004894
 96.000000 -3.051611 -0.120006
 97.000000 -2.584641 0.024002
 98.000000 -2.002476 0.146929
 99.000000 -1.022087 -0.843389
 100.000000 -1.035313 -0.741227
 101.000000 -0.997447 -0.816305
 102.000000 -2.083553 0.436605
 103.000000 -2.481427 0.183357
 104.000000 -1.802754 0.457332
 105.000000 -1.636548 0.272705
 106.000000 -1.836720 0.176068
 107.000000 -2.284794 0.469399
 108.000000 -1.847554 -0.116466
 109.000000 -0.956461 -0.557437
 110.000000 -1.284108 -0.750827
 111.000000 -1.609081 -0.148439
 112.000000 -1.528984 -0.326349
 113.000000 -1.014086 -0.839897
 114.000000 -1.227882 -0.618185
 115.000000 -1.217985 -0.467877
 116.000000 -2.100075 0.412763
 117.000000 -1.970801 -0.054611
 118.000000 -1.470487 -0.394179
 119.000000 -1.531542 -0.127680
 120.000000 -1.845507 0.286888
 121.000000 -1.219276 -0.387557
 122.000000 -1.106566 -0.724045
 123.000000 -1.689190 -1.131506
 124.000000 -1.705766 -0.896123
 125.000000 -1.540231 0.040067
 126.000000 -1.717336 -0.158325
 127.000000 -0.997688 -0.683804
 128.000000 -1.062372 -0.611969
 129.000000 -1.762635 0.074737
 130.000000 -1.454887 -0.149087
 131.000000 -1.439770 -0.225362
 132.000000 -1.397681 -0.430804
 133.000000 -1.190055 -0.368052
 134.000000 -0.868143 -0.730890
 135.000000 -1.596272 -0.198671
 136.000000 -2.105698 0.153479
 137.000000 -2.182274 -0.029914
 138.000000 -2.226983 0.095538
 139.000000 -1.634448 0.085587
 140.000000 -0.971480 -0.617906
 141.000000 -1.423633 -0.505917
 142.000000 -1.201025 -0.818816
 143.000000 -1.045575 -0.751056
 144.000000 -1.739619 0.277948
 145.000000 -2.251061 -0.279431
 146.000000 -1.472540 -0.365843
 147.000000 -1.158460 -0.503640
 148.000000 -1.976035 0.200820
 149.000000 -1.837062 0.014597
 150.000000 -1.750797 0.166558
 151.000000 -2.695993 0.894483
 152.000000 -2.932703 1.415996
 153.000000 -1.711650 0.072832
 154.000000 -2.608945 0.260826
 155.000000 -2.659844 0.306842
 156.000000 -2.626422 0.049596
 157.000000 -1.745976 0.044238
 158.000000 -1.073297 -0.719009
 159.000000 -1.093061 -0.701718
 160.000000 -0.939357 -0.609929
 161.000000 -2.407562 0.110788
 162.000000 -2.909298 0.286634
 163.000000 -2.062419 0.243401
 164.000000 -1.847480 -0.127116
 165.000000 -1.754091 -0.457870
 166.000000 -1.355640 -0.472045
 167.000000 -1.972629 0.039513
 168.000000 -2.398578 0.176850
 169.000000 -1.705027 -0.420555
 170.000000 -1.177721 -0.406582
 171.000000 -1.743696 0.407518
 172.000000 -1.995017 -0.650883
 173.000000 -1.834698 0.102669
 174.000000 -1.828877 0.173175
 175.000000 -1.784997 0.216927
 176.000000 -1.679463 0.107447
 177.000000 -1.918096 0.233853
 178.000000 -1.512212 -0.491571
 179.000000 -1.722519 0.187136
 180.000000 -1.936850 -0.429045
 181.000000 -1.276838 -0.413638
 182.000000 -1.420970 -0.490269
 183.000000 -1.862604 0.301276
 184.000000 -2.623522 0.834000
 185.000000 -1.729736 0.193492
 186.000000 -2.318087 0.159491
 187.000000 -1.421819 0.325377
 188.000000 -1.474090 -0.039137
 189.000000 -1.224689 0.470983
 190.000000 -1.620052 0.180730
 191.000000 -0.936365 -0.740927
 192.000000 -2.334276 -0.341148
 193.000000 -1.804049 -0.225733
 194.000000 -1.566830 0.301639
 195.000000 -1.892690 -0.119701
 196.000000 -1.155396 -0.653934
 197.000000 -1.072333 -0.763758
 198.000000 -1.398469 -0.575612
 199.000000 -1.152521 -0.874663
 200.000000 -1.154839 -0.711825
 201.000000 -1.044212 -0.869016
 202.000000 -1.017027 -0.675083
 203.000000 -1.613099 -0.310427
 204.000000 -1.678043 0.234249
 205.000000 -1.688718 0.034076
 206.000000 -2.198181 0.019051
 207.000000 -2.531424 0.399117
 208.000000 -3.006383 0.486008
 209.000000 -1.679703 -0.226480
 210.000000 -1.868261 0.173211
 211.000000 -1.848856 -0.099673
 212.000000 -2.226972 0.558881
 213.000000 -2.485077 0.929911
 214.000000 -1.997912 0.414082
 215.000000 -2.749436 0.684979
 216.000000 -2.573816 0.029923
 217.000000 -1.548664 0.125563
 218.000000 -1.130360 -0.863252
 219.000000 -1.061433 -0.634731
 220.000000 -1.996018 -0.227933
 221.000000 -1.838287 -0.102511
 222.000000 -1.198314 -0.440433
 223.000000 -2.905517 0.427283
 224.000000 -1.720457 0.128666
 225.000000 -2.616656 0.490875
 226.000000 -1.964805 0.580466
 227.000000 -1.920834 0.429955
 228.000000 -1.367835 -0.330578
 229.000000 -1.079395 -0.790079
 230.000000 -1.201102 -0.601726
 231.000000 -1.134768 -0.593742
 232.000000 -1.248119 -0.640129
 233.000000 -1.987990 0.150294
 234.000000 -1.861984 0.101574
 235.000000 -1.816969 -0.238259
 236.000000 -1.319666 -0.494445
 237.000000 -1.191836 -0.552480
 238.000000 -1.544286 0.153155
 239.000000 -1.032170 -0.753837
 240.000000 -2.050207 -0.029144
 241.000000 -1.532810 -1.373597
 242.000000 -1.185779 -0.823896
 243.000000 -1.080240 -0.874534
 244.000000 -1.135066 -0.793551
 245.000000 -1.132444 -0.643365
 246.000000 -0.988728 -0.451641
 247.000000 -1.318102 -0.397697
 248.000000 -1.507748 -0.242846
 249.000000 -1.290657 -0.392643
 250.000000 -1.214768 -0.544831
 251.000000 -1.090318 -0.626410
 252.000000 -1.086160 -0.675076
 253.000000 -1.284784 -0.540360
 254.000000 -1.180159 -0.548852
 255.000000 -1.229501 -0.588549
 256.000000 -1.188248 -0.663039
 257.000000 -1.900285 0.037447
 258.000000 -1.951055 0.022066
 259.000000 -1.965582 0.048307
 260.000000 -1.559551 -0.407182
 261.000000 -1.383470 -0.789291
 262.000000 -1.596107 0.150139
 263.000000 -1.592767 -0.009113
 264.000000 -1.670765 -0.152045
 265.000000 -1.409278 -0.160346
 266.000000 -1.197535 -0.631789
 267.000000 -2.216534 0.288268
 268.000000 -2.077362 0.280098
 269.000000 -2.040540 0.111798
 270.000000 -1.528382 -0.154119
 271.000000 -2.764549 -0.275389
 272.000000 -2.994605 -0.181022
 273.000000 -3.043457 0.844879
 274.000000 -2.146029 -0.550579
 275.000000 -1.711264 0.195157
 276.000000 -1.739220 0.231659
 277.000000 -1.686201 0.039150
 278.000000 -1.607219 0.197918
 279.000000 -1.800534 0.476826
 280.000000 -2.146646 0.248265
 281.000000 -2.231088 0.136183
 282.000000 -1.141753 -0.620402
 283.000000 -1.102638 -0.671492
 284.000000 -1.677788 -0.315613
 285.000000 -0.911476 -0.928036
 286.000000 -0.958198 -0.696737
 287.000000 -1.023414 -0.756532
 288.000000 -1.176087 -0.750199
 289.000000 -0.934339 -0.870614
 290.000000 -1.411062 -0.320843
 291.000000 -1.857821 0.058972
 292.000000 -1.224834 -0.308848
 293.000000 -1.260619 -0.456526
 294.000000 -2.253571 0.137025
 295.000000 -2.658774 0.130090
 296.000000 -1.839467 -0.302860
 297.000000 -1.754280 0.111613
 298.000000 -1.726815 -0.285577
 299.000000 -2.068208 0.476903
 300.000000 -1.955842 0.951347
 301.000000 -1.590346 2.643388
 302.000000 -1.127080 2.451025
 303.000000 -1.303391 2.660252
 304.000000 -1.049335 2.408193
 305.000000 -0.836241 2.580098
 306.000000 -1.262646 2.473916
 307.000000 -1.130272 2.673904
 308.000000 -0.570550 2.257299
 309.000000 -1.030536 2.370280
 310.000000 -1.603151 2.484507
 311.000000 -1.086655 2.274659
 312.000000 -1.053206 2.687233
 313.000000 -0.807450 2.545954
 314.000000 -1.315129 2.228316
 315.000000 -1.077779 2.600133
 316.000000 -0.855227 2.658204
 317.000000 -1.064626 2.573156
 318.000000 -1.059376 2.523342
 319.000000 -1.196965 2.508839
 320.000000 -0.734770 2.915978
 321.000000 -1.122920 2.482269
 322.000000 -1.089845 2.687885
 323.000000 -1.074944 2.807625
 324.000000 -0.990810 2.579333
 325.000000 -1.187899 2.448759
 326.000000 -0.911286 2.777709
 327.000000 -1.296116 2.631798
 328.000000 -0.890926 2.621730
 329.000000 -1.868486 2.076412
 330.000000 -1.087992 2.769755
 331.000000 -1.274649 2.734854
 332.000000 -1.116031 2.711392
 333.000000 -1.683873 1.901118
 334.000000 -1.329126 2.113514
 335.000000 -1.298400 2.459754
 336.000000 -1.094371 2.693879
 337.000000 -0.998501 2.510198
 338.000000 -1.107564 2.561202
 339.000000 -1.272429 2.593111
 340.000000 -0.808762 2.551229
 341.000000 -1.147128 2.419506
 342.000000 -1.360432 2.322000
 343.000000 -1.032264 2.558098
 344.000000 -1.012482 2.686016
 345.000000 -1.316059 2.670954
 346.000000 -1.123587 2.737550
 347.000000 -1.714124 2.470588
 348.000000 -1.738732 2.668286
 349.000000 -1.208932 2.151018
 350.000000 -1.240293 2.707159
 351.000000 -1.536015 2.874648
 352.000000 -1.938232 2.579245
 353.000000 -2.300824 2.214541
 354.000000 -2.658290 3.004091
 355.000000 -2.017769 2.137948
 356.000000 -0.725011 2.576668
 357.000000 -1.451071 2.595808
 358.000000 -1.575801 3.079084
 359.000000 -1.190560 2.691831
 360.000000 -0.989120 2.352327
 361.000000 -1.583223 2.657500
 362.000000 -1.234817 2.449810
 363.000000 -0.898489 1.999472
 364.000000 -1.259407 2.526426
 365.000000 -0.995956 2.644659
 366.000000 -1.011690 2.644088
 367.000000 -1.062835 2.577451
 368.000000 -1.400708 2.524057
 369.000000 -1.472683 1.822423
 370.000000 -1.500531 2.664557
 371.000000 -1.161110 2.600352
 372.000000 -1.455290 2.621347
 373.000000 -1.128521 2.781182
 374.000000 -1.566727 2.765573
 375.000000 -1.094308 2.877635
 376.000000 -1.240218 2.501386
 377.000000 -1.108823 2.341425
 378.000000 -1.023974 2.609647
 379.000000 -1.228876 2.525446
 380.000000 -0.979439 2.672955
 381.000000 -1.220523 2.521864
 382.000000 -1.146594 2.494335
 383.000000 -1.404508 2.479949
 384.000000 -1.048204 2.462100
 385.000000 -1.864143 2.570791
 386.000000 -1.142954 2.381073
 387.000000 -1.057713 2.779854
 388.000000 -1.108960 2.586474
 389.000000 -1.280319 2.662136
 390.000000 -1.014421 2.619648
 391.000000 -1.325356 2.643807
 392.000000 -1.085915 2.486700
 393.000000 -0.910555 2.579654
 394.000000 -1.033972 2.534182
 395.000000 -1.306464 2.962400
 396.000000 -0.592556 2.227990
 397.000000 -1.450898 2.913766
 398.000000 -1.105318 2.611689
 399.000000 -0.937917 2.422490
 400.000000 -1.016137 2.726481
