#! FIELDS time phi psi
#! SET min_phi -pi
#! SET max_phi pi
#! SET min_psi -pi
#! SET max_psi pi
 0.000000 0.756951 -2.750623
 1.000000 1.174944 2.951572
 2.000000 0.829374 -2.591917
 3.000000 0.948955 -2.544836
 4.000000 0.804449 -2.379378
 5.000000 0.934866 -2.860012
 6.000000 0.964002 -3.006783
 7.000000 1.090593 3.093259
 8.000000 1.301239 2.636309
 9.000000 0.972721 -2.895977
 10.000000 0.726469 -2.818055
 11.000000 0.865157 -2.779525
 12.000000 1.223885 3.070179
 13.000000 1.220001 -3.025460
 14.000000 0.917465 2.885005
 15.000000 1.305986 2.490686
 16.000000 1.135571 2.587879
 17.000000 1.424973 2.475778
 18.000000 1.516144 1.967331
 19.000000 1.339616 1.962029
 20.000000 1.186155 0.836989
 21.000000 1.276196 0.414640
 22.000000 1.398194 0.488535
 23.000000 1.592592 0.342268
 24.000000 1.291419 0.295700
 25.000000 1.338659 0.347032
 26.000000 1.260909 0.234204
 27.000000 1.448255 0.373266
 28.000000 1.665751 0.021992
 29.000000 0.611901 1.398043
 30.000000 1.242920 0.187049
 31.000000 1.408686 0.538169
 32.000000 1.202121 0.294666
 33.000000 1.250437 -0.262414
 34.000000 1.493884 -0.824726
 35.000000 1.138554 -1.660806
 36.000000 0.854797 -2.435610
 37.000000 0.897582 -2.484803
 38.000000 0.813825 -2.655663
 39.000000 1.057226 -2.653115
 40.000000 0.843340 -2.187433
 41.000000 1.200289 3.120046
 42.000000 1.914461 2.292030
 43.000000 1.375446 2.372934
 44.000000 1.197293 3.122566
 45.000000 1.018768 -3.054798
 46.000000 0.662048 -2.804421
 47.000000 0.698709 -2.488055
 48.000000 0.699971 -2.678460
 49.000000 0.787311 -2.848667
 50.000000 1.140430 2.632226
 51.000000 0.998829 2.934278
 52.000000 1.261829 1.919389
 53.000000 1.091861 2.768711
 54.000000 1.242781 2.112593
 55.000000 1.017233 2.114930
 56.000000 1.069438 3.023787
 57.000000 0.924283 -2.864815
 58.000000 1.002010 -2.241484
 59.000000 0.975743 -2.566099
 60.000000 1.143644 -2.607826
 61.000000 0.848828 -3.028425
 62.000000 0.639887 -2.719692
 63.000000 1.273437 -2.834327
 64.000000 1.109811 2.517532
 65.000000 1.000845 3.140420
 66.000000 1.196526 -3.024326
 67.000000 0.971164 -2.673349
 68.000000 0.723810 -2.948677
 69.000000 0.840462 -2.532876
 70.000000 1.146474 2.846794
 71.000000 0.789299 -2.653243
 72.000000 1.133898 -2.662993
 73.000000 0.860515 -2.844685
 74.000000 1.182231 -3.107690
 75.000000 0.985317 -2.963244
 76.000000 1.031086 -3.035068
 77.000000 1.068127 -2.996060
 78.000000 0.524837 -2.684131
 79.000000 0.934534 -2.868529
 80.000000 0.858194 -3.047558
 81.000000 1.109924 -2.674847
 82.000000 0.981426 -2.491488
 83.000000 0.938984 -3.135826
 84.000000 0.769979 -2.815230
 85.000000 0.887126 -2.537724
 86.000000 0.947838 -2.752998
 87.000000 1.323257 -3.130732
 88.000000 1.095254 2.172731
 89.000000 1.262699 2.487078
 90.000000 1.159740 1.768526
 91.000000 1.623282 0.394512
 92.000000 1.029886 1.113626
 93.000000 1.650626 0.487782
 94.000000 1.109243 0.523422
 95.000000 1.340648 0.578362
 96.000000 0.874492 0.855556
 97.000000 1.151258 0.576135
 98.000000 1.023527 0.482625
 99.000000 1.563950 0.485972
 100.000000 0.477324 0.877390
 101.000000 0.045398 1.893788
 102.000000 1.149562 1.274553
 103.000000 0.561114 1.068730
 104.000000 0.244462 1.749402
 105.000000 1.248601 0.522671
 106.000000 1.199305 0.419498
 107.000000 1.364002 0.322191
 108.000000 0.846783 0.590982
 109.000000 1.193931 0.623324
 110.000000 1.061820 1.057364
 111.000000 0.882887 0.925703
 112.000000 0.832959 1.198205
 113.000000 1.283351 0.804383
 114.000000 1.565354 0.444138
 115.000000 1.104433 1.236986
 116.000000 1.277464 1.308775
 117.000000 1.289705 0.297978
 118.000000 1.600052 1.504851
 119.000000 1.165849 0.205672
 120.000000 1.594418 0.746247
 121.000000 1.064268 0.822050
 122.000000 1.929929 0.404988
 123.000000 1.383851 0.309933
 124.000000 1.626659 0.123694
 125.000000 1.428935 0.382087
 126.000000 1.132955 0.520087
 127.000000 1.696074 0.613981
 128.000000 1.481695 0.858578
 129.000000 1.535174 0.821655
 130.000000 1.800999 0.545751
 131.000000 1.948668 0.567327
 132.000000 1.226702 0.967658
 133.000000 1.324860 0.253202
 134.000000 1.284936 0.608807
 135.000000 1.349548 0.496763
 136.000000 1.320372 0.455655
 137.000000 1.406261 0.465353
 138.000000 0.773479 1.301121
 139.000000 0.791085 0.714441
 140.000000 1.155496 0.386836
 141.000000 1.163511 0.557421
 142.000000 1.188377 0.378301
 143.000000 1.260937 0.386547
 144.000000 1.361025 0.696719
 145.000000 1.059885 0.145326
 146.000000 1.789019 0.209072
 147.000000 1.411666 0.650102
 148.000000 0.906384 0.788953
 149.000000 1.264485 0.350724
 150.000000 0.722511 1.654193
 151.000000 1.498192 0.442502
 152.000000 1.130926 0.380429
 153.000000 1.471752 0.403557
 154.000000 1.367195 0.577328
 155.000000 1.572879 0.410988
 156.000000 1.287406 0.186081
 157.000000 0.834461 0.815223
 158.000000 1.294194 0.510424
 159.000000 1.247754 0.344203
 160.000000 0.969502 0.542010
 161.000000 1.692756 0.381288
 162.000000 1.442338 0.270079
 163.000000 2.423964 -0.581680
 164.000000 -2.429042 -1.440605
 165.000000 -2.817501 2.949060
 166.000000 -2.714581 2.846111
 167.000000 -2.626440 2.717910
 168.000000 -2.465417 2.261603
 169.000000 -1.135998 2.085214
 170.000000 -1.129974 2.475430
 171.000000 -1.157687 2.106638
 172.000000 -1.599487 1.689521
 173.000000 -2.207798 2.558174
 174.000000 -1.616342 2.215203
 175.000000 -1.747974 2.412981
 176.000000 -0.602398 2.523534
 177.000000 -1.161235 2.505608
 178.000000 -0.990853 2.601896
 179.000000 -1.142641 2.383471
 180.000000 -1.086092 2.312117
 181.000000 -1.329513 1.768612
 182.000000 -1.517706 2.530279
 183.000000 -1.160609 2.491792
 184.000000 -2.004673 2.264034
 185.000000 -1.624981 2.299643
 186.000000 -1.068707 1.846474
 187.000000 -1.574543 2.208377
 188.000000 -1.263088 2.438287
 189.000000 -1.500726 2.266713
 190.000000 -0.690180 2.513426
 191.000000 -0.984552 2.680903
 192.000000 -1.181569 2.527655
 193.000000 -1.080218 2.304911
 194.000000 -1.054087 2.369744
 195.000000 -1.309558 2.249119
 196.000000 -1.224820 2.652027
 197.000000 -0.992775 2.591860
 198.000000 -1.025769 2.675311
 199.000000 -0.500078 2.381549
 200.000000 -0.962619 2.618344
 201.000000 -0.646873 2.625495
 202.000000 -1.208136 2.570624
 203.000000 -1.188715 2.179854
 204.000000 -1.691628 2.689167
 205.000000 -1.933198 2.602918
 206.000000 -1.494751 2.666993
 207.000000 -1.185800 2.339886
 208.000000 -1.778902 2.548354
 209.000000 -2.267512 2.162676
 210.000000 -2.864407 2.801017
 211.000000 -2.375057 2.457604
 212.000000 -2.289993 2.266144
 213.000000 -2.667359 2.830819
 214.000000 -1.904947 2.636407
 215.000000 -2.555458 2.547033
 216.000000 -2.476889 2.795406
 217.000000 -2.717366 2.586049
 218.000000 -2.614453 2.870476
 219.000000 -2.591893 2.554490
 220.000000 -1.683368 2.667407
 221.000000 -2.441899 2.395494
 222.000000 -1.115311 2.357159
 223.000000 -1.960598 2.336641
 224.000000 -1.657607 2.803129
 225.000000 -1.696146 2.977960
 226.000000 -0.985743 2.437691
 227.000000 -1.636400 2.195886
 228.000000 -1.060557 2.706759
 229.000000 -1.189941 2.656950
 230.000000 -0.941748 2.515774
 231.000000 -1.012103 2.542354
 232.000000 -1.043203 2.707060
 233.000000 -1.109592 2.334617
 234.000000 -0.616101 2.202545
 235.000000 -1.004691 2.504239
 236.000000 -1.244417 2.827397
 237.000000 -1.044956 2.557643
 238.000000 -1.350676 2.888361
 239.000000 -1.068665 2.600232
 240.000000 -1.065749 2.654481
 241.000000 -0.991389 2.435919
 242.000000 -0.970323 2.225261
 243.000000 -0.837903 2.618927
 244.000000 -1.412645 2.583286
 245.000000 -1.110752 2.605936
 246.000000 -1.247248 2.312044
 247.000000 -1.317818 2.435297
 248.000000 -1.514403 2.701926
 249.000000 -0.927790 2.296848
 250.000000 -1.115833 2.282738
 251.000000 -1.917889 2.252104
 252.000000 -1.182132 2.827444
 253.000000 -1.158260 2.680673
 254.000000 -1.516991 2.596831
 255.000000 -1.354527 2.609332
 256.000000 -1.332341 2.454503
 257.000000 -1.835164 2.212535
 258.000000 -1.018209 2.465265
 259.000000 -1.071875 2.116490
 260.000000 -2.575219 2.847616
 261.000000 -0.296233 2.158897
 262.000000 -1.320338 2.567332
 263.000000 -0.947569 3.094528
 264.000000 -1.051847 2.651215
 265.000000 -0.977319 2.293381
 266.000000 -1.309564 2.604004
 267.000000 -1.163726 1.956944
 268.000000 -1.158872 2.756484
 269.000000 -1.268256 2.212685
 270.000000 -0.356371 2.425698
 271.000000 -0.890989 2.789915
 272.000000 -0.988156 2.642590
 273.000000 -1.609217 1.770341
 274.000000 -0.990665 2.619116
 275.000000 -0.902168 2.838448
 276.000000 -1.166106 2.639239
 277.000000 -1.166787 2.187738
 278.000000 -1.022841 2.507436
 279.000000 -1.436653 2.783298
 280.000000 -2.119809 2.632923
 281.000000 -1.427105 2.718695
 282.000000 -0.987962 2.610405
 283.000000 -1.095434 2.537297
 284.000000 -1.984654 2.626983
 285.000000 -1.775065 2.368383
 286.000000 -2.042298 2.362081
 287.000000 -1.190204 2.563976
 288.000000 -1.119899 3.002574
 289.000000 -1.219305 2.295354
 290.000000 -1.798110 2.915375
 291.000000 -1.006870 2.653263
 292.000000 -1.102497 2.146987
 293.000000 -1.471071 2.569565
 294.000000 -1.374270 2.440455
 295.000000 -1.135093 2.159322
 296.000000 -1.128141 2.641025
 297.000000 -1.011226 2.557269
 298.000000 -0.573331 2.522873
 299.000000 -1.076031 2.591252
 300.000000 -1.196617 2.559235
 301.000000 -1.788223 2.193574
 302.000000 -2.871075 2.525319
 303.000000 -2.649580 2.818558
 304.000000 -2.771040 2.723887
 305.000000 -2.656876 -3.081753
 306.000000 -2.382894 2.641816
 307.000000 -2.487149 2.869529
 308.000000 -2.937622 2.899826
 309.000000 -2.479354 2.390138
 310.000000 -2.299875 3.026041
 311.000000 -2.514476 2.652004
 312.000000 -2.758318 2.953072
 313.000000 -2.690968 2.969543
 314.000000 -2.077793 2.386264
 315.000000 -1.984282 2.284024
 316.000000 -2.333130 2.515007
 317.000000 -2.819634 2.583801
 318.000000 -2.188226 2.254871
 319.000000 -1.799360 2.306629
 320.000000 -2.123102 2.374946
 321.000000 -2.523916 2.768548
 322.000000 -2.902635 3.025149
 323.000000 -2.719068 3.017138
 324.000000 -2.630964 2.402120
 325.000000 -2.634549 2.210864
 326.000000 -2.461455 2.879811
 327.000000 -2.567357 3.003334
 328.000000 -3.026847 -3.140595
 329.000000 -2.154423 3.111553
 330.000000 -2.103129 2.357707
 331.000000 -1.367390 2.472687
 332.000000 -1.448108 2.658571
 333.000000 -1.740947 2.695548
 334.000000 -1.614087 2.730081
 335.000000 -1.222356 2.602437
 336.000000 -1.476537 3.015259
 337.000000 -1.219955 2.547122
 338.000000 -1.205199 2.771092
 339.000000 -1.555320 2.027491
 340.000000 -1.035063 2.364901
 341.000000 -1.598472 2.726604
 342.000000 -1.509303 2.246757
 343.000000 -1.479058 2.053664
 344.000000 -1.091163 2.464957
 345.000000 -1.354841 2.719602
 346.000000 -0.937268 2.529813
 347.000000 -0.941287 2.547000
 348.000000 -1.502498 2.808373
 349.000000 -1.032377 2.431033
 350.000000 -1.572835 2.577196
 351.000000 -2.545856 2.416577
 352.000000 -2.802614 2.736746
 353.000000 -1.509487 2.226454
 354.000000 -1.770955 2.870343
 355.000000 -2.376655 2.457989
 356.000000 -2.073458 2.343245
 357.000000 -1.981424 2.569874
 358.000000 -2.154282 2.449195
 359.000000 -1.750482 2.502431
 360.000000 -1.438588 2.901424
 361.000000 -1.114259 2.619063
 362.000000 -0.972581 2.583952
 363.000000 -1.034751 2.461827
 364.000000 -1.147504 2.285385
 365.000000 -1.267175 2.340719
 366.000000 -1.073306 2.559078
 367.000000 -1.561766 3.084333
 368.000000 -1.480548 2.987920
 369.000000 -0.999542 2.071963
 370.000000 -1.241622 2.351395
 371.000000 -1.524612 2.687287
 372.000000 -1.393697 2.320530
 373.000000 -1.645212 2.500063
 374.000000 -2.642145 2.966506
 375.000000 -2.680192 3.030522
 376.000000 -3.031477 2.572205
 377.000000 -3.084634 2.138755
 378.000000 -2.713688 2.923038
 379.000000 -1.763232 2.667830
 380.000000 -2.671310 2.615587
 381.000000 -1.531248 2.943850
 382.000000 -2.413148 2.889028
 383.000000 -2.111542 2.239035
 384.000000 -1.789478 2.341738
 385.000000 -1.169636 2.505071
 386.000000 -1.018239 2.277988
 387.000000 -1.003339 2.339130
 388.000000 -1.254142 2.912160
 389.000000 -1.292596 2.836212
 390.000000 -2.268972 2.382326
 391.000000 -2.430732 2.528662
 392.000000 -2.622122 3.013080
 393.000000 -2.700859 2.880641
 394.000000 -2.470146 2.707817
 395.000000 -2.515487 2.670399
 396.000000 -1.648449 2.699983
 397.000000 -0.922261 2.567823
 398.000000 -0.788617 2.677162
 399.000000 -1.148997 2.245164
 400.000000 -0.913023 2.423068
