#! FIELDS time phi psi
#! SET min_phi -pi
#! SET max_phi pi
#! SET min_psi -pi
#! SET max_psi pi
 0.000000 1.093984 -0.222360
 1.000000 1.378505 0.471208
 2.000000 1.032507 1.113443
 3.000000 0.834565 1.110616
 4.000000 0.661999 1.516880
 5.000000 0.961600 0.988683
 6.000000 0.602576 1.336591
 7.000000 0.584760 1.247266
 8.000000 0.767817 1.445271
 9.000000 1.330715 1.688155
 10.000000 1.153921 2.273483
 11.000000 1.309081 2.087398
 12.000000 1.470918 1.688837
 13.000000 1.973746 1.854779
 14.000000 1.276423 2.802050
 15.000000 1.115000 -2.973990
 16.000000 1.236402 1.889449
 17.000000 1.345310 1.755417
 18.000000 1.461384 2.185454
 19.000000 1.142572 1.184652
 20.000000 1.080618 0.283327
 21.000000 0.892890 0.736051
 22.000000 1.194532 1.058982
 23.000000 0.630590 0.762536
 24.000000 1.472272 0.330849
 25.000000 1.345777 0.184473
 26.000000 1.188427 0.508849
 27.000000 1.300853 0.509413
 28.000000 1.258316 0.844416
 29.000000 0.540438 1.049161
 30.000000 1.529554 0.278491
 31.000000 1.331178 0.085044
 32.000000 1.194617 0.534167
 33.000000 0.901615 1.051852
 34.000000 1.124273 0.433098
 35.000000 1.199694 1.018381
 36.000000 1.316037 0.396859
 37.000000 0.830122 0.653474
 38.000000 1.065841 0.436665
 39.000000 1.345525 0.334797
 40.000000 0.897251 0.773702
 41.000000 1.503108 0.231787
 42.000000 1.424987 1.150372
 43.000000 1.297865 2.082922
 44.000000 1.216695 1.791433
 45.000000 1.365791 2.339196
 46.000000 1.264522 2.165343
 47.000000 1.445320 2.422580
 48.000000 1.150970 2.293127
 49.000000 2.191096 2.799512
 50.000000 0.854351 -2.613920
 51.000000 1.055980 2.673141
 52.000000 0.833315 -2.540894
 53.000000 0.843398 -2.744780
 54.000000 1.067309 2.802463
 55.000000 1.321678 2.491473
 56.000000 1.322847 2.674126
 57.000000 0.983213 2.697661
 58.000000 1.092670 1.653229
 59.000000 1.577538 0.278545
 60.000000 1.031161 0.464347
 61.000000 0.751483 0.673451
 62.000000 1.235962 0.592491
 63.000000 1.554195 0.504040
 64.000000 1.343300 0.359504
 65.000000 1.440771 0.496391
 66.000000 1.574120 1.973138
 67.000000 1.463656 2.813494
 68.000000 1.477268 2.157589
 69.000000 1.129214 -2.927558
 70.000000 0.855071 -2.599605
 71.000000 1.130975 2.916263
 72.000000 1.718771 2.135270
 73.000000 1.715662 2.317814
 74.000000 1.116563 2.842460
 75.000000 0.813215 -2.987633
 76.000000 1.049560 -2.888190
 77.000000 0.472668 -2.366509
 78.000000 1.023382 -2.548478
 79.000000 0.911672 -2.755517
 80.000000 1.062284 -3.129791
 81.000000 1.547243 2.998750
 82.000000 0.689210 -2.428287
 83.000000 0.895877 -2.690195
 84.000000 0.953558 3.071389
 85.000000 1.458909 3.023604
 86.000000 0.717758 -2.528421
 87.000000 0.907796 -3.118236
 88.000000 0.946395 -2.562401
 89.000000 1.231572 -2.478806
 90.000000 0.851451 -2.534149
 91.000000 0.435918 -2.547247
 92.000000 0.745670 -2.571490
 93.000000 0.770898 -2.360850
 94.000000 0.790513 -2.566539
 95.000000 0.884253 -2.644128
 96.000000 1.328690 2.302197
 97.000000 1.819965 1.919029
 98.000000 0.913091 -2.694153
 99.000000 0.707820 -2.806097
 100.000000 1.058139 -2.963882
 101.000000 0.875803 -2.477734
 102.000000 1.034785 -2.445876
 103.000000 0.939592 -2.432678
 104.000000 0.915344 -3.108061
 105.000000 1.169235 -2.533524
 106.000000 1.722651 2.684902
 107.000000 0.953007 2.191777
 108.000000 1.087032 3.113402
 109.000000 1.481697 2.986222
 110.000000 0.900655 -2.642033
 111.000000 0.919094 -2.795810
 112.000000 0.839563 -2.555152
 113.000000 0.941926 -2.311438
 114.000000 0.866670 -2.931697
 115.000000 0.994062 -2.469343
 116.000000 1.205122 2.835637
 117.000000 0.742910 -2.431707
 118.000000 0.814642 -2.420051
 119.000000 1.338286 -3.079296
 120.000000 0.661265 -3.057319
 121.000000 0.755759 -2.786197
 122.000000 1.180676 -3.115517
 123.000000 0.631849 -2.554382
 124.000000 0.808291 -2.593006
 125.000000 0.968314 -2.732082
 126.000000 0.910426 -2.905045
 127.000000 0.831137 -2.895999
 128.000000 0.859004 -2.820984
 129.000000 0.804490 -2.498044
 130.000000 0.943332 -2.556485
 131.000000 1.186301 -2.919864
 132.000000 0.955463 -2.543821
 133.000000 1.002152 -2.741311
 134.000000 1.264154 -2.492237
 135.000000 1.027068 -2.660008
 136.000000 0.877114 -2.688786
 137.000000 1.393100 3.057272
 138.000000 1.224187 2.432889
 139.000000 0.953769 3.030714
 140.000000 1.010257 -2.881567
 141.000000 1.423146 2.282983
 142.000000 1.183457 -2.988025
 143.000000 1.122680 -2.867480
 144.000000 0.866747 -3.032670
 145.000000 0.760763 -2.649546
 146.000000 0.890843 -2.627908
 147.000000 0.686697 -2.724224
 148.000000 1.330036 2.552207
 149.000000 1.129117 -2.809924
 150.000000 0.962000 2.747075
 151.000000 1.202463 1.867859
 152.000000 1.180550 2.587464
 153.000000 1.425648 2.363298
 154.000000 1.292249 3.028791
 155.000000 1.051399 -2.942132
 156.000000 0.728488 -2.196257
 157.000000 0.856385 -2.579414
 158.000000 1.255466 -2.478048
 159.000000 0.681323 -1.942980
 160.000000 1.083494 -2.035189
 161.000000 0.933228 -2.653251
 162.000000 0.962019 -3.094066
 163.000000 1.091832 -2.959223
 164.000000 0.937759 -2.727905
 165.000000 0.973743 -2.972666
 166.000000 0.863628 -2.997020
 167.000000 0.841688 -2.257205
 168.000000 0.485945 -2.343914
 169.000000 0.795562 -2.707737
 170.000000 0.866642 -2.736929
 171.000000 0.993661 -2.281898
 172.000000 0.450050 -2.374807
 173.000000 0.861043 -2.485648
 174.000000 0.689224 -2.596387
 175.000000 0.962634 -2.787781
 176.000000 0.966603 -2.465080
 177.000000 0.705018 -2.403805
 178.000000 1.467188 2.898205
 179.000000 1.016379 -2.844233
 180.000000 1.046734 2.362240
 181.000000 1.075497 -3.116457
 182.000000 1.152765 3.097840
 183.000000 1.348199 2.559296
 184.000000 1.506095 1.947775
 185.000000 1.093513 2.089846
 186.000000 0.948500 2.967656
 187.000000 1.001771 -3.116536
 188.000000 0.772550 -2.710886
 189.000000 0.882730 -3.033541
 190.000000 1.111271 2.706007
 191.000000 1.039434 -2.184927
 192.000000 1.035600 -2.503992
 193.000000 0.942035 -2.579212
 194.000000 0.983420 -2.307182
 195.000000 0.361668 -2.220988
 196.000000 1.529260 2.343971
 197.000000 1.335694 1.984558
 198.000000 1.354101 2.466546
 199.000000 1.399342 2.495866
 200.000000 1.417974 2.811745
 201.000000 1.261106 2.412885
 202.000000 1.480889 2.210161
 203.000000 0.731255 3.120951
 204.000000 0.677706 -3.002981
 205.000000 1.146498 -2.572909
 206.000000 0.728668 -2.650492
 207.000000 1.043765 -3.018796
 208.000000 0.883166 -2.554249
 209.000000 1.170793 -2.474227
 210.000000 1.222210 -2.998102
 211.000000 1.169184 -2.399803
 212.000000 1.327370 2.176529
 213.000000 1.108348 2.875430
 214.000000 1.475752 2.042946
 215.000000 1.313838 2.338163
 216.000000 1.589098 2.228383
 217.000000 1.395921 1.689563
 218.000000 1.278871 1.983401
 219.000000 1.173582 1.269635
 220.000000 1.540933 0.419578
 221.000000 1.293493 0.322420
 222.000000 1.389836 0.263936
 223.000000 0.900705 0.928015
 224.000000 0.802978 1.077017
 225.000000 -0.695884 2.438589
 226.000000 -1.536720 -3.137929
 227.000000 -0.959032 2.258549
 228.000000 -1.947442 2.449431
 229.000000 -1.792575 2.205362
 230.000000 -1.737621 2.133567
 231.000000 -1.802257 2.864688
 232.000000 -1.339495 2.673651
 233.000000 -1.050965 2.401938
 234.000000 -0.944643 2.454720
 235.000000 -2.150530 2.567539
 236.000000 -1.367311 2.827541
 237.000000 -1.031709 2.590039
 238.000000 -1.006247 2.636211
 239.000000 -1.140790 2.427695
 240.000000 -1.088994 2.617831
 241.000000 -0.762087 2.725271
 242.000000 -1.349941 2.917915
 243.000000 -1.277562 2.436601
 244.000000 -1.135314 2.150308
 245.000000 -1.195338 2.603079
 246.000000 -0.971540 2.480139
 247.000000 -0.797846 2.425738
 248.000000 -1.405384 3.045683
 249.000000 -1.186072 2.273792
 250.000000 -2.816957 2.978085
 251.000000 -2.614422 3.073086
 252.000000 -2.607960 3.006688
 253.000000 -0.840114 2.435443
 254.000000 -1.108829 2.455045
 255.000000 -1.055806 2.559976
 256.000000 -1.011874 2.240441
 257.000000 -1.153764 2.693239
 258.000000 -0.547085 1.997251
 259.000000 -1.261956 2.888118
 260.000000 -1.210211 2.564851
 261.000000 -1.043146 2.340431
 262.000000 -1.087702 2.689272
 263.000000 -1.085570 2.536585
 264.000000 -1.022240 2.347927
 265.000000 -1.310249 2.388069
 266.000000 -0.639876 1.723913
 267.000000 -1.347961 2.322227
 268.000000 -1.762817 2.769660
 269.000000 -1.544412 2.833764
 270.000000 -1.563636 3.136022
 271.000000 -1.495151 2.457356
 272.000000 -2.414068 2.778203
 273.000000 -1.072987 2.858479
 274.000000 -1.090856 2.253103
 275.000000 -1.356506 2.949458
 276.000000 -1.277473 2.760294
 277.000000 -0.858536 2.537254
 278.000000 -1.620266 2.777108
 279.000000 -1.156533 2.790273
 280.000000 -1.717694 2.922005
 281.000000 -1.946576 -2.967616
 282.000000 -2.517658 2.891492
 283.000000 -2.737849 2.517039
 284.000000 -3.032342 2.966285
 285.000000 -2.396229 2.771792
 286.000000 -2.406724 2.892718
 287.000000 -2.691753 2.945592
 288.000000 -1.676398 2.892838
 289.000000 -1.416903 2.627169
 290.000000 -2.010743 3.111401
 291.000000 -1.240990 -3.059765
 292.000000 -0.805053 2.532474
 293.000000 -1.037426 2.534407
 294.000000 -1.693604 2.681192
 295.000000 -2.146800 2.333747
 296.000000 -2.237670 2.190466
 297.000000 -1.631971 1.748688
 298.000000 -2.330992 1.452271
 299.000000 -1.749070 2.437310
 300.000000 -1.348575 2.068554
 301.000000 -1.143499 2.261580
 302.000000 -1.359014 2.349544
 303.000000 -0.901297 2.310998
 304.000000 -0.947779 2.695184
 305.000000 -1.792125 2.623378
 306.000000 -2.961279 2.691813
 307.000000 3.056576 2.802112
 308.000000 3.030970 2.374353
 309.000000 -2.904085 -3.107284
 310.000000 -2.364735 2.371009
 311.000000 -2.384268 2.242663
 312.000000 -2.418210 2.118667
 313.000000 -2.096254 2.444502
 314.000000 -0.554889 2.467154
 315.000000 -1.155866 2.938418
 316.000000 -1.355777 2.631165
 317.000000 -0.760957 2.763771
 318.000000 -0.970669 2.361680
 319.000000 -1.356113 3.037532
 320.000000 -1.231440 2.568982
 321.000000 -1.510203 2.523797
 322.000000 -0.710550 2.736012
 323.000000 -0.783673 2.711529
 324.000000 -1.033728 2.527806
 325.000000 -1.168575 2.432275
 326.000000 -1.503088 2.273165
 327.000000 -2.840582 2.832217
 328.000000 -2.252304 2.308818
 329.000000 -2.400642 2.804044
 330.000000 -1.831807 2.292721
 331.000000 -0.931944 2.652846
 332.000000 -0.923294 2.337863
 333.000000 -1.126331 2.381712
 334.000000 -1.136445 2.200554
 335.000000 -0.901223 2.189166
 336.000000 -1.177294 2.314982
 337.000000 -1.098517 2.235182
 338.000000 -1.181746 2.638648
 339.000000 -1.132448 2.484175
 340.000000 -1.077559 2.492428
 341.000000 -1.151372 2.107785
 342.000000 -0.697888 2.267574
 343.000000 -0.750629 2.378839
 344.000000 -1.128381 2.239691
 345.000000 -0.977644 2.764379
 346.000000 -1.478311 2.445345
 347.000000 -1.897410 2.604141
 348.000000 -2.044971 2.194317
 349.000000 -1.087641 2.702627
 350.000000 -0.808200 2.698339
 351.000000 -1.646788 2.979285
 352.000000 -1.020293 2.415529
 353.000000 -0.722887 2.973874
 354.000000 -0.643631 2.167453
 355.000000 -0.800643 2.758324
 356.000000 -1.322230 2.556566
 357.000000 -0.875150 2.345677
 358.000000 -1.084519 2.634834
 359.000000 -1.073716 2.532987
 360.000000 -1.534722 2.569251
 361.000000 -1.604784 2.551650
 362.000000 -1.000462 2.830745
 363.000000 -0.874130 1.921464
 364.000000 -1.331156 2.509520
 365.000000 -1.152281 2.534505
 366.000000 -1.316397 2.221403
 367.000000 -2.118738 1.800378
 368.000000 -1.765246 2.847319
 369.000000 -2.709991 2.767306
 370.000000 -1.513444 2.282953
 371.000000 -1.950186 2.739885
 372.000000 -2.131496 2.518397
 373.000000 -2.878508 2.802448
 374.000000 -2.214916 2.936078
 375.000000 -1.023946 2.618408
 376.000000 -0.994296 2.573322
 377.000000 -2.003615 2.689133
 378.000000 -0.980506 2.533485
 379.000000 -1.103841 2.421586
 380.000000 -0.653994 2.069707
 381.000000 -0.754890 2.895936
 382.000000 -1.099007 2.588875
 383.000000 -1.212958 3.012058
 384.000000 -0.767637 2.469772
 385.000000 -1.420342 2.616037
 386.000000 -1.325624 2.484687
 387.000000 -0.975396 2.550373
 388.000000 -0.506713 2.150321
 389.000000 -0.965329 2.552205
 390.000000 -0.851010 1.922833
 391.000000 -1.934776 2.698516
 392.000000 -0.940874 2.636268
 393.000000 -1.254687 2.341627
 394.000000 -2.759993 2.821947
 395.000000 -2.778363 2.768023
 396.000000 -2.563801 2.519649
 397.000000 -2.224630 2.927495
 398.000000 -2.127665 2.988018
 399.000000 -2.760197 2.940382
 400.000000 -1.551756 2.206742
