#! FIELDS time phi psi
#! SET min_phi -pi
#! SET max_phi pi
#! SET min_psi -pi
#! SET max_psi pi
 0.000000 1.427279 2.645265
 1.000000 1.262231 2.699394
 2.000000 1.373382 2.470877
 3.000000 1.169707 2.677073
 4.000000 1.108708 -2.895747
 5.000000 0.991617 -2.376893
 6.000000 0.756467 -2.890607
 7.000000 1.026276 -2.988149
 8.000000 0.730291 -2.962819
 9.000000 1.184571 2.379274
 10.000000 1.372965 2.774980
 11.000000 1.176160 2.057695
 12.000000 1.110390 2.088126
 13.000000 1.174805 2.565401
 14.000000 1.365778 2.050787
 15.000000 0.722473 -2.430274
 16.000000 1.074637 -2.732940
 17.000000 1.267353 2.983042
 18.000000 1.435969 2.738811
 19.000000 0.985549 3.124841
 20.000000 1.321889 -3.090510
 21.000000 0.974425 -2.831516
 22.000000 1.514604 3.038263
 23.000000 0.753010 -2.939483
 24.000000 0.795313 -2.622707
 25.000000 0.876431 -2.945480
 26.000000 1.053623 -2.965018
 27.000000 0.860696 -2.581620
 28.000000 1.113374 -3.107680
 29.000000 0.783111 -3.037138
 30.000000 0.979680 3.112730
 31.000000 1.128613 -2.231248
 32.000000 0.728589 -2.753542
 33.000000 0.908834 -2.674688
 34.000000 1.046754 -2.726779
 35.000000 0.928504 -2.512492
 36.000000 0.723248 -2.981595
 37.000000 0.711170 -2.681546
 38.000000 0.688231 -2.278696
 39.000000 0.815412 -2.493916
 40.000000 0.771463 -2.601788
 41.000000 0.848431 -2.724706
 42.000000 0.931178 -2.386198
 43.000000 1.185906 -2.719047
 44.000000 0.774748 -2.744229
 45.000000 0.675314 -2.812556
 46.000000 0.732154 -3.001576
 47.000000 1.573861 2.289932
 48.000000 1.293259 1.952893
 49.000000 0.824295 1.157083
 50.000000 1.018426 0.937349
 51.000000 -1.195188 2.448717
 52.000000 -1.580899 2.649556
 53.000000 -1.372003 2.379415
 54.000000 -1.014164 3.016830
 55.000000 -2.137872 2.434826
 56.000000 -0.850175 2.521790
 57.000000 -1.005814 2.433256
 58.000000 -1.001635 2.421268
 59.000000 -1.246327 2.430700
 60.000000 -0.970082 2.411661
 61.000000 -1.274926 2.359369
 62.000000 -2.071046 3.035687
 63.000000 -0.736856 2.455326
 64.000000 -1.090359 2.197024
 65.000000 -1.201375 2.868654
 66.000000 -1.975239 2.504052
 67.000000 -1.562561 2.788305
 68.000000 -1.554546 2.634498
 69.000000 -1.932226 2.770282
 70.000000 -1.051313 3.010449
 71.000000 -1.611486 2.604518
 72.000000 -1.152735 2.604221
 73.000000 -2.654575 2.807619
 74.000000 -2.072589 2.258002
 75.000000 -1.963035 1.969409
 76.000000 -2.799276 2.747121
 77.000000 -3.116601 2.696664
 78.000000 -1.569999 2.022871
 79.000000 -1.340266 2.948944
 80.000000 -1.198187 2.764109
 81.000000 -0.966484 2.471438
 82.000000 -1.152908 2.291504
 83.000000 -1.637754 2.873279
 84.000000 -0.944631 2.615801
 85.000000 -1.223272 2.409539
 86.000000 -1.560159 2.611745
 87.000000 -0.857954 2.585021
 88.000000 -0.817201 2.378751
 89.000000 -0.789756 2.660128
 90.000000 -0.735228 2.320841
 91.000000 -0.588450 2.347499
 92.000000 -1.030462 2.247801
 93.000000 -1.172450 2.165269
 94.000000 -0.971949 2.815100
 95.000000 -1.295309 2.983419
 96.000000 -1.230651 2.471461
 97.000000 -1.583270 2.827225
 98.000000 -1.102326 2.549904
 99.000000 -1.239329 2.777402
 100.000000 -2.420707 2.899235
 101.000000 -1.053341 2.415190
 102.000000 -0.789892 2.119815
 103.000000 -0.871348 2.402693
 104.000000 -1.323119 2.586060
 105.000000 -1.098423 2.621836
 106.000000 -1.997096 2.878517
 107.000000 -1.525446 2.821241
 108.000000 -1.651955 2.987797
 109.000000 -2.057808 2.906693
 110.000000 -2.678983 2.963528
 111.000000 -2.239062 2.833643
 112.000000 -1.306548 3.057355
 113.000000 -1.206577 2.270653
 114.000000 -1.095634 2.448541
 115.000000 -1.084055 2.295801
 116.000000 -1.207324 2.684355
 117.000000 -1.189965 2.531483
 118.000000 -1.891425 2.080389
 119.000000 -2.403960 2.827434
 120.000000 -1.931240 2.387517
 121.000000 -1.313996 2.768252
 122.000000 -1.369740 2.633425
 123.000000 -1.292622 2.045457
 124.000000 -0.813923 2.447218
 125.000000 -1.229759 2.579702
 126.000000 -1.115273 2.683180
 127.000000 -1.093945 2.571922
 128.000000 -0.804786 2.405580
 129.000000 -1.478650 2.620529
 130.000000 -1.199645 2.775993
 131.000000 -1.103307 2.667331
 132.000000 -1.007007 1.856728
 133.000000 -1.148018 2.409501
 134.000000 -1.498084 2.962874
 135.000000 -2.058699 1.810304
 136.000000 -1.691800 3.025088
 137.000000 -1.343944 2.769338
 138.000000 -1.460762 2.678192
 139.000000 -2.222197 2.391013
 140.000000 -1.580997 2.676122
 141.000000 -1.496137 2.294683
 142.000000 -1.501729 2.985620
 143.000000 -1.158279 2.398650
 144.000000 -1.064854 2.299993
 145.000000 -0.720865 2.144828
 146.000000 -1.032398 2.432110
 147.000000 -0.720572 2.233949
 148.000000 -1.471471 2.853101
 149.000000 -2.368776 2.810659
 150.000000 -2.546484 2.869007
 151.000000 -1.950380 -3.138321
 152.000000 -2.633639 2.607499
 153.000000 -2.822574 2.926897
 154.000000 -2.402705 2.870055
 155.000000 -2.665272 2.426851
 156.000000 -2.292322 2.815180
 157.000000 -2.631992 2.596310
 158.000000 -2.802940 3.062280
 159.000000 -2.590593 2.267183
 160.000000 -1.497727 2.693422
 161.000000 -0.750117 2.310021
 162.000000 -1.341736 2.938452
 163.000000 -0.916630 2.838402
 164.000000 -1.471330 2.518820
 165.000000 -0.955213 2.660466
 166.000000 -1.063638 2.406609
 167.000000 -1.431950 2.610165
 168.000000 -1.341466 2.081485
 169.000000 -1.046951 2.754855
 170.000000 -1.222219 2.839105
 171.000000 -1.150912 2.499417
 172.000000 -2.114635 2.436353
 173.000000 -2.587884 2.965623
 174.000000 -0.733577 2.473113
 175.000000 -2.622808 2.870859
 176.000000 -2.219633 3.066405
 177.000000 -1.168022 2.508052
 178.000000 -1.059188 2.896904
 179.000000 -1.751886 2.640762
 180.000000 -1.616865 2.753870
 181.000000 -1.064169 2.631275
 182.000000 -1.155171 2.296477
 183.000000 -1.833333 2.134249
 184.000000 -1.973662 2.118301
 185.000000 -1.519467 2.829108
 186.000000 -0.953982 2.696215
 187.000000 -1.466208 2.678727
 188.000000 -0.974563 2.674715
 189.000000 -0.810201 2.508492
 190.000000 -1.097614 2.606758
 191.000000 -1.306383 2.842766
 192.000000 -0.791941 2.107021
 193.000000 -0.866091 2.280027
 194.000000 -0.960859 2.438284
 195.000000 -2.118155 2.869293
 196.000000 -1.698575 2.535233
 197.000000 -1.656158 2.714479
 198.000000 -1.073857 2.611562
 199.000000 -1.159458 2.533901
 200.000000 -1.164961 2.551978
 201.000000 -1.165070 3.059395
 202.000000 -1.413478 2.274655
 203.000000 -0.946742 2.621427
 204.000000 -1.169863 2.316974
 205.000000 -1.551856 2.722039
 206.000000 -0.948169 2.495184
 207.000000 -1.220327 2.478813
 208.000000 -1.025592 2.402913
 209.000000 -1.066820 2.564750
 210.000000 -0.954291 2.430292
 211.000000 -1.208595 2.598786
 212.000000 -2.449512 2.762334
 213.000000 -2.446586 2.700104
 214.000000 -2.816502 2.897347
 215.000000 -2.632314 2.569004
 216.000000 -2.337913 2.718141
 217.000000 -2.281995 2.331833
 218.000000 -2.325287 2.055450
 219.000000 -1.377633 2.074882
 220.000000 -0.789643 2.415044
 221.000000 -0.988681 2.488855
 222.000000 -1.176281 2.397044
 223.000000 -0.827066 2.672174
 224.000000 -1.482675 2.554232
 225.000000 -0.841639 2.704393
 226.000000 -1.783800 2.457875
 227.000000 -1.147920 2.480301
 228.000000 -1.161795 2.399223
 229.000000 -0.948824 2.539347
 230.000000 -1.087947 2.652199
 231.000000 -1.002508 2.670656
 232.000000 -0.563043 2.332234
 233.000000 -1.678926 2.969302
 234.000000 -1.241169 2.298123
 235.000000 -1.244565 2.359851
 236.000000 -1.251846 2.668774
 237.000000 -1.366490 2.583589
 238.000000 -1.272420 2.343812
 239.000000 -0.977322 3.025051
 240.000000 -1.800380 2.445996
 241.000000 -1.683157 2.187648
 242.000000 -1.252186 2.643337
 243.000000 -1.126393 2.326750
 244.000000 -1.116427 2.021711
 245.000000 -1.261082 2.209382
 246.000000 -2.446605 2.541031
 247.000000 -2.291192 2.422932
 248.000000 -2.848736 2.607483
 249.000000 -2.610529 2.501306
 250.000000 -2.254327 2.239032
 251.000000 -2.396035 2.472921
 252.000000 -2.854620 2.919137
 253.000000 -2.035452 2.272347
 254.000000 -2.892113 3.005064
 255.000000 -2.610164 3.068892
 256.000000 -2.067200 2.485662
 257.000000 -2.849430 2.659343
 258.000000 -2.535621 2.647280
 259.000000 -2.807569 2.948980
 260.000000 -2.626848 2.598568
 261.000000 -1.124984 2.248679
 262.000000 -1.370203 2.620303
 263.000000 -0.918029 2.276910
 264.000000 -1.440369 3.075045
 265.000000 -1.332254 2.582614
 266.000000 -1.459879 2.704701
 267.000000 -1.035019 2.448511
 268.000000 -1.162176 2.364954
 269.000000 -1.267521 2.257770
 270.000000 -1.170251 2.164563
 271.000000 -0.844769 2.629971
 272.000000 -1.135463 2.306808
 273.000000 -1.556991 2.041224
 274.000000 -0.907901 1.953391
 275.000000 -1.048925 2.937430
 276.000000 -1.580771 2.608027
 277.000000 -1.182215 2.481513
 278.000000 -1.247371 2.642375
 279.000000 -1.357994 2.499323
 280.000000 -1.113023 2.387686
 281.000000 -1.558726 2.308603
 282.000000 -1.192443 2.773315
 283.000000 -0.740713 2.448845
 284.000000 -1.676899 2.438590
 285.000000 -0.899270 2.557834
 286.000000 -1.277543 2.853168
 287.000000 -1.126368 2.570991
 288.000000 -1.174620 2.536489
 289.000000 -0.946914 2.557952
 290.000000 -1.259119 2.495271
 291.000000 -0.873265 2.580173
 292.000000 -1.284292 2.838712
 293.000000 -1.060784 2.466355
 294.000000 -1.180920 2.447696
 295.000000 -1.470176 2.807003
 296.000000 -1.029228 2.754949
 297.000000 -1.303158 2.684356
 298.000000 -1.330590 2.853023
 299.000000 -1.000312 2.527095
 300.000000 -2.346479 2.878231
 301.000000 -1.202410 2.756858
 302.000000 -1.097208 2.454146
 303.000000 -0.983836 1.835693
 304.000000 -1.089958 2.534015
 305.000000 -1.180084 2.673229
 306.000000 -1.071639 2.633699
 307.000000 -1.513926 3.137554
 308.000000 -2.216151 1.947056
 309.000000 -2.700458 2.783772
 310.000000 -2.575910 2.990289
 311.000000 -2.425917 2.637568
 312.000000 -2.895553 2.631084
 313.000000 -2.588543 -1.780396
 314.000000 -2.428566 2.948915
 315.000000 -2.030830 -2.725346
 316.000000 -2.478556 2.960004
 317.000000 -2.564572 2.593032
 318.000000 -2.410727 2.805554
 319.000000 -2.194812 2.571209
 320.000000 -2.068787 -2.949410
 321.000000 -0.916781 2.660019
 322.000000 -1.058934 2.572913
 323.000000 -1.333067 2.729577
 324.000000 -1.080582 2.449179
 325.000000 -0.870996 1.898016
 326.000000 -1.316720 2.681748
 327.000000 -1.484920 2.254686
 328.000000 -2.283707 2.406106
 329.000000 -1.906418 2.022120
 330.000000 -1.429492 2.783331
 331.000000 -1.458082 2.577790
 332.000000 -2.181263 2.213871
 333.000000 -1.131367 1.956662
 334.000000 -0.892816 2.537347
 335.000000 -1.159196 2.323680
 336.000000 -1.112403 2.362240
 337.000000 -1.154226 2.170778
 338.000000 -2.057187 1.971762
 339.000000 -1.377256 2.110089
 340.000000 -1.129509 2.646192
 341.000000 -0.973266 2.679196
 342.000000 -0.849440 2.403304
 343.000000 -1.028004 2.657041
 344.000000 -0.914229 2.486671
 345.000000 -1.011994 2.364246
 346.000000 -1.815076 2.877242
 347.000000 -1.081735 2.439025
 348.000000 -1.150498 2.537634
 349.000000 -1.975684 2.380076
 350.000000 -1.240221 2.479005
 351.000000 -1.415330 3.061771
 352.000000 -1.743959 3.089773
 353.000000 -1.566555 2.720585
 354.000000 -1.500093 1.641782
 355.000000 -1.537214 -0.347194
 356.000000 -1.131038 -0.710354
 357.000000 -1.256881 -0.151276
 358.000000 -1.344662 -0.424281
 359.000000 -1.371145 -0.454782
 360.000000 -1.637854 0.009634
 361.000000 -1.482339 0.160977
 362.000000 -1.980106 0.318157
 363.000000 -1.373775 -0.365109
 364.000000 -1.739722 -0.066141
 365.000000 -2.051396 0.087745
 366.000000 -1.201110 -0.543592
 367.000000 -1.069189 -0.752936
 368.000000 -1.108709 -0.453986
 369.000000 -1.054841 -0.527048
 370.000000 -1.115884 -0.563675
 371.000000 -1.411103 -0.241741
 372.000000 -1.091473 -0.731162
 373.000000 -1.187455 -0.553029
 374.000000 -1.552860 -0.191201
 375.000000 -2.061487 -0.053848
 376.000000 -1.538125 -0.391546
 377.000000 -1.893698 -0.499203
 378.000000 -0.886375 -0.740112
 379.000000 -1.387088 -0.407320
 380.000000 -2.273069 0.477727
 381.000000 -1.654418 0.324697
 382.000000 -2.886394 0.737711
 383.000000 -1.789697 0.073359
 384.000000 -2.136273 0.461323
 385.000000 -1.968926 0.051459
 386.000000 -1.696085 0.321002
 387.000000 -1.264657 -0.185542
 388.000000 -1.821097 0.376864
 389.000000 -1.446674 -0.090497
 390.000000 -1.691126 0.097350
 391.000000 -1.867856 0.477408
 392.000000 -1.898214 0.151534
 393.000000 -2.968932 0.394483
 394.000000 -1.805255 -0.090403
 395.000000 -1.878190 0.017216
 396.000000 -1.818457 0.196101
 397.000000 -2.571760 0.389454
 398.000000 -1.731610 -0.066196
 399.000000 -1.928519 -0.211849
 400.000000 -1.513395 -0.442076
