#! FIELDS time phi psi
#! SET min_phi -pi
#! SET max_phi pi
#! SET min_psi -pi
#! SET max_psi pi
 0.000000 1.086116 0.396843
 1.000000 0.550037 0.995398
 2.000000 1.371390 0.155936
 3.000000 1.115881 0.665699
 4.000000 1.042723 1.298298
 5.000000 1.257059 0.978330
 6.000000 1.175546 0.538087
 7.000000 1.340091 0.378961
 8.000000 1.312140 0.591782
 9.000000 0.802895 0.982578
 10.000000 1.275091 1.112758
 11.000000 1.354529 0.572539
 12.000000 1.513967 0.178530
 13.000000 0.972570 0.656440
 14.000000 1.451899 0.688717
 15.000000 1.220331 0.384551
 16.000000 1.471969 0.419857
 17.000000 1.327555 0.197420
 18.000000 0.865608 0.800195
 19.000000 1.481544 0.740149
 20.000000 1.020562 0.465571
 21.000000 1.335326 0.535617
 22.000000 1.082072 1.157017
 23.000000 0.745610 0.665720
 24.000000 0.543043 1.146082
 25.000000 1.329719 0.168319
 26.000000 1.317749 0.692833
 27.000000 -0.320450 2.135001
 28.000000 -1.023464 2.563040
 29.000000 -1.494619 2.535150
 30.000000 -1.493658 2.279374
 31.000000 -0.898723 2.564240
 32.000000 -1.258424 2.807361
 33.000000 -1.458508 2.694349
 34.000000 -1.099213 2.472479
 35.000000 -1.308401 2.725438
 36.000000 -1.236424 2.738057
 37.000000 -1.158711 2.469477
 38.000000 -1.094932 2.344722
 39.000000 -1.392755 2.389357
 40.000000 -1.003321 2.555996
 41.000000 -0.968342 2.537742
 42.000000 -1.148206 2.585851
 43.000000 -1.183627 2.706558
 44.000000 -1.080157 2.715802
 45.000000 -1.395732 2.369527
 46.000000 -0.585489 2.421741
 47.000000 -1.061916 2.116401
 48.000000 -1.762912 2.813817
 49.000000 -1.706067 3.130495
 50.000000 -2.735455 2.484415
 51.000000 -2.387053 2.537307
 52.000000 -1.398170 2.760686
 53.000000 -1.848736 2.596001
 54.000000 -1.124238 2.692771
 55.000000 -1.871112 2.852499
 56.000000 -1.618938 2.742641
 57.000000 -1.615262 2.860948
 58.000000 -1.713762 2.796551
 59.000000 -2.617378 2.595204
 60.000000 -1.929790 2.092665
 61.000000 -2.138559 1.553325
 62.000000 -2.161583 2.364632
 63.000000 -1.092117 2.554387
 64.000000 -1.056645 2.513148
 65.000000 -0.513268 2.474132
 66.000000 -1.553623 2.180052
 67.000000 -1.578914 2.022545
 68.000000 -2.083337 2.827874
 69.000000 -2.242843 2.454168
 70.000000 -1.387007 2.486439
 71.000000 -1.833295 2.936942
 72.000000 -1.181034 2.830720
 73.000000 -1.085185 3.083324
 74.000000 -1.040752 2.419480
 75.000000 -2.781941 2.196647
 76.000000 -2.720524 2.856970
 77.000000 -2.095649 2.535673
 78.000000 -2.076901 2.269529
 79.000000 -2.521980 2.556104
 80.000000 -2.628694 2.719626
 81.000000 -1.000261 2.259761
 82.000000 -1.918440 2.213389
 83.000000 -2.346156 2.782701
 84.000000 -2.233096 2.496309
 85.000000 -1.853261 2.581642
 86.000000 -2.651303 2.629097
 87.000000 -2.750496 -3.055898
 88.000000 -2.292150 2.955371
 89.000000 -2.801674 2.724878
 90.000000 -2.014614 2.371680
 91.000000 -2.703917 2.868590
 92.000000 -2.383121 2.248966
 93.000000 -2.455208 2.909298
 94.000000 -1.684853 2.071176
 95.000000 -2.256279 2.350562
 96.000000 -2.186958 2.299787
 97.000000 -1.713922 2.145927
 98.000000 -1.528414 2.069965
 99.000000 -1.328925 2.805103
 100.000000 -1.711348 2.402338
 101.000000 -1.405727 2.622938
 102.000000 -1.079830 2.172483
 103.000000 -1.398804 2.302321
 104.000000 -0.983193 2.289045
 105.000000 -1.508978 3.134793
 106.000000 -1.057825 2.562373
 107.000000 -0.861380 2.235688
 108.000000 -1.019787 2.319744
 109.000000 -0.891275 2.325310
 110.000000 -2.114291 2.584966
 111.000000 -0.984886 2.469215
 112.000000 -1.352082 2.764640
 113.000000 -1.570860 2.604269
 114.000000 -1.916126 2.322530
 115.000000 -0.960055 2.222296
 116.000000 -1.281486 2.619856
 117.000000 -1.222692 2.405182
 118.000000 -1.768854 2.003784
 119.000000 -1.967131 2.924351
 120.000000 -1.188964 2.619435
 121.000000 -1.026959 2.440558
 122.000000 -1.280524 2.709629
 123.000000 -2.013835 2.465656
 124.000000 -1.747317 2.084678
 125.000000 -1.061623 2.596193
 126.000000 -1.697295 2.089557
 127.000000 -2.381623 3.040036
 128.000000 -2.810120 3.044655
 129.000000 -1.507195 2.878352
 130.000000 -0.864948 2.590412
 131.000000 -1.095718 2.625577
 132.000000 -1.078760 2.509085
 133.000000 -0.663626 2.549838
 134.000000 -1.028508 2.657986
 135.000000 -1.110345 2.578075
 136.000000 -1.617182 2.259977
 137.000000 -1.254143 2.761179
 138.000000 -1.022037 2.318994
 139.000000 -1.020924 2.814617
 140.000000 -1.011043 2.433105
 141.000000 -0.453428 2.275674
 142.000000 -1.227012 2.596069
 143.000000 -1.027014 2.661560
 144.000000 -0.980278 2.293808
 145.000000 -1.139892 2.193779
 146.000000 -0.779023 2.711545
 147.000000 -0.942153 2.592735
 148.000000 -0.770521 2.821847
 149.000000 -0.790448 2.767922
 150.000000 -0.949299 2.512215
 151.000000 -1.124497 2.438934
 152.000000 -1.066178 1.835180
 153.000000 -1.543583 2.402464
 154.000000 -0.973306 2.560736
 155.000000 -0.948445 2.331563
 156.000000 -1.482841 2.464874
 157.000000 -1.181915 2.734613
 158.000000 -1.322449 2.503983
 159.000000 -1.155621 2.532507
 160.000000 -0.758131 2.603304
 161.000000 -0.955013 2.646586
 162.000000 -1.190940 2.584713
 163.000000 -1.146004 2.663727
 164.000000 -0.836324 2.728635
 165.000000 -1.327361 2.275495
 166.000000 -1.374294 3.023506
 167.000000 -1.062361 2.514869
 168.000000 -1.552220 2.163597
 169.000000 -1.211167 2.585990
 170.000000 -1.146291 2.920744
 171.000000 -1.326998 2.437349
 172.000000 -0.612513 2.361861
 173.000000 -1.112095 2.817948
 174.000000 -2.341856 2.182797
 175.000000 -1.981672 1.318862
 176.000000 -2.420711 3.123104
 177.000000 -2.770538 2.772446
 178.000000 -1.273128 2.142649
 179.000000 -1.250550 2.589307
 180.000000 -1.077364 2.478970
 181.000000 -1.160646 2.618678
 182.000000 -1.301591 2.660466
 183.000000 -1.727809 -3.141527
 184.000000 -2.221482 2.292587
 185.000000 -2.804626 3.003558
 186.000000 -2.049065 2.568848
 187.000000 -2.144896 2.539801
 188.000000 -2.722000 2.844073
 189.000000 -2.568580 2.796727
 190.000000 -2.815642 2.534538
 191.000000 -1.734535 -3.115678
 192.000000 -1.874384 2.660322
 193.000000 -2.446460 2.677498
 194.000000 -2.537244 2.516104
 195.000000 -2.657636 2.342375
 196.000000 -2.243676 2.944362
 197.000000 -1.889021 2.447420
 198.000000 -1.482337 2.271302
 199.000000 -1.080644 2.486225
 200.000000 -1.002478 2.488899
 201.000000 -1.014380 2.434924
 202.000000 -1.186922 2.405056
 203.000000 -1.083397 1.719959
 204.000000 -1.127938 1.951490
 205.000000 -1.227759 3.011185
 206.000000 -0.967097 2.533622
 207.000000 -1.350472 2.470807
 208.000000 -0.609341 2.343157
 209.000000 -1.183650 2.323247
 210.000000 -0.940131 2.288576
 211.000000 -0.883460 2.200771
 212.000000 -1.713886 2.304158
 213.000000 -0.964230 2.681965
 214.000000 -1.806899 2.613005
 215.000000 -2.024874 2.350851
 216.000000 -2.313049 2.142569
 217.000000 -1.381727 2.595460
 218.000000 -1.965141 2.360108
 219.000000 -1.092078 2.461933
 220.000000 -1.306871 2.643673
 221.000000 -1.506803 2.324320
 222.000000 -1.723832 2.005838
 223.000000 -1.134887 2.460728
 224.000000 -1.103205 2.561409
 225.000000 -1.669830 2.600812
 226.000000 -1.180468 2.709589
 227.000000 -1.294431 2.440496
 228.000000 -2.478591 2.807292
 229.000000 -2.170689 2.141899
 230.000000 -2.336020 2.436994
 231.000000 -2.809606 2.885973
 232.000000 -2.491599 2.643278
 233.000000 -2.828925 2.934843
 234.000000 -2.166900 2.377450
 235.000000 -1.328239 3.002248
 236.000000 -0.975608 2.673368
 237.000000 -1.046731 2.199082
 238.000000 -1.193609 1.736974
 239.000000 -1.246257 2.603027
 240.000000 -0.710766 2.358968
 241.000000 -0.952120 2.586861
 242.000000 -2.489013 2.987723
 243.000000 -1.686148 3.079803
 244.000000 -2.795578 3.050924
 245.000000 -1.499909 2.465431
 246.000000 -0.992562 2.598775
 247.000000 -1.162045 1.843259
 248.000000 -0.471259 2.144090
 249.000000 -1.519429 2.706984
 250.000000 -1.041415 2.573049
 251.000000 -1.092466 2.574038
 252.000000 -1.426472 2.982780
 253.000000 -1.106015 2.570924
 254.000000 -0.925847 2.577288
 255.000000 -1.056422 2.675685
 256.000000 -1.339715 2.911805
 257.000000 -0.710303 2.311962
 258.000000 -1.352580 2.642306
 259.000000 -0.736252 2.677847
 260.000000 -1.007683 2.560432
 261.000000 -1.058348 2.514899
 262.000000 -0.911013 2.289459
 263.000000 -0.831355 2.644716
 264.000000 -1.810371 2.655821
 265.000000 -1.214550 2.664070
 266.000000 -0.860163 2.279130
 267.000000 -0.995261 2.288715
 268.000000 -1.068197 2.584216
 269.000000 -1.017973 2.478386
 270.000000 -1.199195 2.355874
 271.000000 -1.124203 2.518502
 272.000000 -1.145921 2.642773
 273.000000 -0.701925 2.610258
 274.000000 -1.256332 2.953176
 275.000000 -0.943319 2.701196
 276.000000 -1.065335 2.406547
 277.000000 -1.659316 2.120762
 278.000000 -0.896300 2.468245
 279.000000 -1.447826 1.948002
 280.000000 -1.319850 2.293513
 281.000000 -2.426485 2.545024
 282.000000 -1.129584 2.454089
 283.000000 -1.318584 2.504627
 284.000000 -1.132042 2.128237
 285.000000 -1.585338 2.016622
 286.000000 -1.673355 2.348691
 287.000000 -1.047101 2.483889
 288.000000 -1.899291 2.394285
 289.000000 -1.044798 2.613385
 290.000000 -1.813833 2.644195
 291.000000 -1.247351 2.815421
 292.000000 -1.082604 2.701126
 293.000000 -1.249775 2.896244
 294.000000 -1.590048 2.271874
 295.000000 -1.167336 2.680806
 296.000000 -0.741747 2.552848
 297.000000 -1.288366 2.363594
 298.000000 -1.035565 2.330802
 299.000000 -0.441836 2.334723
 300.000000 -1.046327 2.481927
 301.000000 -1.381122 2.209569
 302.000000 -1.169132 1.872751
 303.000000 -1.889671 2.790425
 304.000000 -2.661314 2.495210
 305.000000 -2.453195 2.576574
 306.000000 -2.711978 2.465243
 307.000000 -2.650712 2.603794
 308.000000 -2.042205 2.273197
 309.000000 -1.460149 2.428952
 310.000000 -2.311918 2.891460
 311.000000 -1.477839 2.647996
 312.000000 -0.663416 2.418083
 313.000000 -1.009365 2.590917
 314.000000 -0.963107 2.484995
 315.000000 -1.810123 2.616227
 316.000000 -1.368086 2.124528
 317.000000 -1.734514 2.735578
 318.000000 -1.457410 2.386431
 319.000000 -1.401557 2.595999
 320.000000 -1.274286 2.346577
 321.000000 -1.069209 2.541755
 322.000000 -1.821225 2.295018
 323.000000 -1.005131 2.428228
 324.000000 -0.767985 2.249382
 325.000000 -0.751771 2.865994
 326.000000 -0.941737 2.505332
 327.000000 -0.904403 2.213439
 328.000000 -1.089524 2.583261
 329.000000 -1.224009 2.569531
 330.000000 -1.082004 2.604508
 331.000000 -1.397690 2.074304
 332.000000 -0.969413 2.457987
 333.000000 -1.107866 2.642109
 334.000000 -1.428794 2.339053
 335.000000 -0.427851 2.323059
 336.000000 -0.966631 2.691516
 337.000000 -1.090832 2.544039
 338.000000 -1.369985 2.072644
 339.000000 -1.127055 2.511951
 340.000000 -0.758408 2.095313
 341.000000 -1.269326 2.440194
 342.000000 -1.056557 2.535086
 343.000000 -1.085543 2.641387
 344.000000 -1.189105 2.185279
 345.000000 -0.346227 2.084787
 346.000000 -1.489030 2.291909
 347.000000 -2.769232 3.009053
 348.000000 -2.659617 2.321080
 349.000000 -2.331929 2.630102
 350.000000 -1.071878 2.629368
 351.000000 -1.662747 2.829054
 352.000000 -1.194374 2.663815
 353.000000 -1.362567 2.763133
 354.000000 -1.655446 2.519641
 355.000000 -1.075390 2.779256
 356.000000 -1.532474 2.503959
 357.000000 -1.249311 2.621641
 358.000000 -0.977824 2.571776
 359.000000 -1.344157 2.286676
 360.000000 -1.151191 2.633169
 361.000000 -0.988296 2.961151
 362.000000 -2.507484 2.450556
 363.000000 -2.632055 2.659643
 364.000000 -2.230872 2.303201
 365.000000 -1.068169 2.813214
 366.000000 -1.325831 2.357547
 367.000000 -1.066370 2.530336
 368.000000 -1.324773 2.507877
 369.000000 -1.563559 2.503922
 370.000000 -1.168999 2.714282
 371.000000 -0.952851 2.377900
 372.000000 -1.175488 2.404723
 373.000000 -1.596610 2.424394
 374.000000 -1.229944 2.059470
 375.000000 -1.438889 2.085106
 376.000000 -2.262879 2.742981
 377.000000 -2.057456 2.511191
 378.000000 -1.169277 2.740852
 379.000000 -1.077123 2.519954
 380.000000 -1.700230 2.562871
 381.000000 -1.218139 2.818759
 382.000000 -1.558640 2.728796
 383.000000 -0.967187 1.862904
 384.000000 -1.612852 2.398465
 385.000000 -1.159595 2.350724
 386.000000 -2.007031 2.321744
 387.000000 -2.722881 2.752304
 388.000000 -2.062350 2.275097
 389.000000 -2.096858 2.106054
 390.000000 -2.607162 2.431760
 391.000000 -2.341681 2.943598
 392.000000 -1.139237 2.469329
 393.000000 -1.466156 2.272303
 394.000000 -1.201411 2.470219
 395.000000 -1.384248 2.397496
 396.000000 -1.204729 2.260803
 397.000000 -1.022119 2.410966
 398.000000 -1.415389 2.577334
 399.000000 -1.239163 2.393885
 400.000000 -1.179836 2.122727
