#! FIELDS time phi psi
#! SET min_phi -pi
#! SET max_phi pi
#! SET min_psi -pi
#! SET max_psi pi
 0.000000 3.104817 -0.951424
 1.000000 -2.008322 -0.054916
 2.000000 -1.699155 0.478431
 3.000000 -1.449612 -0.153252
 4.000000 -1.495402 0.001025
 5.000000 -1.728820 -0.035637
 6.000000 -1.901476 0.071826
 7.000000 -1.462160 -0.267932
 8.000000 -1.980479 0.335503
 9.000000 -2.066420 0.435578
 10.000000 -1.558979 -0.405513
 11.000000 -1.458172 -0.219473
 12.000000 -1.722772 0.251277
 13.000000 -1.062362 -0.296552
 14.000000 -1.203979 -0.751373
 15.000000 -1.623634 -0.046610
 16.000000 -1.465312 -0.059106
 17.000000 -1.425331 -0.371031
 18.000000 -1.699397 0.197859
 19.000000 -1.853366 0.377902
 20.000000 -1.706823 -0.284156
 21.000000 -1.574117 -0.461758
 22.000000 -1.055253 -0.438405
 23.000000 -1.493404 0.027175
 24.000000 -2.195580 0.442260
 25.000000 -1.981310 0.366775
 26.000000 -1.940854 0.312493
 27.000000 -2.369627 -0.541650
 28.000000 -2.012150 0.137846
 29.000000 -1.225706 -0.287372
 30.000000 -1.839078 -0.069627
 31.000000 -1.364209 -0.397617
 32.000000 -1.083741 -0.654451
 33.000000 -2.116924 0.165625
 34.000000 -1.901300 -0.194395
 35.000000 -1.590661 0.468759
 36.000000 -1.703155 0.014386
 37.000000 -1.944429 -0.094915
 38.000000 -1.436321 -0.490537
 39.000000 -1.227164 -0.688021
 40.000000 -1.068683 -0.641244
 41.000000 -0.949284 -0.846431
 42.000000 -1.768653 0.264538
 43.000000 -1.728594 -0.168563
 44.000000 -2.420863 0.631558
 45.000000 -2.664387 -0.097626
 46.000000 -3.061117 0.424135
 47.000000 -2.825245 0.136282
 48.000000 -3.064719 0.346506
 49.000000 -2.682364 -0.360239
 50.000000 -2.641203 0.526778
 51.000000 -2.259723 -0.559614
 52.000000 -2.798530 -0.384671
 53.000000 -2.556272 0.346276
 54.000000 -2.404682 0.258835
 55.000000 -2.740713 -0.059219
 56.000000 -1.749630 -0.006584
 57.000000 -1.855855 0.098997
 58.000000 -1.468555 -0.374412
 59.000000 -2.549865 0.291589
 60.000000 -1.551206 0.472276
 61.000000 -1.107503 -0.581005
 62.000000 -1.671284 0.081532
 63.000000 -1.887339 0.254119
 64.000000 -0.956848 -0.417622
 65.000000 -1.980046 0.278161
 66.000000 -2.186394 0.339874
 67.000000 -2.292840 0.166043
 68.000000 -2.353451 -0.446081
 69.000000 -2.869488 0.221113
 70.000000 -1.939536 0.267751
 71.000000 -2.828302 0.424004
 72.000000 -1.861339 0.021255
 73.000000 -1.728949 -0.252731
 74.000000 -1.493913 -1.738940
 75.000000 -2.051740 -0.757769
 76.000000 -2.731243 -0.161547
 77.000000 -2.823051 0.163692
 78.000000 -2.959873 -0.011929
 79.000000 3.061048 0.620410
 80.000000 -2.717331 0.309921
 81.000000 -2.663815 0.433773
 82.000000 -2.818894 0.276656
 83.000000 -2.697694 -0.210894
 84.000000 -1.941509 0.546924
 85.000000 -2.878573 0.473019
 86.000000 -2.783488 0.121250
 87.000000 -2.013882 -0.011799
 88.000000 -1.702720 0.013222
 89.000000 -1.405846 -0.354187
 90.000000 -0.895794 -0.785601
 91.000000 -1.030139 -0.895718
 92.000000 -1.174118 -0.416713
 93.000000 -1.729007 -0.022561
 94.000000 -1.794859 0.272561
 95.000000 -1.619937 -0.519814
 96.000000 -1.427055 -0.359696
 97.000000 -1.472541 0.116607
 98.000000 -1.965950 -0.183828
 99.000000 -1.952417 0.059513
 100.000000 -1.729550 -0.000639
 101.000000 -0.960961 -0.954165
 102.000000 -1.635888 0.272846
 103.000000 -1.373231 -0.400138
 104.000000 -2.279115 -0.038112
 105.000000 -2.425184 0.388942
 106.000000 -2.543221 0.589086
 107.000000 -1.764869 0.052618
 108.000000 -2.172619 -0.193633
 109.000000 -1.910201 0.133683
 110.000000 -2.442894 0.439416
 111.000000 -2.241022 -0.099892
 112.000000 -1.827803 0.194945
 113.000000 -1.490655 -0.198570
 114.000000 -1.343154 -0.299905
 115.000000 -1.168534 -0.573567
 116.000000 -0.928735 -0.834723
 117.000000 -1.151312 -0.538026
 118.000000 -1.896328 0.002839
 119.000000 -1.857788 0.396374
 120.000000 -2.089149 0.208896
 121.000000 -1.895697 -0.956978
 122.000000 -1.089456 -0.563849
 123.000000 -1.364463 -0.637021
 124.000000 -1.322193 -0.240967
 125.000000 -1.593368 -0.132298
 126.000000 -1.028105 -0.624996
 127.000000 -2.091204 0.184048
 128.000000 -1.212563 -0.432491
 129.000000 -1.837423 0.142403
 130.000000 -1.801817 0.032227
 131.000000 -1.400872 -0.457842
 132.000000 -1.897371 -0.142622
 133.000000 -1.702939 0.314548
 134.000000 -1.938857 0.101744
 135.000000 -2.873307 -1.057116
 136.000000 -2.568891 -1.159702
 137.000000 -2.485638 -1.105101
 138.000000 -1.747658 -2.358389
 139.000000 -1.890689 -2.425189
 140.000000 -1.723943 -2.296334
 141.000000 -1.979427 2.560241
 142.000000 -2.136568 2.651639
 143.000000 -1.341551 2.099441
 144.000000 -0.523964 2.411990
 145.000000 -2.061149 2.690258
 146.000000 -2.709548 2.480070
 147.000000 -2.404493 2.902174
 148.000000 -1.907140 2.489795
 149.000000 -1.734118 2.644591
 150.000000 -2.104369 2.642225
 151.000000 -2.624448 2.626010
 152.000000 -1.559677 2.424953
 153.000000 -1.137552 2.555727
 154.000000 -1.157117 2.503928
 155.000000 -1.236582 2.521899
 156.000000 -1.081612 2.645375
 157.000000 -1.046184 2.547711
 158.000000 -1.569703 2.206359
 159.000000 -1.095307 2.585538
 160.000000 -0.723246 2.635151
 161.000000 -1.306886 2.476572
 162.000000 -2.799130 2.817349
 163.000000 -2.740715 2.786363
 164.000000 -2.753636 3.122388
 165.000000 -2.570082 2.812294
 166.000000 -2.616628 2.949732
 167.000000 -2.729231 2.889752
 168.000000 -2.839243 2.765283
 169.000000 -2.591573 2.697005
 170.000000 -2.438960 2.553028
 171.000000 -2.423423 2.941979
 172.000000 -2.310183 2.422007
 173.000000 -2.610294 2.477793
 174.000000 -0.904050 2.414395
 175.000000 -1.579197 2.726352
 176.000000 -1.028269 2.331982
 177.000000 -1.204975 2.637625
 178.000000 -1.183693 2.693568
 179.000000 -1.078647 2.640914
 180.000000 -2.526459 2.730012
 181.000000 -1.120734 2.592519
 182.000000 -1.497316 2.782041
 183.000000 -1.067972 2.423705
 184.000000 -1.403006 2.735546
 185.000000 -0.631075 2.489467
 186.000000 -1.456859 -3.131046
 187.000000 -1.256436 2.557268
 188.000000 -1.211142 2.354948
 189.000000 -0.662138 2.754539
 190.000000 -1.027472 2.766069
 191.000000 -2.208529 1.928264
 192.000000 -2.340438 2.382419
 193.000000 -1.667013 2.386587
 194.000000 -1.255166 1.861509
 195.000000 -1.410117 1.993806
 196.000000 -0.932895 2.636953
 197.000000 -1.191367 2.264664
 198.000000 -0.454969 2.215303
 199.000000 -1.057483 2.299560
 200.000000 -1.095958 2.697220
 201.000000 -1.492702 2.533342
 202.000000 -2.241801 2.490900
 203.000000 -0.788256 2.321683
 204.000000 -1.310478 2.621108
 205.000000 -2.065653 3.015132
 206.000000 -0.676615 2.593735
 207.000000 -1.710154 2.078918
 208.000000 -2.276512 2.617631
 209.000000 -2.464323 2.807687
 210.000000 -2.734673 2.474248
 211.000000 -2.475297 2.753331
 212.000000 -2.678306 2.740480
 213.000000 -2.338599 2.265171
 214.000000 -2.619214 2.806335
 215.000000 -2.010315 2.698608
 216.000000 -1.913100 2.962068
 217.000000 -1.081057 2.499771
 218.000000 -0.986834 2.045753
 219.000000 -0.866765 2.228212
 220.000000 -1.233280 2.501971
 221.000000 -0.892441 2.748505
 222.000000 -0.891484 2.584260
 223.000000 -2.313193 2.161061
 224.000000 -1.338632 2.592036
 225.000000 -0.952737 2.824032
 226.000000 -1.782394 2.283053
 227.000000 -1.493380 2.529365
 228.000000 -1.469896 3.059390
 229.000000 -0.978107 2.509294
 230.000000 -1.184639 2.642920
 231.000000 -1.299097 2.290435
 232.000000 -1.148598 2.208188
 233.000000 -0.922854 2.496586
 234.000000 -1.037099 2.396048
 235.000000 -1.018178 2.670284
 236.000000 -1.623291 2.508201
 237.000000 -2.087300 2.549052
 238.000000 -1.108196 2.489166
 239.000000 -1.148396 2.328506
 240.000000 -1.122949 2.608700
 241.000000 -1.043359 2.301220
 242.000000 -0.864920 2.502005
 243.000000 -0.243391 2.205529
 244.000000 -1.517611 2.584495
 245.000000 -1.923057 2.706188
 246.000000 -1.014148 2.546765
 247.000000 -1.465625 2.129195
 248.000000 -1.661331 2.296466
 249.000000 -1.522333 2.725612
 250.000000 -1.159634 2.207463
 251.000000 -1.110939 2.232489
 252.000000 -2.560265 2.622018
 253.000000 -2.010608 2.632399
 254.000000 -1.935593 2.298230
 255.000000 -1.201037 2.593563
 256.000000 -1.137024 2.403811
 257.000000 -1.885142 2.259329
 258.000000 -1.152371 2.296367
 259.000000 -2.010404 3.005343
 260.000000 -1.024887 2.580994
 261.000000 -0.795393 2.593443
 262.000000 -1.089494 2.501183
 263.000000 -1.092822 2.738249
 264.000000 -0.822918 2.481159
 265.000000 -1.100192 2.715268
 266.000000 -0.931927 2.588530
 267.000000 -1.042167 2.537401
 268.000000 -1.471914 2.359371
 269.000000 -1.419292 2.767388
 270.000000 -2.182044 2.245908
 271.000000 -2.656704 2.790802
 272.000000 -2.372002 1.914247
 273.000000 -2.172918 2.356254
 274.000000 -2.657064 3.123889
 275.000000 -1.472905 2.837752
 276.000000 -1.138432 2.646569
 277.000000 -2.373305 2.526400
 278.000000 -2.474928 2.600622
 279.000000 -1.576186 2.501194
 280.000000 -1.469866 3.037945
 281.000000 -2.013745 2.333511
 282.000000 -1.023930 2.482015
 283.000000 -1.123911 2.320094
 284.000000 -1.381673 2.611820
 285.000000 -0.929960 2.548544
 286.000000 -1.098188 2.456693
 287.000000 -1.021710 1.937008
 288.000000 -0.994803 2.490925
 289.000000 -0.778489 2.382955
 290.000000 -0.990891 2.440742
 291.000000 -1.234113 2.422256
 292.000000 -1.369513 2.681577
 293.000000 -1.208777 2.313953
 294.000000 -0.836044 2.547283
 295.000000 -0.981764 2.395069
 296.000000 -1.344155 -3.060648
 297.000000 -1.521559 2.653633
 298.000000 -0.965763 2.889578
 299.000000 -0.836124 2.738405
 300.000000 -1.325464 2.759979
 301.000000 -1.124013 2.799011
 302.000000 -1.251407 2.564964
 303.000000 -1.895821 2.492787
 304.000000 -2.548286 2.971073
 305.000000 -2.024994 2.797372
 306.000000 -2.851865 2.841755
 307.000000 -1.186795 2.504416
 308.000000 -1.452611 2.977567
 309.000000 -1.338200 2.612356
 310.000000 -1.169484 2.577776
 311.000000 -1.378107 2.150519
 312.000000 -1.026920 2.691824
 313.000000 -1.370262 2.514408
 314.000000 -1.093886 2.339300
 315.000000 -1.234557 2.749459
 316.000000 -1.026475 2.588579
 317.000000 -1.933929 2.456607
 318.000000 -2.538019 2.489515
 319.000000 -2.504061 2.571926
 320.000000 -3.056241 2.679616
 321.000000 -2.750302 2.766757
 322.000000 -2.380688 2.824705
 323.000000 -1.491431 2.082737
 324.000000 -1.156132 2.552628
 325.000000 -1.347716 2.507656
 326.000000 -1.310814 2.017843
 327.000000 -2.836143 2.676306
 328.000000 -2.010947 2.214136
 329.000000 -2.791966 2.699197
 330.000000 -2.177541 2.483121
 331.000000 -2.761318 2.839565
 332.000000 -2.608750 2.361489
 333.000000 -2.561437 2.966700
 334.000000 -2.249573 2.828326
 335.000000 -1.301993 2.081128
 336.000000 -1.056223 2.667901
 337.000000 -1.010594 2.682512
 338.000000 -1.253703 2.545521
 339.000000 -1.146481 2.634011
 340.000000 -1.768637 2.760965
 341.000000 -1.380102 2.666806
 342.000000 -2.318754 2.962125
 343.000000 -2.703030 2.659366
 344.000000 -1.983070 2.315424
 345.000000 -1.145871 2.527417
 346.000000 -1.478883 2.662903
 347.000000 -2.324613 2.497806
 348.000000 -1.847042 2.864211
 349.000000 -2.201836 2.945221
 350.000000 -2.695837 2.813480
 351.000000 -2.601468 2.950685
 352.000000 -2.166688 2.536601
 353.000000 -2.634707 2.636246
 354.000000 -2.037062 2.269274
 355.000000 -1.901690 2.788189
 356.000000 -2.004079 2.192200
 357.000000 -1.207673 2.275852
 358.000000 -1.146493 2.403593
 359.000000 -1.937422 2.673640
 360.000000 -0.994870 2.622320
 361.000000 -1.211234 2.097552
 362.000000 -1.090973 2.382846
 363.000000 -1.001890 2.531721
 364.000000 -0.933310 2.888066
 365.000000 -1.637120 2.822128
 366.000000 -1.102677 2.503543
 367.000000 -0.980489 2.425941
 368.000000 -1.433114 2.738322
 369.000000 -1.662154 2.997782
 370.000000 -2.357693 2.590167
 371.000000 -2.582160 2.609942
 372.000000 -1.638830 3.012470
 373.000000 -1.086158 2.624359
 374.000000 -1.107480 2.347663
 375.000000 -1.323955 2.525409
 376.000000 -1.106621 2.515447
 377.000000 -1.025607 2.545610
 378.000000 -1.428875 2.117847
 379.000000 -0.490044 2.319806
 380.000000 -0.944396 2.430171
 381.000000 -1.191108 2.296197
 382.000000 -1.367793 2.478684
 383.000000 -1.094422 2.598278
 384.000000 -1.170994 2.513560
 385.000000 -1.370606 2.579344
 386.000000 -0.926850 2.792142
 387.000000 -1.742671 2.569603
 388.000000 -1.097633 2.595172
 389.000000 -1.433258 2.036293
 390.000000 -1.323964 2.234434
 391.000000 -0.800932 2.685952
 392.000000 -1.075953 2.446400
 393.000000 -0.759194 2.409403
 394.000000 -1.301049 2.395554
 395.000000 -1.347932 3.062809
 396.000000 -2.479482 2.651601
 397.000000 -0.644175 2.760603
 398.000000 -1.007548 2.875331
 399.000000 -1.339038 2.207897
 400.000000 -1.113425 2.208664
