#! FIELDS time phi psi
#! SET min_phi -pi
#! SET max_phi pi
#! SET min_psi -pi
#! SET max_psi pi
 0.000000 0.698664 -2.619524
 1.000000 0.834772 -2.277596
 2.000000 0.668066 -2.101737
 3.000000 0.570802 -2.416512
 4.000000 1.021839 -2.679885
 5.000000 0.827879 -2.653200
 6.000000 1.269712 -2.955367
 7.000000 0.511538 -2.098852
 8.000000 0.936290 -2.894707
 9.000000 1.105591 -2.784227
 10.000000 1.141590 3.128943
 11.000000 0.959587 -2.981620
 12.000000 0.916727 -2.925333
 13.000000 1.007173 -2.461850
 14.000000 0.878062 -2.535247
 15.000000 1.193152 -3.079845
 16.000000 1.070760 -2.733125
 17.000000 0.864963 -2.443122
 18.000000 1.199027 2.914867
 19.000000 0.668597 -2.820013
 20.000000 0.985646 -2.685529
 21.000000 0.843804 -2.562030
 22.000000 0.918050 -2.527412
 23.000000 0.712496 -2.559435
 24.000000 0.662952 -2.516990
 25.000000 0.763094 -2.364112
 26.000000 1.002862 -2.580256
 27.000000 0.776635 -2.329507
 28.000000 0.944792 -2.370648
 29.000000 0.806889 -2.633674
 30.000000 1.345972 2.433330
 31.000000 0.615209 -2.542697
 32.000000 0.737000 -2.545092
 33.000000 0.846816 -2.508324
 34.000000 0.737614 -2.813387
 35.000000 0.846180 -2.705040
 36.000000 0.920893 -2.833967
 37.000000 1.056811 -2.623627
 38.000000 0.860252 -2.493954
 39.000000 0.922075 -2.494548
 40.000000 0.752100 -2.233011
 41.000000 0.872418 -2.373932
 42.000000 1.059946 -2.921466
 43.000000 0.946151 -2.784829
 44.000000 1.240877 -2.714643
 45.000000 0.654348 -2.720500
 46.000000 0.785544 -2.442418
 47.000000 0.652491 -2.702094
 48.000000 1.016277 -2.674433
 49.000000 0.863025 -2.766562
 50.000000 0.923162 -2.203304
 51.000000 0.828712 -2.529376
 52.000000 1.111278 2.990632
 53.000000 0.713199 -2.602488
 54.000000 1.038044 -2.933467
 55.000000 0.761384 -3.009210
 56.000000 0.776418 -2.776299
 57.000000 0.906515 -2.918729
 58.000000 1.107529 3.067582
 59.000000 1.074752 -2.954140
 60.000000 1.021986 3.113306
 61.000000 0.875871 -2.164390
 62.000000 1.068747 -2.378680
 63.000000 0.557568 -2.279209
 64.000000 0.979362 -2.525435
 65.000000 1.179755 3.118139
 66.000000 0.580807 -2.760470
 67.000000 1.043861 -2.841410
 68.000000 1.217536 2.614118
 69.000000 0.937421 2.019031
 70.000000 1.126861 2.488423
 71.000000 0.907708 2.525559
 72.000000 0.936566 3.043945
 73.000000 0.978408 2.990326
 74.000000 1.062508 -3.006594
 75.000000 0.793459 -2.824741
 76.000000 0.540555 -1.826304
 77.000000 0.516790 -2.346263
 78.000000 0.576539 -2.412025
 79.000000 0.553755 -2.315070
 80.000000 0.899713 -2.869770
 81.000000 0.722013 -2.220821
 82.000000 1.330934 -2.596000
 83.000000 0.929178 -2.685241
 84.000000 0.744084 -2.149376
 85.000000 0.912475 -2.568111
 86.000000 1.135433 2.858557
 87.000000 1.099281 2.808098
 88.000000 0.931927 3.089046
 89.000000 0.496945 -2.207630
 90.000000 0.868869 -2.394737
 91.000000 0.993646 -2.813445
 92.000000 1.057501 -2.878846
 93.000000 1.379187 2.568403
 94.000000 0.904757 -2.998075
 95.000000 1.390495 2.861212
 96.000000 0.974567 -2.856972
 97.000000 1.294074 -2.474194
 98.000000 0.975772 -2.079971
 99.000000 1.026015 -3.099383
 100.000000 0.898014 -2.168508
 101.000000 0.937244 -2.781642
 102.000000 0.924263 -2.302829
 103.000000 0.935959 -1.992965
 104.000000 0.971085 -2.337424
 105.000000 0.872682 -2.448712
 106.000000 0.986789 -2.900519
 107.000000 0.760623 -2.681859
 108.000000 0.960862 -2.939815
 109.000000 1.019260 -2.777941
 110.000000 0.800108 -2.312259
 111.000000 0.879341 -2.555323
 112.000000 0.830790 -2.654709
 113.000000 0.957466 -2.968880
 114.000000 0.884205 -2.781001
 115.000000 0.954960 -3.121994
 116.000000 0.958328 -2.789852
 117.000000 1.061850 -2.745356
 118.000000 0.745345 -2.949638
 119.000000 0.800612 -2.458411
 120.000000 1.162556 2.751928
 121.000000 0.922539 -2.912130
 122.000000 0.827876 -2.703033
 123.000000 0.798507 -2.677306
 124.000000 1.100233 2.728785
 125.000000 0.803177 -2.525937
 126.000000 0.848974 -2.015252
 127.000000 1.073072 -2.739030
 128.000000 0.901280 -2.422421
 129.000000 0.910209 -3.014677
 130.000000 0.973684 -2.718237
 131.000000 1.618971 2.963072
 132.000000 1.111371 -2.846464
 133.000000 0.790223 -2.695204
 134.000000 1.190017 -2.984307
 135.000000 0.959342 -2.918526
 136.000000 0.976960 2.962611
 137.000000 1.175985 3.112958
 138.000000 1.085600 2.193051
 139.000000 0.885549 -3.000806
 140.000000 0.780754 -3.044712
 141.000000 1.150319 -3.062012
 142.000000 1.242944 3.139545
 143.000000 1.157440 -2.989480
 144.000000 1.665463 2.120555
 145.000000 1.034503 1.769231
 146.000000 1.366835 2.199822
 147.000000 1.050220 1.276150
 148.000000 1.158567 0.399185
 149.000000 1.356955 0.616970
 150.000000 0.664125 0.677988
 151.000000 0.716120 0.622384
 152.000000 0.967765 0.443634
 153.000000 0.768723 0.793811
 154.000000 1.361754 0.194114
 155.000000 1.497830 0.509436
 156.000000 1.252867 0.530693
 157.000000 0.941894 0.612956
 158.000000 0.792915 1.201479
 159.000000 1.475705 0.257790
 160.000000 1.934198 0.125409
 161.000000 1.446997 0.141390
 162.000000 1.177604 0.546073
 163.000000 1.798255 0.233282
 164.000000 1.392018 0.563702
 165.000000 0.882582 1.175140
 166.000000 1.403718 0.741281
 167.000000 0.711146 0.928238
 168.000000 0.540032 1.106124
 169.000000 0.562048 0.916943
 170.000000 1.016048 0.420438
 171.000000 1.185208 0.083072
 172.000000 0.908041 0.632774
 173.000000 1.220121 0.850499
 174.000000 0.816723 1.267401
 175.000000 1.229050 0.578462
 176.000000 1.515702 0.860392
 177.000000 1.100795 0.572624
 178.000000 1.459111 0.211214
 179.000000 1.263992 0.614550
 180.000000 1.636052 0.585600
 181.000000 1.572151 -0.078612
 182.000000 1.440384 0.419424
 183.000000 1.165265 0.206980
 184.000000 1.080347 0.373260
 185.000000 1.402509 0.844580
 186.000000 0.471435 1.846517
 187.000000 1.516420 0.401346
 188.000000 1.047226 0.672524
 189.000000 1.037227 0.438446
 190.000000 1.540638 0.309585
 191.000000 1.152290 0.389666
 192.000000 1.259323 1.488022
 193.000000 0.940314 0.499359
 194.000000 1.032611 0.373899
 195.000000 1.116174 0.455626
 196.000000 0.838961 0.605924
 197.000000 0.706245 1.231279
 198.000000 0.939656 2.098637
 199.000000 0.964316 2.826063
 200.000000 1.148557 2.288661
 201.000000 0.874324 -2.885189
 202.000000 1.068350 -2.680943
 203.000000 0.819001 -2.611267
 204.000000 0.807849 -3.109585
 205.000000 0.977590 -3.098881
 206.000000 1.025170 -2.692588
 207.000000 1.137422 -2.592008
 208.000000 1.310460 2.969877
 209.000000 0.918415 2.920482
 210.000000 0.841494 -2.994092
 211.000000 0.907884 -2.691447
 212.000000 0.588414 -2.514020
 213.000000 0.731872 -2.503130
 214.000000 0.792113 -2.417076
 215.000000 0.963997 3.038267
 216.000000 0.849087 -2.912673
 217.000000 0.905058 -2.328434
 218.000000 1.234228 -3.123655
 219.000000 0.901232 -2.503137
 220.000000 0.993565 -2.577789
 221.000000 0.750299 -2.440157
 222.000000 0.743493 -2.609640
 223.000000 0.561019 -1.897820
 224.000000 0.769571 -2.693687
 225.000000 1.090749 2.912580
 226.000000 0.963458 -2.741218
 227.000000 0.797239 -2.591181
 228.000000 1.000918 -2.624391
 229.000000 0.750982 -2.925696
 230.000000 1.192528 -2.405087
 231.000000 0.880264 -2.810291
 232.000000 1.070899 -2.913920
 233.000000 0.981836 -2.673067
 234.000000 0.677079 -2.611751
 235.000000 1.022355 -3.055293
 236.000000 0.966972 -2.751457
 237.000000 0.584008 -2.523554
 238.000000 0.908890 -2.637614
 239.000000 1.085785 -2.142929
 240.000000 0.914575 -2.798539
 241.000000 0.816869 -2.877869
 242.000000 0.637555 -2.269474
 243.000000 1.213249 -2.641998
 244.000000 0.754104 -2.769832
 245.000000 0.911489 -2.391659
 246.000000 0.962180 -2.680128
 247.000000 1.328828 -3.053992
 248.000000 0.918113 2.954858
 249.000000 1.449533 2.721604
 250.000000 1.512468 2.596801
 251.000000 1.367129 2.127427
 252.000000 0.990775 -3.032384
 253.000000 1.170302 2.961143
 254.000000 0.978795 -2.867485
 255.000000 0.941042 -2.742516
 256.000000 0.936330 -2.700070
 257.000000 1.020863 -2.437576
 258.000000 1.015004 -2.630386
 259.000000 0.917771 -2.856197
 260.000000 1.221771 3.084488
 261.000000 1.008027 -3.012432
 262.000000 0.790408 -2.593681
 263.000000 1.094796 -2.918000
 264.000000 0.776396 -2.357972
 265.000000 0.761751 -2.387568
 266.000000 0.894645 -2.638593
 267.000000 1.291132 -2.243357
 268.000000 0.984930 -2.757710
 269.000000 1.377344 2.773310
 270.000000 0.895854 -2.540170
 271.000000 0.649440 -2.593273
 272.000000 1.052545 -3.065850
 273.000000 1.098402 -2.602555
 274.000000 0.772747 -2.630755
 275.000000 1.031783 -2.607413
 276.000000 0.864057 3.138832
 277.000000 0.843367 -3.014090
 278.000000 0.758009 -2.860224
 279.000000 1.067162 -2.799442
 280.000000 0.635292 -2.637476
 281.000000 0.952871 -3.066019
 282.000000 0.831805 -2.919215
 283.000000 1.073631 -3.090487
 284.000000 0.646714 -2.938955
 285.000000 0.871320 -2.730115
 286.000000 0.775898 -2.666702
 287.000000 1.029341 -2.733471
 288.000000 0.747323 -2.422404
 289.000000 0.985578 -2.882851
 290.000000 0.964231 -2.745363
 291.000000 1.176243 -2.714900
 292.000000 0.965061 -2.637260
 293.000000 0.769103 -2.755525
 294.000000 0.774426 -2.807898
 295.000000 0.921276 -2.387102
 296.000000 0.692827 -2.760015
 297.000000 1.110480 -3.086463
 298.000000 1.080061 -2.729729
 299.000000 0.764511 -2.606790
 300.000000 0.920204 -2.560079
 301.000000 0.829381 -2.564885
 302.000000 0.860325 -2.534008
 303.000000 0.783909 -2.308797
 304.000000 0.926919 -2.547266
 305.000000 0.530297 -2.517006
 306.000000 0.894402 -2.693203
 307.000000 1.072245 -2.708809
 308.000000 1.076185 -2.928563
 309.000000 1.129244 -2.976203
 310.000000 1.233334 2.591656
 311.000000 1.116162 -3.129858
 312.000000 1.051252 -2.752376
 313.000000 0.857043 -2.312342
 314.000000 1.038605 -2.540879
 315.000000 0.759153 -2.691921
 316.000000 1.034692 -2.518937
 317.000000 1.550366 -2.486165
 318.000000 0.682754 -2.847482
 319.000000 0.841954 -2.601477
 320.000000 1.090693 -2.972193
 321.000000 1.045304 0.499506
 322.000000 1.333811 -0.109701
 323.000000 0.719753 0.873487
 324.000000 0.732923 0.644602
 325.000000 1.443599 0.309025
 326.000000 0.730804 0.719555
 327.000000 0.443021 1.161652
 328.000000 1.158347 -0.096859
 329.000000 1.671544 -0.276234
 330.000000 1.450162 0.178950
 331.000000 1.339340 0.434696
 332.000000 1.290345 0.491379
 333.000000 1.170354 0.468509
 334.000000 1.207392 1.014457
 335.000000 1.221551 0.049124
 336.000000 1.217036 0.397152
 337.000000 1.557129 0.436987
 338.000000 0.842684 0.700016
 339.000000 0.956703 0.537854
 340.000000 1.127703 0.711586
 341.000000 1.177739 0.901198
 342.000000 1.022441 0.449659
 343.000000 1.396597 -0.044775
 344.000000 1.482974 0.237764
 345.000000 1.482372 0.330222
 346.000000 1.525551 0.966682
 347.000000 1.477119 0.905629
 348.000000 0.896737 1.348655
 349.000000 1.369898 0.599743
 350.000000 0.765174 0.732384
 351.000000 0.958647 0.470056
 352.000000 1.095853 0.504337
 353.000000 1.254448 0.764430
 354.000000 1.197069 0.849386
 355.000000 1.213099 0.367342
 356.000000 1.435825 0.305199
 357.000000 1.537754 0.413198
 358.000000 1.092287 1.118413
 359.000000 0.872816 0.829152
 360.000000 1.111795 0.474937
 361.000000 1.362301 0.745938
 362.000000 1.276479 0.550368
 363.000000 1.309593 0.455902
 364.000000 1.910168 0.318377
 365.000000 1.714819 0.285636
 366.000000 1.703156 0.702749
 367.000000 1.600856 0.228448
 368.000000 1.191973 1.998601
 369.000000 1.237953 1.858156
 370.000000 1.301953 2.159343
 371.000000 1.042785 1.739371
 372.000000 1.186190 2.756340
 373.000000 0.942036 3.062791
 374.000000 0.878682 -3.010282
 375.000000 1.122044 2.601432
 376.000000 0.850909 3.020136
 377.000000 0.991607 -2.100982
 378.000000 0.957214 -2.685101
 379.000000 0.754054 -2.594488
 380.000000 0.825262 -2.971585
 381.000000 0.897466 -3.042964
 382.000000 1.313753 2.538556
 383.000000 1.258004 2.443512
 384.000000 1.302751 2.669633
 385.000000 1.081734 2.455789
 386.000000 0.944025 3.094749
 387.000000 0.897826 -2.605858
 388.000000 1.092467 -2.988577
 389.000000 1.165694 3.010504
 390.000000 1.221890 -2.970268
 391.000000 1.282345 3.125249
 392.000000 1.520921 2.079430
 393.000000 1.242413 2.082710
 394.000000 1.192433 2.012090
 395.000000 1.345379 2.507943
 396.000000 0.954851 -2.865608
 397.000000 0.849486 -2.621496
 398.000000 1.142344 2.987332
 399.000000 0.853331 -3.089145
 400.000000 0.897839 -2.743857
