#! FIELDS time phi psi
#! SET min_phi -pi
#! SET max_phi pi
#! SET min_psi -pi
#! SET max_psi pi
 0.000000 1.560396 -1.360314
 1.000000 1.347317 -0.825984
 2.000000 1.207055 0.492273
 3.000000 1.354555 0.381991
 4.000000 1.338186 0.199094
 5.000000 1.119623 0.702653
 6.000000 1.561698 0.477816
 7.000000 1.216313 0.258742
 8.000000 1.063287 0.368101
 9.000000 0.948438 0.696124
 10.000000 1.238999 0.558095
 11.000000 0.800828 0.845672
 12.000000 1.275918 0.620223
 13.000000 1.350739 0.226692
 14.000000 1.256163 0.124865
 15.000000 1.055621 0.599910
 16.000000 1.277251 0.409115
 17.000000 0.728696 0.799984
 18.000000 1.057656 0.479161
 19.000000 0.860666 0.755266
 20.000000 0.799918 1.342770
 21.000000 1.300459 0.431550
 22.000000 0.767411 1.111617
 23.000000 1.211408 0.407898
 24.000000 0.846390 0.794210
 25.000000 0.856233 0.755151
 26.000000 1.514508 0.598332
 27.000000 0.880393 0.210505
 28.000000 1.201770 0.357515
 29.000000 1.293861 0.276836
 30.000000 0.350685 1.537791
 31.000000 1.264220 1.224526
 32.000000 0.966313 0.755737
 33.000000 1.374561 0.148395
 34.000000 1.180479 1.270675
 35.000000 -0.722053 2.265646
 36.000000 -1.085024 1.930069
 37.000000 -1.168454 2.561787
 38.000000 -2.262318 2.699973
 39.000000 -0.843055 2.496761
 40.000000 -1.177335 2.449620
 41.000000 -1.710293 3.065401
 42.000000 -1.224156 2.688926
 43.000000 -1.076604 2.464613
 44.000000 -1.550363 2.915431
 45.000000 -1.007919 2.289621
 46.000000 -1.175594 2.280664
 47.000000 -1.286412 2.312690
 48.000000 -1.032713 2.023666
 49.000000 -1.108094 1.826314
 50.000000 -1.920717 2.885815
 51.000000 -0.983174 2.670359
 52.000000 -1.553330 2.354316
 53.000000 -2.034262 2.310723
 54.000000 -2.310360 2.314631
 55.000000 -2.668812 -2.800878
 56.000000 -2.698845 2.911210
 57.000000 -2.370989 2.853586
 58.000000 -0.999600 2.549996
 59.000000 -1.443021 2.605185
 60.000000 -0.626579 2.432840
 61.000000 -0.874158 2.395074
 62.000000 -1.125069 2.609426
 63.000000 -2.378886 2.790981
 64.000000 -2.583104 2.936325
 65.000000 -1.897346 2.506146
 66.000000 -2.227433 2.511412
 67.000000 -1.340478 2.764893
 68.000000 -0.544280 2.635633
 69.000000 -0.695959 2.656903
 70.000000 -2.473832 2.608791
 71.000000 -2.217749 2.051268
 72.000000 -2.316325 2.076974
 73.000000 -2.531615 2.626874
 74.000000 -2.079065 2.484053
 75.000000 -1.501903 2.504249
 76.000000 -1.319924 2.066934
 77.000000 -1.649993 2.403354
 78.000000 -1.663841 2.227623
 79.000000 -1.232776 2.730313
 80.000000 -0.845483 2.619266
 81.000000 -1.275959 2.646235
 82.000000 -0.646199 2.667822
 83.000000 -1.602130 2.831343
 84.000000 -1.027540 2.350566
 85.000000 -0.707782 2.323944
 86.000000 -1.286765 2.477018
 87.000000 -1.154456 2.473557
 88.000000 -0.644599 2.961143
 89.000000 -0.989794 2.926629
 90.000000 -1.097183 2.615383
 91.000000 -1.269508 2.671889
 92.000000 -0.983435 2.203916
 93.000000 -0.688416 2.194633
 94.000000 -1.230151 2.547967
 95.000000 -1.089363 2.133983
 96.000000 -1.117456 2.209744
 97.000000 -1.118996 2.652622
 98.000000 -1.122731 2.968432
 99.000000 -0.424629 2.418861
 100.000000 -1.057536 2.659465
 101.000000 -0.765797 2.459164
 102.000000 -1.314859 2.502649
 103.000000 -1.148171 2.588924
 104.000000 -0.821478 2.627481
 105.000000 -1.358094 2.754397
 106.000000 -1.027043 2.242420
 107.000000 -1.162804 2.269846
 108.000000 -2.342661 2.853464
 109.000000 -1.988755 2.892666
 110.000000 -2.610224 -3.031787
 111.000000 -2.276845 3.006403
 112.000000 -2.702470 2.916221
 113.000000 -1.480243 -2.798710
 114.000000 -2.492260 2.722704
 115.000000 -1.757061 2.754407
 116.000000 -1.382907 2.308371
 117.000000 -0.850258 2.290403
 118.000000 -0.833569 2.335389
 119.000000 -1.133975 2.490118
 120.000000 -1.154698 2.432997
 121.000000 -1.276906 2.840999
 122.000000 -1.067613 2.037671
 123.000000 -1.162136 2.699823
 124.000000 -1.130877 2.708548
 125.000000 -1.244206 2.866254
 126.000000 -1.043275 2.605059
 127.000000 -1.242392 2.321006
 128.000000 -1.175389 2.552336
 129.000000 -1.375068 2.963033
 130.000000 -1.277973 2.466701
 131.000000 -1.210938 2.383439
 132.000000 -1.433528 2.130966
 133.000000 -1.175450 2.251044
 134.000000 -1.087082 2.415472
 135.000000 -1.094941 2.576688
 136.000000 -1.238843 2.734806
 137.000000 -1.140416 2.424319
 138.000000 -0.640854 2.055422
 139.000000 -1.014471 2.556657
 140.000000 -1.917881 3.066524
 141.000000 -2.987949 2.759811
 142.000000 -2.725092 2.712521
 143.000000 -2.464250 2.768443
 144.000000 -1.727861 2.354415
 145.000000 -1.692478 2.095010
 146.000000 -2.067469 2.119973
 147.000000 -1.197435 2.095356
 148.000000 -1.232308 2.423505
 149.000000 -1.014121 2.283720
 150.000000 -0.824502 2.207570
 151.000000 -0.667052 2.523335
 152.000000 -1.092959 2.444520
 153.000000 -1.372977 1.995235
 154.000000 -1.309922 1.699745
 155.000000 -1.147677 2.606420
 156.000000 -0.985546 2.737376
 157.000000 -0.989907 2.198196
 158.000000 -1.130860 2.504259
 159.000000 -1.141121 2.521865
 160.000000 -1.885168 2.470983
 161.000000 -1.056199 2.665265
 162.000000 -1.976974 -2.593255
 163.000000 -2.318617 2.602256
 164.000000 -2.585102 -2.956604
 165.000000 -2.121902 2.472628
 166.000000 -2.100589 2.143589
 167.000000 -2.534911 2.514653
 168.000000 -1.511246 2.120815
 169.000000 -1.430773 2.295159
 170.000000 -1.068005 2.629819
 171.000000 -0.836360 2.467109
 172.000000 -1.347599 2.904018
 173.000000 -0.877086 2.638464
 174.000000 -0.972313 2.120877
 175.000000 -1.038406 2.344581
 176.000000 -1.248579 2.229424
 177.000000 -1.266880 2.481101
 178.000000 -0.994690 2.496777
 179.000000 -0.885510 2.240342
 180.000000 -1.129933 2.096521
 181.000000 -1.640737 2.726091
 182.000000 -2.895620 2.896931
 183.000000 -2.651318 2.819660
 184.000000 -2.528233 -2.197825
 185.000000 -1.840217 2.402776
 186.000000 -1.764672 2.961913
 187.000000 -1.325381 2.694623
 188.000000 -0.986930 2.558823
 189.000000 -1.387194 2.866586
 190.000000 -1.093636 2.569103
 191.000000 -1.349560 2.176485
 192.000000 -1.144094 2.512588
 193.000000 -2.569275 2.562140
 194.000000 -2.313673 2.484690
 195.000000 -2.316320 2.366078
 196.000000 -1.304318 2.583287
 197.000000 -2.771913 0.470856
 198.000000 -1.573444 -0.236959
 199.000000 -2.031773 0.022585
 200.000000 -1.935428 0.132026
 201.000000 -2.089307 0.375276
 202.000000 -1.608441 -0.360934
 203.000000 -1.826216 0.022818
 204.000000 -1.698450 -0.783920
 205.000000 -2.410412 0.326427
 206.000000 -2.282248 0.730158
 207.000000 -2.711919 1.444795
 208.000000 -2.104205 0.055391
 209.000000 -1.410338 -0.283543
 210.000000 -1.895417 -0.053933
 211.000000 -1.199517 -0.713118
 212.000000 -1.103329 -0.739388
 213.000000 -1.379090 -0.165399
 214.000000 -1.436580 -0.271960
 215.000000 -1.574008 -0.123496
 216.000000 -1.600853 0.236606
 217.000000 -1.262570 -0.329654
 218.000000 -1.109230 -0.701142
 219.000000 -2.025376 0.005952
 220.000000 -1.137252 -0.513331
 221.000000 -2.381695 -0.216753
 222.000000 -1.766842 -0.276686
 223.000000 -2.486867 0.595440
 224.000000 -1.236966 -0.569798
 225.000000 -1.165787 -0.600996
 226.000000 -1.615572 0.172161
 227.000000 -1.905017 -0.087754
 228.000000 -1.915338 0.475470
 229.000000 -1.598797 1.918296
 230.000000 -1.087565 2.452490
 231.000000 0.131343 2.039144
 232.000000 -1.032858 2.645503
 233.000000 -1.140557 2.474032
 234.000000 -1.206397 1.915690
 235.000000 -1.088202 2.682724
 236.000000 -1.581401 2.004540
 237.000000 -1.302360 2.236041
 238.000000 -1.103240 2.610253
 239.000000 -1.396048 2.723332
 240.000000 -1.062215 2.557001
 241.000000 -1.229215 2.717743
 242.000000 -0.985759 2.577675
 243.000000 -1.243569 2.239217
 244.000000 -2.166015 1.812604
 245.000000 -1.993963 2.163333
 246.000000 -1.040393 2.618022
 247.000000 -1.474499 2.359317
 248.000000 -1.385017 2.679003
 249.000000 -1.021879 1.882747
 250.000000 -1.259793 2.322856
 251.000000 -1.445601 2.460009
 252.000000 -2.579808 2.478942
 253.000000 -2.484718 2.847826
 254.000000 -2.348709 2.761328
 255.000000 -2.121610 2.462486
 256.000000 -2.929986 3.126856
 257.000000 -2.542410 2.486162
 258.000000 -2.573360 3.074115
 259.000000 -2.462004 -2.961073
 260.000000 -2.287004 2.845441
 261.000000 -1.227929 2.917956
 262.000000 -1.459203 2.482653
 263.000000 -2.668058 2.618064
 264.000000 -1.487242 2.573222
 265.000000 -1.193808 2.525867
 266.000000 -1.201821 2.814428
 267.000000 -1.190174 2.703418
 268.000000 -1.588412 2.646400
 269.000000 -1.580603 2.864560
 270.000000 -0.892909 2.328702
 271.000000 -1.368459 2.807549
 272.000000 -0.767194 2.192981
 273.000000 -1.253849 2.686461
 274.000000 -1.056589 2.703999
 275.000000 -1.003959 2.471132
 276.000000 -1.126488 2.613772
 277.000000 -0.781895 2.339722
 278.000000 -1.391392 2.671639
 279.000000 -1.013617 3.001813
 280.000000 -1.075292 2.709415
 281.000000 -0.848994 2.797304
 282.000000 -1.239750 2.574724
 283.000000 -1.356291 2.245890
 284.000000 -1.827565 2.762063
 285.000000 -1.851892 2.541580
 286.000000 -2.365251 2.162228
 287.000000 -2.259615 2.414736
 288.000000 -0.816519 2.475394
 289.000000 -1.226063 2.679348
 290.000000 -1.237941 2.333103
 291.000000 -0.601999 2.467289
 292.000000 -1.043165 2.417016
 293.000000 -2.424332 2.442066
 294.000000 -2.513268 2.606100
 295.000000 -2.652321 2.832403
 296.000000 -0.720438 2.510415
 297.000000 -2.211985 -3.006436
 298.000000 -2.756128 3.088005
 299.000000 2.906516 2.296417
 300.000000 -2.584092 2.809875
 301.000000 3.094257 2.134862
 302.000000 -1.536627 2.391611
 303.000000 -1.160319 2.510211
 304.000000 -0.669934 2.796194
 305.000000 -1.397264 2.895428
 306.000000 -1.135625 2.153681
 307.000000 -1.028764 2.588206
 308.000000 -1.134395 2.532601
 309.000000 -1.309435 2.553111
 310.000000 -1.242161 2.988333
 311.000000 -0.935833 2.501980
 312.000000 -1.090900 2.055699
 313.000000 -0.889851 2.122400
 314.000000 -1.091630 2.454617
 315.000000 -1.054431 2.529737
 316.000000 -1.015008 2.639908
 317.000000 -1.835325 2.615888
 318.000000 -1.575879 -3.097125
 319.000000 -1.276811 2.982674
 320.000000 -0.959275 2.440204
 321.000000 -1.137418 2.028471
 322.000000 -1.254076 2.204220
 323.000000 -1.119382 2.544665
 324.000000 -0.878445 2.793210
 325.000000 -1.360391 2.519337
 326.000000 -0.682054 2.721070
 327.000000 -1.343982 2.652495
 328.000000 -0.502043 2.539166
 329.000000 -1.055992 1.880316
 330.000000 -0.989977 2.125009
 331.000000 -2.460004 2.397541
 332.000000 -2.099562 2.257483
 333.000000 -1.283608 2.693297
 334.000000 -0.712012 2.755962
 335.000000 -1.092679 2.628116
 336.000000 -0.985557 2.616808
 337.000000 -1.038331 2.068025
 338.000000 -1.459299 2.640556
 339.000000 -1.415538 2.664339
 340.000000 -1.208318 2.597578
 341.000000 -2.315732 2.882976
 342.000000 -1.994526 2.421890
 343.000000 -1.215077 2.466623
 344.000000 -1.432034 2.619293
 345.000000 -1.231853 2.571352
 346.000000 -1.189307 2.354184
 347.000000 -1.434948 2.691755
 348.000000 -1.613420 2.988149
 349.000000 -0.978584 2.643185
 350.000000 -1.078680 2.506733
 351.000000 -0.987281 2.330565
 352.000000 -0.609998 2.283263
 353.000000 -1.211351 2.586948
 354.000000 -1.136996 2.683288
 355.000000 -0.514432 2.439201
 356.000000 -1.025158 2.226685
 357.000000 -1.240610 2.311942
 358.000000 -1.250362 2.627366
 359.000000 -1.210200 2.912622
 360.000000 -0.901486 2.755294
 361.000000 -1.006655 2.472696
 362.000000 -1.068116 2.438526
 363.000000 -1.207481 2.366078
 364.000000 -1.596248 2.205270
 365.000000 -1.110138 2.696677
 366.000000 -0.966174 2.601139
 367.000000 -1.019585 2.507639
 368.000000 -1.098193 2.725018
 369.000000 -1.615784 3.046408
 370.000000 -0.901282 2.518038
 371.000000 -1.942155 2.444021
 372.000000 -2.247172 2.504051
 373.000000 -1.959759 2.835099
 374.000000 -1.552911 2.765651
 375.000000 -1.659210 2.019393
 376.000000 -2.313384 2.421645
 377.000000 -2.612036 2.926907
 378.000000 -2.650813 2.610242
 379.000000 -2.787198 2.828689
 380.000000 -1.766826 2.845679
 381.000000 -1.513923 2.712633
 382.000000 -1.449167 2.433227
 383.000000 -1.146909 2.362377
 384.000000 -1.678859 2.718848
 385.000000 -1.194743 2.044659
 386.000000 -1.269182 2.758225
 387.000000 -1.841749 2.668085
 388.000000 -1.088565 2.730386
 389.000000 -1.309463 2.162967
 390.000000 -1.144968 2.531965
 391.000000 -1.164676 2.461924
 392.000000 -1.303118 1.823396
 393.000000 -1.016685 2.351973
 394.000000 -1.241382 2.549609
 395.000000 -1.237936 2.831997
 396.000000 -1.241215 2.157310
 397.000000 -3.004670 2.682418
 398.000000 -2.511860 2.457316
 399.000000 -2.531634 2.469219
 400.000000 -2.459358 2.801933
