#! FIELDS time phi psi
#! SET min_phi -pi
#! SET max_phi pi
#! SET min_psi -pi
#! SET max_psi pi
 0.000000 -2.005311 0.959405
 1.000000 -1.846992 1.260251
 2.000000 -2.612389 -0.475066
 3.000000 -3.082316 2.374580
 4.000000 -2.264370 2.914977
 5.000000 -2.175825 2.006526
 6.000000 -0.578574 2.228820
 7.000000 -0.946882 2.786911
 8.000000 -1.117375 2.605654
 9.000000 -0.995960 2.384109
 10.000000 -1.025763 2.482150
 11.000000 -0.242895 2.039949
 12.000000 -1.453095 2.186415
 13.000000 -1.545112 1.302667
 14.000000 -1.561277 2.252173
 15.000000 -1.083193 2.484245
 16.000000 -1.168555 2.517936
 17.000000 -1.063381 2.305657
 18.000000 -1.285005 3.108082
 19.000000 -0.935570 2.437620
 20.000000 -1.406274 2.924149
 21.000000 -1.266583 3.093936
 22.000000 -1.447024 2.794816
 23.000000 -0.877258 2.827204
 24.000000 -1.354350 2.604101
 25.000000 -1.683852 3.064185
 26.000000 -1.678614 2.466833
 27.000000 -2.305516 2.757515
 28.000000 -1.438189 2.692269
 29.000000 -2.123058 2.833554
 30.000000 -1.585662 2.833433
 31.000000 -1.613728 2.411101
 32.000000 -1.634507 1.942397
 33.000000 -2.721182 2.352204
 34.000000 -2.783171 2.566541
 35.000000 -2.576424 2.902763
 36.000000 -2.017503 2.384026
 37.000000 -2.301679 2.690762
 38.000000 -1.832567 2.354688
 39.000000 -1.176962 2.849758
 40.000000 -2.101185 2.375187
 41.000000 -1.050738 2.528578
 42.000000 -1.084140 2.626951
 43.000000 -1.086550 2.501427
 44.000000 -1.050373 2.386458
 45.000000 -1.735850 1.791967
 46.000000 -1.528937 2.406591
 47.000000 -1.151800 2.585458
 48.000000 -1.180746 2.978569
 49.000000 -1.322884 2.731113
 50.000000 -1.012701 2.308666
 51.000000 -1.530325 2.666659
 52.000000 -1.154806 2.271070
 53.000000 -0.984393 2.518445
 54.000000 -1.117135 2.336027
 55.000000 -1.659268 -3.135401
 56.000000 -1.260732 2.651154
 57.000000 -1.115764 2.526170
 58.000000 -1.237240 2.394435
 59.000000 -2.138359 2.760249
 60.000000 -2.364194 2.877105
 61.000000 -2.462237 2.393376
 62.000000 -2.723883 2.647286
 63.000000 -2.748908 2.687265
 64.000000 -2.617689 2.733840
 65.000000 -2.498844 2.537706
 66.000000 -2.552291 2.943533
 67.000000 -1.142656 2.329865
 68.000000 -0.915959 2.701874
 69.000000 -1.565169 2.681390
 70.000000 -1.685320 2.423699
 71.000000 -1.233413 2.679821
 72.000000 -1.717746 2.870956
 73.000000 -1.617070 2.003368
 74.000000 -2.030682 2.071455
 75.000000 -2.115347 2.021778
 76.000000 -1.334839 2.762350
 77.000000 -1.093133 2.596482
 78.000000 -0.758746 2.558409
 79.000000 -0.868139 2.478115
 80.000000 -1.285888 2.874509
 81.000000 -1.034579 2.538755
 82.000000 -1.117917 2.568630
 83.000000 -1.460106 2.715068
 84.000000 -1.069380 2.568728
 85.000000 -0.928698 2.589088
 86.000000 -1.030568 2.484391
 87.000000 -1.366078 2.713648
 88.000000 -0.957287 2.638731
 89.000000 -0.918134 2.474779
 90.000000 -0.828704 2.955958
 91.000000 -1.213831 2.219343
 92.000000 -1.183365 2.297786
 93.000000 -0.920340 2.033642
 94.000000 -1.210501 2.730542
 95.000000 -1.288351 2.594470
 96.000000 -1.265680 2.829967
 97.000000 -1.369809 2.002679
 98.000000 -1.559123 2.773844
 99.000000 -1.549306 2.436732
 100.000000 -0.750567 2.404739
 101.000000 -1.334770 2.899016
 102.000000 -0.975293 2.333429
 103.000000 -1.068980 2.426290
 104.000000 -1.184401 2.347888
 105.000000 -1.997133 2.736248
 106.000000 -2.101194 2.168723
 107.000000 -0.737965 1.941046
 108.000000 -1.260737 2.254806
 109.000000 -1.573983 2.801142
 110.000000 -2.682166 3.057595
 111.000000 -2.517314 2.519035
 112.000000 -1.658695 -2.738918
 113.000000 -2.594389 2.476325
 114.000000 -2.030464 2.324407
 115.000000 -1.659947 2.721044
 116.000000 -0.818434 2.742846
 117.000000 -0.954500 2.639963
 118.000000 -0.607464 2.595015
 119.000000 -1.334264 2.791564
 120.000000 -1.204528 2.517351
 121.000000 -1.346730 2.640860
 122.000000 -1.029733 2.674451
 123.000000 -1.703938 2.173105
 124.000000 -0.826020 2.435348
 125.000000 -0.888827 2.232121
 126.000000 -1.241331 2.607701
 127.000000 -1.160465 2.570063
 128.000000 -1.133470 2.374749
 129.000000 -1.366770 2.593280
 130.000000 -1.065679 2.474062
 131.000000 -1.105119 2.653436
 132.000000 -0.704885 2.435308
 133.000000 -0.796697 2.397858
 134.000000 -1.146706 2.262427
 135.000000 -0.888552 2.123590
 136.000000 -0.978261 2.473587
 137.000000 -1.052368 2.683951
 138.000000 -0.969049 2.454963
 139.000000 -1.847802 2.894090
 140.000000 -2.575494 2.746453
 141.000000 -2.810767 2.723698
 142.000000 -2.678807 2.811968
 143.000000 -2.305490 2.265190
 144.000000 -2.747984 2.733899
 145.000000 -1.509250 2.699571
 146.000000 -1.737192 2.491576
 147.000000 -0.952467 2.361610
 148.000000 -1.118224 2.799908
 149.000000 -1.171045 2.589176
 150.000000 -1.137114 2.389074
 151.000000 -1.285642 2.430541
 152.000000 -0.826434 2.381239
 153.000000 -0.644066 2.455547
 154.000000 -0.692836 2.171164
 155.000000 -1.497937 2.611727
 156.000000 -1.540043 2.590989
 157.000000 -0.994832 2.482800
 158.000000 -1.412307 2.597832
 159.000000 -1.061051 2.110439
 160.000000 -1.112493 2.655963
 161.000000 -1.371136 2.655546
 162.000000 -1.405874 2.398176
 163.000000 -1.238984 2.732895
 164.000000 -0.985645 2.818556
 165.000000 -1.423625 2.522726
 166.000000 -1.794639 2.030234
 167.000000 -1.037014 2.453636
 168.000000 -1.298288 2.672675
 169.000000 -1.038840 2.426782
 170.000000 -1.204031 2.525968
 171.000000 -1.587888 2.842352
 172.000000 -1.244319 2.158544
 173.000000 -1.159420 2.384038
 174.000000 -0.902984 2.386177
 175.000000 -0.821229 2.449094
 176.000000 -0.676860 2.899283
 177.000000 -1.265496 2.764085
 178.000000 -1.155836 2.360170
 179.000000 -1.211681 2.012104
 180.000000 -1.269716 2.680591
 181.000000 -1.222454 2.425271
 182.000000 -1.151622 2.394231
 183.000000 -1.153632 2.593417
 184.000000 -1.209537 2.190907
 185.000000 -1.043556 2.627854
 186.000000 -0.934573 2.462858
 187.000000 -0.566957 2.384936
 188.000000 -1.402002 2.431409
 189.000000 -0.992762 2.359520
 190.000000 -1.189724 2.435710
 191.000000 -1.334938 2.738796
 192.000000 -1.479556 2.876197
 193.000000 -1.161608 2.463758
 194.000000 -1.028564 2.476033
 195.000000 -1.034676 2.429706
 196.000000 -1.046705 2.646689
 197.000000 -1.202455 3.059474
 198.000000 -1.053531 2.489962
 199.000000 -1.618013 2.460566
 200.000000 -1.421778 2.233825
 201.000000 -1.450086 2.503506
 202.000000 -1.023764 1.812337
 203.000000 -1.525718 2.398955
 204.000000 -1.089162 2.558785
 205.000000 -1.202263 2.711798
 206.000000 -1.304173 2.904947
 207.000000 -1.198634 2.760782
 208.000000 -2.236063 2.820517
 209.000000 -1.386917 2.443578
 210.000000 -1.707908 2.614307
 211.000000 -1.639435 2.222450
 212.000000 -2.257682 2.937654
 213.000000 -1.415839 2.688813
 214.000000 -1.863573 2.803751
 215.000000 -2.709412 2.882396
 216.000000 -2.384638 2.791896
 217.000000 -1.134841 2.424110
 218.000000 -1.004350 2.576503
 219.000000 -1.302086 2.428646
 220.000000 -1.151366 2.390855
 221.000000 -1.368262 2.289161
 222.000000 -1.256369 2.631850
 223.000000 -1.536793 3.119365
 224.000000 -1.020716 2.413278
 225.000000 -0.758960 2.374024
 226.000000 -0.749594 2.631759
 227.000000 -0.343267 2.238236
 228.000000 0.034806 1.982905
 229.000000 -1.009417 2.690730
 230.000000 -1.651396 2.463838
 231.000000 -1.503807 2.221431
 232.000000 -1.303987 2.788176
 233.000000 -0.983430 2.638137
 234.000000 -1.219343 2.637731
 235.000000 -1.277681 2.850160
 236.000000 -0.861693 2.825086
 237.000000 -1.086007 2.465403
 238.000000 -1.170768 2.749847
 239.000000 -1.218450 2.612448
 240.000000 -1.098994 2.791328
 241.000000 -1.645616 2.152947
 242.000000 -0.862067 2.644104
 243.000000 -1.162676 2.495877
 244.000000 -1.086074 2.131938
 245.000000 -1.172600 2.628801
 246.000000 -0.933075 2.631786
 247.000000 -1.582663 2.704287
 248.000000 -0.928107 2.683653
 249.000000 -1.358672 2.825665
 250.000000 -1.177319 2.746226
 251.000000 -1.103632 2.529547
 252.000000 -1.194814 2.190196
 253.000000 -1.176965 1.755415
 254.000000 -1.514129 1.955078
 255.000000 -0.996718 2.520998
 256.000000 -1.160270 2.393140
 257.000000 -0.942546 2.022816
 258.000000 -1.403246 2.678052
 259.000000 -1.138987 2.563223
 260.000000 -1.383410 2.230000
 261.000000 -1.156147 2.591260
 262.000000 -1.117241 2.814326
 263.000000 -1.057091 2.373866
 264.000000 -1.365481 2.320655
 265.000000 -2.325016 2.925578
 266.000000 -1.884480 2.455205
 267.000000 -2.394328 2.781021
 268.000000 -1.480080 2.727348
 269.000000 -1.395477 2.271786
 270.000000 -2.581823 2.673791
 271.000000 -1.350060 2.063191
 272.000000 -1.435221 2.803156
 273.000000 -1.270190 1.904017
 274.000000 -1.085978 2.589889
 275.000000 -1.327778 3.105685
 276.000000 -1.473174 2.613468
 277.000000 -1.085266 2.695558
 278.000000 -1.064262 2.339113
 279.000000 -2.173321 2.759756
 280.000000 -2.241268 2.978643
 281.000000 -2.656895 2.647080
 282.000000 -1.269812 2.507298
 283.000000 -1.486784 2.857626
 284.000000 -1.417928 3.044723
 285.000000 -2.159411 2.590114
 286.000000 -2.019086 2.849186
 287.000000 -0.925664 2.214204
 288.000000 -1.175839 2.807785
 289.000000 -1.283928 2.637825
 290.000000 -1.030691 2.602116
 291.000000 -1.275506 2.785276
 292.000000 -0.877001 2.298289
 293.000000 -1.004771 3.087592
 294.000000 -1.187582 2.493110
 295.000000 -1.855993 2.771507
 296.000000 -2.438172 2.835965
 297.000000 -2.492592 -2.429378
 298.000000 -1.818868 -2.737362
 299.000000 -2.705317 2.890452
 300.000000 -2.524293 3.018976
 301.000000 -2.594297 2.807809
 302.000000 -2.878745 2.767552
 303.000000 -2.487490 2.348349
 304.000000 -2.442947 2.448827
 305.000000 -2.687813 2.924329
 306.000000 -2.421751 2.733619
 307.000000 -2.531166 2.343652
 308.000000 -2.800348 2.860302
 309.000000 -2.596971 2.626967
 310.000000 -2.378973 2.454673
 311.000000 -2.410865 2.956343
 312.000000 -2.405203 2.768526
 313.000000 -2.078295 2.068411
 314.000000 -2.823521 2.848826
 315.000000 -2.592872 2.989564
 316.000000 -2.499247 2.355240
 317.000000 -2.627895 2.648624
 318.000000 -3.028689 3.033408
 319.000000 -2.150018 2.766505
 320.000000 -2.944094 2.798722
 321.000000 -2.586850 2.828758
 322.000000 -2.713683 2.548465
 323.000000 -2.544922 2.719654
 324.000000 -2.223158 2.248153
 325.000000 -2.493230 2.398331
 326.000000 -2.196670 2.106002
 327.000000 -1.270947 2.217522
 328.000000 -2.721188 2.579003
 329.000000 -2.516659 2.560262
 330.000000 -2.287803 3.083292
 331.000000 -1.968702 2.346661
 332.000000 -2.353835 2.982121
 333.000000 -1.886588 2.925303
 334.000000 -0.994233 2.562035
 335.000000 -1.262723 2.692374
 336.000000 -2.529190 2.963734
 337.000000 -2.324518 2.876517
 338.000000 -1.947677 2.229607
 339.000000 -1.378993 2.229758
 340.000000 -2.460693 2.514625
 341.000000 -1.297473 2.262038
 342.000000 -1.069422 2.464948
 343.000000 -0.889382 2.335051
 344.000000 -1.653681 2.414305
 345.000000 -1.040077 2.405765
 346.000000 -2.361696 2.781860
 347.000000 -1.939600 1.950264
 348.000000 -1.332915 2.386411
 349.000000 -1.226340 2.599607
 350.000000 -1.625945 2.377965
 351.000000 -1.260337 2.221254
 352.000000 -1.246001 2.930543
 353.000000 -1.847584 1.987370
 354.000000 -1.284681 2.779546
 355.000000 -0.501115 2.370255
 356.000000 -1.319107 2.896738
 357.000000 -1.001938 2.625512
 358.000000 -1.012631 2.231329
 359.000000 -1.202058 2.340708
 360.000000 -1.414155 2.706790
 361.000000 -1.104144 2.499844
 362.000000 -0.566075 2.586111
 363.000000 -1.051839 2.570323
 364.000000 -0.979610 2.381368
 365.000000 -1.709312 2.514152
 366.000000 -1.508950 3.042998
 367.000000 -1.068064 2.456490
 368.000000 -0.891345 2.064026
 369.000000 -0.905949 2.358995
 370.000000 -1.090431 2.516825
 371.000000 -2.144600 2.847443
 372.000000 -1.410918 2.956893
 373.000000 -1.104415 2.489949
 374.000000 -0.877424 2.575546
 375.000000 -1.072066 2.659342
 376.000000 -0.812228 2.369023
 377.000000 -1.176296 2.560468
 378.000000 -1.121468 2.434217
 379.000000 -0.923149 2.726892
 380.000000 -0.834856 2.878050
 381.000000 -1.031229 2.535402
 382.000000 -0.927567 2.353460
 383.000000 -1.051617 2.545325
 384.000000 -1.478342 2.124483
 385.000000 -1.699977 2.499426
 386.000000 -2.155145 2.864313
 387.000000 -2.626703 2.346788
 388.000000 -2.296318 2.436885
 389.000000 -2.518213 2.585445
 390.000000 -2.865107 2.786126
 391.000000 -2.846198 2.740367
 392.000000 -2.751251 2.781777
 393.000000 -2.677954 2.537395
 394.000000 -2.881684 3.096709
 395.000000 -1.833874 2.863575
 396.000000 -1.911014 2.788733
 397.000000 -2.659860 2.908847
 398.000000 -1.412870 2.309255
 399.000000 -1.449576 2.343711
 400.000000 -1.799170 2.236904
