#! FIELDS time phi psi
#! SET min_phi -pi
#! SET max_phi pi
#! SET min_psi -pi
#! SET max_psi pi
 0.000000 3.104817 -0.951424
 1.000000 -1.969560 0.012936
 2.000000 -0.979419 -0.676704
 3.000000 -1.784623 -0.321910
 4.000000 -1.906459 0.371036
 5.000000 -1.914831 0.137520
 6.000000 -1.113504 -0.780592
 7.000000 -1.406934 -0.538704
 8.000000 -2.883933 0.475198
 9.000000 -1.716709 0.333517
 10.000000 -1.279985 -0.631961
 11.000000 -2.074646 0.137825
 12.000000 -1.586248 -0.253476
 13.000000 -1.235637 -0.674655
 14.000000 -1.355336 -0.339642
 15.000000 -1.912834 -0.471398
 16.000000 -1.229568 -0.659309
 17.000000 -1.178465 -0.456181
 18.000000 -1.355027 -0.434626
 19.000000 -0.933444 -0.664977
 20.000000 -1.152684 -0.555089
 21.000000 -1.221312 -0.786057
 22.000000 -1.762105 -0.044892
 23.000000 -1.031643 -0.664996
 24.000000 -1.867478 -0.063823
 25.000000 -1.503415 -0.128648
 26.000000 -1.247185 -0.302847
 27.000000 -0.914557 -0.767822
 28.000000 -0.974736 -0.732865
 29.000000 -1.557246 0.395839
 30.000000 -1.259191 -0.633151
 31.000000 -1.967059 0.130323
 32.000000 -1.597629 0.105605
 33.000000 -1.804872 0.262631
 34.000000 -1.701545 0.289358
 35.000000 -1.487147 0.258957
 36.000000 -2.352775 0.552514
 37.000000 -2.348941 -0.018207
 38.000000 -1.727840 -0.076458
 39.000000 -2.459003 0.322044
 40.000000 -2.540721 0.377896
 41.000000 -1.980180 0.153039
 42.000000 -1.691824 0.204656
 43.000000 -1.712313 0.271315
 44.000000 -1.995466 -0.156889
 45.000000 -1.436743 -0.292207
 46.000000 -1.430110 -0.538467
 47.000000 -1.439782 0.026341
 48.000000 -1.720327 -0.015957
 49.000000 -1.532706 -0.052003
 50.000000 -1.452035 -0.405693
 51.000000 -1.274382 -0.424273
 52.000000 -1.539816 -0.062606
 53.000000 -2.003716 0.139392
 54.000000 -1.295960 -0.754429
 55.000000 -1.566565 -0.818301
 56.000000 -1.731016 -1.037594
 57.000000 -2.530710 -1.453497
 58.000000 -2.079999 -1.367834
 59.000000 -2.828673 -1.118093
 60.000000 -2.687343 0.179593
 61.000000 -2.023136 -0.140672
 62.000000 -1.804005 0.014289
 63.000000 -1.475440 -0.048032
 64.000000 -1.129085 -0.303802
 65.000000 -1.974997 0.182323
 66.000000 -1.149703 -0.462865
 67.000000 -1.983550 0.351786
 68.000000 -1.160890 -0.604674
 69.000000 -1.592314 -0.228816
 70.000000 -1.418750 -0.388010
 71.000000 -1.240013 -0.554016
 72.000000 -1.070505 -0.875931
 73.000000 -1.461514 -0.219532
 74.000000 -1.652749 -0.171430
 75.000000 -1.058910 -0.765218
 76.000000 -1.266979 -0.340548
 77.000000 -1.059922 -0.835924
 78.000000 -1.134574 -0.743730
 79.000000 -1.585216 -0.264229
 80.000000 -2.651935 -0.002178
 81.000000 -2.430278 0.297384
 82.000000 -2.057694 0.000773
 83.000000 -2.801888 0.167053
 84.000000 -1.624934 -0.281338
 85.000000 -1.139576 -0.559073
 86.000000 -1.223749 -0.690358
 87.000000 -1.335101 -0.363063
 88.000000 -1.623136 -0.286915
 89.000000 -2.084569 -0.792396
 90.000000 -2.035059 -0.394734
 91.000000 -2.527340 0.050665
 92.000000 -1.907176 -0.162240
 93.000000 -1.703026 0.044348
 94.000000 -1.106470 -0.690793
 95.000000 -0.938527 -0.746849
 96.000000 -1.370490 -0.480935
 97.000000 -0.852207 -0.660348
 98.000000 -1.099763 -0.764953
 99.000000 -1.241127 -0.465984
 100.000000 -1.401434 -0.352279
 101.000000 -1.444660 -0.478976
 102.000000 -1.052350 -0.751497
 103.000000 -1.115405 -0.794835
 104.000000 -1.508684 0.130813
 105.000000 -2.068614 0.190822
 106.000000 -2.260782 2.255857
 107.000000 -1.740714 2.207166
 108.000000 -2.093099 2.559797
 109.000000 -1.093510 2.480377
 110.000000 -0.890885 2.453469
 111.000000 -1.119764 2.272343
 112.000000 -1.353405 2.791071
 113.000000 -1.199407 2.657215
 114.000000 -0.765228 2.026507
 115.000000 -1.117560 2.082184
 116.000000 -1.744920 2.598748
 117.000000 -1.194161 2.393407
 118.000000 -1.298836 2.537502
 119.000000 -2.235796 2.347443
 120.000000 -2.514346 2.613470
 121.000000 -1.981328 1.961269
 122.000000 -2.678917 2.833896
 123.000000 -2.095172 2.004899
 124.000000 -1.055495 2.636109
 125.000000 -1.158375 2.418819
 126.000000 -1.088224 2.592480
 127.000000 -1.149342 2.522261
 128.000000 -0.853829 2.505784
 129.000000 -2.262816 2.378471
 130.000000 -2.063272 3.043098
 131.000000 -1.023189 2.478366
 132.000000 -1.005888 2.720566
 133.000000 -1.256904 2.038520
 134.000000 -1.057546 2.369255
 135.000000 -1.248472 2.520994
 136.000000 -1.525803 2.501338
 137.000000 -0.980655 2.566887
 138.000000 -1.090203 2.604591
 139.000000 -1.284561 2.932721
 140.000000 -0.882429 2.456432
 141.000000 -1.166385 2.632861
 142.000000 -1.016330 1.928543
 143.000000 -1.041471 2.621785
 144.000000 -1.660219 2.868254
 145.000000 -0.942875 2.476405
 146.000000 -0.936853 2.432383
 147.000000 -1.121118 2.543789
 148.000000 -1.204527 2.058390
 149.000000 -1.387025 2.320544
 150.000000 -1.511904 2.601699
 151.000000 -2.413911 3.059937
 152.000000 -1.528461 2.877713
 153.000000 -1.083235 1.899129
 154.000000 -1.388040 2.487926
 155.000000 -1.267150 2.976498
 156.000000 -0.732479 2.297171
 157.000000 -0.980834 2.366153
 158.000000 -0.923223 2.558604
 159.000000 -1.495789 2.833139
 160.000000 -1.315727 2.339395
 161.000000 -0.987814 2.748626
 162.000000 -1.177846 2.627576
 163.000000 -2.156783 2.700438
 164.000000 -1.167119 2.522604
 165.000000 -1.475351 2.718147
 166.000000 -1.345103 2.945619
 167.000000 -1.315478 2.600105
 168.000000 -1.766893 2.636362
 169.000000 -1.405512 2.519953
 170.000000 -2.309518 2.711177
 171.000000 -2.682214 3.087521
 172.000000 -2.287728 2.819577
 173.000000 -2.420977 2.374042
 174.000000 -2.307407 2.338549
 175.000000 -1.172955 2.527711
 176.000000 -1.966833 2.648908
 177.000000 -1.770193 2.736823
 178.000000 -1.197697 2.545490
 179.000000 -1.203430 2.339994
 180.000000 -1.185783 2.181483
 181.000000 -0.839167 2.501688
 182.000000 -1.012231 2.517650
 183.000000 -2.150120 2.347449
 184.000000 -1.200652 2.256108
 185.000000 -1.243863 2.453886
 186.000000 -1.079341 2.711386
 187.000000 -0.758527 2.290134
 188.000000 -1.047627 2.562376
 189.000000 -1.067495 2.252657
 190.000000 -1.258565 2.131521
 191.000000 -1.049287 2.578284
 192.000000 -0.713538 2.680250
 193.000000 -1.324647 2.934612
 194.000000 -1.302546 2.422692
 195.000000 -1.163833 2.511276
 196.000000 -1.233164 2.674448
 197.000000 -1.111245 2.134018
 198.000000 -1.200246 2.823361
 199.000000 -1.191290 3.001278
 200.000000 -2.988578 2.793475
 201.000000 1.667877 2.416967
 202.000000 1.268916 -3.027270
 203.000000 1.268120 2.651974
 204.000000 0.877317 -3.119336
 205.000000 1.031926 -2.375061
 206.000000 0.875470 -2.547131
 207.000000 0.873403 -2.538374
 208.000000 1.128593 -2.707898
 209.000000 0.746607 -2.580388
 210.000000 0.900892 -2.249646
 211.000000 0.987856 -2.866362
 212.000000 0.988404 -3.006108
 213.000000 0.878752 -2.821038
 214.000000 0.724716 -2.583667
 215.000000 1.091102 2.944172
 216.000000 0.975654 -2.455287
 217.000000 0.982627 -2.588598
 218.000000 1.031464 -2.667365
 219.000000 0.991189 -2.423938
 220.000000 1.377236 2.661389
 221.000000 0.676746 -2.701030
 222.000000 0.933758 -2.863256
 223.000000 0.613965 -2.929456
 224.000000 0.718195 -2.879096
 225.000000 0.846815 -3.083782
 226.000000 1.047384 2.984522
 227.000000 1.127765 -2.781394
 228.000000 0.794618 -2.645300
 229.000000 0.748308 -2.357707
 230.000000 0.949638 -3.021133
 231.000000 0.813915 -2.746027
 232.000000 1.071994 2.652211
 233.000000 1.154696 -3.131788
 234.000000 1.420011 2.684821
 235.000000 1.276146 2.667751
 236.000000 0.795231 -2.453865
 237.000000 0.823763 -2.525946
 238.000000 1.049880 -2.689810
 239.000000 0.963098 -2.720415
 240.000000 0.766942 -2.703439
 241.000000 0.631123 -2.273525
 242.000000 0.753146 -2.507926
 243.000000 0.811443 -2.645278
 244.000000 1.040476 -2.783815
 245.000000 0.718173 -2.801126
 246.000000 0.902545 -3.082377
 247.000000 0.977344 2.740455
 248.000000 1.161450 2.995105
 249.000000 0.750244 -2.667346
 250.000000 0.809805 -2.478115
 251.000000 0.904904 -2.598454
 252.000000 1.026136 -2.766161
 253.000000 0.941302 2.968771
 254.000000 0.927088 -2.850865
 255.000000 0.879576 -2.828827
 256.000000 0.874983 -2.705335
 257.000000 1.115727 -2.965165
 258.000000 1.220400 -3.067380
 259.000000 1.069437 -2.950874
 260.000000 0.917489 -2.822460
 261.000000 0.960568 2.819156
 262.000000 0.963004 -3.118666
 263.000000 0.858880 -2.682814
 264.000000 1.045128 -3.050910
 265.000000 0.652349 -2.028346
 266.000000 0.780800 -2.428220
 267.000000 0.799180 -3.119667
 268.000000 0.811313 -2.275710
 269.000000 0.940357 -2.931120
 270.000000 1.133246 2.924500
 271.000000 1.310433 2.280433
 272.000000 1.194997 1.939842
 273.000000 1.765401 2.481325
 274.000000 1.157330 -3.016025
 275.000000 0.863364 -2.758937
 276.000000 1.002008 2.598439
 277.000000 1.447813 2.749417
 278.000000 1.400303 2.596100
 279.000000 0.978951 -3.048210
 280.000000 0.833138 -2.890090
 281.000000 0.956313 -2.972935
 282.000000 1.020122 -2.807808
 283.000000 1.641754 2.383331
 284.000000 1.130020 -2.934929
 285.000000 1.122533 -2.610028
 286.000000 0.968322 -2.889943
 287.000000 0.810861 -2.944178
 288.000000 1.044599 -2.822374
 289.000000 0.955862 -2.884048
 290.000000 0.900830 -2.887430
 291.000000 0.771532 -2.880195
 292.000000 1.048784 -3.055763
 293.000000 1.420377 2.855253
 294.000000 1.074663 1.831670
 295.000000 1.362359 1.920842
 296.000000 1.486295 1.752783
 297.000000 1.313525 1.935681
 298.000000 1.474191 1.841736
 299.000000 1.567348 1.817563
 300.000000 1.447543 2.335127
 301.000000 1.340506 2.571633
 302.000000 1.122873 -2.792749
 303.000000 0.939063 -2.652292
 304.000000 0.893311 -2.673557
 305.000000 1.170711 -2.763160
 306.000000 1.056227 -2.754364
 307.000000 0.993061 -3.033594
 308.000000 0.936589 -3.096560
 309.000000 1.057480 -2.839276
 310.000000 0.868609 -2.649091
 311.000000 0.823480 -2.350799
 312.000000 0.816593 -2.839409
 313.000000 0.974587 -2.420343
 314.000000 0.541626 -2.686561
 315.000000 0.787586 -2.773197
 316.000000 0.967645 -2.787438
 317.000000 1.085707 -2.733473
 318.000000 1.068233 -2.914638
 319.000000 1.164899 -2.562146
 320.000000 0.983916 -2.733089
 321.000000 0.904204 -2.739336
 322.000000 1.149876 -3.051715
 323.000000 0.593737 -2.637580
 324.000000 0.857564 -2.669013
 325.000000 1.033601 -2.442394
 326.000000 1.138233 3.042610
 327.000000 0.573940 -2.400620
 328.000000 0.923796 -2.636550
 329.000000 0.986274 -2.874113
 330.000000 0.891884 -2.990893
 331.000000 1.377603 2.714538
 332.000000 0.852487 -2.864864
 333.000000 0.982127 2.215737
 334.000000 1.192049 2.150674
 335.000000 1.082170 2.889694
 336.000000 1.144886 -2.408817
 337.000000 0.799076 -2.337150
 338.000000 0.966336 -2.344809
 339.000000 0.841623 -2.706873
 340.000000 1.457425 2.195131
 341.000000 1.312746 1.716421
 342.000000 0.900159 2.426807
 343.000000 1.415993 0.607572
 344.000000 1.105353 0.303089
 345.000000 1.068934 0.251220
 346.000000 1.257991 1.070549
 347.000000 1.031689 0.919871
 348.000000 1.231828 0.530087
 349.000000 1.646292 -0.465519
 350.000000 1.472001 0.697217
 351.000000 1.149659 0.822989
 352.000000 1.433416 0.366889
 353.000000 0.653692 1.286833
 354.000000 1.277577 0.586589
 355.000000 0.985112 0.466827
 356.000000 1.337157 0.443657
 357.000000 1.570366 0.567237
 358.000000 0.748497 0.618412
 359.000000 1.610752 0.635123
 360.000000 1.218019 0.774875
 361.000000 1.300549 0.893586
 362.000000 1.266800 0.415046
 363.000000 1.443443 0.673547
 364.000000 1.363373 0.503979
 365.000000 1.227540 0.292711
 366.000000 0.716292 0.807673
 367.000000 1.067959 0.595562
 368.000000 1.044175 0.538890
 369.000000 1.099613 0.561619
 370.000000 0.743778 0.903290
 371.000000 0.872394 0.945021
 372.000000 1.455604 0.749023
 373.000000 1.410714 0.366607
 374.000000 1.145249 0.436747
 375.000000 2.221030 -0.182382
 376.000000 1.746273 -0.107066
 377.000000 0.971395 0.753331
 378.000000 1.345856 0.095428
 379.000000 1.157030 0.474542
 380.000000 1.052963 0.368807
 381.000000 1.362584 0.636803
 382.000000 1.533184 0.475282
 383.000000 0.977403 0.956551
 384.000000 1.177607 0.521317
 385.000000 1.340493 0.508094
 386.000000 1.044951 0.609383
 387.000000 1.335359 0.701851
 388.000000 0.858705 1.253597
 389.000000 1.165007 1.081115
 390.000000 1.436779 0.782378
 391.000000 0.654360 1.273148
 392.000000 1.584529 2.187055
 393.000000 1.202285 1.735998
 394.000000 1.259077 2.244377
 395.000000 1.435829 2.038311
 396.000000 1.468027 2.410908
 397.000000 1.419673 2.882107
 398.000000 0.856663 -2.453602
 399.000000 0.718519 -2.531773
 400.000000 0.812211 -2.517709
