#! FIELDS time phi psi
#! SET min_phi -pi
#! SET max_phi pi
#! SET min_psi -pi
#! SET max_psi pi
 0.000000 -2.005311 0.959405
 1.000000 -2.595744 2.144324
 2.000000 -2.503945 2.061801
 3.000000 -2.596044 2.579062
 4.000000 -2.068011 2.313327
 5.000000 -1.586228 2.400678
 6.000000 -1.240565 2.644017
 7.000000 -0.833518 2.616019
 8.000000 -1.178402 2.656017
 9.000000 -2.420989 2.105441
 10.000000 -2.334967 2.601705
 11.000000 -2.625700 2.166989
 12.000000 2.869080 2.197850
 13.000000 2.899768 2.598256
 14.000000 3.035539 1.588570
 15.000000 -2.672881 2.156861
 16.000000 -2.272405 2.505112
 17.000000 -2.446921 2.718799
 18.000000 -2.028641 2.319143
 19.000000 -1.964169 2.354945
 20.000000 -2.940584 2.901877
 21.000000 -2.368542 2.572356
 22.000000 -2.616190 2.788786
 23.000000 -1.240565 2.507768
 24.000000 -1.549552 2.315902
 25.000000 -2.507598 2.983142
 26.000000 -2.203402 2.386248
 27.000000 -2.350833 2.654113
 28.000000 -2.322643 2.890732
 29.000000 -1.905209 2.570328
 30.000000 -2.257523 2.807820
 31.000000 -1.447812 3.003078
 32.000000 -1.502613 -1.609675
 33.000000 -1.682127 -1.426114
 34.000000 -2.820697 0.173193
 35.000000 -2.953166 0.449271
 36.000000 -2.529705 0.955003
 37.000000 -1.917324 0.123200
 38.000000 -1.331364 -0.390082
 39.000000 -1.067439 -0.699425
 40.000000 -1.206585 -0.639428
 41.000000 -1.232350 -0.675658
 42.000000 -1.393729 -0.601495
 43.000000 -1.793465 0.028318
 44.000000 -1.712128 0.010246
 45.000000 -1.661427 -0.025239
 46.000000 -0.974492 -0.733922
 47.000000 -0.852080 -1.004372
 48.000000 -0.845642 -0.823863
 49.000000 -0.954050 -0.592677
 50.000000 -1.688311 0.145047
 51.000000 -1.138848 0.606874
 52.000000 -1.548347 1.134845
 53.000000 -2.121047 0.234633
 54.000000 -2.252494 0.009559
 55.000000 -1.877141 0.010090
 56.000000 -1.028349 -0.698392
 57.000000 -1.136429 -0.747918
 58.000000 -0.873224 -0.729424
 59.000000 -1.042193 -0.896812
 60.000000 -1.212149 -0.825760
 61.000000 -1.192687 -0.432678
 62.000000 -1.148578 -0.628006
 63.000000 -1.867592 -0.204549
 64.000000 -1.719422 -0.039986
 65.000000 -1.731486 -0.021597
 66.000000 -2.151312 0.268820
 67.000000 -1.772179 0.086146
 68.000000 -1.138749 -0.501891
 69.000000 -1.834202 -0.603369
 70.000000 -2.117975 -0.478792
 71.000000 -1.854052 -0.287253
 72.000000 -2.025967 0.189116
 73.000000 -1.752725 -0.087456
 74.000000 -0.967199 -0.785408
 75.000000 -1.567232 -1.594458
 76.000000 -1.961339 -2.152525
 77.000000 -1.821988 2.633517
 78.000000 -2.385896 2.196903
 79.000000 -2.611021 2.369973
 80.000000 -0.957537 2.723508
 81.000000 -1.358989 1.975148
 82.000000 -1.256425 2.623881
 83.000000 -1.321832 2.505531
 84.000000 -1.002218 2.562989
 85.000000 -1.141054 2.696993
 86.000000 -1.048540 2.565715
 87.000000 -1.959778 2.824118
 88.000000 -1.159067 2.500435
 89.000000 -1.506906 2.764872
 90.000000 -0.982801 2.704407
 91.000000 -1.103923 2.181666
 92.000000 -1.399197 2.457580
 93.000000 -1.005732 2.230772
 94.000000 -1.136691 2.563948
 95.000000 -1.256573 2.560701
 96.000000 -1.554233 2.770132
 97.000000 -1.496930 2.251614
 98.000000 -0.928498 2.417745
 99.000000 -0.956655 2.655077
 100.000000 -1.456856 3.023116
 101.000000 -1.775663 2.516569
 102.000000 -2.518983 2.274594
 103.000000 -2.230511 2.600314
 104.000000 -2.644139 2.702931
 105.000000 -2.680466 2.861803
 106.000000 -2.707870 2.717335
 107.000000 -2.202959 2.516284
 108.000000 -1.166698 2.277976
 109.000000 -1.149617 2.450538
 110.000000 -0.873912 2.362825
 111.000000 -1.163480 2.162115
 112.000000 -1.351453 2.898653
 113.000000 -1.068648 2.603048
 114.000000 -1.036861 2.504865
 115.000000 -1.188130 2.116912
 116.000000 -1.826170 2.986017
 117.000000 -1.642183 2.848864
 118.000000 -1.767723 2.787620
 119.000000 -0.972248 2.288244
 120.000000 -1.813256 2.681408
 121.000000 -1.238084 2.637527
 122.000000 -1.143064 2.740253
 123.000000 -0.949518 2.379927
 124.000000 -1.061258 2.414964
 125.000000 -0.933457 2.893589
 126.000000 -1.576099 3.078791
 127.000000 -1.055156 2.620363
 128.000000 -1.380324 2.374737
 129.000000 -1.606859 2.567566
 130.000000 -1.091683 1.830224
 131.000000 -1.141726 2.395232
 132.000000 -1.290815 2.224177
 133.000000 -2.031310 2.737986
 134.000000 -0.964069 2.713178
 135.000000 -1.184070 2.434416
 136.000000 -1.178441 2.579747
 137.000000 -1.077516 2.428696
 138.000000 -1.056903 1.938709
 139.000000 -2.615661 2.593707
 140.000000 -2.504873 2.246986
 141.000000 -2.330550 2.524528
 142.000000 -2.165884 2.274743
 143.000000 -2.061116 2.339356
 144.000000 -2.460910 2.198701
 145.000000 -2.011665 2.154453
 146.000000 -2.744246 2.907536
 147.000000 -2.356144 3.028325
 148.000000 -2.631892 2.917868
 149.000000 -2.433323 2.767532
 150.000000 -2.735650 3.092750
 151.000000 -2.598729 3.031562
 152.000000 -1.884595 2.894833
 153.000000 -1.600912 2.898790
 154.000000 -1.379985 2.559425
 155.000000 -0.858294 2.480921
 156.000000 -1.149083 2.445490
 157.000000 -0.992895 2.628574
 158.000000 -1.288226 2.961607
 159.000000 -1.128266 2.612637
 160.000000 -1.070973 2.721142
 161.000000 -1.020621 2.586176
 162.000000 -0.971736 2.732186
 163.000000 -0.961379 2.383754
 164.000000 -0.960451 2.643797
 165.000000 -0.833832 2.316083
 166.000000 -1.183926 2.949122
 167.000000 -1.903536 2.796542
 168.000000 -1.873095 2.496933
 169.000000 -2.161480 2.495769
 170.000000 -1.968426 2.336740
 171.000000 -2.591144 2.718824
 172.000000 -1.021168 2.476093
 173.000000 -1.285548 2.671391
 174.000000 -1.078696 2.587015
 175.000000 -1.529904 3.055718
 176.000000 -1.303504 2.517094
 177.000000 -1.585127 1.973499
 178.000000 -1.196487 2.451026
 179.000000 -0.950733 2.336768
 180.000000 -1.179400 2.742760
 181.000000 -1.000711 2.461676
 182.000000 -1.076415 2.657970
 183.000000 -1.240139 2.346896
 184.000000 -1.004065 2.841414
 185.000000 -1.636651 2.962707
 186.000000 -1.667188 2.579869
 187.000000 -2.372599 3.129327
 188.000000 -2.458750 2.593983
 189.000000 -1.968197 2.424783
 190.000000 -1.756959 2.813961
 191.000000 -1.385775 2.405393
 192.000000 -1.632850 1.873501
 193.000000 -1.487936 2.606395
 194.000000 -1.823176 -2.809992
 195.000000 -2.092980 2.554232
 196.000000 -1.535315 2.916631
 197.000000 -0.891640 2.319640
 198.000000 -1.289580 2.603856
 199.000000 -1.207644 2.593459
 200.000000 -1.155859 2.448171
 201.000000 -2.659730 2.622248
 202.000000 -2.417115 2.919217
 203.000000 -1.116904 2.777097
 204.000000 -1.173168 2.747738
 205.000000 -1.022429 2.717947
 206.000000 -1.497362 1.974979
 207.000000 -1.273869 2.580624
 208.000000 -0.945518 2.367280
 209.000000 -1.100512 2.428953
 210.000000 -1.950077 2.381178
 211.000000 -0.991275 2.469232
 212.000000 -0.979101 2.842474
 213.000000 -1.330139 2.847873
 214.000000 -1.894071 2.361357
 215.000000 -2.315613 1.862944
 216.000000 -2.434967 2.508365
 217.000000 -2.797131 2.804991
 218.000000 -2.740328 2.928274
 219.000000 -2.509801 2.860283
 220.000000 -2.262567 2.565330
 221.000000 -2.549499 2.691579
 222.000000 -1.914003 2.253991
 223.000000 -2.124474 2.634874
 224.000000 -2.837332 2.983196
 225.000000 -1.170246 2.609276
 226.000000 -0.800549 2.575153
 227.000000 -1.421566 2.635230
 228.000000 -1.310051 2.686287
 229.000000 -2.066742 2.796805
 230.000000 -2.005869 2.159241
 231.000000 -1.703901 2.643643
 232.000000 -1.070988 2.500714
 233.000000 -1.474492 2.556917
 234.000000 -1.321208 2.459647
 235.000000 -0.515220 2.334770
 236.000000 -1.078015 2.461177
 237.000000 -1.422071 2.620656
 238.000000 -1.289801 3.049807
 239.000000 -1.186636 2.675888
 240.000000 -1.871176 2.498188
 241.000000 -1.355712 2.410785
 242.000000 -1.121737 2.505552
 243.000000 -2.154076 2.473509
 244.000000 -1.163361 2.697638
 245.000000 -1.339662 2.588546
 246.000000 -1.431994 2.279801
 247.000000 -1.189209 2.993531
 248.000000 -1.179820 2.632700
 249.000000 -1.403991 2.846984
 250.000000 -0.771081 2.617991
 251.000000 -1.211533 2.500911
 252.000000 -1.086423 2.461904
 253.000000 -0.600633 2.417103
 254.000000 -1.352345 2.955181
 255.000000 -1.080297 2.686328
 256.000000 -1.614974 2.369670
 257.000000 -1.108378 2.599595
 258.000000 -1.171447 2.294809
 259.000000 -1.341044 2.444753
 260.000000 -1.020215 2.534282
 261.000000 -1.753502 1.798365
 262.000000 -2.636826 2.284287
 263.000000 -1.949865 -3.070253
 264.000000 -2.631673 2.930461
 265.000000 -2.601518 2.281657
 266.000000 -2.241262 2.288443
 267.000000 -2.419771 2.846455
 268.000000 -2.626701 2.182168
 269.000000 -2.744328 2.556139
 270.000000 -1.795327 2.858288
 271.000000 -0.710628 2.650069
 272.000000 -1.008366 2.458832
 273.000000 -0.681584 2.397524
 274.000000 -0.889797 2.705771
 275.000000 -1.048214 2.479166
 276.000000 -1.278820 2.610373
 277.000000 -0.793884 2.821576
 278.000000 -0.716108 2.492424
 279.000000 -1.264001 2.535784
 280.000000 -1.050792 2.773723
 281.000000 -0.661511 2.645583
 282.000000 -0.998568 2.511804
 283.000000 -1.208759 2.626836
 284.000000 -1.067040 2.611510
 285.000000 -1.329436 2.526946
 286.000000 -2.472194 2.639590
 287.000000 -2.495991 2.604658
 288.000000 -1.708002 2.609270
 289.000000 -1.195517 2.849350
 290.000000 -1.330628 2.709175
 291.000000 -1.495062 2.297788
 292.000000 -2.246429 2.487765
 293.000000 -2.416099 2.437368
 294.000000 -2.127210 1.961433
 295.000000 -2.291687 2.320165
 296.000000 -2.888576 2.819606
 297.000000 -0.866211 2.753500
 298.000000 -0.970733 3.076596
 299.000000 -1.616271 2.652571
 300.000000 -1.963514 2.574855
 301.000000 -1.336683 2.530143
 302.000000 -2.632620 2.639299
 303.000000 -2.618100 2.786281
 304.000000 -2.134752 2.111682
 305.000000 -1.614014 2.922519
 306.000000 -1.321006 2.879823
 307.000000 -1.730161 2.696247
 308.000000 -2.360345 2.715480
 309.000000 -2.530761 2.855539
 310.000000 -2.054282 2.361204
 311.000000 -2.092783 2.898545
 312.000000 -1.286405 2.876341
 313.000000 -1.044318 2.478719
 314.000000 -1.231335 2.675067
 315.000000 -1.410528 2.364905
 316.000000 -2.698357 2.886872
 317.000000 -2.517854 2.723815
 318.000000 -2.846268 2.775550
 319.000000 -1.685241 2.500245
 320.000000 -1.558943 2.989521
 321.000000 -2.231423 2.012480
 322.000000 -1.938954 3.053228
 323.000000 -1.939966 2.694207
 324.000000 -1.099259 2.538558
 325.000000 -1.058115 2.778717
 326.000000 -0.930626 2.669391
 327.000000 -1.334024 2.621385
 328.000000 -1.022998 2.585743
 329.000000 -1.324188 2.557277
 330.000000 -0.803583 2.348393
 331.000000 -0.767650 2.456820
 332.000000 -1.183233 2.292420
 333.000000 -1.025527 2.878914
 334.000000 -0.978841 2.558904
 335.000000 -2.040559 2.655024
 336.000000 -1.243352 2.402636
 337.000000 -1.672343 2.673770
 338.000000 -2.306750 2.551330
 339.000000 -2.177492 3.104832
 340.000000 -2.763720 2.789650
 341.000000 -2.507891 2.571550
 342.000000 -2.153199 2.342363
 343.000000 3.094300 2.902948
 344.000000 -1.765821 2.818106
 345.000000 -1.244158 2.765882
 346.000000 -1.067456 2.454669
 347.000000 -1.311352 2.217685
 348.000000 -0.991138 2.492155
 349.000000 -1.003855 2.434095
 350.000000 -0.878423 2.488449
 351.000000 -1.895858 2.651554
 352.000000 -1.245673 2.820481
 353.000000 -1.357330 2.774901
 354.000000 -1.241840 2.444292
 355.000000 -2.304880 2.678013
 356.000000 -1.403893 2.697066
 357.000000 -1.930380 2.669365
 358.000000 -2.322317 3.027134
 359.000000 -2.656691 2.666656
 360.000000 -2.592076 2.247548
 361.000000 -2.740264 3.014541
 362.000000 -2.489402 2.689840
 363.000000 -2.614448 2.874286
 364.000000 -1.170288 2.765645
 365.000000 -1.451992 2.724170
 366.000000 -1.066128 2.418438
 367.000000 -0.994192 2.474932
 368.000000 -1.018694 1.976019
 369.000000 -0.862777 2.588723
 370.000000 -1.061849 2.834070
 371.000000 -0.783443 2.789102
 372.000000 -1.231108 2.658733
 373.000000 -1.487176 2.544763
 374.000000 -0.970264 2.364289
 375.000000 -1.095005 2.625938
 376.000000 -1.545325 2.710857
 377.000000 -1.143393 2.406091
 378.000000 -0.937669 2.495261
 379.000000 -1.586122 2.703238
 380.000000 -0.805738 2.433417
 381.000000 -1.099843 2.556446
 382.000000 -0.984318 2.566435
 383.000000 -1.470594 2.659235
 384.000000 -1.102124 2.517879
 385.000000 -1.115134 2.353161
 386.000000 -1.381335 2.374193
 387.000000 -1.696701 1.567948
 388.000000 -2.712865 2.922875
 389.000000 -2.878975 2.905977
 390.000000 -2.383787 2.547104
 391.000000 -1.912131 2.605126
 392.000000 -2.112879 2.550529
 393.000000 -2.045708 2.371102
 394.000000 -1.791760 2.043680
 395.000000 -1.794408 2.371478
 396.000000 -1.005691 2.583587
 397.000000 -1.675931 2.322958
 398.000000 -2.100332 2.180652
 399.000000 -2.222457 2.232244
 400.000000 -2.643462 2.325682
