#! FIELDS time phi psi
#! SET min_phi -pi
#! SET max_phi pi
#! SET min_psi -pi
#! SET max_psi pi
 0.000000 -1.201025 -0.818816
 1.000000 -1.366726 -0.484668
 2.000000 -1.888506 0.119542
 3.000000 -1.547959 -0.624625
 4.000000 -1.314041 -0.301930
 5.000000 -1.214353 -0.598104
 6.000000 -1.473220 -0.457722
 7.000000 -0.891840 -0.704248
 8.000000 -1.034387 -0.715976
 9.000000 -1.155599 -0.333987
 10.000000 -1.454501 -0.273627
 11.000000 -1.886424 0.261114
 12.000000 -2.352329 -0.261563
 13.000000 -2.562448 -0.457000
 14.000000 -2.874607 0.630945
 15.000000 -1.975913 -0.068920
 16.000000 -2.734129 0.382076
 17.000000 -1.425362 -0.126263
 18.000000 -1.365036 -0.046396
 19.000000 -1.766261 -0.284754
 20.000000 -2.056817 1.603401
 21.000000 -2.766964 2.762414
 22.000000 -2.335044 2.496476
 23.000000 -2.800467 3.056323
 24.000000 -2.250742 2.730915
 25.000000 -2.250964 2.708522
 26.000000 -2.286005 2.436962
 27.000000 -1.505220 2.936672
 28.000000 -1.295764 2.734568
 29.000000 -1.675486 1.973459
 30.000000 -1.107369 2.269952
 31.000000 -1.155734 2.371500
 32.000000 -1.146270 2.336458
 33.000000 -1.026570 2.510728
 34.000000 -1.127376 2.390070
 35.000000 -1.058470 2.346383
 36.000000 -1.319275 2.615867
 37.000000 -1.041704 2.460034
 38.000000 -1.121715 2.307524
 39.000000 -0.838947 2.943334
 40.000000 -1.043037 2.454293
 41.000000 -1.431515 2.341118
 42.000000 -1.870007 2.017581
 43.000000 -2.008633 2.470932
 44.000000 -1.809697 2.251043
 45.000000 -1.113027 2.395180
 46.000000 -1.226548 2.746780
 47.000000 -1.431939 2.703816
 48.000000 -1.331674 2.542966
 49.000000 -1.375283 2.304556
 50.000000 -1.414533 2.975061
 51.000000 -0.951586 2.306128
 52.000000 -1.771923 2.189511
 53.000000 -1.712195 2.780467
 54.000000 -1.810632 -2.890882
 55.000000 -1.031654 2.554584
 56.000000 -0.853232 2.083791
 57.000000 -1.390317 2.342990
 58.000000 -1.046616 2.657737
 59.000000 -1.023277 2.426195
 60.000000 -1.596047 2.381435
 61.000000 -1.060677 2.368779
 62.000000 -1.069315 2.537530
 63.000000 -0.957866 2.490658
 64.000000 -1.243305 2.444504
 65.000000 -1.188554 2.660657
 66.000000 -1.888898 2.829877
 67.000000 -2.137191 2.233537
 68.000000 -2.259125 2.250597
 69.000000 -2.007532 2.894570
 70.000000 -2.546853 2.328982
 71.000000 3.089738 2.042843
 72.000000 -3.095297 2.323568
 73.000000 -2.575936 2.308407
 74.000000 -2.263714 2.644850
 75.000000 -2.464271 2.919494
 76.000000 -2.343017 2.798223
 77.000000 -2.779180 2.965998
 78.000000 -2.536396 2.930235
 79.000000 -2.685517 2.877257
 80.000000 -1.837807 2.501928
 81.000000 -2.492234 2.526130
 82.000000 -2.710464 2.594836
 83.000000 -2.334377 2.921289
 84.000000 -2.944790 -2.936680
 85.000000 -2.259393 2.856382
 86.000000 -2.323029 2.890628
 87.000000 -0.933705 2.651897
 88.000000 -1.962401 2.779264
 89.000000 -1.192602 2.459170
 90.000000 -0.804685 2.621619
 91.000000 -0.899613 2.379009
 92.000000 -1.594432 2.482775
 93.000000 -1.157266 2.663785
 94.000000 -0.961636 2.495238
 95.000000 -1.004056 2.750447
 96.000000 -1.356903 2.582901
 97.000000 -0.570101 2.330353
 98.000000 -1.077645 2.219217
 99.000000 -1.089474 2.991606
 100.000000 -0.950608 2.666526
 101.000000 -0.979645 2.575666
 102.000000 -0.957103 2.490630
 103.000000 -1.356423 2.080622
 104.000000 -0.975718 2.524756
 105.000000 -1.020612 2.373461
 106.000000 -2.019010 2.827238
 107.000000 -1.738744 -2.844453
 108.000000 -1.050369 2.324985
 109.000000 -1.162136 2.527453
 110.000000 -0.872918 2.444065
 111.000000 -1.113925 2.784465
 112.000000 -1.262401 2.191897
 113.000000 -1.752058 2.635533
 114.000000 -0.944247 2.201461
 115.000000 -1.108157 2.635926
 116.000000 -1.315113 2.649681
 117.000000 -1.141947 2.108639
 118.000000 -1.778718 1.812458
 119.000000 -1.286392 2.451331
 120.000000 -1.095917 2.423300
 121.000000 -1.034508 2.325953
 122.000000 -1.018305 2.842471
 123.000000 -0.536105 2.316988
 124.000000 -0.642634 2.716592
 125.000000 -1.179929 2.642587
 126.000000 -1.522475 2.225393
 127.000000 -1.390705 2.203676
 128.000000 -1.137027 2.130293
 129.000000 -1.464970 2.195640
 130.000000 -1.770426 2.317082
 131.000000 -1.103246 2.161983
 132.000000 -1.037917 1.946192
 133.000000 -0.870738 2.910423
 134.000000 -1.156909 2.380819
 135.000000 -1.119206 2.710977
 136.000000 -1.270576 2.589073
 137.000000 -1.792029 2.292024
 138.000000 -2.353005 2.201201
 139.000000 -2.651576 2.645511
 140.000000 -2.415486 2.675783
 141.000000 -2.162299 2.344404
 142.000000 -1.510613 2.642872
 143.000000 -1.379317 2.513834
 144.000000 -2.501708 2.914117
 145.000000 -2.726279 2.720149
 146.000000 -2.548577 3.001674
 147.000000 -1.763211 2.647479
 148.000000 -1.224544 2.395661
 149.000000 -1.358285 2.816079
 150.000000 -1.123889 2.914060
 151.000000 -0.902988 2.718798
 152.000000 -0.652238 2.545007
 153.000000 -0.691671 2.368461
 154.000000 -1.541910 2.466177
 155.000000 -1.116892 2.313751
 156.000000 -0.627655 2.382286
 157.000000 -1.350268 2.502038
 158.000000 -1.090786 2.549398
 159.000000 -0.970430 2.370987
 160.000000 -0.950888 2.197760
 161.000000 -1.766100 2.910655
 162.000000 -1.078826 2.076715
 163.000000 -0.997617 2.110079
 164.000000 -1.692686 2.910474
 165.000000 -0.766456 2.441951
 166.000000 -1.020591 2.567557
 167.000000 -1.069806 2.667531
 168.000000 -0.811332 2.518838
 169.000000 -0.911894 2.499236
 170.000000 -0.954508 2.529051
 171.000000 -1.022044 2.669060
 172.000000 -1.011648 2.697895
 173.000000 -1.251685 2.411010
 174.000000 -2.170047 2.332093
 175.000000 -1.854678 1.981206
 176.000000 -1.850304 2.266884
 177.000000 -1.009849 2.860091
 178.000000 -0.912862 2.482301
 179.000000 -2.122444 2.964514
 180.000000 -1.261315 2.392612
 181.000000 -0.968479 2.580456
 182.000000 -1.123634 2.577565
 183.000000 -1.295656 2.737124
 184.000000 -1.597106 2.646370
 185.000000 -1.323068 2.378546
 186.000000 -2.642137 2.775805
 187.000000 -2.344388 2.077746
 188.000000 -2.190256 2.670780
 189.000000 -2.861989 2.735310
 190.000000 -2.105493 2.641261
 191.000000 -2.693297 2.905345
 192.000000 -2.505586 2.684503
 193.000000 -2.612288 -3.133244
 194.000000 -2.532013 2.546220
 195.000000 -2.427557 2.853808
 196.000000 -1.936122 2.641759
 197.000000 -2.589178 -2.843274
 198.000000 -2.554210 2.651007
 199.000000 -2.966684 1.975141
 200.000000 -2.407620 2.437700
 201.000000 -2.802207 -3.119877
 202.000000 -2.612206 2.684895
 203.000000 -2.238489 2.170138
 204.000000 -1.387876 2.369064
 205.000000 -2.085936 2.365233
 206.000000 -1.893746 2.491368
 207.000000 -1.338632 2.939097
 208.000000 -2.025746 2.889908
 209.000000 -2.937643 2.793680
 210.000000 -2.554939 2.754476
 211.000000 -2.532890 2.842187
 212.000000 -2.736220 2.831862
 213.000000 -2.485558 2.518139
 214.000000 -2.868160 3.025933
 215.000000 -2.879212 2.731460
 216.000000 -2.555633 2.650890
 217.000000 -1.212652 3.047773
 218.000000 -1.784888 2.299485
 219.000000 -1.692183 1.929353
 220.000000 -1.524473 2.672724
 221.000000 -1.025045 2.510097
 222.000000 -1.151017 2.256697
 223.000000 -1.080002 2.564358
 224.000000 -0.991491 2.391247
 225.000000 -1.574750 2.414532
 226.000000 -1.451798 1.437214
 227.000000 -1.269225 2.297038
 228.000000 -1.113846 2.512850
 229.000000 -0.738932 2.647999
 230.000000 -0.944333 2.520748
 231.000000 -1.976494 2.802854
 232.000000 -1.186408 2.810771
 233.000000 -1.313820 2.505744
 234.000000 -2.002565 2.184742
 235.000000 -1.353900 2.131721
 236.000000 -1.260429 2.437402
 237.000000 -1.944640 2.904637
 238.000000 -1.261602 2.481870
 239.000000 -1.145547 2.393999
 240.000000 -0.953730 2.592581
 241.000000 -1.047029 2.546568
 242.000000 -0.796050 2.594865
 243.000000 -1.889497 2.722796
 244.000000 -2.241750 -2.364306
 245.000000 -2.817097 2.775974
 246.000000 -2.582770 2.517149
 247.000000 -1.123641 2.443518
 248.000000 -1.222958 2.138491
 249.000000 -1.162729 2.572212
 250.000000 -1.236224 2.640087
 251.000000 -1.077538 2.496595
 252.000000 -1.372688 2.084205
 253.000000 -1.727074 -2.945850
 254.000000 -1.386424 2.521284
 255.000000 -1.037100 2.594971
 256.000000 -1.098458 2.511225
 257.000000 -1.088125 2.130954
 258.000000 -0.953183 2.408408
 259.000000 -1.429317 2.251239
 260.000000 -1.252552 2.250981
 261.000000 -1.942117 2.312030
 262.000000 -1.341797 2.165335
 263.000000 -0.895142 2.643733
 264.000000 -2.138147 2.212347
 265.000000 -2.001787 2.538618
 266.000000 -1.452887 2.851342
 267.000000 -0.915709 2.326297
 268.000000 -1.149827 2.538020
 269.000000 -0.751503 2.284816
 270.000000 -1.083593 2.693676
 271.000000 -1.031870 2.261222
 272.000000 -0.893776 2.673469
 273.000000 -0.961473 2.573222
 274.000000 -1.315927 3.053085
 275.000000 -1.045013 2.907224
 276.000000 -1.294334 2.357733
 277.000000 -1.297518 2.615146
 278.000000 -1.048698 2.634670
 279.000000 -0.827141 2.447449
 280.000000 -1.146741 2.863058
 281.000000 -1.201542 2.307358
 282.000000 -1.402127 3.055394
 283.000000 -1.751039 2.621504
 284.000000 -0.904868 2.216702
 285.000000 -1.362183 2.182873
 286.000000 -2.044028 2.240663
 287.000000 -0.868359 2.557561
 288.000000 -1.095336 2.284727
 289.000000 -0.646635 2.187239
 290.000000 -1.164402 2.485666
 291.000000 -0.653534 2.666354
 292.000000 -0.968440 2.982036
 293.000000 -0.962251 2.786024
 294.000000 -1.124049 2.611972
 295.000000 -1.191459 2.545122
 296.000000 -0.672047 2.783221
 297.000000 -0.979196 2.195694
 298.000000 -1.017081 2.659839
 299.000000 -0.693745 2.668862
 300.000000 -1.132444 2.829544
 301.000000 -1.020911 2.610718
 302.000000 -1.229086 2.413563
 303.000000 -2.853834 2.690348
 304.000000 -2.523172 2.725730
 305.000000 -1.875371 2.757221
 306.000000 -0.988434 2.416854
 307.000000 -1.109032 2.220989
 308.000000 -1.725793 2.368969
 309.000000 -2.202921 2.095708
 310.000000 -0.985194 2.425086
 311.000000 -0.459886 2.423384
 312.000000 -0.637853 2.630767
 313.000000 -1.249828 2.440352
 314.000000 -0.608525 2.238113
 315.000000 -0.776632 2.565161
 316.000000 -1.255283 2.108727
 317.000000 -1.066030 2.644209
 318.000000 -1.265403 2.694413
 319.000000 -1.033517 2.414212
 320.000000 -0.824896 2.615525
 321.000000 -1.386956 2.517933
 322.000000 -1.249699 2.063122
 323.000000 -0.596351 2.498043
 324.000000 -1.141540 2.136622
 325.000000 -0.984938 2.359472
 326.000000 -1.670936 2.456539
 327.000000 -2.424674 2.909012
 328.000000 -2.875245 3.015071
 329.000000 -1.972294 2.248051
 330.000000 -1.892430 2.450748
 331.000000 -1.176404 2.646284
 332.000000 -1.346155 2.384422
 333.000000 -1.033050 2.632587
 334.000000 -1.176170 2.779253
 335.000000 -1.382663 2.581084
 336.000000 -1.141768 2.273528
 337.000000 -1.212587 2.377482
 338.000000 -1.147768 2.297274
 339.000000 -0.722597 2.465104
 340.000000 -1.408497 2.390088
 341.000000 -1.489078 2.915258
 342.000000 -1.242637 2.434777
 343.000000 -1.597448 2.248113
 344.000000 -1.430340 2.314973
 345.000000 -1.112359 2.389697
 346.000000 -0.997728 2.415773
 347.000000 -0.958279 2.704529
 348.000000 -0.379166 2.131367
 349.000000 -0.889089 2.553641
 350.000000 -0.713539 2.243408
 351.000000 -1.066439 2.667212
 352.000000 -1.189128 2.609507
 353.000000 -0.996095 2.971234
 354.000000 -1.692073 1.717907
 355.000000 -1.208522 2.704061
 356.000000 -0.989105 2.528731
 357.000000 -1.073454 2.535434
 358.000000 -1.199072 2.562291
 359.000000 -0.898993 2.532909
 360.000000 -1.309935 2.547162
 361.000000 -1.465564 2.435742
 362.000000 -1.183687 2.876809
 363.000000 -1.060485 2.388144
 364.000000 -1.071752 2.026199
 365.000000 -1.136897 2.349908
 366.000000 -1.155804 2.574570
 367.000000 -1.178586 2.443078
 368.000000 -1.034613 2.233175
 369.000000 -0.928983 2.302570
 370.000000 -0.849751 2.502151
 371.000000 -1.203398 2.225181
 372.000000 -1.469315 2.713333
 373.000000 -0.862605 2.718741
 374.000000 -1.463160 2.700743
 375.000000 -2.606127 2.451320
 376.000000 -2.488762 3.096579
 377.000000 -2.587589 2.557211
 378.000000 -2.549619 2.458318
 379.000000 -2.502670 2.700907
 380.000000 -2.310217 2.689484
 381.000000 -2.858405 2.574657
 382.000000 -2.913866 2.992697
 383.000000 -2.169086 2.589462
 384.000000 -1.947544 2.631795
 385.000000 -1.911045 2.787738
 386.000000 -0.677470 2.782722
 387.000000 -0.837735 2.618140
 388.000000 -1.163686 2.444868
 389.000000 -1.182522 2.436630
 390.000000 -1.519315 1.981763
 391.000000 -1.079217 2.778324
 392.000000 -1.370424 2.760853
 393.000000 -1.000900 2.384389
 394.000000 -1.356683 2.920660
 395.000000 -1.056763 2.432318
 396.000000 -1.094325 2.363094
 397.000000 -0.981350 2.735912
 398.000000 -1.117467 2.532419
 399.000000 -1.277589 2.910761
 400.000000 -0.900884 2.526217
