#! FIELDS time phi psi
#! SET min_phi -pi
#! SET max_phi pi
#! SET min_psi -pi
#! SET max_psi pi
 0.000000 0.842523 0.838725
 1.000000 0.964902 0.518129
 2.000000 1.147318 1.318887
 3.000000 1.471373 0.521050
 4.000000 1.324741 0.526400
 5.000000 1.265453 0.376250
 6.000000 1.322261 0.175045
 7.000000 1.446443 0.451784
 8.000000 1.300094 0.150558
 9.000000 1.553574 0.033682
 10.000000 1.427554 0.180094
 11.000000 1.393628 0.742183
 12.000000 1.178809 0.973847
 13.000000 0.905595 0.587324
 14.000000 0.834423 1.037092
 15.000000 1.181300 1.067901
 16.000000 1.234774 0.256281
 17.000000 1.401511 0.472304
 18.000000 1.687684 0.632032
 19.000000 1.292737 0.291398
 20.000000 1.552156 0.522290
 21.000000 1.142320 0.885704
 22.000000 0.768120 0.791771
 23.000000 1.056334 0.431323
 24.000000 1.437816 0.177984
 25.000000 1.880644 0.125924
 26.000000 1.524380 0.665924
 27.000000 1.238646 0.349150
 28.000000 1.054923 0.433274
 29.000000 1.319223 0.315457
 30.000000 1.435872 0.295695
 31.000000 1.245272 -0.376683
 32.000000 0.689915 0.664327
 33.000000 1.280890 0.707086
 34.000000 0.962370 1.206166
 35.000000 1.208897 0.369770
 36.000000 1.421183 0.506860
 37.000000 1.427234 0.676284
 38.000000 0.929532 0.942012
 39.000000 0.428886 1.229052
 40.000000 1.208179 0.663231
 41.000000 1.107240 1.257276
 42.000000 1.185453 0.442406
 43.000000 1.222339 0.522611
 44.000000 1.332274 0.235137
 45.000000 1.359642 0.363579
 46.000000 1.227999 1.131866
 47.000000 1.346150 1.497832
 48.000000 1.118626 2.165268
 49.000000 1.177702 2.157764
 50.000000 1.152071 2.898752
 51.000000 1.282023 2.490368
 52.000000 0.856751 -3.026307
 53.000000 0.969108 -2.562975
 54.000000 0.805992 -2.661082
 55.000000 1.037246 -2.776499
 56.000000 0.653556 -2.611559
 57.000000 1.059036 -2.635553
 58.000000 0.717730 -2.545001
 59.000000 0.957371 3.133838
 60.000000 0.836856 -3.109514
 61.000000 0.955279 -2.789358
 62.000000 0.829728 -2.572511
 63.000000 0.836883 -2.933291
 64.000000 0.598537 -2.884238
 65.000000 1.199488 2.867238
 66.000000 0.690452 -2.706115
 67.000000 0.921546 -2.900461
 68.000000 0.967477 -2.841458
 69.000000 0.985121 -2.821775
 70.000000 0.999446 -2.912558
 71.000000 1.389155 -3.104849
 72.000000 0.912634 3.111969
 73.000000 0.991661 -2.774033
 74.000000 0.799293 -2.548331
 75.000000 0.900095 -2.554514
 76.000000 1.165668 -3.096335
 77.000000 0.854686 -2.774995
 78.000000 0.792733 -2.194287
 79.000000 0.810026 -2.623738
 80.000000 0.997784 3.014367
 81.000000 0.931416 -2.925478
 82.000000 1.170957 2.639350
 83.000000 1.122435 -2.970399
 84.000000 1.170965 2.847050
 85.000000 0.940200 -3.066912
 86.000000 0.967231 -2.578587
 87.000000 0.732017 -2.779998
 88.000000 1.234903 2.881136
 89.000000 0.858166 -2.858483
 90.000000 0.859140 -2.631456
 91.000000 0.694203 -2.545852
 92.000000 0.806428 -2.578390
 93.000000 0.796315 -2.234872
 94.000000 1.065756 -2.637467
 95.000000 1.347641 2.957682
 96.000000 1.240050 2.677923
 97.000000 1.284349 2.638965
 98.000000 1.200538 2.007381
 99.000000 1.161979 2.064537
 100.000000 1.124101 2.854510
 101.000000 0.948165 -2.503850
 102.000000 0.740122 3.132169
 103.000000 1.005387 -2.703984
 104.000000 1.020758 -2.936094
 105.000000 0.921294 -2.845567
 106.000000 0.986138 -2.845798
 107.000000 1.131495 -2.827150
 108.000000 0.847390 -3.010197
 109.000000 1.325582 -2.990556
 110.000000 1.165646 2.474880
 111.000000 1.297208 2.499769
 112.000000 0.995950 -3.078784
 113.000000 0.855990 -2.557415
 114.000000 0.990653 -3.094055
 115.000000 1.007865 -2.795529
 116.000000 1.222628 -2.921195
 117.000000 0.990430 -2.509401
 118.000000 0.865995 -2.811397
 119.000000 0.901130 -2.880743
 120.000000 1.058034 2.964155
 121.000000 1.313483 2.281594
 122.000000 1.341668 2.584662
 123.000000 1.000892 3.027883
 124.000000 1.101362 2.012774
 125.000000 1.303135 2.456651
 126.000000 1.184762 2.535254
 127.000000 0.777330 -2.776845
 128.000000 0.879335 -2.443619
 129.000000 0.854079 -2.577807
 130.000000 1.149675 -2.836283
 131.000000 0.703927 -2.404169
 132.000000 0.729703 -2.522334
 133.000000 0.688094 -2.529465
 134.000000 0.813715 -1.806488
 135.000000 0.881976 -2.522853
 136.000000 1.071832 2.937299
 137.000000 1.485362 2.420115
 138.000000 1.589205 0.922505
 139.000000 1.601923 0.508817
 140.000000 0.669849 1.251924
 141.000000 0.664213 0.972892
 142.000000 1.200441 0.312599
 143.000000 1.376509 0.140684
 144.000000 1.006903 0.400647
 145.000000 1.203976 0.605467
 146.000000 1.379466 0.242323
 147.000000 1.335504 0.629207
 148.000000 0.926982 0.592324
 149.000000 1.383662 0.183834
 150.000000 1.178133 0.414913
 151.000000 1.325485 0.239730
 152.000000 1.318756 0.369381
 153.000000 0.783877 0.858967
 154.000000 0.969810 0.840389
 155.000000 1.257476 2.045404
 156.000000 1.177140 2.168996
 157.000000 1.198184 1.552730
 158.000000 1.266619 2.103906
 159.000000 0.680945 1.406553
 160.000000 1.248042 0.892477
 161.000000 1.519517 0.490618
 162.000000 0.805326 0.708933
 163.000000 1.157728 2.206265
 164.000000 1.288141 2.331464
 165.000000 1.083881 0.936390
 166.000000 1.600561 0.506327
 167.000000 1.216151 0.316519
 168.000000 1.538451 0.610339
 169.000000 1.617783 0.560619
 170.000000 2.077901 -0.174795
 171.000000 1.300390 0.412220
 172.000000 0.836147 0.683094
 173.000000 1.828580 0.242760
 174.000000 1.206535 0.609073
 175.000000 0.947286 1.137220
 176.000000 1.367992 0.119909
 177.000000 1.472794 0.788892
 178.000000 1.488619 0.400780
 179.000000 0.719388 0.680511
 180.000000 1.166508 0.932032
 181.000000 0.587939 1.392928
 182.000000 0.918328 0.665328
 183.000000 1.095533 0.783008
 184.000000 1.300196 0.487599
 185.000000 1.135109 0.554750
 186.000000 1.412317 0.296173
 187.000000 1.136653 0.564534
 188.000000 0.789871 1.310031
 189.000000 1.401220 0.409683
 190.000000 0.838281 0.745260
 191.000000 1.129730 0.450681
 192.000000 1.288055 -0.060969
 193.000000 1.060108 0.638623
 194.000000 1.550651 -0.095718
 195.000000 0.965989 0.480848
 196.000000 1.284283 0.161833
 197.000000 0.841776 0.815043
 198.000000 1.382822 0.500374
 199.000000 1.348989 0.314984
 200.000000 1.293303 -0.054375
 201.000000 1.303310 0.625647
 202.000000 1.669678 0.574801
 203.000000 0.933684 0.806115
 204.000000 1.585359 0.350550
 205.000000 0.810264 0.734332
 206.000000 1.668419 0.092394
 207.000000 1.471273 0.031554
 208.000000 0.881985 0.512788
 209.000000 1.102387 0.366992
 210.000000 1.159908 0.592695
 211.000000 1.059626 0.351142
 212.000000 0.511879 1.147563
 213.000000 1.442898 1.083379
 214.000000 0.866721 0.795894
 215.000000 1.352276 0.558812
 216.000000 1.438651 0.467661
 217.000000 0.929949 0.612245
 218.000000 1.477411 0.780193
 219.000000 1.225297 0.572758
 220.000000 1.063793 0.323626
 221.000000 1.213808 0.634160
 222.000000 1.340543 0.130153
 223.000000 1.173259 0.585119
 224.000000 0.641838 0.913453
 225.000000 1.430089 0.291655
 226.000000 1.459004 0.537629
 227.000000 1.331587 1.418073
 228.000000 0.871660 1.419513
 229.000000 1.450179 0.988563
 230.000000 0.692696 0.978959
 231.000000 1.566788 0.482904
 232.000000 1.387764 0.030009
 233.000000 1.387042 0.760665
 234.000000 0.569294 0.802457
 235.000000 1.332683 0.383814
 236.000000 0.976614 1.365570
 237.000000 0.846617 0.856982
 238.000000 1.679425 0.105011
 239.000000 1.234247 0.596951
 240.000000 1.412440 0.484006
 241.000000 1.509159 0.743708
 242.000000 1.173424 0.737123
 243.000000 1.493837 0.161124
 244.000000 1.541392 -0.508260
 245.000000 1.108004 -0.095425
 246.000000 1.452556 0.190069
 247.000000 1.459760 0.313189
 248.000000 1.622504 0.697839
 249.000000 1.465701 0.342854
 250.000000 1.152097 0.475470
 251.000000 1.455767 0.526505
 252.000000 1.558833 0.369371
 253.000000 1.377901 0.566318
 254.000000 1.038327 1.126514
 255.000000 0.903630 0.514903
 256.000000 1.265067 0.388634
 257.000000 1.441940 0.558282
 258.000000 1.266468 0.452809
 259.000000 0.964655 0.755980
 260.000000 1.423082 0.505675
 261.000000 0.968147 0.721031
 262.000000 1.505983 0.574757
 263.000000 1.221365 0.311751
 264.000000 1.108680 0.416566
 265.000000 1.270544 0.471023
 266.000000 1.085954 0.920648
 267.000000 1.083300 0.462236
 268.000000 1.450248 0.381085
 269.000000 1.463773 0.521826
 270.000000 1.341062 0.412041
 271.000000 1.489952 0.727338
 272.000000 1.730310 0.466214
 273.000000 1.419172 0.215186
 274.000000 1.323562 -0.942971
 275.000000 1.492740 0.198295
 276.000000 1.548314 0.818381
 277.000000 1.459301 0.267169
 278.000000 0.605671 1.130867
 279.000000 0.492573 1.080324
 280.000000 1.167593 0.613383
 281.000000 1.249573 0.958443
 282.000000 1.191049 0.767659
 283.000000 1.555941 0.205181
 284.000000 1.373190 0.533537
 285.000000 1.020793 0.499666
 286.000000 1.169508 -0.415933
 287.000000 1.191773 0.213461
 288.000000 1.624753 0.261218
 289.000000 1.308738 0.671259
 290.000000 1.206904 0.688773
 291.000000 1.258884 0.816043
 292.000000 0.962782 1.128039
 293.000000 1.057238 0.866043
 294.000000 1.446612 0.780742
 295.000000 1.736578 0.131026
 296.000000 1.408062 0.527972
 297.000000 0.568725 1.247908
 298.000000 0.914054 0.686271
 299.000000 1.344286 0.515382
 300.000000 0.771390 0.845879
 301.000000 1.612936 0.227247
 302.000000 1.130936 0.053018
 303.000000 0.748407 0.689401
 304.000000 1.522181 0.007888
 305.000000 1.333600 1.986298
 306.000000 1.898539 1.825818
 307.000000 1.361402 1.364934
 308.000000 1.096907 0.461294
 309.000000 1.426826 0.214558
 310.000000 0.886932 0.555177
 311.000000 1.226683 0.488040
 312.000000 1.346661 0.648171
 313.000000 1.267278 0.121415
 314.000000 1.106470 0.611772
 315.000000 0.908955 0.605141
 316.000000 1.280741 0.677067
 317.000000 0.879913 0.857105
 318.000000 0.773075 1.031265
 319.000000 1.360171 1.444023
 320.000000 1.075049 1.165324
 321.000000 1.526945 0.212666
 322.000000 0.913899 1.336700
 323.000000 0.310462 1.777034
 324.000000 0.986019 0.840830
 325.000000 0.602931 1.719323
 326.000000 1.390568 2.043422
 327.000000 1.198263 2.166363
 328.000000 1.265512 2.243555
 329.000000 1.165132 2.382833
 330.000000 1.237749 2.276503
 331.000000 1.644571 2.385696
 332.000000 1.088236 -2.604942
 333.000000 1.429956 2.690230
 334.000000 1.100073 -2.845251
 335.000000 0.888666 -3.040683
 336.000000 1.041182 -3.072821
 337.000000 0.977618 -2.671710
 338.000000 0.673619 -2.678766
 339.000000 1.201329 -2.621830
 340.000000 0.938009 3.024487
 341.000000 0.847456 -2.813031
 342.000000 1.161499 2.541408
 343.000000 1.050010 2.532227
 344.000000 1.072483 2.789060
 345.000000 1.192456 3.000385
 346.000000 1.049079 -2.387241
 347.000000 1.112824 2.644800
 348.000000 0.932454 -2.990760
 349.000000 0.950747 -2.999207
 350.000000 1.021579 -2.839147
 351.000000 0.709912 -2.612083
 352.000000 0.891333 -2.540741
 353.000000 0.941207 -2.580505
 354.000000 1.326532 -2.556052
 355.000000 0.946359 -2.384014
 356.000000 0.989296 -2.248584
 357.000000 0.913487 -2.643609
 358.000000 1.126547 -2.940656
 359.000000 0.997807 -3.057495
 360.000000 0.993989 -2.819544
 361.000000 0.949935 -2.615688
 362.000000 1.138883 3.011627
 363.000000 0.763963 -2.582965
 364.000000 0.945364 -3.129443
 365.000000 0.787465 -2.216111
 366.000000 0.979496 -2.911166
 367.000000 0.837404 -2.271374
 368.000000 0.748891 -3.015128
 369.000000 1.024131 -2.420495
 370.000000 1.106400 -2.398280
 371.000000 0.882159 -2.424407
 372.000000 1.232873 -2.829050
 373.000000 0.988157 -3.040185
 374.000000 0.854074 -2.992486
 375.000000 0.987955 -2.894821
 376.000000 1.465387 2.798602
 377.000000 1.024251 -2.767187
 378.000000 0.917677 3.018158
 379.000000 0.907991 -2.876075
 380.000000 1.038884 -3.069931
 381.000000 1.204871 2.611448
 382.000000 1.389929 2.597306
 383.000000 0.836094 -2.793276
 384.000000 0.995666 3.107795
 385.000000 0.724397 -2.236082
 386.000000 0.788143 -2.768836
 387.000000 0.870925 -2.820289
 388.000000 0.868898 -3.016687
 389.000000 1.063746 -2.617359
 390.000000 0.479182 -2.458120
 391.000000 0.974455 -3.127653
 392.000000 0.834806 -2.824365
 393.000000 1.137976 -2.781277
 394.000000 1.063341 -2.411650
 395.000000 1.291119 3.058346
 396.000000 0.938930 -2.901590
 397.000000 0.774782 -2.715484
 398.000000 0.707897 -2.749491
 399.000000 0.901703 3.019359
 400.000000 0.993423 -2.806508
