#! FIELDS time phi psi
#! SET min_phi -pi
#! SET max_phi pi
#! SET min_psi -pi
#! SET max_psi pi
 0.000000 -1.201025 -0.818816
 1.000000 -0.700404 -0.972843
 2.000000 -1.721445 -0.421943
 3.000000 -2.225445 -0.199446
 4.000000 -1.579378 -0.064792
 5.000000 -1.702078 -0.132205
 6.000000 -1.282033 -0.086367
 7.000000 -1.806626 -0.097834
 8.000000 -1.992727 0.380623
 9.000000 -1.642243 0.063102
 10.000000 -1.780630 0.087919
 11.000000 -1.827256 -0.141575
 12.000000 -1.521655 -0.468001
 13.000000 -2.031502 0.586541
 14.000000 -2.257051 0.093973
 15.000000 -1.268006 -0.594864
 16.000000 -1.123500 -0.576018
 17.000000 -1.770487 -0.114683
 18.000000 -1.522079 -0.052119
 19.000000 -2.013630 0.357845
 20.000000 -2.046294 0.183459
 21.000000 -1.760417 -0.157806
 22.000000 -2.104437 0.066651
 23.000000 -1.409516 -0.275601
 24.000000 -2.107810 0.201964
 25.000000 -3.077762 1.763861
 26.000000 -2.877487 0.443232
 27.000000 -2.557259 1.056291
 28.000000 -1.959742 0.394346
 29.000000 -1.196554 -0.523725
 30.000000 -1.828312 0.413519
 31.000000 -1.192149 -0.319493
 32.000000 -1.011995 -0.818131
 33.000000 -1.062729 -0.686653
 34.000000 -1.187051 -0.493489
 35.000000 -1.315861 -0.208025
 36.000000 -1.304654 -0.536125
 37.000000 -1.171126 -0.589328
 38.000000 -1.343333 -0.427781
 39.000000 -1.669880 -0.142876
 40.000000 -2.078401 0.001465
 41.000000 -2.786154 0.387680
 42.000000 -1.018393 -0.789640
 43.000000 -1.088422 -0.653767
 44.000000 -0.980751 -0.839968
 45.000000 -1.695041 -0.490504
 46.000000 -1.706989 0.463698
 47.000000 -1.474038 -0.738394
 48.000000 -1.940946 0.110156
 49.000000 -1.439569 -0.814973
 50.000000 -1.044779 -0.839617
 51.000000 -1.711316 -0.042908
 52.000000 -2.031941 -0.243826
 53.000000 -1.868819 0.100025
 54.000000 -2.516112 1.050093
 55.000000 -2.520718 0.089400
 56.000000 -3.086401 0.469535
 57.000000 3.136157 -0.001751
 58.000000 -2.444862 0.775616
 59.000000 -2.237994 0.243178
 60.000000 -1.909895 -0.000252
 61.000000 -2.291257 0.313503
 62.000000 -1.699748 0.183379
 63.000000 -2.044231 0.461667
 64.000000 -2.075090 -0.171360
 65.000000 -2.028586 -0.122921
 66.000000 -2.196535 -0.369002
 67.000000 -2.383129 -0.089492
 68.000000 -1.738283 -0.060022
 69.000000 -1.771507 0.447972
 70.000000 -2.012520 0.670844
 71.000000 -2.546967 0.911294
 72.000000 -1.663005 0.257828
 73.000000 -1.203633 -0.030277
 74.000000 -1.104691 -0.656549
 75.000000 -1.622161 0.004634
 76.000000 -0.469481 -0.960334
 77.000000 -2.114277 0.107482
 78.000000 -1.276645 -0.447965
 79.000000 -1.584739 -0.043313
 80.000000 -1.864235 0.247102
 81.000000 -1.745078 -0.061990
 82.000000 -1.442473 0.511347
 83.000000 -1.876855 0.232898
 84.000000 -1.429495 -0.499659
 85.000000 -0.916769 -0.492927
 86.000000 -1.095772 -0.607546
 87.000000 -1.090195 -0.866951
 88.000000 -1.198461 -0.961352
 89.000000 -1.232538 -0.547854
 90.000000 -1.024383 -0.797052
 91.000000 -1.138333 -0.773497
 92.000000 -1.205774 -0.835860
 93.000000 -1.814640 -0.739205
 94.000000 -1.259195 -0.634577
 95.000000 -1.155416 -0.639992
 96.000000 -1.054007 -0.593875
 97.000000 -1.558984 -0.293515
 98.000000 -1.886701 -0.073510
 99.000000 -2.366555 0.235149
 100.000000 -1.915592 -0.067569
 101.000000 -2.220570 0.342974
 102.000000 -1.777555 -0.007971
 103.000000 -1.863930 0.242321
 104.000000 -1.791116 0.570751
 105.000000 -2.010114 0.365867
 106.000000 -1.768408 -0.225243
 107.000000 -1.044241 -0.633616
 108.000000 -2.671916 0.116692
 109.000000 -2.059147 0.259129
 110.000000 -1.865824 0.439124
 111.000000 -1.539812 0.197258
 112.000000 -0.901610 -0.705740
 113.000000 -1.093569 -0.803433
 114.000000 -1.065144 -0.612967
 115.000000 -1.082819 -0.709222
 116.000000 -2.069315 0.050317
 117.000000 -2.524880 1.028516
 118.000000 -2.757212 -0.456513
 119.000000 -1.119679 -1.006227
 120.000000 -1.385073 -0.016235
 121.000000 -1.086549 -0.301120
 122.000000 -1.234952 -0.349881
 123.000000 -1.808740 0.313945
 124.000000 -1.922627 -0.043958
 125.000000 -1.936441 0.050797
 126.000000 -1.943749 0.103076
 127.000000 -2.806799 0.250857
 128.000000 -2.205336 0.035406
 129.000000 -1.229874 -0.433719
 130.000000 -2.148205 0.196048
 131.000000 -1.291553 -0.437260
 132.000000 -1.768860 0.322727
 133.000000 -1.362896 -0.391127
 134.000000 -1.576791 -0.019013
 135.000000 -1.201315 -0.781621
 136.000000 -2.289439 -1.101210
 137.000000 -3.035966 -1.097366
 138.000000 -1.864619 0.393832
 139.000000 -1.739535 -0.014495
 140.000000 -2.419523 -0.071088
 141.000000 -2.564588 0.565896
 142.000000 -3.060345 1.876226
 143.000000 2.637309 2.224785
 144.000000 -2.761821 2.685885
 145.000000 -1.825228 2.608704
 146.000000 -1.198045 2.006199
 147.000000 -1.295515 1.277027
 148.000000 -1.533063 1.727772
 149.000000 -2.641165 2.831034
 150.000000 -2.484402 2.478315
 151.000000 -2.714946 2.473912
 152.000000 -1.362233 2.720699
 153.000000 -2.470102 -2.472870
 154.000000 -2.396407 2.735058
 155.000000 -2.825519 2.523914
 156.000000 -2.187567 2.465343
 157.000000 -2.356112 2.644670
 158.000000 -2.557109 2.515629
 159.000000 -2.363183 2.799833
 160.000000 -2.523593 2.729276
 161.000000 -2.588703 2.764462
 162.000000 -2.425957 2.183992
 163.000000 -2.042136 2.202718
 164.000000 -2.712458 2.688313
 165.000000 -2.464963 2.599392
 166.000000 2.365408 2.050827
 167.000000 1.483124 1.720071
 168.000000 1.184317 2.044903
 169.000000 1.237526 2.199926
 170.000000 1.391092 2.300212
 171.000000 1.010236 2.939131
 172.000000 1.394059 2.553417
 173.000000 0.864329 2.842639
 174.000000 1.324677 2.592142
 175.000000 0.730346 -2.690661
 176.000000 0.848417 -2.050151
 177.000000 1.333516 -0.693927
 178.000000 1.196709 -1.478454
 179.000000 1.426765 0.642360
 180.000000 0.781925 0.772297
 181.000000 1.480375 0.220570
 182.000000 0.947497 0.392409
 183.000000 1.514686 0.281424
 184.000000 0.588218 0.817581
 185.000000 -0.038271 1.720344
 186.000000 1.071846 0.658136
 187.000000 1.483648 0.091148
 188.000000 0.886806 1.050315
 189.000000 1.494370 0.915541
 190.000000 0.303165 1.280557
 191.000000 0.855641 0.569566
 192.000000 1.572936 0.354976
 193.000000 0.919954 0.865277
 194.000000 0.529894 0.740040
 195.000000 1.466249 0.255592
 196.000000 1.270105 0.629858
 197.000000 1.420324 0.930654
 198.000000 1.194797 0.574416
 199.000000 1.664096 0.656470
 200.000000 1.188297 0.514275
 201.000000 1.100084 1.034927
 202.000000 1.340807 0.371055
 203.000000 1.115249 0.417314
 204.000000 0.841523 1.015563
 205.000000 1.184707 1.201573
 206.000000 1.114525 1.888229
 207.000000 1.621335 1.955529
 208.000000 1.224838 1.801561
 209.000000 0.876292 -2.525187
 210.000000 1.048903 -2.906877
 211.000000 1.053133 -2.930207
 212.000000 0.949612 -3.033984
 213.000000 0.794663 -2.290706
 214.000000 0.698664 -2.619531
 215.000000 0.942082 3.071437
 216.000000 1.091939 2.492897
 217.000000 1.229452 2.976478
 218.000000 1.083793 2.737891
 219.000000 0.965451 3.053376
 220.000000 1.090750 2.144682
 221.000000 1.625802 2.480925
 222.000000 0.932971 2.996455
 223.000000 1.049090 3.127418
 224.000000 1.012803 -2.889212
 225.000000 1.214137 -3.116256
 226.000000 1.342882 2.622891
 227.000000 1.025750 -2.863760
 228.000000 1.040013 -2.657127
 229.000000 0.872310 -2.460589
 230.000000 0.993357 -2.794404
 231.000000 1.176148 3.077862
 232.000000 2.349020 2.517793
 233.000000 -2.821197 2.778534
 234.000000 -2.823455 2.946972
 235.000000 -2.903696 3.014578
 236.000000 -2.413262 2.597060
 237.000000 -1.388056 3.049799
 238.000000 -1.110118 2.657984
 239.000000 -1.186234 2.335688
 240.000000 -0.734017 2.195056
 241.000000 -1.073364 2.697827
 242.000000 -1.241401 2.896583
 243.000000 -2.370487 2.712531
 244.000000 -1.116629 2.629031
 245.000000 -1.179771 2.397041
 246.000000 -1.605590 2.982826
 247.000000 -0.927696 2.537286
 248.000000 -1.008634 2.368261
 249.000000 -0.933029 2.305935
 250.000000 -1.128358 2.585839
 251.000000 -0.984243 2.357395
 252.000000 -1.336809 2.164761
 253.000000 -0.979600 2.426916
 254.000000 -0.438776 2.197640
 255.000000 -0.973945 2.536796
 256.000000 -1.104395 2.116451
 257.000000 -1.521617 2.175233
 258.000000 -1.093824 2.635081
 259.000000 -0.834289 2.795564
 260.000000 -1.620500 2.977932
 261.000000 -1.211752 2.485587
 262.000000 -1.316047 2.565947
 263.000000 -0.931985 2.365326
 264.000000 -1.546378 2.256419
 265.000000 -0.479047 2.090938
 266.000000 -1.049881 1.945311
 267.000000 -1.040687 2.708856
 268.000000 -1.131139 2.682098
 269.000000 -1.075464 1.855508
 270.000000 -1.151507 2.514612
 271.000000 -1.062799 2.684444
 272.000000 -0.437308 2.321738
 273.000000 -1.261574 2.650504
 274.000000 -1.000405 2.753493
 275.000000 -1.247592 2.547885
 276.000000 -2.477971 2.659981
 277.000000 -2.198619 2.551034
 278.000000 -1.696064 2.871765
 279.000000 -2.418103 2.793210
 280.000000 -2.347288 2.692705
 281.000000 -2.702593 3.037010
 282.000000 -2.935168 2.622728
 283.000000 -2.268982 2.706333
 284.000000 -2.095413 2.286504
 285.000000 -0.998518 2.484907
 286.000000 -1.021506 2.369921
 287.000000 -0.881444 2.585676
 288.000000 -0.612021 2.507881
 289.000000 -0.849900 2.405364
 290.000000 -1.178028 2.826805
 291.000000 -1.675089 2.135742
 292.000000 -1.655003 1.859271
 293.000000 -1.386953 3.046488
 294.000000 -0.615068 2.378256
 295.000000 -1.098058 2.008681
 296.000000 -2.492062 2.603378
 297.000000 -1.690837 2.078196
 298.000000 -1.947519 1.987135
 299.000000 -1.237782 2.946464
 300.000000 -1.444686 2.846181
 301.000000 -0.965816 2.629751
 302.000000 -1.254662 2.386452
 303.000000 -0.814197 2.003110
 304.000000 -0.696089 2.539524
 305.000000 -1.368521 2.718317
 306.000000 -1.175889 2.308681
 307.000000 -2.570696 2.634035
 308.000000 -2.753416 2.627446
 309.000000 -2.658083 2.650726
 310.000000 -2.368911 3.053277
 311.000000 -2.480076 3.005394
 312.000000 -2.740066 2.146085
 313.000000 -2.137566 2.295298
 314.000000 -2.378902 2.506061
 315.000000 -2.101219 2.655593
 316.000000 -1.610520 2.137582
 317.000000 -0.891963 2.470359
 318.000000 -1.198275 2.363211
 319.000000 -0.786018 2.664090
 320.000000 -1.112855 2.540870
 321.000000 -1.158820 2.714973
 322.000000 -1.251384 2.386363
 323.000000 -1.432070 2.264222
 324.000000 -1.635270 2.755787
 325.000000 -0.591809 2.450200
 326.000000 -1.368382 2.479198
 327.000000 -1.084490 2.544549
 328.000000 -1.967304 2.303221
 329.000000 -1.107266 2.264098
 330.000000 -1.336135 2.493712
 331.000000 -0.778453 2.109011
 332.000000 -1.765110 2.519181
 333.000000 -1.390415 2.770677
 334.000000 -1.113726 2.652997
 335.000000 -1.008444 2.185496
 336.000000 -0.850185 2.458424
 337.000000 -1.537227 1.961770
 338.000000 -1.092660 2.375252
 339.000000 -1.153392 2.213949
 340.000000 -0.925329 2.704640
 341.000000 -0.757770 2.324958
 342.000000 -0.714383 2.629087
 343.000000 -1.118471 2.569895
 344.000000 -0.742375 2.608321
 345.000000 -0.577489 2.700581
 346.000000 -0.863759 2.753602
 347.000000 -1.137941 2.525785
 348.000000 -1.555357 2.071974
 349.000000 -0.956676 1.760394
 350.000000 -1.367190 2.254020
 351.000000 -1.010683 2.550014
 352.000000 -0.680131 2.646267
 353.000000 -0.838438 2.729229
 354.000000 -1.053682 2.382045
 355.000000 -1.237894 2.584507
 356.000000 -2.824767 2.827613
 357.000000 -2.716724 -3.133302
 358.000000 -1.782435 2.360860
 359.000000 -1.894988 2.048585
 360.000000 -2.643552 2.626918
 361.000000 -2.737076 2.486605
 362.000000 -2.216837 2.861772
 363.000000 -2.213999 3.047510
 364.000000 -2.583585 2.606413
 365.000000 -2.416611 2.940855
 366.000000 -2.757443 2.852355
 367.000000 -1.501439 2.824649
 368.000000 -1.878036 2.798094
 369.000000 -1.056152 2.235901
 370.000000 -2.509642 2.937959
 371.000000 -1.707152 2.673411
 372.000000 -2.449099 2.672850
 373.000000 -2.680709 2.619892
 374.000000 -2.626103 3.050720
 375.000000 -2.298856 2.827856
 376.000000 -2.203015 2.118645
 377.000000 -2.319971 2.776275
 378.000000 -2.537366 2.743706
 379.000000 -3.043925 2.827519
 380.000000 -2.789691 -2.891301
 381.000000 -2.210365 2.615365
 382.000000 -1.274330 2.955263
 383.000000 -1.100379 2.678969
 384.000000 -0.913749 2.433068
 385.000000 -1.321923 2.531058
 386.000000 -0.908174 2.778020
 387.000000 -1.011894 2.329096
 388.000000 -1.118279 2.502786
 389.000000 -0.948516 2.269723
 390.000000 -0.767763 2.244839
 391.000000 -1.098903 2.445111
 392.000000 -1.356848 2.415733
 393.000000 -1.292103 2.735281
 394.000000 -1.032279 2.681870
 395.000000 -0.943748 2.850597
 396.000000 -1.066759 2.630453
 397.000000 -0.804559 2.943770
 398.000000 -1.556544 -2.452563
 399.000000 -2.227214 2.179245
 400.000000 -1.410846 2.966234
