#! FIELDS time phi psi
#! SET min_phi -pi
#! SET max_phi pi
#! SET min_psi -pi
#! SET max_psi pi
 0.000000 1.427279 2.645265
 1.000000 1.282208 2.276312
 2.000000 1.436950 2.491102
 3.000000 0.909906 -2.899970
 4.000000 0.894114 -2.371326
 5.000000 1.129649 3.084950
 6.000000 0.712945 -2.579606
 7.000000 1.036237 2.034697
 8.000000 1.834472 2.033373
 9.000000 1.353114 0.625729
 10.000000 1.566205 0.147279
 11.000000 1.354412 0.398701
 12.000000 1.276265 0.910022
 13.000000 1.028321 0.400671
 14.000000 1.392676 0.299713
 15.000000 1.587760 0.707274
 16.000000 1.652403 0.397136
 17.000000 0.512788 0.803612
 18.000000 1.056361 0.266970
 19.000000 1.037888 0.649172
 20.000000 1.442741 0.406819
 21.000000 1.335487 0.475796
 22.000000 1.229076 0.354575
 23.000000 1.287956 0.202540
 24.000000 0.766052 0.691539
 25.000000 1.357087 0.246909
 26.000000 1.353972 0.588073
 27.000000 0.990750 0.467445
 28.000000 1.297550 0.697671
 29.000000 1.214902 1.995814
 30.000000 1.080761 2.978082
 31.000000 0.843540 -2.569276
 32.000000 0.653572 -2.444168
 33.000000 0.924553 -2.568708
 34.000000 0.894052 -2.712002
 35.000000 1.090722 3.062758
 36.000000 1.248975 -3.078885
 37.000000 0.824331 2.976592
 38.000000 1.007219 -3.084468
 39.000000 1.097475 -2.910362
 40.000000 0.992466 -2.558033
 41.000000 1.282021 2.729388
 42.000000 1.386529 2.673667
 43.000000 1.142483 2.980523
 44.000000 1.047558 -3.017842
 45.000000 0.849885 -2.605538
 46.000000 0.905678 -2.942673
 47.000000 1.198566 -2.984240
 48.000000 0.781881 -2.486277
 49.000000 0.916719 -2.931480
 50.000000 0.926751 -2.514750
 51.000000 1.522577 -2.806460
 52.000000 1.677584 2.224318
 53.000000 1.399404 1.970681
 54.000000 1.170255 0.925270
 55.000000 1.470570 0.278103
 56.000000 1.171009 0.273463
 57.000000 1.318424 0.525727
 58.000000 1.199031 0.521454
 59.000000 1.068217 0.514038
 60.000000 1.244499 0.525757
 61.000000 1.344652 0.392263
 62.000000 1.325151 0.325584
 63.000000 1.391972 0.011820
 64.000000 0.613296 0.903366
 65.000000 1.917952 0.618200
 66.000000 1.320617 0.476446
 67.000000 0.571756 1.273333
 68.000000 1.398312 0.854716
 69.000000 1.129587 0.305057
 70.000000 1.242277 1.002777
 71.000000 1.415806 0.400368
 72.000000 1.351881 0.706522
 73.000000 1.390183 0.619118
 74.000000 1.122187 0.864266
 75.000000 1.347764 0.476673
 76.000000 1.079946 0.383176
 77.000000 1.275130 0.930967
 78.000000 1.155224 0.548545
 79.000000 1.164042 0.350586
 80.000000 0.636277 0.642036
 81.000000 1.775517 0.516110
 82.000000 0.766586 0.625733
 83.000000 0.885247 0.369576
 84.000000 0.773306 0.633366
 85.000000 1.261639 0.497744
 86.000000 1.039186 0.516266
 87.000000 1.574327 0.589686
 88.000000 0.837258 1.170379
 89.000000 1.545735 0.560197
 90.000000 1.403335 0.161018
 91.000000 1.505214 0.391151
 92.000000 1.482182 0.658705
 93.000000 1.571888 0.752596
 94.000000 1.367110 0.233688
 95.000000 1.609651 0.323421
 96.000000 1.472461 0.426337
 97.000000 1.462016 0.193015
 98.000000 1.387339 0.653671
 99.000000 1.217983 0.455465
 100.000000 1.087478 0.282401
 101.000000 1.409891 0.397477
 102.000000 1.263505 0.300816
 103.000000 1.249499 0.213380
 104.000000 1.235195 0.782425
 105.000000 1.837329 0.250832
 106.000000 1.100825 0.528116
 107.000000 1.909682 0.201401
 108.000000 1.356230 0.289262
 109.000000 1.177212 0.532873
 110.000000 1.498079 0.737258
 111.000000 1.426301 0.308323
 112.000000 1.377819 0.862456
 113.000000 1.583006 0.383343
 114.000000 1.219804 0.700584
 115.000000 0.613086 0.965980
 116.000000 1.485080 0.524153
 117.000000 0.539860 1.100625
 118.000000 0.379987 1.709790
 119.000000 1.461043 0.476362
 120.000000 1.323984 0.576794
 121.000000 0.916497 0.077711
 122.000000 1.309213 0.478931
 123.000000 1.187343 0.506818
 124.000000 1.157199 0.384985
 125.000000 1.139649 0.234700
 126.000000 1.495628 0.339004
 127.000000 1.068035 0.441755
 128.000000 1.437917 0.430289
 129.000000 1.309659 0.605905
 130.000000 1.359704 0.449595
 131.000000 1.482070 0.542910
 132.000000 1.623579 0.681510
 133.000000 1.457679 0.438738
 134.000000 1.283430 0.412450
 135.000000 1.262863 0.357311
 136.000000 1.272926 0.465823
 137.000000 1.494970 0.532635
 138.000000 1.264945 0.497595
 139.000000 1.692851 0.551275
 140.000000 1.325134 0.525689
 141.000000 1.347593 0.375820
 142.000000 0.567143 1.145420
 143.000000 0.687149 0.851793
 144.000000 1.215725 0.454327
 145.000000 1.293402 0.492731
 146.000000 1.520496 0.422704
 147.000000 1.381895 1.641387
 148.000000 1.222882 0.432239
 149.000000 1.236781 1.259395
 150.000000 1.083009 1.118478
 151.000000 0.950577 1.177180
 152.000000 1.246805 0.307860
 153.000000 1.613450 0.578359
 154.000000 1.481451 0.298098
 155.000000 1.439906 0.409619
 156.000000 0.890693 0.630767
 157.000000 1.037305 0.415625
 158.000000 1.451914 0.632717
 159.000000 1.553353 0.647319
 160.000000 0.528170 1.201577
 161.000000 0.982037 0.800150
 162.000000 1.164043 0.265415
 163.000000 1.203532 0.515047
 164.000000 1.426251 0.693041
 165.000000 1.100654 0.819904
 166.000000 0.716838 1.069715
 167.000000 1.255071 0.388459
 168.000000 1.294345 0.073688
 169.000000 0.732751 0.841023
 170.000000 0.593501 1.076779
 171.000000 0.756217 1.383413
 172.000000 0.863911 1.302842
 173.000000 1.145216 0.557382
 174.000000 0.314058 1.213047
 175.000000 1.028916 1.449349
 176.000000 1.243327 0.448794
 177.000000 0.927861 0.915988
 178.000000 1.288203 0.389797
 179.000000 1.258787 0.357149
 180.000000 1.188404 0.494543
 181.000000 1.319179 0.357877
 182.000000 1.149100 0.175406
 183.000000 0.862069 0.573860
 184.000000 1.181827 0.570064
 185.000000 1.168134 -0.010963
 186.000000 1.558335 0.137979
 187.000000 0.865712 0.115079
 188.000000 1.325826 0.572642
 189.000000 0.642980 0.886636
 190.000000 0.865141 1.189829
 191.000000 0.727758 1.127346
 192.000000 1.341694 0.626906
 193.000000 1.132328 1.352307
 194.000000 1.064897 1.641603
 195.000000 1.262635 1.762282
 196.000000 1.538504 2.076334
 197.000000 1.002780 2.072105
 198.000000 1.178788 1.884266
 199.000000 1.146665 2.289756
 200.000000 1.239794 2.105115
 201.000000 0.910511 -2.972583
 202.000000 1.220059 -2.605721
 203.000000 1.097769 -2.703085
 204.000000 1.392752 -2.840885
 205.000000 0.957269 -2.762095
 206.000000 1.258380 -2.913761
 207.000000 1.234324 2.555391
 208.000000 1.070289 2.284467
 209.000000 1.549743 2.858966
 210.000000 1.322515 2.476883
 211.000000 1.861902 2.282366
 212.000000 1.051629 -2.906649
 213.000000 0.958746 -3.098753
 214.000000 0.958860 -2.929606
 215.000000 0.908577 -2.586600
 216.000000 1.080133 -2.577093
 217.000000 0.768971 -2.758243
 218.000000 0.994069 -2.588488
 219.000000 1.381434 2.512412
 220.000000 1.067080 2.984141
 221.000000 1.033928 3.114723
 222.000000 1.302302 1.990317
 223.000000 1.167687 1.170525
 224.000000 1.159737 1.434690
 225.000000 1.216371 -3.105973
 226.000000 1.114622 2.701002
 227.000000 1.349620 2.469272
 228.000000 1.353930 2.668925
 229.000000 1.867154 2.372719
 230.000000 1.278088 2.709732
 231.000000 1.176483 -3.128537
 232.000000 0.924376 -2.666995
 233.000000 0.828738 -1.933619
 234.000000 0.635766 -2.281042
 235.000000 0.733293 -2.959181
 236.000000 1.053748 -3.055370
 237.000000 0.784617 -3.015054
 238.000000 0.765461 -2.530615
 239.000000 1.009037 -2.727141
 240.000000 1.153642 -3.008315
 241.000000 0.968353 -2.616907
 242.000000 0.781676 -2.333498
 243.000000 0.965653 -2.964170
 244.000000 1.327469 2.511187
 245.000000 1.261834 2.713101
 246.000000 1.113694 -3.110666
 247.000000 0.911183 -2.602932
 248.000000 1.188544 2.925396
 249.000000 1.002460 -3.064769
 250.000000 0.944758 -2.762150
 251.000000 1.164049 -3.017026
 252.000000 1.123134 -2.849186
 253.000000 1.375397 3.041715
 254.000000 1.091589 2.925615
 255.000000 0.803702 3.090105
 256.000000 1.086122 2.777372
 257.000000 1.285567 2.047206
 258.000000 1.242883 1.238042
 259.000000 0.570038 1.131773
 260.000000 1.037595 0.228352
 261.000000 0.968603 0.644896
 262.000000 1.133191 0.313120
 263.000000 1.134368 0.481642
 264.000000 1.111589 0.292156
 265.000000 1.078045 0.353984
 266.000000 1.431251 0.327997
 267.000000 1.318048 0.276115
 268.000000 1.469498 0.387855
 269.000000 1.218007 0.772845
 270.000000 1.301287 0.652266
 271.000000 0.502738 0.919839
 272.000000 1.208700 1.251640
 273.000000 1.202872 -0.123882
 274.000000 0.777365 1.333714
 275.000000 1.538020 0.903949
 276.000000 1.122476 1.162113
 277.000000 1.090350 1.315566
 278.000000 1.372906 0.551441
 279.000000 1.397386 0.316460
 280.000000 0.965018 1.309650
 281.000000 1.338155 0.280207
 282.000000 1.382520 0.496333
 283.000000 1.227007 0.370695
 284.000000 1.286194 0.760443
 285.000000 1.437341 0.616147
 286.000000 0.823723 0.774659
 287.000000 0.246254 1.255663
 288.000000 0.971268 0.849984
 289.000000 1.454462 0.404462
 290.000000 1.256498 0.383798
 291.000000 1.562574 0.256243
 292.000000 1.266294 0.171431
 293.000000 1.637469 0.571174
 294.000000 1.167429 0.556558
 295.000000 0.974128 0.696304
 296.000000 1.401284 0.193268
 297.000000 1.456601 0.329773
 298.000000 1.339325 0.471832
 299.000000 0.387768 1.186363
 300.000000 1.164605 0.523954
 301.000000 1.481120 0.515750
 302.000000 1.204388 1.274751
 303.000000 1.303384 1.340378
 304.000000 1.283969 0.417515
 305.000000 0.756606 1.064370
 306.000000 0.788773 1.284843
 307.000000 0.777721 0.816680
 308.000000 0.832674 0.946812
 309.000000 1.202521 -0.089198
 310.000000 0.685674 0.952842
 311.000000 0.883817 0.864878
 312.000000 0.789003 1.362346
 313.000000 0.761726 1.322231
 314.000000 -1.088765 2.404947
 315.000000 -1.049457 2.563063
 316.000000 -1.154413 2.646808
 317.000000 -0.797845 2.027601
 318.000000 -1.507753 2.327817
 319.000000 -1.236877 2.839996
 320.000000 -1.176287 2.323349
 321.000000 -1.239662 2.524292
 322.000000 -1.413955 2.965794
 323.000000 -2.501045 2.911099
 324.000000 -2.367472 2.414829
 325.000000 -1.328752 2.700814
 326.000000 -2.335615 2.522647
 327.000000 -2.216432 2.752253
 328.000000 -2.118582 2.607000
 329.000000 -1.052168 2.551533
 330.000000 -1.299031 2.494849
 331.000000 -1.702848 2.346334
 332.000000 -1.295364 2.361573
 333.000000 -1.087777 2.347874
 334.000000 -1.161234 2.491898
 335.000000 -0.740977 2.423029
 336.000000 -1.178629 2.631503
 337.000000 -0.987647 2.562456
 338.000000 -0.753022 2.389286
 339.000000 -0.745481 2.721367
 340.000000 -0.893576 2.598644
 341.000000 -1.391581 2.769488
 342.000000 -1.290744 2.716146
 343.000000 -2.472694 2.853251
 344.000000 -2.446076 2.982363
 345.000000 -2.441057 2.690681
 346.000000 -2.606096 2.356176
 347.000000 -2.112385 2.975923
 348.000000 -1.329540 2.718546
 349.000000 -0.917462 2.447336
 350.000000 -0.942757 2.469604
 351.000000 -0.840382 2.581432
 352.000000 -1.262040 2.591678
 353.000000 -1.035437 2.481190
 354.000000 -1.061883 2.029377
 355.000000 -1.203643 2.618879
 356.000000 -1.072645 2.539584
 357.000000 -1.003451 2.436891
 358.000000 -0.692382 2.605588
 359.000000 -1.232873 2.610707
 360.000000 -1.351142 2.865392
 361.000000 -1.087061 2.576153
 362.000000 -0.889472 2.628250
 363.000000 -1.102709 2.593486
 364.000000 -0.962199 2.459063
 365.000000 -1.098298 2.326438
 366.000000 -0.997379 2.565789
 367.000000 -1.056693 2.661965
 368.000000 -1.214270 2.285561
 369.000000 -1.049927 2.285621
 370.000000 -1.187583 2.429759
 371.000000 -0.969747 2.599276
 372.000000 -1.105681 2.168691
 373.000000 -1.019103 2.195633
 374.000000 -1.251402 2.612676
 375.000000 -1.164609 2.608742
 376.000000 -1.146711 2.415184
 377.000000 -0.981236 2.176203
 378.000000 -1.095192 2.557617
 379.000000 -1.821171 2.204983
 380.000000 -0.638135 2.347119
 381.000000 -1.397523 2.083909
 382.000000 -0.917396 2.356465
 383.000000 -1.078307 1.952810
 384.000000 -1.179034 2.465686
 385.000000 -1.030698 2.387558
 386.000000 -1.481256 2.713501
 387.000000 -2.147144 2.046994
 388.000000 -1.387730 1.218855
 389.000000 -1.496396 2.024223
 390.000000 -1.634902 2.186647
 391.000000 -0.885249 2.585274
 392.000000 -1.082419 2.523927
 393.000000 -1.139181 2.383655
 394.000000 -0.924470 2.283294
 395.000000 -0.872255 2.625407
 396.000000 -0.993320 2.673730
 397.000000 -1.170835 2.264884
 398.000000 -1.083219 2.548506
 399.000000 -1.376397 2.208291
 400.000000 -2.184333 2.406372
