#! FIELDS time phi psi
#! SET min_phi -pi
#! SET max_phi pi
#! SET min_psi -pi
#! SET max_psi pi
 0.000000 0.756951 -2.750623
 1.000000 2.448015 2.951014
 2.000000 -2.831043 2.772179
 3.000000 -2.601094 2.679977
 4.000000 -2.475999 2.843786
 5.000000 -2.039022 3.091372
 6.000000 -1.089707 2.930501
 7.000000 -1.399523 2.669332
 8.000000 -1.538723 1.761241
 9.000000 -1.177429 2.475133
 10.000000 -0.999008 2.498867
 11.000000 -1.024605 2.322485
 12.000000 -0.950321 2.248407
 13.000000 -1.090156 2.577271
 14.000000 -1.169276 2.534481
 15.000000 -1.046926 2.299498
 16.000000 -1.258778 2.195480
 17.000000 -1.103001 2.380805
 18.000000 -0.755757 2.253406
 19.000000 -1.060044 2.531850
 20.000000 -0.851574 2.986642
 21.000000 -0.892909 2.374739
 22.000000 -1.031273 2.657779
 23.000000 -1.186774 2.487057
 24.000000 -1.065365 2.259038
 25.000000 -1.283339 2.820949
 26.000000 -0.833122 2.313499
 27.000000 -0.911227 2.452680
 28.000000 -1.276035 2.636832
 29.000000 -1.184882 2.648457
 30.000000 -0.956481 2.342232
 31.000000 -1.138275 2.254391
 32.000000 -1.063673 2.017838
 33.000000 -1.042520 2.614279
 34.000000 -1.084463 2.693432
 35.000000 -0.930739 2.634407
 36.000000 -1.467109 -3.091481
 37.000000 -0.760388 2.779511
 38.000000 -1.019185 2.560606
 39.000000 -1.016745 2.435599
 40.000000 -1.380952 2.675288
 41.000000 -1.328656 2.622322
 42.000000 -1.671703 2.445355
 43.000000 -1.240830 2.584979
 44.000000 -0.659040 2.676110
 45.000000 -1.406394 2.046764
 46.000000 -1.154135 2.452742
 47.000000 -0.957675 2.493841
 48.000000 -1.000661 2.175557
 49.000000 -0.549103 2.468924
 50.000000 -1.367999 2.572009
 51.000000 -1.522276 2.392594
 52.000000 -1.612293 2.898647
 53.000000 -0.809022 2.176960
 54.000000 -0.973845 2.635222
 55.000000 -1.348264 2.760932
 56.000000 -1.084183 2.594599
 57.000000 -1.439153 2.912708
 58.000000 -1.254742 2.602372
 59.000000 -1.075704 2.463453
 60.000000 -1.126935 2.757113
 61.000000 -1.038596 2.225217
 62.000000 -2.622824 3.064338
 63.000000 -2.493595 2.904837
 64.000000 -2.308783 2.477830
 65.000000 -2.500842 2.743148
 66.000000 -2.612273 2.370979
 67.000000 -1.094616 2.514403
 68.000000 -1.122349 2.365355
 69.000000 -1.267317 2.327472
 70.000000 -0.775223 2.341742
 71.000000 -1.338935 2.973049
 72.000000 -0.895214 2.863446
 73.000000 -1.145977 2.201210
 74.000000 -1.615877 2.757126
 75.000000 -1.674387 2.358354
 76.000000 -0.935212 2.660652
 77.000000 -1.378343 2.820587
 78.000000 -1.140706 2.359254
 79.000000 -1.437106 2.383129
 80.000000 -1.044447 2.762798
 81.000000 -2.096646 2.782638
 82.000000 -1.643889 2.799562
 83.000000 -1.932214 2.458124
 84.000000 -2.068906 2.312912
 85.000000 -1.673519 2.364241
 86.000000 -2.682800 3.062853
 87.000000 -1.656670 2.487591
 88.000000 -1.785934 2.419852
 89.000000 -1.063521 2.333446
 90.000000 -1.557671 2.015281
 91.000000 -0.904968 1.916354
 92.000000 -1.781992 2.285534
 93.000000 -0.960849 2.611419
 94.000000 -0.896800 2.755565
 95.000000 -1.575926 2.629121
 96.000000 -2.551260 2.747520
 97.000000 -1.857521 2.558516
 98.000000 -1.709284 2.954482
 99.000000 -1.023121 2.863032
 100.000000 -1.277945 2.664813
 101.000000 -0.738581 2.628007
 102.000000 -1.056927 2.667308
 103.000000 -2.616691 -3.108211
 104.000000 -2.818141 2.657815
 105.000000 -1.857016 2.734130
 106.000000 -2.029393 2.139415
 107.000000 -1.383075 2.682110
 108.000000 -0.835420 2.527874
 109.000000 -1.060234 2.417536
 110.000000 -0.873935 2.262521
 111.000000 -1.195166 2.309931
 112.000000 -1.964508 2.631627
 113.000000 -1.560633 2.879838
 114.000000 -1.222082 2.240791
 115.000000 -1.081860 2.535135
 116.000000 -1.115247 1.818582
 117.000000 -1.100486 2.563254
 118.000000 -0.991773 2.700738
 119.000000 -1.346755 2.497397
 120.000000 -2.186818 3.097601
 121.000000 -2.493217 2.263605
 122.000000 2.893963 2.300279
 123.000000 -1.262308 2.288134
 124.000000 -1.383968 2.242896
 125.000000 -1.054661 2.670811
 126.000000 -1.026096 2.531973
 127.000000 -1.370144 2.859787
 128.000000 -1.054027 2.522275
 129.000000 -1.217068 2.940884
 130.000000 -1.122067 2.676326
 131.000000 -0.949338 2.586967
 132.000000 -1.483498 2.977862
 133.000000 -1.104194 2.543989
 134.000000 -1.240958 2.462566
 135.000000 -1.258579 2.436915
 136.000000 -1.261711 2.167677
 137.000000 -1.018591 2.628388
 138.000000 -1.060214 2.592091
 139.000000 -0.927620 2.387624
 140.000000 -1.311534 2.586592
 141.000000 -0.895339 2.355050
 142.000000 -1.183451 2.665930
 143.000000 -1.256000 2.119467
 144.000000 -1.132600 2.540771
 145.000000 -1.154994 2.435239
 146.000000 -1.487831 2.319589
 147.000000 -1.015956 2.705629
 148.000000 -1.111015 2.457843
 149.000000 -1.171589 2.510771
 150.000000 -1.284917 2.568649
 151.000000 -1.732024 -3.034263
 152.000000 -1.016521 2.423420
 153.000000 -1.293853 1.948804
 154.000000 -1.188769 2.573679
 155.000000 -0.792441 2.544616
 156.000000 -0.849218 2.465266
 157.000000 -1.057746 2.254107
 158.000000 -0.991601 2.355530
 159.000000 -1.321242 2.696850
 160.000000 -1.301784 2.447346
 161.000000 -1.123358 2.807617
 162.000000 -1.089365 2.318435
 163.000000 -1.059773 2.680502
 164.000000 -2.592938 2.629678
 165.000000 -2.478390 2.536723
 166.000000 -2.267899 2.921667
 167.000000 -1.241148 1.888503
 168.000000 -1.223453 2.159433
 169.000000 -1.075494 2.500544
 170.000000 -1.140269 2.561548
 171.000000 -1.084184 2.510551
 172.000000 -1.421709 2.727761
 173.000000 -1.056472 2.730755
 174.000000 -1.197665 2.679854
 175.000000 -1.022828 2.246905
 176.000000 -1.201540 2.528068
 177.000000 -0.924038 2.434301
 178.000000 -1.271574 2.663039
 179.000000 -1.051053 2.495160
 180.000000 -0.885598 2.593805
 181.000000 -0.958488 2.365725
 182.000000 -1.389013 2.688077
 183.000000 -1.135244 2.587164
 184.000000 -0.973456 2.482397
 185.000000 -1.126294 2.440534
 186.000000 -1.048607 2.472130
 187.000000 -0.903961 3.007336
 188.000000 -0.743782 2.675457
 189.000000 -0.948303 2.567464
 190.000000 -1.318391 3.008264
 191.000000 -0.952894 2.964389
 192.000000 -0.498315 2.470349
 193.000000 -1.106584 2.553599
 194.000000 -1.037004 2.521175
 195.000000 -0.984325 2.545949
 196.000000 -1.162288 2.592701
 197.000000 -0.964300 2.701902
 198.000000 -1.051941 2.788076
 199.000000 -1.225179 2.214345
 200.000000 -1.145953 2.668205
 201.000000 -1.260444 2.270777
 202.000000 -1.158921 1.909079
 203.000000 -1.650171 2.471587
 204.000000 -1.318543 2.594351
 205.000000 -1.103904 2.632017
 206.000000 -0.916801 2.632284
 207.000000 -0.828176 2.881701
 208.000000 -1.032234 2.568205
 209.000000 -1.201940 2.459173
 210.000000 -0.972396 2.669130
 211.000000 -1.495841 2.505804
 212.000000 -2.161123 2.231308
 213.000000 -2.790648 2.848916
 214.000000 -2.235687 2.480928
 215.000000 -2.894764 3.107947
 216.000000 -2.488764 3.138773
 217.000000 -2.543204 2.862986
 218.000000 -2.837636 2.952011
 219.000000 -2.669826 2.666124
 220.000000 -2.245671 2.656803
 221.000000 -2.467034 2.840250
 222.000000 -2.597742 2.403242
 223.000000 -2.867408 2.755548
 224.000000 -2.146763 2.580979
 225.000000 -2.053809 2.407562
 226.000000 -2.683819 2.614819
 227.000000 -2.456768 2.747292
 228.000000 -2.702443 2.825726
 229.000000 -2.516955 1.383944
 230.000000 -2.511073 2.304224
 231.000000 -1.473278 2.324597
 232.000000 -1.615541 2.583187
 233.000000 -1.780835 2.925281
 234.000000 -1.148825 2.503904
 235.000000 -1.073261 2.611457
 236.000000 -1.047198 2.350548
 237.000000 -1.834571 1.938115
 238.000000 -1.063421 2.501167
 239.000000 -1.403852 2.955637
 240.000000 -1.132066 2.611010
 241.000000 -1.004966 2.347306
 242.000000 -0.885636 2.067090
 243.000000 -1.760341 2.075271
 244.000000 -1.115990 2.431758
 245.000000 -1.497812 2.958446
 246.000000 -1.557870 2.392445
 247.000000 -1.181353 2.711913
 248.000000 -0.945402 2.495161
 249.000000 -1.032090 2.625352
 250.000000 -0.672484 2.000778
 251.000000 -1.188260 2.428929
 252.000000 -1.554952 3.004289
 253.000000 -0.897842 2.487114
 254.000000 -1.422234 2.615651
 255.000000 -0.805692 2.915167
 256.000000 -0.977444 2.426794
 257.000000 -1.245731 2.594042
 258.000000 -1.104770 2.324419
 259.000000 -1.378501 2.613391
 260.000000 -1.132266 2.509095
 261.000000 -1.093727 2.320177
 262.000000 -1.121752 2.455821
 263.000000 -0.848331 2.374546
 264.000000 -1.852464 2.147352
 265.000000 -1.202610 2.484085
 266.000000 -0.940973 2.659387
 267.000000 -1.040209 2.354786
 268.000000 -1.204251 2.581079
 269.000000 -0.432014 2.312702
 270.000000 -1.242051 2.371940
 271.000000 -1.044859 2.164863
 272.000000 -1.034583 2.512428
 273.000000 -1.233656 2.068261
 274.000000 -1.097862 2.290484
 275.000000 -1.117542 2.175966
 276.000000 -1.036346 2.507905
 277.000000 -1.040649 2.723359
 278.000000 -1.059326 2.031825
 279.000000 -1.319425 2.658426
 280.000000 -0.869969 2.349899
 281.000000 -1.104352 3.019454
 282.000000 -1.329111 2.573496
 283.000000 -1.199436 2.677848
 284.000000 -1.070402 2.429896
 285.000000 -0.917867 2.443260
 286.000000 -2.181884 2.601618
 287.000000 -1.110299 2.891328
 288.000000 -0.408688 2.406304
 289.000000 -1.090022 2.494738
 290.000000 -1.018871 2.581830
 291.000000 -1.111993 2.516112
 292.000000 -1.441912 1.946817
 293.000000 -1.281333 2.802798
 294.000000 -1.582282 2.948308
 295.000000 -2.190999 2.787209
 296.000000 -2.942021 2.916316
 297.000000 -2.306424 2.426944
 298.000000 -2.213575 2.493713
 299.000000 -0.777890 2.489011
 300.000000 -1.070043 2.546486
 301.000000 -1.008353 2.348955
 302.000000 -0.683105 2.113164
 303.000000 -1.104464 2.270038
 304.000000 -1.343812 2.744694
 305.000000 -1.451107 2.103239
 306.000000 -1.338641 2.195086
 307.000000 -1.141734 2.302243
 308.000000 -1.299939 2.321218
 309.000000 -1.082535 2.499540
 310.000000 -1.017199 2.763417
 311.000000 -1.021038 2.722466
 312.000000 -0.939843 2.391997
 313.000000 -0.985073 2.430119
 314.000000 -1.109247 2.582570
 315.000000 -0.742968 2.046109
 316.000000 -1.291525 2.470579
 317.000000 -2.253057 2.783799
 318.000000 -2.618466 2.782142
 319.000000 -2.534712 2.845085
 320.000000 -2.685210 3.017718
 321.000000 -2.453726 2.448745
 322.000000 -1.123657 2.667574
 323.000000 -1.172842 2.593548
 324.000000 -1.389862 2.487585
 325.000000 -1.178880 2.617258
 326.000000 -1.127844 2.265695
 327.000000 -1.106524 2.671410
 328.000000 -1.155341 2.710002
 329.000000 -1.055403 2.315619
 330.000000 -1.348762 1.830983
 331.000000 -2.067115 2.221696
 332.000000 -1.478779 2.757402
 333.000000 -1.044186 2.734758
 334.000000 -0.931394 2.402962
 335.000000 -0.995908 2.630861
 336.000000 -1.700897 1.705600
 337.000000 -1.138859 2.624024
 338.000000 -1.833097 2.470130
 339.000000 -1.900738 2.183246
 340.000000 -1.274147 2.152947
 341.000000 -0.880883 2.567408
 342.000000 -0.978833 2.541898
 343.000000 -1.020515 2.543653
 344.000000 -0.984487 1.987763
 345.000000 -1.140082 2.533099
 346.000000 -1.182127 2.359561
 347.000000 -0.716793 2.146196
 348.000000 -0.994146 2.729854
 349.000000 -1.481991 2.766361
 350.000000 -1.595487 2.597420
 351.000000 -0.950666 2.554325
 352.000000 -1.562204 2.141750
 353.000000 -1.965033 -2.984671
 354.000000 -1.961318 2.279197
 355.000000 -1.009548 2.444138
 356.000000 -1.161142 2.475997
 357.000000 -0.984172 2.517534
 358.000000 -1.905206 2.487745
 359.000000 -2.091025 2.788636
 360.000000 -1.038617 2.229482
 361.000000 -1.012437 2.795146
 362.000000 -0.496926 2.524095
 363.000000 -0.680651 2.944194
 364.000000 -0.968799 2.581467
 365.000000 -1.358996 2.371967
 366.000000 -0.715772 2.824823
 367.000000 -0.879127 2.216855
 368.000000 -1.099798 2.678564
 369.000000 -1.131594 2.699371
 370.000000 -1.077935 2.290292
 371.000000 -1.109185 2.501644
 372.000000 -0.699508 2.352062
 373.000000 -1.074356 2.531407
 374.000000 -1.070609 2.410205
 375.000000 -2.002971 2.777447
 376.000000 -1.633323 -3.081394
 377.000000 -1.181231 2.819500
 378.000000 -1.782504 2.387789
 379.000000 -1.547065 2.734169
 380.000000 -1.391999 2.905611
 381.000000 -1.144867 3.092654
 382.000000 -1.487769 2.930179
 383.000000 -0.975586 2.599698
 384.000000 -1.058907 2.437009
 385.000000 -1.032371 2.582635
 386.000000 -1.095602 2.508439
 387.000000 -0.994106 2.770543
 388.000000 -1.562779 2.562964
 389.000000 -1.124053 2.171427
 390.000000 -1.133136 2.270368
 391.000000 -1.147804 2.245550
 392.000000 -1.141050 2.402042
 393.000000 -1.152960 2.319101
 394.000000 -1.041315 2.661303
 395.000000 -1.137074 2.467920
 396.000000 -1.112368 2.268718
 397.000000 -1.097166 2.559232
 398.000000 -1.049515 2.135554
 399.000000 -1.165187 2.386504
 400.000000 -1.343381 2.291778
