#! FIELDS time phi psi
#! SET min_phi -pi
#! SET max_phi pi
#! SET min_psi -pi
#! SET max_psi pi
 0.000000 0.807685 -2.363395
 1.000000 0.913113 -2.563262
 2.000000 0.980163 -2.655208
 3.000000 0.971648 -2.793241
 4.000000 0.765826 -2.491269
 5.000000 0.846732 -2.619844
 6.000000 0.724925 -2.485267
 7.000000 1.242384 -2.741893
 8.000000 1.165165 3.005028
 9.000000 0.951808 -2.763645
 10.000000 0.766376 -2.382643
 11.000000 1.090766 2.810453
 12.000000 1.390722 2.533250
 13.000000 0.920452 -2.803156
 14.000000 1.314549 -2.721180
 15.000000 1.112097 -2.773809
 16.000000 0.948906 -2.654147
 17.000000 0.864794 -2.963913
 18.000000 0.863193 -2.846060
 19.000000 0.872255 -2.642291
 20.000000 1.309737 2.541773
 21.000000 0.917055 -2.736405
 22.000000 1.083634 -2.160635
 23.000000 0.900339 -2.765717
 24.000000 0.837286 -2.894344
 25.000000 0.736376 -3.063712
 26.000000 0.780284 -2.833021
 27.000000 1.248311 2.515434
 28.000000 1.458012 1.830597
 29.000000 1.320573 2.191795
 30.000000 1.133824 2.643440
 31.000000 1.187743 2.642821
 32.000000 1.222639 1.841293
 33.000000 0.936805 2.826987
 34.000000 1.133199 2.940059
 35.000000 0.835944 -2.559782
 36.000000 0.771406 -2.513520
 37.000000 1.099694 -2.728683
 38.000000 0.816999 -3.121896
 39.000000 0.740395 -2.716183
 40.000000 1.027235 -3.110641
 41.000000 0.874846 -2.912953
 42.000000 0.951638 1.977938
 43.000000 1.170691 2.562733
 44.000000 0.780397 -3.047250
 45.000000 0.887393 -2.865903
 46.000000 0.939257 3.084608
 47.000000 1.382320 2.480592
 48.000000 0.923701 3.052943
 49.000000 0.658047 -2.334865
 50.000000 0.750329 3.050755
 51.000000 1.877905 2.092417
 52.000000 1.728409 2.672408
 53.000000 1.082261 -2.710426
 54.000000 0.731432 -2.482286
 55.000000 0.933191 -2.676825
 56.000000 1.097170 -2.659093
 57.000000 0.950118 -2.426137
 58.000000 1.173198 -2.652140
 59.000000 1.217486 -2.693194
 60.000000 1.381099 3.050643
 61.000000 0.854866 -2.406110
 62.000000 0.749859 -1.992039
 63.000000 0.884295 -2.778409
 64.000000 0.843999 -2.640832
 65.000000 0.946217 -2.619756
 66.000000 0.764655 -2.445650
 67.000000 0.782569 -2.815487
 68.000000 0.967374 -2.649338
 69.000000 1.094019 2.658740
 70.000000 1.153409 -2.820658
 71.000000 0.850690 -2.844026
 72.000000 1.030950 -2.614770
 73.000000 0.784834 -2.605065
 74.000000 1.134769 -2.898947
 75.000000 0.643601 -2.264511
 76.000000 0.229901 -2.341325
 77.000000 0.793518 -3.028841
 78.000000 0.834333 -2.441900
 79.000000 1.107860 -2.732831
 80.000000 0.854520 -2.804797
 81.000000 0.685392 -2.519272
 82.000000 1.017623 -2.723734
 83.000000 0.897339 -2.694951
 84.000000 1.346098 -3.048363
 85.000000 0.946655 2.720121
 86.000000 1.334564 1.878267
 87.000000 1.267528 2.635582
 88.000000 1.329971 2.877793
 89.000000 0.801688 -2.957956
 90.000000 0.901836 -2.756220
 91.000000 1.064381 -2.857272
 92.000000 1.062113 -2.933626
 93.000000 0.984114 -2.694990
 94.000000 0.813569 -2.540543
 95.000000 1.526234 -2.664661
 96.000000 1.138429 -2.474608
 97.000000 0.945017 3.077170
 98.000000 0.947325 -2.874621
 99.000000 0.917164 -2.814018
 100.000000 0.598180 -2.201087
 101.000000 0.710030 -2.840792
 102.000000 0.911221 -2.561055
 103.000000 0.821579 -2.773864
 104.000000 0.908367 3.123876
 105.000000 1.109547 -3.129351
 106.000000 0.946748 -2.386481
 107.000000 1.023801 -2.644832
 108.000000 0.783086 -2.679399
 109.000000 1.345220 3.037480
 110.000000 0.976827 3.106652
 111.000000 1.338563 2.362924
 112.000000 0.990349 2.939511
 113.000000 1.008575 -2.782532
 114.000000 0.954117 -2.815241
 115.000000 0.667782 -2.730360
 116.000000 0.585216 -2.270156
 117.000000 1.024316 -2.605940
 118.000000 0.763983 3.059415
 119.000000 1.034799 2.879297
 120.000000 0.622166 -2.207091
 121.000000 0.978798 -2.769573
 122.000000 0.659492 -2.451963
 123.000000 1.025029 -2.965369
 124.000000 1.172476 -2.598142
 125.000000 1.001462 -2.627886
 126.000000 0.877024 -2.508791
 127.000000 0.886163 -2.605225
 128.000000 0.771589 -2.616611
 129.000000 0.920857 -2.540845
 130.000000 0.990921 -2.641806
 131.000000 0.759554 -2.435263
 132.000000 0.886476 -2.317442
 133.000000 0.675913 -2.523726
 134.000000 0.705021 -2.611621
 135.000000 0.723340 -2.652003
 136.000000 1.094395 -2.948543
 137.000000 1.080881 -2.678035
 138.000000 0.544849 -2.145902
 139.000000 0.555290 -2.382006
 140.000000 1.228727 -3.114889
 141.000000 1.097527 -2.810382
 142.000000 0.926494 -2.967087
 143.000000 1.637739 2.716612
 144.000000 1.149045 2.054645
 145.000000 1.452056 2.811681
 146.000000 0.690277 -2.765886
 147.000000 0.911270 -2.677152
 148.000000 1.008128 -2.331793
 149.000000 1.151183 -2.635098
 150.000000 0.896835 -2.916333
 151.000000 1.006620 -3.098840
 152.000000 1.209857 2.554300
 153.000000 0.827674 -2.714284
 154.000000 0.815606 -2.704523
 155.000000 0.857500 -2.755430
 156.000000 1.050185 -3.125066
 157.000000 0.941096 -2.711777
 158.000000 0.656074 -2.584502
 159.000000 0.849703 -2.772401
 160.000000 0.933822 -2.838533
 161.000000 1.273184 2.571881
 162.000000 1.083265 2.135077
 163.000000 1.218307 2.973564
 164.000000 1.702920 2.093337
 165.000000 1.126995 3.138302
 166.000000 0.796751 -2.534738
 167.000000 0.896889 -2.674034
 168.000000 1.381147 2.590326
 169.000000 1.071901 2.987636
 170.000000 1.284695 2.781861
 171.000000 1.148294 2.114411
 172.000000 0.956721 -2.998906
 173.000000 1.002060 -2.701405
 174.000000 0.825897 -2.612872
 175.000000 1.131211 -2.847727
 176.000000 0.869061 -2.094984
 177.000000 1.067801 -2.567497
 178.000000 0.868785 -2.305861
 179.000000 0.829720 -2.683805
 180.000000 0.978146 -2.605566
 181.000000 1.014899 -2.936227
 182.000000 1.111760 -2.849498
 183.000000 1.083977 -2.836251
 184.000000 0.902973 2.997720
 185.000000 0.791612 -2.686780
 186.000000 1.055327 -2.724884
 187.000000 1.030670 -2.656074
 188.000000 0.958959 -2.772021
 189.000000 1.095647 -2.941609
 190.000000 0.837964 -2.962134
 191.000000 0.837536 -2.638124
 192.000000 0.878471 -2.324985
 193.000000 1.244125 -3.031600
 194.000000 0.990262 -3.061000
 195.000000 1.342379 2.794936
 196.000000 1.182213 2.698524
 197.000000 0.781381 -2.799728
 198.000000 1.246887 3.073253
 199.000000 0.920599 -2.945323
 200.000000 0.806096 -2.364300
 201.000000 0.962035 -2.211168
 202.000000 1.261324 3.002570
 203.000000 0.964746 -2.852904
 204.000000 0.903783 -2.416701
 205.000000 1.077093 3.001464
 206.000000 0.779764 -2.941037
 207.000000 0.738752 -2.522404
 208.000000 0.981526 -2.976593
 209.000000 0.838407 -2.571515
 210.000000 1.086690 -2.659058
 211.000000 1.098403 -2.869798
 212.000000 0.935525 -2.810067
 213.000000 0.996151 -2.467592
 214.000000 0.974945 3.114094
 215.000000 0.821730 -2.383393
 216.000000 1.078071 -3.012865
 217.000000 1.191515 -2.764165
 218.000000 0.882809 -2.209493
 219.000000 1.063692 -2.158529
 220.000000 0.811661 -2.659424
 221.000000 0.600329 -2.463488
 222.000000 0.726247 -2.250895
 223.000000 0.904561 -2.653925
 224.000000 1.476477 2.738184
 225.000000 0.875930 -3.091470
 226.000000 0.859639 -2.912852
 227.000000 1.062072 -2.841126
 228.000000 1.084272 -2.927731
 229.000000 0.643873 -2.902434
 230.000000 0.818812 -2.619145
 231.000000 0.625612 -2.537921
 232.000000 1.030225 -3.104107
 233.000000 0.815006 -2.421039
 234.000000 1.241100 -3.056023
 235.000000 1.029593 -2.927461
 236.000000 0.944687 -2.572501
 237.000000 1.085969 3.085271
 238.000000 0.914479 -3.139776
 239.000000 0.878354 -2.541448
 240.000000 0.760278 -2.935904
 241.000000 0.545171 -2.671222
 242.000000 0.740439 -2.822968
 243.000000 0.908283 -3.031366
 244.000000 0.721853 -2.991716
 245.000000 0.831101 -2.553650
 246.000000 0.931356 -2.734738
 247.000000 0.774891 -2.878707
 248.000000 0.930289 -2.502852
 249.000000 0.641437 -2.737456
 250.000000 0.845121 -2.679275
 251.000000 0.807271 -2.365460
 252.000000 0.700311 -2.393176
 253.000000 0.878670 -2.582135
 254.000000 1.130929 -3.076111
 255.000000 1.229004 -2.260559
 256.000000 1.063650 -2.945394
 257.000000 0.730583 -2.464672
 258.000000 0.812451 -2.296488
 259.000000 0.735875 -2.819322
 260.000000 0.895907 -2.678245
 261.000000 0.960931 2.839614
 262.000000 1.040030 3.045668
 263.000000 1.607307 2.302297
 264.000000 1.085008 2.565209
 265.000000 1.250684 -2.999009
 266.000000 0.853237 -3.130152
 267.000000 1.178858 3.121863
 268.000000 1.010956 -2.111081
 269.000000 0.955611 -2.936599
 270.000000 0.780666 -2.654978
 271.000000 0.625242 -2.774590
 272.000000 0.980537 -2.014518
 273.000000 0.852691 -2.834435
 274.000000 0.784055 -2.820877
 275.000000 0.718930 -2.618396
 276.000000 1.149340 3.025066
 277.000000 1.096646 2.913647
 278.000000 0.885165 -2.138584
 279.000000 0.836003 -3.036570
 280.000000 1.080058 -3.135248
 281.000000 1.006597 -2.733985
 282.000000 0.895811 -2.513475
 283.000000 1.367172 2.965703
 284.000000 1.059018 -3.099821
 285.000000 1.218219 -3.125469
 286.000000 1.174291 -3.052228
 287.000000 1.308166 2.762619
 288.000000 1.033173 -3.023850
 289.000000 0.782280 -2.898053
 290.000000 0.819328 -2.772641
 291.000000 0.800036 -2.648740
 292.000000 1.007244 -2.338516
 293.000000 1.015335 -2.605060
 294.000000 0.933005 -2.899250
 295.000000 0.785252 -2.567976
 296.000000 0.776810 -2.543858
 297.000000 1.244399 -2.648631
 298.000000 0.845264 -2.663164
 299.000000 0.916254 -2.645819
 300.000000 0.736652 -2.488472
 301.000000 1.340663 -2.921563
 302.000000 1.727654 2.548624
 303.000000 1.047498 -2.896587
 304.000000 0.990206 -3.013532
 305.000000 1.039496 -2.648040
 306.000000 0.727290 -2.955777
 307.000000 1.063296 -2.571354
 308.000000 1.235084 -2.601832
 309.000000 0.884985 -2.392451
 310.000000 0.641887 -2.423814
 311.000000 0.809465 -2.393679
 312.000000 0.917843 -2.334930
 313.000000 0.819878 -2.260977
 314.000000 1.139733 -2.595740
 315.000000 1.008725 -2.419119
 316.000000 1.240758 -3.103440
 317.000000 0.799065 -2.756345
 318.000000 0.952084 -2.948629
 319.000000 0.758357 -2.762794
 320.000000 0.959872 -2.785767
 321.000000 0.753954 -2.355365
 322.000000 0.857423 -3.081946
 323.000000 1.220465 3.132568
 324.000000 0.664673 -2.609020
 325.000000 1.066957 3.072481
 326.000000 1.160184 2.740212
 327.000000 1.166494 1.982672
 328.000000 1.639842 1.957706
 329.000000 2.146051 2.527872
 330.000000 -2.260098 2.502770
 331.000000 -2.445462 2.866992
 332.000000 -2.779133 2.703437
 333.000000 -2.576139 2.856410
 334.000000 -1.822801 2.204288
 335.000000 -1.604548 2.366051
 336.000000 -1.057274 2.698848
 337.000000 -1.328098 2.690787
 338.000000 -1.694723 2.845780
 339.000000 -1.129790 2.505958
 340.000000 -0.922228 2.459211
 341.000000 -1.059242 2.499952
 342.000000 -1.085512 2.408589
 343.000000 -0.468782 2.177779
 344.000000 -1.371282 2.241157
 345.000000 -0.990649 2.429640
 346.000000 -1.692670 2.401344
 347.000000 -2.376760 2.668114
 348.000000 -2.474652 2.042504
 349.000000 -2.714381 2.521015
 350.000000 -2.810575 2.590672
 351.000000 -2.752519 2.645463
 352.000000 -1.673947 2.385132
 353.000000 -1.140596 2.504475
 354.000000 -1.194401 2.568486
 355.000000 -1.029200 2.475573
 356.000000 -1.140773 2.362691
 357.000000 -1.185336 3.007412
 358.000000 -1.454699 2.560454
 359.000000 -1.012640 2.534226
 360.000000 -1.377241 2.201707
 361.000000 -1.165203 2.582723
 362.000000 -1.225122 1.944478
 363.000000 -0.793942 2.398682
 364.000000 -1.068527 2.513096
 365.000000 -0.796948 2.362046
 366.000000 -1.158638 2.542848
 367.000000 -1.145786 2.246399
 368.000000 -1.200890 2.350470
 369.000000 -1.442429 2.323902
 370.000000 -1.032571 2.457365
 371.000000 -1.463463 2.866209
 372.000000 -1.098569 2.689632
 373.000000 -1.992900 2.727405
 374.000000 -2.155853 2.858519
 375.000000 -2.698552 -2.839137
 376.000000 -2.540062 2.499769
 377.000000 -2.453626 2.875497
 378.000000 -2.142420 2.553186
 379.000000 -2.393167 2.871183
 380.000000 -2.073404 2.149891
 381.000000 -2.838920 -3.065910
 382.000000 -2.240164 2.580471
 383.000000 -1.594930 2.125974
 384.000000 -0.865715 2.484487
 385.000000 -1.348310 2.990218
 386.000000 -1.123818 2.003008
 387.000000 -1.097655 2.395126
 388.000000 -0.783790 2.716611
 389.000000 -0.764566 2.627194
 390.000000 -1.115369 2.359106
 391.000000 -0.767152 2.527271
 392.000000 -1.158895 2.419525
 393.000000 -1.091631 2.341816
 394.000000 -1.776650 2.547887
 395.000000 -1.690597 2.167535
 396.000000 -1.630928 2.924868
 397.000000 -2.016586 2.345729
 398.000000 -1.024364 2.670552
 399.000000 -1.114735 2.425765
 400.000000 -1.547700 -2.926968
