#! FIELDS time phi psi
#! SET min_phi -pi
#! SET max_phi pi
#! SET min_psi -pi
#! SET max_psi pi
 0.000000 -2.582646 2.650251
 1.000000 -2.435009 3.074663
 2.000000 -2.695169 2.939629
 3.000000 -1.922951 1.683413
 4.000000 -1.174906 2.580556
 5.000000 -2.570051 2.475289
 6.000000 -2.548100 2.358806
 7.000000 -1.390889 2.773112
 8.000000 -1.473167 2.717833
 9.000000 -1.518701 2.879610
 10.000000 -1.072940 2.312827
 11.000000 -1.033330 3.048090
 12.000000 -1.688346 2.417353
 13.000000 -1.081425 2.592246
 14.000000 -1.299697 2.429537
 15.000000 -1.144515 2.483684
 16.000000 -1.399524 2.623837
 17.000000 -1.416549 2.504129
 18.000000 -0.810931 2.337842
 19.000000 -1.097817 2.227449
 20.000000 -1.134950 2.737278
 21.000000 -1.055118 2.539921
 22.000000 -1.066787 2.566678
 23.000000 -1.769847 2.698012
 24.000000 -1.079099 2.440322
 25.000000 -1.659596 2.226559
 26.000000 -1.062710 2.694886
 27.000000 -1.106220 2.702083
 28.000000 -1.323479 2.939039
 29.000000 -1.097810 2.655386
 30.000000 -1.470577 2.655017
 31.000000 -1.408909 2.752567
 32.000000 -1.210615 2.935723
 33.000000 -1.448069 2.706261
 34.000000 -0.858155 2.241557
 35.000000 -1.456053 2.400011
 36.000000 -1.147904 2.499599
 37.000000 -1.605268 2.771745
 38.000000 -1.226837 2.282769
 39.000000 -1.652652 2.832282
 40.000000 -0.989897 2.590993
 41.000000 -1.162546 2.597668
 42.000000 -1.495669 2.496248
 43.000000 -1.556583 2.392732
 44.000000 -1.192413 2.667521
 45.000000 -1.932433 2.528489
 46.000000 -1.239273 2.323893
 47.000000 -1.446563 2.573577
 48.000000 -1.503272 2.986815
 49.000000 -0.946975 2.574586
 50.000000 -1.130969 2.577326
 51.000000 -1.258259 2.746094
 52.000000 -1.347891 2.447564
 53.000000 -0.961674 2.291237
 54.000000 -1.090523 2.358069
 55.000000 -1.070197 2.631186
 56.000000 -1.054814 2.917423
 57.000000 -1.180507 2.633849
 58.000000 -1.208486 2.430912
 59.000000 -1.720690 2.386255
 60.000000 -1.193752 2.556597
 61.000000 -0.964156 2.152209
 62.000000 -1.007673 2.393686
 63.000000 -1.023039 2.445434
 64.000000 -0.947322 2.878000
 65.000000 -0.833662 2.303001
 66.000000 -1.139885 2.708815
 67.000000 -1.055173 2.309980
 68.000000 -1.168132 2.910927
 69.000000 -1.082841 2.548891
 70.000000 -1.032296 -3.075817
 71.000000 -1.043609 2.434690
 72.000000 -1.210850 2.441386
 73.000000 -0.971383 2.545488
 74.000000 -2.592810 3.007713
 75.000000 -1.075985 2.222961
 76.000000 -1.180577 2.473653
 77.000000 -1.033426 2.545387
 78.000000 -0.973804 2.330023
 79.000000 -1.889057 2.415452
 80.000000 -1.367727 2.231231
 81.000000 -0.861103 2.290536
 82.000000 -2.552305 2.464641
 83.000000 -2.670589 2.702335
 84.000000 -2.656485 2.655399
 85.000000 -2.798102 2.795735
 86.000000 -2.365093 2.242742
 87.000000 -2.581391 2.247047
 88.000000 -2.798195 2.761866
 89.000000 -2.643958 3.042271
 90.000000 -2.526092 2.441840
 91.000000 -2.684196 2.637809
 92.000000 -2.407230 2.506685
 93.000000 -1.172698 2.557012
 94.000000 -2.689386 2.689353
 95.000000 -2.464065 3.137565
 96.000000 -2.858384 2.879955
 97.000000 -2.502319 2.697703
 98.000000 -2.109940 2.406455
 99.000000 -2.616512 2.796599
 100.000000 -2.000497 2.776016
 101.000000 -2.741856 2.964451
 102.000000 -1.364404 2.200078
 103.000000 -1.532855 2.853785
 104.000000 -2.513118 2.282558
 105.000000 -1.041811 2.334500
 106.000000 -1.413663 2.053372
 107.000000 -1.214589 2.448522
 108.000000 -2.581544 2.743801
 109.000000 -2.482360 2.752897
 110.000000 -2.272671 2.773242
 111.000000 -2.226782 2.312309
 112.000000 -1.523145 2.558918
 113.000000 -0.620746 2.365153
 114.000000 -0.904841 2.811704
 115.000000 -1.023309 2.543384
 116.000000 -0.731132 2.462160
 117.000000 -0.944829 2.471180
 118.000000 -1.067542 2.527649
 119.000000 -1.417389 2.272592
 120.000000 -2.787453 2.936864
 121.000000 -2.756318 2.863665
 122.000000 -2.254724 3.019006
 123.000000 -1.556539 2.571314
 124.000000 -1.531023 2.782489
 125.000000 -0.873702 2.621027
 126.000000 -0.937237 2.637660
 127.000000 -1.109856 2.449695
 128.000000 -0.758125 2.553532
 129.000000 -1.103801 2.301540
 130.000000 -1.423696 2.185483
 131.000000 -0.994731 2.203617
 132.000000 -0.521593 2.440059
 133.000000 -1.116466 2.348543
 134.000000 -1.166719 2.345777
 135.000000 -0.983047 2.405037
 136.000000 -0.650586 2.489144
 137.000000 -1.185290 2.703225
 138.000000 -0.980379 2.566494
 139.000000 -1.314223 2.769705
 140.000000 -1.084273 2.344317
 141.000000 -0.625778 2.381932
 142.000000 -1.295231 2.952326
 143.000000 -0.927469 -3.055384
 144.000000 -1.123062 2.666422
 145.000000 -1.164766 2.489928
 146.000000 -1.046733 2.853024
 147.000000 -1.198427 2.600540
 148.000000 -1.030059 2.532212
 149.000000 -1.134129 2.479775
 150.000000 -1.330261 3.036232
 151.000000 -1.130220 2.433997
 152.000000 -1.404068 2.528222
 153.000000 -1.026174 2.386551
 154.000000 -1.609525 1.910219
 155.000000 -2.184434 2.275895
 156.000000 -2.287020 2.574469
 157.000000 -2.763457 2.714955
 158.000000 -1.692904 2.508702
 159.000000 -1.488649 2.325280
 160.000000 -0.967065 2.598150
 161.000000 -1.114621 2.601166
 162.000000 -0.724376 2.250436
 163.000000 -0.860724 2.404000
 164.000000 -1.170177 2.669368
 165.000000 -2.471486 2.693413
 166.000000 -2.701663 2.692113
 167.000000 -2.608295 2.616387
 168.000000 -2.483950 2.843092
 169.000000 -2.642834 2.402632
 170.000000 -1.299775 2.450653
 171.000000 -1.581499 1.798431
 172.000000 -1.423827 2.385566
 173.000000 -0.600126 2.010646
 174.000000 -1.961555 2.430484
 175.000000 -1.474379 2.075258
 176.000000 -1.241629 2.565903
 177.000000 -1.052343 2.517232
 178.000000 -1.137336 1.981877
 179.000000 -1.003667 2.742661
 180.000000 -1.191120 2.339700
 181.000000 -1.017824 2.194718
 182.000000 -1.487152 2.307852
 183.000000 -1.331369 2.414891
 184.000000 -0.760509 2.653002
 185.000000 -2.728965 2.408454
 186.000000 -2.631480 2.218701
 187.000000 -2.860037 2.932419
 188.000000 -2.184090 2.514004
 189.000000 -2.473158 2.741022
 190.000000 -2.045304 2.242891
 191.000000 -2.427693 2.450066
 192.000000 -2.549362 2.966050
 193.000000 -2.631893 3.092683
 194.000000 -1.196576 2.457160
 195.000000 -1.172812 2.690890
 196.000000 -1.094558 2.524658
 197.000000 -0.486616 2.419432
 198.000000 -1.809637 2.754453
 199.000000 -0.899089 2.251252
 200.000000 -0.469277 2.540760
 201.000000 -1.152420 2.348079
 202.000000 -0.894999 2.823242
 203.000000 -0.586602 2.146267
 204.000000 -0.795125 2.731423
 205.000000 -0.807632 2.772563
 206.000000 -1.425388 2.482575
 207.000000 -0.831455 2.882328
 208.000000 -1.547594 2.114255
 209.000000 -2.138307 2.317332
 210.000000 -1.249587 2.331961
 211.000000 -0.845419 2.478394
 212.000000 -1.008448 2.275064
 213.000000 -0.889252 2.760076
 214.000000 -2.096758 2.687728
 215.000000 -1.197596 2.442075
 216.000000 -1.396495 2.749855
 217.000000 -1.237401 2.830636
 218.000000 -0.591383 2.332730
 219.000000 -1.316246 2.198662
 220.000000 -1.171033 2.468517
 221.000000 -1.339589 2.655897
 222.000000 -0.849130 2.489455
 223.000000 -0.981911 2.407698
 224.000000 -1.004803 2.787010
 225.000000 -0.908407 2.466291
 226.000000 -1.076977 2.392263
 227.000000 -1.168592 2.620669
 228.000000 -1.246158 2.567239
 229.000000 -1.232921 2.778420
 230.000000 -1.072005 2.457349
 231.000000 -1.153794 2.461140
 232.000000 -2.564336 2.848655
 233.000000 -2.085658 2.296814
 234.000000 -2.299101 2.746394
 235.000000 -2.615000 2.529086
 236.000000 -2.200943 2.300913
 237.000000 -1.942698 2.583346
 238.000000 -2.181540 2.583276
 239.000000 -1.629266 2.970659
 240.000000 -1.687471 2.527251
 241.000000 -2.127891 1.923360
 242.000000 -1.843915 2.327161
 243.000000 -0.787615 2.116552
 244.000000 -1.148180 2.617788
 245.000000 -1.054224 2.480971
 246.000000 -1.399961 2.513367
 247.000000 -1.406459 2.796254
 248.000000 -1.177067 2.595505
 249.000000 -1.237033 2.367442
 250.000000 -1.119709 2.698361
 251.000000 -1.415365 3.013155
 252.000000 -2.748105 2.827235
 253.000000 -2.483897 2.704683
 254.000000 -1.987087 2.276965
 255.000000 -2.708944 2.559836
 256.000000 -2.348475 2.963145
 257.000000 -1.164984 3.016477
 258.000000 -1.171905 2.408010
 259.000000 -1.091408 2.414250
 260.000000 -0.775512 2.466221
 261.000000 -1.067908 2.510102
 262.000000 -1.667105 2.892735
 263.000000 -1.048999 2.569756
 264.000000 -1.060278 2.501415
 265.000000 -1.436371 2.694032
 266.000000 -0.558802 2.368777
 267.000000 -2.755552 2.542220
 268.000000 -2.720153 -2.690697
 269.000000 -1.894618 3.101237
 270.000000 -2.836831 3.103865
 271.000000 -2.481502 3.001289
 272.000000 -2.664152 2.323759
 273.000000 -2.176349 2.038771
 274.000000 -1.384210 2.764070
 275.000000 -0.923186 2.539483
 276.000000 -1.141919 2.541622
 277.000000 -0.903580 2.473621
 278.000000 -1.070066 2.579135
 279.000000 -1.156142 2.827703
 280.000000 -1.184582 2.608324
 281.000000 -1.105862 2.576865
 282.000000 -1.027466 2.565303
 283.000000 -1.146297 2.568874
 284.000000 -1.387131 2.478440
 285.000000 -0.827801 2.819176
 286.000000 -1.109480 2.434125
 287.000000 -1.002583 2.447895
 288.000000 -1.449815 2.220106
 289.000000 -1.040223 2.455453
 290.000000 -1.260009 2.731520
 291.000000 -1.098663 2.488086
 292.000000 -1.095314 2.243999
 293.000000 -1.891738 2.863299
 294.000000 -2.657558 2.431515
 295.000000 -2.051725 2.102610
 296.000000 -0.812233 2.111525
 297.000000 -0.900227 2.594152
 298.000000 -1.051921 2.706984
 299.000000 -0.760577 2.641166
 300.000000 -1.103957 2.491211
 301.000000 -1.134629 2.749903
 302.000000 -2.513947 2.333483
 303.000000 -1.622242 2.432028
 304.000000 -1.732967 2.678235
 305.000000 -2.185379 2.553821
 306.000000 -2.414894 3.040786
 307.000000 -2.702316 2.926913
 308.000000 -2.649304 2.839247
 309.000000 2.974908 2.217455
 310.000000 -2.567559 2.311501
 311.000000 -1.883818 2.431555
 312.000000 -1.931313 2.185995
 313.000000 -1.198247 2.637254
 314.000000 -0.929985 2.638021
 315.000000 -0.972362 2.208925
 316.000000 -0.790131 2.681290
 317.000000 -1.805103 2.235226
 318.000000 -1.244361 1.990636
 319.000000 -1.020010 2.071851
 320.000000 -1.121811 2.474002
 321.000000 -1.142894 2.829247
 322.000000 -1.654371 2.393544
 323.000000 -0.966723 2.209735
 324.000000 -1.055851 2.452637
 325.000000 -1.468040 2.367258
 326.000000 -1.144836 2.417998
 327.000000 -1.125575 2.553945
 328.000000 -1.213529 2.376605
 329.000000 -1.165471 2.470202
 330.000000 -1.099439 2.506528
 331.000000 -1.106840 2.416800
 332.000000 -1.048987 2.357429
 333.000000 -1.236123 2.906052
 334.000000 -1.250691 2.319967
 335.000000 -1.000352 2.442611
 336.000000 -1.126630 2.522568
 337.000000 -1.054207 2.673341
 338.000000 -2.053178 2.607727
 339.000000 -2.019981 2.256238
 340.000000 -2.241446 2.538319
 341.000000 -2.608066 2.780484
 342.000000 -2.561018 2.291926
 343.000000 -2.696942 2.343948
 344.000000 -2.705433 2.899891
 345.000000 -2.034222 2.752195
 346.000000 -1.974382 2.429940
 347.000000 -2.175908 2.390087
 348.000000 -2.251019 2.365571
 349.000000 -2.703074 2.560110
 350.000000 -2.328972 2.386187
 351.000000 -1.945060 2.362268
 352.000000 -1.478418 2.469891
 353.000000 -1.057650 2.643732
 354.000000 -0.721064 2.513576
 355.000000 -0.909107 2.773279
 356.000000 -1.542123 2.644963
 357.000000 -0.927384 2.625812
 358.000000 -0.911014 2.864052
 359.000000 -0.907913 2.573711
 360.000000 -0.973534 2.443444
 361.000000 -1.554373 2.775102
 362.000000 -1.057238 2.665594
 363.000000 -1.094485 2.583114
 364.000000 -1.304344 2.797536
 365.000000 -1.558848 1.877952
 366.000000 -1.128584 2.314012
 367.000000 -1.038375 2.562193
 368.000000 -1.293323 2.756056
 369.000000 -1.202670 2.119050
 370.000000 -1.174598 2.602515
 371.000000 -1.150932 2.607060
 372.000000 -1.033734 2.977469
 373.000000 -1.283324 3.032842
 374.000000 -2.438101 -2.015733
 375.000000 -1.523406 -1.500848
 376.000000 -2.003501 -1.016050
 377.000000 -1.657578 -0.394860
 378.000000 -1.367288 -0.558908
 379.000000 -1.767990 -0.065056
 380.000000 -1.936695 -0.175542
 381.000000 -1.751267 -0.026018
 382.000000 -1.092615 -0.278093
 383.000000 -1.468167 -0.469421
 384.000000 -1.569605 -0.276839
 385.000000 -2.040182 -0.265534
 386.000000 -1.026473 -0.584668
 387.000000 -1.166456 -0.577088
 388.000000 -0.954293 -0.853117
 389.000000 -1.006416 -0.765414
 390.000000 -1.186899 -0.711589
 391.000000 -1.773262 0.032198
 392.000000 -2.223094 0.246339
 393.000000 -1.650510 -0.839931
 394.000000 -1.657114 0.094529
 395.000000 -1.042118 -0.798019
 396.000000 -1.015185 -0.830515
 397.000000 -1.000077 -0.584055
 398.000000 -1.184980 -0.762001
 399.000000 -1.047162 -0.527025
 400.000000 -1.082855 -0.873718
