#! FIELDS time phi psi
#! SET min_phi -pi
#! SET max_phi pi
#! SET min_psi -pi
#! SET max_psi pi
 0.000000 0.479182 -2.458120
 1.000000 1.064611 -2.678375
 2.000000 0.961431 -3.063632
 3.000000 0.989869 -2.671847
 4.000000 0.793649 -2.384642
 5.000000 1.054307 -2.802209
 6.000000 0.883873 3.063648
 7.000000 0.786935 -2.923281
 8.000000 0.919671 -2.990845
 9.000000 1.278827 2.864687
 10.000000 1.052265 -3.043899
 11.000000 0.947221 -2.727688
 12.000000 1.494978 2.892939
 13.000000 0.854874 -2.823124
 14.000000 0.832808 -3.084854
 15.000000 0.652200 -2.625253
 16.000000 1.145226 2.844137
 17.000000 0.908727 -2.674954
 18.000000 0.957675 -2.749573
 19.000000 0.742690 -2.444010
 20.000000 0.966477 2.819227
 21.000000 0.897270 -2.462199
 22.000000 0.924115 -2.958012
 23.000000 0.816927 -2.566185
 24.000000 0.837946 -2.727739
 25.000000 1.166875 -2.937656
 26.000000 1.203626 -2.939391
 27.000000 0.793125 -2.399453
 28.000000 0.977879 -1.910775
 29.000000 0.891474 -2.070991
 30.000000 1.132944 -3.049705
 31.000000 0.652973 -2.785324
 32.000000 0.862258 -2.532284
 33.000000 0.787602 -2.300683
 34.000000 1.020649 2.802657
 35.000000 0.834246 -2.752195
 36.000000 0.699849 -2.507810
 37.000000 0.826308 -2.766541
 38.000000 0.731324 -2.518410
 39.000000 0.878486 -2.769483
 40.000000 1.203298 -3.059081
 41.000000 1.261113 -2.708524
 42.000000 0.996545 -2.941493
 43.000000 0.949348 -2.705548
 44.000000 0.807729 -2.898712
 45.000000 0.854727 -2.690012
 46.000000 0.856906 -2.404000
 47.000000 0.839056 -2.809797
 48.000000 1.089597 -3.058249
 49.000000 1.113067 -2.828253
 50.000000 1.522587 2.867539
 51.000000 1.335251 2.063922
 52.000000 1.411475 2.008425
 53.000000 0.743903 -3.116701
 54.000000 0.978340 -3.023711
 55.000000 0.987023 -2.569475
 56.000000 1.214310 1.609457
 57.000000 1.037633 2.436537
 58.000000 1.004675 2.848492
 59.000000 0.853183 -2.956030
 60.000000 1.427279 2.645265
 61.000000 1.205408 2.645418
 62.000000 1.414511 1.710366
 63.000000 1.275330 2.708454
 64.000000 1.512041 1.880529
 65.000000 1.607715 1.493325
 66.000000 1.383652 1.892471
 67.000000 0.892595 3.074531
 68.000000 1.013615 3.081058
 69.000000 0.879746 -3.005672
 70.000000 1.639082 1.724769
 71.000000 1.433339 1.730580
 72.000000 1.381526 0.500562
 73.000000 1.430958 0.396511
 74.000000 1.330946 0.589196
 75.000000 1.465032 0.333813
 76.000000 1.629319 0.316598
 77.000000 1.248041 0.547649
 78.000000 1.856098 -0.045313
 79.000000 1.962384 0.502317
 80.000000 1.444188 0.923397
 81.000000 1.278224 0.440459
 82.000000 1.129304 0.508740
 83.000000 1.552770 0.155750
 84.000000 1.599515 0.521133
 85.000000 1.080710 0.386806
 86.000000 1.316769 0.524108
 87.000000 1.461276 0.490442
 88.000000 1.500833 1.103809
 89.000000 1.043747 1.098410
 90.000000 1.486568 1.782121
 91.000000 2.441896 1.770454
 92.000000 3.119369 2.392933
 93.000000 -2.119581 2.256949
 94.000000 3.068522 2.522703
 95.000000 -2.464452 2.321935
 96.000000 -2.469409 2.596522
 97.000000 -2.717357 2.883409
 98.000000 -2.945993 2.952498
 99.000000 -2.975356 3.044665
 100.000000 -2.541906 2.745514
 101.000000 -2.691348 2.341015
 102.000000 -1.251307 2.650124
 103.000000 -1.073011 2.535182
 104.000000 -0.876507 2.594132
 105.000000 -1.941898 2.036262
 106.000000 -2.140761 2.720966
 107.000000 -2.277851 2.878897
 108.000000 -1.673005 2.712209
 109.000000 -0.982955 2.729614
 110.000000 -1.121540 2.590868
 111.000000 -0.875379 2.411765
 112.000000 -1.362769 2.432452
 113.000000 -1.407927 2.542828
 114.000000 -1.888737 2.120669
 115.000000 -2.230293 2.211423
 116.000000 -1.965741 2.521887
 117.000000 -1.152586 2.537099
 118.000000 -0.832074 2.662063
 119.000000 -0.994071 2.738713
 120.000000 -1.064892 2.734298
 121.000000 -0.741113 2.545382
 122.000000 -1.480210 2.697497
 123.000000 -1.170068 2.840385
 124.000000 -1.263518 2.266736
 125.000000 -1.945873 2.457058
 126.000000 -1.818837 2.143443
 127.000000 -2.017277 2.145132
 128.000000 -2.746702 2.675933
 129.000000 -2.413426 2.473974
 130.000000 -1.659449 2.488066
 131.000000 -1.417892 2.909612
 132.000000 -0.894173 2.568824
 133.000000 -2.771222 2.882651
 134.000000 -2.336877 2.526344
 135.000000 -2.016121 2.467270
 136.000000 -1.264188 2.739082
 137.000000 -1.150000 2.558421
 138.000000 -1.047800 2.555323
 139.000000 -0.577419 2.051649
 140.000000 -1.610470 2.452011
 141.000000 -1.349407 1.949474
 142.000000 -1.582744 2.522143
 143.000000 -1.110219 2.638098
 144.000000 -0.912752 2.513225
 145.000000 -1.248699 2.200913
 146.000000 -1.305655 2.777947
 147.000000 -1.082343 2.552996
 148.000000 -1.092165 2.599797
 149.000000 -0.859670 2.846230
 150.000000 -1.072330 2.530814
 151.000000 -1.121776 2.484653
 152.000000 -0.652166 2.295269
 153.000000 -1.077952 1.951431
 154.000000 -0.951881 2.729636
 155.000000 -1.095163 -3.049083
 156.000000 -1.131630 2.448421
 157.000000 -1.531877 2.534716
 158.000000 -2.288721 2.916017
 159.000000 -1.390990 2.148609
 160.000000 -2.440377 2.314930
 161.000000 -2.456169 2.600322
 162.000000 -2.895057 2.619398
 163.000000 -2.781961 3.103336
 164.000000 -2.645428 2.859570
 165.000000 -1.995986 2.586171
 166.000000 -1.321938 2.477429
 167.000000 -1.026288 2.637983
 168.000000 -0.754820 2.647511
 169.000000 -1.351070 2.570660
 170.000000 -1.172005 2.070435
 171.000000 -1.183132 2.191238
 172.000000 -1.312699 2.617222
 173.000000 -1.069968 2.645529
 174.000000 -0.980246 2.395591
 175.000000 -0.992900 2.691448
 176.000000 -1.390594 2.996355
 177.000000 -1.120178 2.427480
 178.000000 -1.041099 2.352754
 179.000000 -1.104656 1.990078
 180.000000 -1.073371 2.529247
 181.000000 -0.833649 2.187778
 182.000000 -0.351283 2.544994
 183.000000 -1.206286 2.650570
 184.000000 -1.318242 2.423713
 185.000000 -1.336303 2.883636
 186.000000 -0.924649 2.488834
 187.000000 -1.106882 2.696748
 188.000000 -0.838633 2.319999
 189.000000 -1.195828 2.565737
 190.000000 -0.937307 2.411291
 191.000000 -1.456485 1.473719
 192.000000 -1.724163 1.553630
 193.000000 -1.150743 2.740048
 194.000000 -1.340997 2.707891
 195.000000 -1.308850 2.419615
 196.000000 -1.025656 2.473884
 197.000000 -1.167225 2.692838
 198.000000 -1.102286 2.480480
 199.000000 -1.042161 2.568166
 200.000000 -0.980330 2.408896
 201.000000 -1.617080 2.598651
 202.000000 -1.191640 2.589005
 203.000000 -1.243535 2.550426
 204.000000 -1.610664 2.948034
 205.000000 -1.048390 2.421882
 206.000000 -1.192357 2.587053
 207.000000 -1.032372 2.131685
 208.000000 -1.284020 2.653145
 209.000000 -1.696367 2.075416
 210.000000 -1.089158 2.537092
 211.000000 -1.170660 2.319550
 212.000000 -0.998957 2.333929
 213.000000 -1.600004 2.653843
 214.000000 -1.133469 2.226824
 215.000000 -1.186532 2.096816
 216.000000 -1.386609 2.848399
 217.000000 -0.496949 2.355417
 218.000000 -0.935493 2.528090
 219.000000 -1.279480 2.766557
 220.000000 -1.029730 2.586976
 221.000000 -0.549620 2.408415
 222.000000 -0.714661 2.438196
 223.000000 -0.884972 2.549305
 224.000000 -0.905725 2.496449
 225.000000 -0.985836 2.271994
 226.000000 -0.639784 2.287309
 227.000000 -0.948482 2.487785
 228.000000 -0.991321 2.547060
 229.000000 -1.135745 2.487346
 230.000000 -1.005801 2.708082
 231.000000 -1.206438 2.328413
 232.000000 -1.195199 2.738942
 233.000000 -1.475696 2.188966
 234.000000 -1.718908 2.766109
 235.000000 -0.979374 2.632370
 236.000000 -1.047297 2.626096
 237.000000 -1.162807 2.449860
 238.000000 -0.937673 2.641847
 239.000000 -1.515674 2.942224
 240.000000 -1.099634 2.488899
 241.000000 -1.029888 2.485059
 242.000000 -1.348394 2.238405
 243.000000 -1.347518 2.885697
 244.000000 -1.360276 2.542497
 245.000000 -1.256200 3.062169
 246.000000 -1.767492 2.770778
 247.000000 -0.987407 2.656100
 248.000000 -1.165680 2.366942
 249.000000 -1.539196 2.229820
 250.000000 -1.073988 2.175758
 251.000000 -1.103999 2.439456
 252.000000 -1.294688 2.756590
 253.000000 -1.072943 2.545112
 254.000000 -1.429447 2.521610
 255.000000 -1.030414 2.479264
 256.000000 -1.792138 2.490830
 257.000000 -0.709755 2.362908
 258.000000 -2.278332 2.058443
 259.000000 -1.209796 2.364981
 260.000000 -1.219424 1.990612
 261.000000 -1.380134 2.295865
 262.000000 -1.484559 2.389437
 263.000000 -2.721732 2.664072
 264.000000 -2.578489 2.878342
 265.000000 -2.803281 3.138390
 266.000000 -2.781698 3.037188
 267.000000 -2.860593 2.877955
 268.000000 -2.349873 2.465952
 269.000000 -1.946183 2.797320
 270.000000 -1.963595 2.559562
 271.000000 -2.750630 2.599457
 272.000000 -2.406114 2.391450
 273.000000 -1.650319 2.313778
 274.000000 -1.508058 2.137501
 275.000000 -1.114924 2.575875
 276.000000 -1.149968 2.668279
 277.000000 -1.023230 2.520777
 278.000000 -0.794523 2.727779
 279.000000 -1.004839 2.278875
 280.000000 -1.074310 2.282558
 281.000000 -1.107564 2.450605
 282.000000 -1.149506 2.524259
 283.000000 -1.029609 1.876280
 284.000000 -2.171538 2.440003
 285.000000 -1.104408 2.445056
 286.000000 -1.229216 2.392246
 287.000000 -1.090383 2.618865
 288.000000 -2.295513 2.628448
 289.000000 -2.094314 2.503371
 290.000000 -2.465549 -3.100576
 291.000000 -2.325006 2.885722
 292.000000 -2.035872 2.543071
 293.000000 -1.603156 2.124929
 294.000000 -1.597942 2.612717
 295.000000 -1.196795 1.938545
 296.000000 -1.277176 2.520107
 297.000000 -1.677925 2.045117
 298.000000 -1.045807 2.761629
 299.000000 -1.078131 2.730512
 300.000000 -1.077887 2.383568
 301.000000 -1.224283 2.527191
 302.000000 -1.361719 2.185014
 303.000000 -1.213995 2.795183
 304.000000 -0.942708 2.457080
 305.000000 -1.221158 2.328350
 306.000000 -1.589708 1.663578
 307.000000 -2.209155 2.150799
 308.000000 -1.696025 2.898116
 309.000000 -1.012932 2.120495
 310.000000 -1.037621 2.760989
 311.000000 -1.050087 2.402352
 312.000000 -0.984263 2.451202
 313.000000 -1.626611 2.275508
 314.000000 -2.032911 2.593700
 315.000000 -2.675445 2.982046
 316.000000 -1.655130 2.465179
 317.000000 -1.100904 2.399566
 318.000000 -1.043736 2.426273
 319.000000 -1.030284 2.685100
 320.000000 -1.066891 2.481401
 321.000000 -0.607849 2.532784
 322.000000 -0.834776 2.295126
 323.000000 -1.421850 2.310519
 324.000000 -1.161142 2.591012
 325.000000 -1.201702 2.473108
 326.000000 -1.574946 2.556625
 327.000000 -0.842447 2.688457
 328.000000 -0.984495 2.524066
 329.000000 -1.041196 2.883563
 330.000000 -1.703336 2.353241
 331.000000 -1.522244 2.301146
 332.000000 -1.099116 2.462749
 333.000000 -0.993790 2.559353
 334.000000 -1.075231 2.462663
 335.000000 -2.034479 2.217161
 336.000000 -1.058411 2.503093
 337.000000 -0.988497 2.539163
 338.000000 -1.067381 2.576113
 339.000000 -1.835549 2.432777
 340.000000 -1.217376 2.409285
 341.000000 -1.356945 3.027016
 342.000000 -0.589998 2.525012
 343.000000 -0.900701 2.495793
 344.000000 -1.276091 2.757559
 345.000000 -0.667098 1.850492
 346.000000 -2.160902 1.982686
 347.000000 -0.991910 2.590194
 348.000000 -1.067926 2.479657
 349.000000 -1.100126 2.361066
 350.000000 -1.305356 2.975032
 351.000000 -1.122313 2.448657
 352.000000 -2.717099 2.835679
 353.000000 -2.450765 2.925142
 354.000000 -1.864546 2.668400
 355.000000 -2.401125 2.857999
 356.000000 -2.583767 2.598612
 357.000000 -2.659840 2.539871
 358.000000 -2.679226 2.772035
 359.000000 -1.982883 2.174734
 360.000000 -1.207639 2.559997
 361.000000 -1.129296 2.320278
 362.000000 -1.175578 2.558946
 363.000000 -1.165719 2.558964
 364.000000 -1.404026 2.141258
 365.000000 -1.062241 2.584050
 366.000000 -1.512435 2.141938
 367.000000 -1.402376 2.216282
 368.000000 -1.390856 1.882426
 369.000000 -2.356970 2.246128
 370.000000 -1.130961 2.299172
 371.000000 -1.055487 2.443530
 372.000000 -1.412749 1.896192
 373.000000 -0.823571 2.975888
 374.000000 -0.924858 2.516085
 375.000000 -0.915417 2.442042
 376.000000 -1.741910 2.192648
 377.000000 -2.412773 2.293161
 378.000000 -1.172517 2.086013
 379.000000 -1.066600 2.465508
 380.000000 -1.299046 2.849317
 381.000000 -1.276805 2.573673
 382.000000 -1.226999 3.047198
 383.000000 -0.955166 2.089783
 384.000000 -1.615525 1.704787
 385.000000 -1.427118 2.366841
 386.000000 -1.854041 2.325195
 387.000000 -1.852435 2.354269
 388.000000 -1.019321 2.339065
 389.000000 -1.206078 2.605579
 390.000000 -1.067350 2.711315
 391.000000 -1.577280 2.354715
 392.000000 -1.269352 1.623485
 393.000000 -1.327401 2.091355
 394.000000 -1.046559 2.646676
 395.000000 -0.692735 2.325974
 396.000000 -1.316570 2.190317
 397.000000 -1.059007 2.973217
 398.000000 -1.142499 2.905921
 399.000000 -1.039932 2.476014
 400.000000 -1.514674 2.449781
