#! FIELDS time phi psi
#! SET min_phi -pi
#! SET max_phi pi
#! SET min_psi -pi
#! SET max_psi pi
 0.000000 3.104817 -0.951424
 1.000000 -1.974786 -0.170090
 2.000000 -2.023737 0.197537
 3.000000 -1.374254 -0.356049
 4.000000 -1.676403 0.251355
 5.000000 -1.387684 -0.211932
 6.000000 -1.076301 -0.825406
 7.000000 -1.333690 -0.412977
 8.000000 -1.691569 0.012667
 9.000000 -1.951833 -0.179307
 10.000000 -1.974153 0.260833
 11.000000 -1.549305 -0.573571
 12.000000 -1.174864 -0.720919
 13.000000 -1.336000 -0.487867
 14.000000 -1.125664 -0.853904
 15.000000 -0.984533 -0.710497
 16.000000 -1.130851 -0.571445
 17.000000 -0.936479 -0.895486
 18.000000 -1.054987 -0.641732
 19.000000 -1.241710 -0.659225
 20.000000 -1.096621 -0.563799
 21.000000 -0.974143 -0.729068
 22.000000 -1.044094 -0.719723
 23.000000 -0.932246 -0.736653
 24.000000 -1.589534 0.026812
 25.000000 -1.650571 0.149450
 26.000000 -1.838615 -0.533983
 27.000000 -1.000894 -0.711215
 28.000000 -2.063488 0.274392
 29.000000 -2.075810 0.084506
 30.000000 -1.821473 -0.147244
 31.000000 -2.081955 0.104415
 32.000000 -1.877806 0.150124
 33.000000 -1.156660 -0.557353
 34.000000 -1.478880 -0.419097
 35.000000 -1.044610 -0.634212
 36.000000 -1.303189 -0.430603
 37.000000 -0.936260 -0.603828
 38.000000 -2.674993 0.521774
 39.000000 -3.003639 -0.086865
 40.000000 -2.952310 0.144478
 41.000000 -2.051074 -0.050735
 42.000000 -1.846544 0.040688
 43.000000 -2.217614 0.438388
 44.000000 -1.501230 -0.181791
 45.000000 -1.910061 0.143832
 46.000000 -2.064947 0.163478
 47.000000 -1.902571 0.209031
 48.000000 -2.793422 0.013943
 49.000000 -2.630016 0.128133
 50.000000 -3.009817 -0.077004
 51.000000 -1.700708 -0.228099
 52.000000 -1.571862 -0.043932
 53.000000 -1.630870 -0.082676
 54.000000 -2.341473 -0.014754
 55.000000 -2.301834 -0.091265
 56.000000 -1.683361 -0.289795
 57.000000 -2.127854 0.211637
 58.000000 -2.239150 0.401263
 59.000000 -2.346620 0.111483
 60.000000 -1.478463 -0.344325
 61.000000 -1.816508 0.420481
 62.000000 -2.194945 -0.023799
 63.000000 -2.677867 -0.001354
 64.000000 -2.387909 -0.107430
 65.000000 -2.805987 -0.225797
 66.000000 -1.302461 -0.517043
 67.000000 -2.194204 0.328298
 68.000000 -2.052095 0.339064
 69.000000 -1.705761 0.036621
 70.000000 -1.733393 -0.123472
 71.000000 -1.936466 0.422015
 72.000000 -1.934077 -0.000146
 73.000000 -1.469782 -0.253536
 74.000000 -1.926574 0.294402
 75.000000 -2.027894 0.336962
 76.000000 -1.988814 0.209812
 77.000000 -2.042404 0.157444
 78.000000 -1.783279 0.049968
 79.000000 -1.690320 0.073946
 80.000000 -1.759778 -0.199896
 81.000000 -1.283486 -0.209056
 82.000000 -1.379096 1.251060
 83.000000 -1.777553 -0.304233
 84.000000 -2.079991 -0.120544
 85.000000 -1.830550 -0.155517
 86.000000 -1.172181 -0.618685
 87.000000 -1.757460 -0.188337
 88.000000 -2.215691 0.009306
 89.000000 -1.069395 -0.730734
 90.000000 -1.103318 -0.688394
 91.000000 -1.868811 -0.461315
 92.000000 -1.548598 -0.177925
 93.000000 -1.353734 -0.229418
 94.000000 -1.929633 0.202516
 95.000000 -1.785085 -0.039336
 96.000000 -2.215728 0.177256
 97.000000 -1.586185 -0.543602
 98.000000 -1.572726 -0.340873
 99.000000 -1.315198 -0.314984
 100.000000 -0.927348 -0.835292
 101.000000 -1.896212 -1.176265
 102.000000 -1.422614 -0.375853
 103.000000 -1.729487 0.154427
 104.000000 -1.941711 -0.237911
 105.000000 -1.994783 0.053451
 106.000000 -0.961870 -0.803456
 107.000000 -2.411866 0.097952
 108.000000 -1.984622 0.064042
 109.000000 -1.867242 0.291397
 110.000000 -1.338682 -0.431238
 111.000000 -1.699944 0.450916
 112.000000 -2.109282 0.359666
 113.000000 -1.884888 0.196786
 114.000000 -1.974604 0.080730
 115.000000 -1.708003 -0.262355
 116.000000 -1.624146 -0.048131
 117.000000 -1.980244 0.173803
 118.000000 -1.727352 0.436802
 119.000000 -1.709741 0.043096
 120.000000 -1.935105 0.440122
 121.000000 -1.906829 0.493869
 122.000000 -1.890378 0.232939
 123.000000 -2.699315 0.191121
 124.000000 -2.995697 0.287455
 125.000000 -2.881482 0.605833
 126.000000 -2.696470 -1.060368
 127.000000 -2.135562 0.442662
 128.000000 -1.635010 0.001728
 129.000000 -1.812415 0.028547
 130.000000 -1.214718 -0.619571
 131.000000 -1.259166 -0.248176
 132.000000 -1.065740 -0.688271
 133.000000 -1.877646 1.783056
 134.000000 -1.149746 1.712932
 135.000000 -1.109150 2.244445
 136.000000 -0.913719 2.407301
 137.000000 -1.081596 2.465641
 138.000000 -1.054461 2.490656
 139.000000 -1.362179 2.575594
 140.000000 -1.036360 2.500466
 141.000000 -1.026074 2.637112
 142.000000 -1.022179 2.287565
 143.000000 -1.446356 2.307249
 144.000000 -1.101088 2.963743
 145.000000 -1.500542 2.664511
 146.000000 -1.479056 -3.139133
 147.000000 -1.205683 2.402607
 148.000000 -0.934555 2.515908
 149.000000 -1.942233 2.543279
 150.000000 -2.381016 2.733862
 151.000000 -2.568802 2.685156
 152.000000 -2.663971 2.660519
 153.000000 -2.418365 2.807343
 154.000000 -0.976677 2.765096
 155.000000 -1.653818 2.820448
 156.000000 -1.168742 2.026762
 157.000000 -1.793350 2.122454
 158.000000 -2.155167 2.645816
 159.000000 -2.135116 2.503746
 160.000000 -2.191300 2.367023
 161.000000 -2.034143 2.577486
 162.000000 -1.664494 2.376376
 163.000000 -1.826744 2.602807
 164.000000 -1.378529 2.632719
 165.000000 -1.178895 2.773165
 166.000000 -1.206253 2.193136
 167.000000 -0.592775 2.256179
 168.000000 -0.979160 2.304911
 169.000000 -1.805470 2.746581
 170.000000 -1.001057 2.215899
 171.000000 -1.108406 2.264223
 172.000000 -1.448167 2.500611
 173.000000 -1.137568 2.664535
 174.000000 -1.569478 2.783805
 175.000000 -1.782748 2.013473
 176.000000 -1.561796 2.422671
 177.000000 -1.229543 2.586182
 178.000000 -1.528674 2.632508
 179.000000 -1.723266 2.865136
 180.000000 -1.303842 2.404075
 181.000000 -1.057965 2.559896
 182.000000 -0.906443 1.990517
 183.000000 -1.070121 2.393578
 184.000000 -1.165003 2.555054
 185.000000 -1.127411 2.588556
 186.000000 -1.110151 2.343785
 187.000000 -1.102756 2.411751
 188.000000 -1.109445 2.586450
 189.000000 -1.400341 2.869570
 190.000000 -1.188284 2.530108
 191.000000 -1.132426 2.699694
 192.000000 -1.043269 2.687029
 193.000000 -0.960577 2.473214
 194.000000 -1.072184 2.440727
 195.000000 -1.008291 2.264802
 196.000000 -1.081190 2.587718
 197.000000 -1.580335 2.473969
 198.000000 -1.309966 2.489294
 199.000000 -1.011860 2.238050
 200.000000 -0.981779 2.286033
 201.000000 -0.957284 2.439848
 202.000000 -0.992800 2.288252
 203.000000 -1.009087 2.524191
 204.000000 -2.677013 -3.072880
 205.000000 -1.897323 3.079288
 206.000000 -1.821390 2.098433
 207.000000 -1.238918 2.490775
 208.000000 -0.961460 1.878439
 209.000000 -2.394119 2.500593
 210.000000 -2.773716 2.613806
 211.000000 -2.648169 2.891697
 212.000000 -2.859694 2.687955
 213.000000 -2.716086 -2.996414
 214.000000 -2.640087 2.572258
 215.000000 -2.631862 2.309650
 216.000000 -2.389397 2.598771
 217.000000 -2.729742 2.888188
 218.000000 -2.365861 2.562453
 219.000000 -2.445041 2.504048
 220.000000 -2.154854 2.869400
 221.000000 -0.882304 1.844327
 222.000000 -1.066433 2.610776
 223.000000 -1.180762 2.638552
 224.000000 -1.422778 2.904287
 225.000000 -1.084681 2.428794
 226.000000 -0.925106 2.827680
 227.000000 -1.455375 2.820883
 228.000000 -1.443866 2.949990
 229.000000 -0.879006 2.726872
 230.000000 -0.836873 2.077694
 231.000000 -0.355957 2.272273
 232.000000 -1.203530 2.731801
 233.000000 -0.820478 2.012466
 234.000000 -1.125622 2.246261
 235.000000 -1.167063 2.580811
 236.000000 -1.048423 2.380096
 237.000000 -1.062978 2.142589
 238.000000 -1.951670 2.772882
 239.000000 -1.800506 2.259700
 240.000000 -2.438293 2.438076
 241.000000 -2.473027 2.346396
 242.000000 -1.118224 1.971803
 243.000000 -1.208019 3.010030
 244.000000 -1.134227 2.382370
 245.000000 -0.850088 2.096313
 246.000000 -1.061409 1.975293
 247.000000 -1.264350 2.573040
 248.000000 -1.447478 2.777438
 249.000000 -1.085738 2.355104
 250.000000 -1.594077 2.624852
 251.000000 -1.096605 2.315826
 252.000000 -1.121660 2.546278
 253.000000 -0.840819 2.557903
 254.000000 -1.207714 2.691508
 255.000000 -0.857897 1.854230
 256.000000 -1.146222 2.592379
 257.000000 -1.118147 2.472809
 258.000000 -1.632672 -3.103583
 259.000000 -2.582224 2.620586
 260.000000 -2.646490 2.381668
 261.000000 -1.996661 2.572688
 262.000000 -2.416248 2.817662
 263.000000 -1.787890 2.407115
 264.000000 -1.887158 2.854166
 265.000000 -2.015523 2.254803
 266.000000 -1.005045 2.683946
 267.000000 -1.354333 2.358825
 268.000000 -0.976314 2.124742
 269.000000 -0.920894 2.627437
 270.000000 -0.763766 2.421766
 271.000000 -1.119245 2.694846
 272.000000 -1.158784 2.631125
 273.000000 -1.674860 2.488850
 274.000000 -1.122382 1.744977
 275.000000 -1.843861 1.905837
 276.000000 -1.646785 2.369422
 277.000000 -1.609986 1.751934
 278.000000 -1.040140 2.510819
 279.000000 -1.243498 2.502320
 280.000000 -0.922507 2.445655
 281.000000 -0.826009 2.526946
 282.000000 -1.450327 2.259906
 283.000000 -1.383580 1.963495
 284.000000 -2.403406 2.710134
 285.000000 -1.993635 2.798037
 286.000000 -2.893536 2.764569
 287.000000 -2.861269 2.992169
 288.000000 -2.829676 2.620627
 289.000000 -2.498929 2.640377
 290.000000 -2.475965 2.811048
 291.000000 -2.637177 2.623013
 292.000000 -2.354596 2.897694
 293.000000 -0.950101 2.462198
 294.000000 -1.151970 2.185656
 295.000000 -0.948176 2.035230
 296.000000 -1.135071 2.238152
 297.000000 -1.021187 2.451789
 298.000000 -1.050324 2.564167
 299.000000 -0.929651 2.543182
 300.000000 -1.181200 2.316376
 301.000000 -2.776050 2.833625
 302.000000 -2.605639 2.928617
 303.000000 -2.743604 2.538815
 304.000000 -2.342383 1.992264
 305.000000 -2.515695 2.100424
 306.000000 -2.416485 2.810015
 307.000000 -1.851763 2.007761
 308.000000 -1.217743 2.251738
 309.000000 -1.545129 2.682564
 310.000000 -2.363409 2.362174
 311.000000 -1.950003 1.853106
 312.000000 -0.926094 2.564910
 313.000000 -1.825324 2.346352
 314.000000 -1.336326 2.787739
 315.000000 -1.226015 2.625712
 316.000000 -1.587799 2.136430
 317.000000 -1.091776 2.432284
 318.000000 -1.464779 1.868336
 319.000000 -1.159588 2.488779
 320.000000 -1.380556 2.894374
 321.000000 -2.671331 2.848394
 322.000000 -2.695051 2.653581
 323.000000 -2.944097 2.664816
 324.000000 -2.575527 2.581602
 325.000000 -2.090018 2.517445
 326.000000 -2.678956 2.941090
 327.000000 -0.641352 2.133919
 328.000000 -1.008642 2.732114
 329.000000 -1.475623 3.094373
 330.000000 -0.910925 2.367829
 331.000000 -1.191970 2.357852
 332.000000 -1.314260 2.567687
 333.000000 -1.011709 2.298490
 334.000000 -1.138753 2.415790
 335.000000 -1.466276 2.168761
 336.000000 -2.933262 2.777022
 337.000000 -2.487628 2.193221
 338.000000 -2.419921 2.446608
 339.000000 -2.727005 2.798967
 340.000000 -2.184911 2.315422
 341.000000 -1.623050 2.216045
 342.000000 -1.461293 2.240684
 343.000000 -0.973014 2.617921
 344.000000 -1.254025 2.500049
 345.000000 -1.054547 2.353951
 346.000000 -1.135504 2.247286
 347.000000 -0.921779 2.442110
 348.000000 -1.043018 2.510649
 349.000000 -1.659939 2.537747
 350.000000 -1.063525 2.429587
 351.000000 -0.996064 2.533914
 352.000000 -0.997803 2.074195
 353.000000 -0.926990 1.964781
 354.000000 -1.274233 2.527279
 355.000000 -1.423455 2.802219
 356.000000 -0.998188 2.445935
 357.000000 -1.729972 3.139800
 358.000000 -2.600390 2.966928
 359.000000 -2.517439 2.142931
 360.000000 -2.369897 2.628678
 361.000000 -2.725429 2.653605
 362.000000 -2.810925 2.770944
 363.000000 -2.071499 -3.026381
 364.000000 -2.793052 3.001389
 365.000000 -2.452603 2.615041
 366.000000 -1.889470 2.892719
 367.000000 -0.727836 2.400215
 368.000000 -1.146140 2.454499
 369.000000 -0.425866 2.226126
 370.000000 -0.876720 2.474283
 371.000000 -1.102168 2.422891
 372.000000 -1.371001 2.781821
 373.000000 -1.106079 2.580060
 374.000000 -1.026239 2.668436
 375.000000 -1.037927 2.636162
 376.000000 -1.906183 2.567717
 377.000000 -2.499975 2.472503
 378.000000 -2.079329 2.242113
 379.000000 -2.467353 0.617393
 380.000000 -1.824942 0.476512
 381.000000 -1.463043 -0.312325
 382.000000 -1.803866 0.110611
 383.000000 -1.983033 0.075234
 384.000000 -1.473179 0.209709
 385.000000 -0.939815 -0.749277
 386.000000 -1.188185 -0.684415
 387.000000 -0.993661 -0.624731
 388.000000 -2.533725 0.110445
 389.000000 -2.284646 0.339283
 390.000000 -1.817523 -0.015575
 391.000000 -1.743148 0.289619
 392.000000 -1.772251 -0.160312
 393.000000 -1.872137 -0.053349
 394.000000 -1.907476 -0.014278
 395.000000 -2.109677 0.299731
 396.000000 -1.450542 -0.395414
 397.000000 -1.312818 -0.492475
 398.000000 -1.244474 -0.631594
 399.000000 -1.426176 -0.306060
 400.000000 -1.691032 0.014785
