#! FIELDS time phi psi
#! SET min_phi -pi
#! SET max_phi pi
#! SET min_psi -pi
#! SET max_psi pi
 0.000000 0.645355 0.919964
 1.000000 1.102561 0.843544
 2.000000 1.600361 0.302666
 3.000000 1.422303 0.108743
 4.000000 0.930369 1.284365
 5.000000 0.262757 1.051470
 6.000000 0.763989 0.713131
 7.000000 1.167722 0.379146
 8.000000 1.494434 0.614305
 9.000000 1.517748 0.509501
 10.000000 1.700385 0.308944
 11.000000 1.454594 0.426441
 12.000000 0.560094 0.911242
 13.000000 1.055609 0.976036
 14.000000 0.336373 1.417614
 15.000000 1.344432 0.341708
 16.000000 0.848064 0.958517
 17.000000 1.115502 2.290992
 18.000000 1.476433 2.271561
 19.000000 1.783762 2.287029
 20.000000 1.304269 2.246878
 21.000000 1.168147 2.837371
 22.000000 1.139730 2.090989
 23.000000 1.479643 3.109951
 24.000000 0.890809 2.949530
 25.000000 0.955811 -3.026996
 26.000000 0.864276 -2.820195
 27.000000 0.703285 -3.085759
 28.000000 1.302596 2.309886
 29.000000 1.347364 1.693830
 30.000000 0.935597 0.976959
 31.000000 0.792579 1.255356
 32.000000 1.094453 1.303654
 33.000000 1.154526 2.971518
 34.000000 0.978969 3.118413
 35.000000 1.474881 2.821790
 36.000000 0.975486 -2.858692
 37.000000 1.208332 -3.099546
 38.000000 1.094067 -2.691931
 39.000000 1.064855 -2.221651
 40.000000 0.780073 -2.829060
 41.000000 1.039951 -2.934428
 42.000000 1.199465 2.276510
 43.000000 0.884532 -2.759240
 44.000000 2.726770 2.667570
 45.000000 -2.369993 2.240654
 46.000000 -2.295460 2.066004
 47.000000 -2.447402 3.105180
 48.000000 -2.710652 2.544703
 49.000000 -2.660725 2.709143
 50.000000 -2.459635 2.719547
 51.000000 -2.681847 2.832951
 52.000000 -2.704610 2.812219
 53.000000 -2.871317 3.007730
 54.000000 -2.650342 3.089057
 55.000000 -1.276943 2.352995
 56.000000 -1.635046 2.927097
 57.000000 -0.920791 3.021454
 58.000000 -1.260850 2.703414
 59.000000 -1.211687 2.512933
 60.000000 -0.964268 2.381149
 61.000000 -1.762387 2.035088
 62.000000 -1.449646 3.095422
 63.000000 -1.685026 2.276963
 64.000000 -0.995276 2.824607
 65.000000 -1.194416 2.453918
 66.000000 -2.527062 2.817203
 67.000000 -2.711818 2.610909
 68.000000 -2.580457 2.688854
 69.000000 -2.790588 2.601972
 70.000000 -2.756860 2.920267
 71.000000 -1.903468 2.469921
 72.000000 -1.187355 2.759446
 73.000000 -2.069160 2.088849
 74.000000 -1.991939 1.907285
 75.000000 -2.256551 2.297656
 76.000000 -2.446938 2.147525
 77.000000 -2.904368 2.936018
 78.000000 -1.368299 3.014833
 79.000000 -1.383906 2.917027
 80.000000 -1.305291 1.907870
 81.000000 -1.247545 2.494149
 82.000000 -1.211732 2.600889
 83.000000 -1.242773 2.564039
 84.000000 -1.224678 2.477505
 85.000000 -1.279129 2.148016
 86.000000 -0.955392 2.566208
 87.000000 -1.184527 2.551121
 88.000000 -1.316328 2.828183
 89.000000 -0.948954 2.422585
 90.000000 -1.248861 2.491133
 91.000000 -1.509211 2.642729
 92.000000 -1.130142 2.576995
 93.000000 -1.517862 2.327330
 94.000000 -1.354067 2.639956
 95.000000 -1.371573 1.944791
 96.000000 -1.089883 2.644928
 97.000000 -1.157870 2.633682
 98.000000 -1.430306 2.491924
 99.000000 -0.898600 2.466283
 100.000000 -1.077679 2.419741
 101.000000 -1.464749 3.039418
 102.000000 -1.350142 2.261137
 103.000000 -1.230860 2.485529
 104.000000 -0.863451 1.920400
 105.000000 -0.912255 2.494500
 106.000000 -1.173406 3.100038
 107.000000 -1.189610 2.323870
 108.000000 -1.069502 2.604790
 109.000000 -2.081754 2.570437
 110.000000 -1.381540 1.978523
 111.000000 -1.352227 2.538276
 112.000000 -1.585885 2.187345
 113.000000 -1.764071 1.884449
 114.000000 -1.236837 2.789834
 115.000000 -1.301398 2.702581
 116.000000 -1.641990 2.840007
 117.000000 -0.922996 2.349316
 118.000000 -2.562479 2.637381
 119.000000 -2.046702 2.653763
 120.000000 -2.908522 -3.136745
 121.000000 -2.535982 2.840396
 122.000000 -1.969418 2.355120
 123.000000 -1.692998 2.719032
 124.000000 -1.871815 2.565353
 125.000000 -1.707523 2.558103
 126.000000 -1.379027 2.385012
 127.000000 -1.037320 2.517833
 128.000000 -1.300891 2.459805
 129.000000 -1.068216 2.134875
 130.000000 -1.081126 2.272336
 131.000000 -1.282754 2.487262
 132.000000 -1.226720 2.390339
 133.000000 -1.476406 2.892041
 134.000000 -1.569349 2.151962
 135.000000 -1.153328 2.440666
 136.000000 -0.995649 1.859584
 137.000000 -1.084864 1.666586
 138.000000 -1.292947 2.806784
 139.000000 -1.059228 2.497805
 140.000000 -1.615212 2.872663
 141.000000 -1.298881 2.590648
 142.000000 -1.245614 2.497356
 143.000000 -1.819011 2.986905
 144.000000 -1.180346 2.936748
 145.000000 -1.527738 2.710309
 146.000000 -0.863817 2.302093
 147.000000 -1.268937 2.288919
 148.000000 -1.718949 2.596623
 149.000000 -0.741842 2.432314
 150.000000 -1.453989 2.134308
 151.000000 -0.554709 2.483441
 152.000000 -2.696572 2.796636
 153.000000 -2.391249 2.697088
 154.000000 -2.829537 2.658548
 155.000000 -2.793808 2.657427
 156.000000 -2.169277 -3.114132
 157.000000 -1.310549 2.653975
 158.000000 -1.451807 3.068908
 159.000000 -1.520212 2.584879
 160.000000 -1.099865 2.228431
 161.000000 -1.134311 2.690608
 162.000000 -1.492976 2.226136
 163.000000 -1.748740 2.969735
 164.000000 -2.695804 2.916964
 165.000000 -2.217768 2.829784
 166.000000 -2.671986 2.887123
 167.000000 -2.064893 2.513819
 168.000000 -2.223070 2.589333
 169.000000 -2.864887 2.710453
 170.000000 -2.462083 2.591196
 171.000000 -1.139392 2.410831
 172.000000 -1.046108 2.422677
 173.000000 -1.244084 2.294651
 174.000000 -2.242886 2.526556
 175.000000 -2.736532 2.738594
 176.000000 -2.761191 2.573484
 177.000000 -1.971122 2.798040
 178.000000 -2.835846 2.600507
 179.000000 -2.770906 2.902103
 180.000000 -2.394655 2.399244
 181.000000 -2.758314 2.692469
 182.000000 -2.564497 2.609945
 183.000000 -1.418348 2.413019
 184.000000 -1.297474 2.426689
 185.000000 -1.765713 2.513690
 186.000000 -2.073639 2.244537
 187.000000 -1.163728 2.645719
 188.000000 -0.517585 2.333918
 189.000000 -1.063892 2.341816
 190.000000 -1.064376 2.476229
 191.000000 -1.403661 2.406982
 192.000000 -1.173199 2.327589
 193.000000 -1.251097 2.812140
 194.000000 -1.515730 2.700485
 195.000000 -1.163787 2.550601
 196.000000 -1.582497 2.910800
 197.000000 -1.309377 2.793549
 198.000000 -0.850017 2.438635
 199.000000 -0.976735 2.575530
 200.000000 -0.760478 2.464120
 201.000000 -1.120065 2.776295
 202.000000 -0.926596 2.745019
 203.000000 -1.071754 2.392213
 204.000000 -0.905649 2.551873
 205.000000 -1.008163 2.462361
 206.000000 -1.002867 2.451864
 207.000000 -1.027648 2.491815
 208.000000 -0.918166 1.936922
 209.000000 -1.016616 2.655604
 210.000000 -1.124563 2.633112
 211.000000 -1.100494 2.217236
 212.000000 -1.528892 2.629335
 213.000000 -2.434562 2.405749
 214.000000 -2.455698 2.342342
 215.000000 -2.605912 2.567434
 216.000000 -2.545797 2.342357
 217.000000 -2.679279 2.768033
 218.000000 -1.844866 2.714183
 219.000000 -1.436332 2.808963
 220.000000 -1.537214 2.531248
 221.000000 -2.497230 2.490023
 222.000000 -2.240599 2.490950
 223.000000 -2.076554 2.402921
 224.000000 -2.010988 2.090307
 225.000000 -1.453992 2.143836
 226.000000 -1.324942 2.373006
 227.000000 -0.659696 2.859694
 228.000000 -1.243011 2.897686
 229.000000 -1.335812 2.278210
 230.000000 -0.944210 2.371976
 231.000000 -1.241007 2.759699
 232.000000 -0.963825 2.338311
 233.000000 -1.335835 2.370242
 234.000000 -1.261040 2.355475
 235.000000 -1.739748 2.644487
 236.000000 -1.317300 2.477905
 237.000000 -1.411851 2.882541
 238.000000 -0.948283 2.531076
 239.000000 -0.978362 2.609771
 240.000000 -1.039235 2.380058
 241.000000 -1.573935 2.517286
 242.000000 -1.494634 2.364747
 243.000000 -1.126343 1.967874
 244.000000 -1.038143 2.531603
 245.000000 -1.149866 2.585819
 246.000000 -0.633989 2.154846
 247.000000 -1.452935 2.327885
 248.000000 -1.704821 2.704089
 249.000000 -1.324078 2.857144
 250.000000 -0.838818 2.712193
 251.000000 -0.989876 2.875692
 252.000000 -1.155921 2.176095
 253.000000 -0.994774 2.554007
 254.000000 -0.946479 2.250816
 255.000000 -1.190746 2.832838
 256.000000 -1.545164 2.668923
 257.000000 -1.740096 2.115884
 258.000000 -0.873600 2.220074
 259.000000 -0.835610 2.314285
 260.000000 -0.919846 2.320776
 261.000000 -1.250663 2.620262
 262.000000 -1.053906 2.694959
 263.000000 -1.118519 2.686497
 264.000000 -1.255771 2.569272
 265.000000 -2.002781 2.304840
 266.000000 -2.515410 2.057461
 267.000000 -2.086736 1.922031
 268.000000 -1.741446 2.485545
 269.000000 -0.694952 2.484099
 270.000000 -0.539700 2.296914
 271.000000 -1.549785 2.499455
 272.000000 -1.270542 2.987604
 273.000000 -1.272369 2.868690
 274.000000 -1.140837 2.990572
 275.000000 -1.323804 2.546564
 276.000000 -2.447560 2.557165
 277.000000 -2.101927 2.370819
 278.000000 3.052522 2.485068
 279.000000 -2.845928 2.676885
 280.000000 -2.796662 2.086514
 281.000000 -2.851108 2.881766
 282.000000 -2.077868 2.956739
 283.000000 -2.141002 2.502687
 284.000000 -2.777756 2.878308
 285.000000 -2.355835 2.896636
 286.000000 -2.702629 2.479083
 287.000000 -1.606307 2.652363
 288.000000 -1.685643 2.188431
 289.000000 -2.294935 2.865488
 290.000000 -2.106576 2.440506
 291.000000 -2.857512 2.611120
 292.000000 -2.259268 2.375521
 293.000000 -2.423368 2.572264
 294.000000 -2.019810 2.382922
 295.000000 -2.029860 2.570718
 296.000000 -1.567938 2.845998
 297.000000 -1.202206 2.505940
 298.000000 -1.048771 2.653317
 299.000000 -1.916855 2.312026
 300.000000 -1.831356 2.123472
 301.000000 -2.083243 2.124893
 302.000000 -1.294234 2.620412
 303.000000 -1.341908 2.656480
 304.000000 -1.101778 2.845764
 305.000000 -1.391789 3.045259
 306.000000 -1.017759 2.571060
 307.000000 -0.324412 2.432023
 308.000000 -1.662624 2.358971
 309.000000 -2.303971 1.889439
 310.000000 -1.643875 2.409182
 311.000000 -2.123415 2.126034
 312.000000 -2.097366 2.303943
 313.000000 -2.630697 2.859962
 314.000000 -2.168530 2.216495
 315.000000 -1.610563 2.187320
 316.000000 -1.346535 2.006533
 317.000000 -0.882451 2.361931
 318.000000 -1.079062 2.290968
 319.000000 -0.938028 2.499854
 320.000000 -0.975614 2.743399
 321.000000 -1.323026 2.853408
 322.000000 -1.241873 2.493798
 323.000000 -1.047339 2.509920
 324.000000 -0.884208 2.812982
 325.000000 -1.078485 2.433317
 326.000000 -1.813115 2.828830
 327.000000 -1.787222 2.845623
 328.000000 -2.533740 2.241656
 329.000000 -2.353100 2.678694
 330.000000 -2.618482 2.790986
 331.000000 -2.579986 2.708152
 332.000000 -2.599844 2.860255
 333.000000 -1.577181 2.167647
 334.000000 -1.346450 2.861245
 335.000000 -2.849988 3.046892
 336.000000 -2.304055 2.792503
 337.000000 -2.670748 3.062346
 338.000000 -1.184974 2.098782
 339.000000 -1.209416 2.239219
 340.000000 -1.115368 2.423911
 341.000000 -1.504524 2.277296
 342.000000 -1.167096 2.466523
 343.000000 -0.903517 2.576577
 344.000000 -1.951242 2.349960
 345.000000 -2.585782 2.664491
 346.000000 -2.170660 2.677236
 347.000000 -2.559750 2.836083
 348.000000 -2.121456 2.333243
 349.000000 -2.013396 2.320195
 350.000000 -2.605459 2.751904
 351.000000 -2.653252 2.851819
 352.000000 -2.545640 2.971571
 353.000000 -2.407682 2.803846
 354.000000 -2.778624 2.754524
 355.000000 -0.551945 2.166527
 356.000000 -1.354255 1.955995
 357.000000 -2.385953 2.649559
 358.000000 -2.064648 2.812488
 359.000000 -2.209594 2.433644
 360.000000 -1.149815 1.543139
 361.000000 -0.968759 2.102560
 362.000000 -1.338860 2.166266
 363.000000 -0.986529 2.282953
 364.000000 -1.025572 2.508191
 365.000000 -0.998894 2.604813
 366.000000 -0.972900 2.332961
 367.000000 -1.106544 2.609851
 368.000000 -1.948900 3.028041
 369.000000 -2.512250 2.667195
 370.000000 -2.597181 2.972779
 371.000000 -2.387804 3.004951
 372.000000 -2.079312 2.686839
 373.000000 -2.810443 2.599982
 374.000000 -2.292256 2.369647
 375.000000 -2.318559 2.798068
 376.000000 -2.648715 2.540378
 377.000000 -3.020160 2.474597
 378.000000 -1.767502 2.340895
 379.000000 -2.231064 2.810238
 380.000000 -2.452214 2.833650
 381.000000 -2.766597 2.535817
 382.000000 -2.674891 2.811066
 383.000000 -2.682555 2.727186
 384.000000 -1.146879 2.621785
 385.000000 -0.907124 2.531249
 386.000000 -1.310136 2.764896
 387.000000 -1.185864 2.416773
 388.000000 -1.047236 2.829906
 389.000000 -1.319246 2.683644
 390.000000 -1.347715 2.407643
 391.000000 -0.998958 2.522119
 392.000000 -1.955037 2.635237
 393.000000 -1.535346 2.668212
 394.000000 -1.465785 2.750905
 395.000000 -1.108990 2.714110
 396.000000 -1.162837 2.141259
 397.000000 -1.263461 3.012947
 398.000000 -1.641418 2.626486
 399.000000 -2.302305 2.320448
 400.000000 -1.300887 2.195933
