#! FIELDS time phi psi
#! SET min_phi -pi
#! SET max_phi pi
#! SET min_psi -pi
#! SET max_psi pi
 0.000000 -2.751988 0.946874
 1.000000 -1.744468 0.313110
 2.000000 -2.259951 0.276695
 3.000000 -1.911047 0.074822
 4.000000 -2.046101 0.138571
 5.000000 -1.797533 0.153917
 6.000000 -2.866598 0.421415
 7.000000 -2.799444 0.030778
 8.000000 -1.547354 -0.116192
 9.000000 -1.478035 -0.304912
 10.000000 -2.176977 0.364567
 11.000000 -1.333041 0.036985
 12.000000 -1.299802 -0.679961
 13.000000 -2.070469 0.104382
 14.000000 -1.660130 -0.039852
 15.000000 -1.687899 -0.054577
 16.000000 -1.778796 -0.046569
 17.000000 -1.815283 0.060747
 18.000000 -1.851793 0.879310
 19.000000 -1.994468 1.109008
 20.000000 -2.252284 0.304656
 21.000000 -2.070676 0.102668
 22.000000 -2.053623 -0.033057
 23.000000 -1.114581 -0.618928
 24.000000 -1.577136 0.269944
 25.000000 -1.818262 0.068686
 26.000000 -0.905485 -0.746386
 27.000000 -1.318297 -0.121301
 28.000000 -1.251680 -0.084331
 29.000000 -1.787941 0.276917
 30.000000 -1.475149 -0.307545
 31.000000 -1.076776 -0.761670
 32.000000 -1.017197 -0.851077
 33.000000 -1.024614 -0.828479
 34.000000 -1.116208 -0.732056
 35.000000 -0.916885 -0.631377
 36.000000 -1.637052 -0.199528
 37.000000 -2.769214 0.107397
 38.000000 -2.183796 0.159727
 39.000000 -1.184027 -0.405658
 40.000000 -1.333394 -0.441394
 41.000000 -0.994223 -0.685039
 42.000000 -1.191476 -0.737770
 43.000000 -1.876132 -0.136461
 44.000000 -1.824226 -0.070312
 45.000000 -1.696113 -0.231782
 46.000000 -1.153251 -0.602619
 47.000000 -1.914850 -0.215594
 48.000000 -1.865324 -0.207884
 49.000000 -1.952377 0.250670
 50.000000 -2.420214 0.340873
 51.000000 -2.558525 0.271647
 52.000000 -1.912638 0.070655
 53.000000 -0.979846 -0.747431
 54.000000 -1.172903 -0.727591
 55.000000 -2.039563 0.204180
 56.000000 -2.356526 0.303623
 57.000000 -1.686739 -0.223824
 58.000000 -1.650943 -0.095960
 59.000000 -1.746054 -0.056957
 60.000000 -1.906040 -0.025011
 61.000000 -2.148619 0.389506
 62.000000 -1.721130 -0.104722
 63.000000 -1.808474 0.029707
 64.000000 -1.724801 -0.472640
 65.000000 -1.835399 -0.268246
 66.000000 -2.114357 -0.435081
 67.000000 -2.092637 0.145502
 68.000000 -1.276678 -0.411017
 69.000000 -2.123699 0.172122
 70.000000 -1.173016 -0.183153
 71.000000 -2.105159 0.396453
 72.000000 -1.164738 -0.561471
 73.000000 -1.208386 -0.638994
 74.000000 -1.796097 -0.150687
 75.000000 -1.675730 0.379904
 76.000000 -2.356636 0.831604
 77.000000 -1.740350 0.108208
 78.000000 -1.066121 -0.709355
 79.000000 -1.610131 0.609194
 80.000000 -1.960593 0.164623
 81.000000 -1.107492 -0.512657
 82.000000 -1.066151 -0.992880
 83.000000 -1.934634 0.129800
 84.000000 -1.356717 -0.697391
 85.000000 -1.285901 -0.467249
 86.000000 -1.896483 0.271101
 87.000000 -1.602100 0.554617
 88.000000 -2.154763 0.167540
 89.000000 -2.977900 1.498913
 90.000000 -2.007366 2.022667
 91.000000 3.096570 1.052852
 92.000000 -2.815079 1.025915
 93.000000 -1.938766 2.348873
 94.000000 -0.906248 2.558341
 95.000000 -1.661062 -3.098146
 96.000000 -1.288964 3.017428
 97.000000 -0.938383 2.616948
 98.000000 -1.426270 2.637376
 99.000000 -1.244314 2.586858
 100.000000 -0.945113 2.293337
 101.000000 -1.034465 2.460348
 102.000000 -1.752382 2.285629
 103.000000 -2.021009 2.822174
 104.000000 -2.300248 2.334416
 105.000000 -1.809637 2.576686
 106.000000 -1.982427 2.606972
 107.000000 -1.429088 2.660459
 108.000000 -1.081805 2.152330
 109.000000 -1.714217 2.435715
 110.000000 -2.380943 2.231795
 111.000000 -1.010623 2.332435
 112.000000 -1.009817 2.324057
 113.000000 -1.121810 2.534585
 114.000000 -1.480479 2.119124
 115.000000 -0.854273 2.786656
 116.000000 -1.045458 2.489019
 117.000000 -2.500929 2.835484
 118.000000 -2.363883 2.024061
 119.000000 -2.767799 2.990257
 120.000000 -2.430980 3.081368
 121.000000 -2.742075 2.730506
 122.000000 -2.619886 2.713982
 123.000000 -2.454531 2.984437
 124.000000 -2.312060 2.721421
 125.000000 -1.894194 2.717756
 126.000000 -2.204231 2.831380
 127.000000 -1.531596 2.800100
 128.000000 -1.152671 2.624238
 129.000000 -1.282744 2.725693
 130.000000 -1.166911 2.481919
 131.000000 -1.149404 2.405531
 132.000000 -0.586389 2.308534
 133.000000 -1.037010 2.756322
 134.000000 -0.920464 2.396252
 135.000000 -1.240359 2.481643
 136.000000 -0.786898 2.675345
 137.000000 -1.424236 2.161847
 138.000000 -0.967673 2.436054
 139.000000 -2.232817 2.210589
 140.000000 -2.520660 2.755138
 141.000000 -2.457144 2.340499
 142.000000 -2.724083 2.224521
 143.000000 -2.894617 2.722895
 144.000000 -2.837144 2.806467
 145.000000 -2.717436 2.926644
 146.000000 -2.870570 2.486511
 147.000000 3.045642 2.693660
 148.000000 2.803092 2.562085
 149.000000 2.685759 2.476313
 150.000000 -2.383003 0.986074
 151.000000 -2.456905 0.645418
 152.000000 -1.567220 0.017693
 153.000000 -1.935435 0.244164
 154.000000 -2.937227 -0.093898
 155.000000 -1.771675 0.051264
 156.000000 -2.494955 0.536683
 157.000000 -1.964720 0.202908
 158.000000 -2.465665 0.230348
 159.000000 -2.009676 -0.786331
 160.000000 -2.217217 -0.203874
 161.000000 -1.682610 -1.297108
 162.000000 -2.781251 3.069376
 163.000000 -2.767455 2.786225
 164.000000 -2.841953 2.988220
 165.000000 -2.617867 2.405431
 166.000000 -2.536267 3.015209
 167.000000 -2.343546 2.978681
 168.000000 -2.153545 2.646504
 169.000000 -2.363995 2.623736
 170.000000 -1.956144 3.068666
 171.000000 -2.795148 3.134106
 172.000000 -2.411694 2.913935
 173.000000 -1.504434 2.339624
 174.000000 -1.344151 2.642232
 175.000000 -1.229224 2.970797
 176.000000 -1.035000 2.738897
 177.000000 -2.238208 2.788721
 178.000000 -1.112082 2.443011
 179.000000 -1.102112 2.255295
 180.000000 -1.636436 2.362669
 181.000000 -1.043380 2.430377
 182.000000 -1.000749 2.412615
 183.000000 -1.019647 2.507096
 184.000000 -0.938722 2.469434
 185.000000 -0.993244 2.810691
 186.000000 -1.079704 2.397923
 187.000000 -1.304077 2.569482
 188.000000 -1.281620 2.083580
 189.000000 -0.878007 1.626053
 190.000000 -1.191800 2.595276
 191.000000 -1.267069 2.610727
 192.000000 -0.984114 2.553767
 193.000000 -1.073285 2.657389
 194.000000 -1.536480 2.570668
 195.000000 -1.262235 2.734047
 196.000000 -1.126332 2.718411
 197.000000 -1.564826 2.620228
 198.000000 -2.580805 2.781802
 199.000000 -2.470586 2.992906
 200.000000 -2.850269 2.838296
 201.000000 -2.375935 2.018881
 202.000000 -1.534055 2.405755
 203.000000 -0.915133 2.651327
 204.000000 -0.433783 2.233517
 205.000000 -0.734229 2.355000
 206.000000 -1.899215 2.383360
 207.000000 -1.124163 2.576642
 208.000000 -1.254014 2.187090
 209.000000 -1.567903 2.384981
 210.000000 -1.082672 2.471110
 211.000000 -1.080871 2.641075
 212.000000 -1.255946 2.581476
 213.000000 -1.166377 2.755055
 214.000000 -1.168547 2.485725
 215.000000 -1.328506 2.755439
 216.000000 -1.118557 2.474228
 217.000000 -1.881060 1.992589
 218.000000 -1.831915 1.994095
 219.000000 -1.975699 1.938844
 220.000000 -1.676121 2.125769
 221.000000 -1.428615 2.953842
 222.000000 -0.992512 2.633452
 223.000000 -0.970024 2.723144
 224.000000 -1.417248 2.547436
 225.000000 -0.963034 2.496573
 226.000000 -0.883173 2.530850
 227.000000 -0.930534 2.510222
 228.000000 -0.917936 2.453088
 229.000000 -1.726327 2.348590
 230.000000 -2.272949 2.527437
 231.000000 -1.461979 2.572115
 232.000000 -2.789193 2.971413
 233.000000 -2.165544 2.493132
 234.000000 -2.931503 2.790730
 235.000000 -1.485828 2.819422
 236.000000 -1.044668 2.534427
 237.000000 -1.224945 2.590812
 238.000000 -0.818330 2.376063
 239.000000 -1.127317 2.749273
 240.000000 -0.725523 2.010011
 241.000000 -1.166407 2.747604
 242.000000 -1.038978 2.522063
 243.000000 -0.555328 2.559727
 244.000000 -1.022446 2.625327
 245.000000 -1.501070 2.429372
 246.000000 -1.555885 3.037486
 247.000000 -1.307350 2.219620
 248.000000 -2.167867 2.364571
 249.000000 -0.699000 3.066871
 250.000000 -1.105661 2.317819
 251.000000 -1.060467 2.543465
 252.000000 -1.155134 2.608706
 253.000000 -1.090436 2.752964
 254.000000 -1.785846 1.861668
 255.000000 -1.538357 2.777983
 256.000000 -0.980900 2.995344
 257.000000 -1.075398 2.924457
 258.000000 -1.155815 2.593403
 259.000000 -0.905137 2.721558
 260.000000 -1.203786 1.916710
 261.000000 -1.109108 2.756836
 262.000000 -0.851384 2.506042
 263.000000 -2.099452 2.731169
 264.000000 -1.441306 2.872695
 265.000000 -1.542480 2.635944
 266.000000 -1.752830 2.536732
 267.000000 -0.660110 2.531126
 268.000000 -1.474319 2.240434
 269.000000 -1.204858 2.581918
 270.000000 -0.915793 2.611367
 271.000000 -1.276450 2.833673
 272.000000 -1.134206 2.531139
 273.000000 -0.913445 2.555436
 274.000000 -1.589684 2.296268
 275.000000 -1.083587 2.966087
 276.000000 -1.299427 2.619318
 277.000000 -1.583885 2.404414
 278.000000 -1.930243 2.627753
 279.000000 -2.320289 2.766792
 280.000000 -2.703403 2.592983
 281.000000 -2.275986 2.984200
 282.000000 -1.144018 2.273050
 283.000000 -1.085260 2.615953
 284.000000 -1.313252 3.045851
 285.000000 -1.045166 2.520185
 286.000000 -1.359153 2.627138
 287.000000 -1.120205 2.627879
 288.000000 -1.098203 2.493407
 289.000000 -0.626843 2.528376
 290.000000 -1.223892 2.210260
 291.000000 -1.119405 2.529149
 292.000000 -0.688364 2.586997
 293.000000 -1.993485 2.759580
 294.000000 -2.967522 2.593785
 295.000000 -1.629156 2.411909
 296.000000 -1.256676 2.083192
 297.000000 -1.562118 2.623113
 298.000000 -2.231999 2.873346
 299.000000 -2.608525 2.732061
 300.000000 -2.157223 2.488465
 301.000000 -2.172584 2.571013
 302.000000 -2.773142 2.208730
 303.000000 -2.398755 2.919632
 304.000000 -2.394245 2.760012
 305.000000 -2.494458 2.794078
 306.000000 -2.527890 2.833297
 307.000000 -1.229715 2.832928
 308.000000 -0.939817 2.187746
 309.000000 -1.100436 2.685812
 310.000000 -1.218090 2.224978
 311.000000 -1.065835 2.492556
 312.000000 -2.578864 2.943258
 313.000000 -1.213195 2.153290
 314.000000 -1.284272 1.843637
 315.000000 -1.010745 2.155580
 316.000000 -0.650413 2.334904
 317.000000 -1.159040 2.668343
 318.000000 -1.717188 2.709494
 319.000000 -1.227433 2.550559
 320.000000 -0.768468 2.411114
 321.000000 -1.032693 2.545660
 322.000000 -1.693832 2.644794
 323.000000 -1.215639 2.618884
 324.000000 -1.433571 2.874795
 325.000000 -0.924349 2.340351
 326.000000 -0.819509 2.390886
 327.000000 -1.385697 2.426703
 328.000000 -1.424794 2.987031
 329.000000 -1.106689 2.618607
 330.000000 -1.232982 2.270848
 331.000000 -1.206887 2.691280
 332.000000 -0.506662 2.574953
 333.000000 -0.950254 2.560875
 334.000000 -1.697781 2.729088
 335.000000 -0.934484 2.763355
 336.000000 -0.917591 2.690700
 337.000000 -0.994303 2.885034
 338.000000 -1.237504 2.772073
 339.000000 -0.856501 2.262133
 340.000000 -2.596978 2.443312
 341.000000 -2.522934 2.810197
 342.000000 -2.769253 3.034410
 343.000000 -2.874737 3.134256
 344.000000 -2.485421 2.894493
 345.000000 -2.371886 2.357907
 346.000000 -2.723675 2.816616
 347.000000 -2.723764 2.681447
 348.000000 -2.533807 2.585130
 349.000000 -2.512124 2.625178
 350.000000 -2.636480 2.824834
 351.000000 -2.520235 2.948790
 352.000000 -2.980307 2.836549
 353.000000 -1.284622 2.608318
 354.000000 -1.185347 2.451856
 355.000000 -2.300359 2.203477
 356.000000 -2.650447 2.537638
 357.000000 -1.081744 2.350211
 358.000000 -0.942685 2.399609
 359.000000 -2.151314 2.589721
 360.000000 -1.306844 2.721758
 361.000000 -1.585894 2.598335
 362.000000 -2.196291 2.191948
 363.000000 -2.055357 2.158369
 364.000000 -1.691170 2.167888
 365.000000 -2.034467 2.419292
 366.000000 -1.135031 1.825807
 367.000000 -0.810831 2.669539
 368.000000 -1.180899 2.588304
 369.000000 -1.220697 2.581807
 370.000000 -1.038052 2.465674
 371.000000 -1.172091 2.508092
 372.000000 -1.447208 2.379977
 373.000000 -1.042257 2.481955
 374.000000 -1.060093 2.538873
 375.000000 -0.643858 2.342686
 376.000000 -1.166515 2.283040
 377.000000 -0.911585 2.624392
 378.000000 -0.946023 2.317574
 379.000000 -1.031369 2.598492
 380.000000 -1.464773 2.204077
 381.000000 -0.940500 1.766785
 382.000000 -1.205875 2.236877
 383.000000 -0.930939 2.508893
 384.000000 -1.209449 2.816127
 385.000000 -1.267398 2.594609
 386.000000 -1.545460 2.360949
 387.000000 -1.289733 2.534593
 388.000000 -2.106148 2.589064
 389.000000 -2.841852 2.833656
 390.000000 -2.705557 2.761212
 391.000000 -2.366234 2.754925
 392.000000 -1.865061 2.391165
 393.000000 -2.005063 2.557636
 394.000000 -2.295449 2.974698
 395.000000 -1.124336 2.256793
 396.000000 -0.991173 2.418754
 397.000000 -2.782345 2.893611
 398.000000 -1.589925 2.400185
 399.000000 -0.949224 2.347471
 400.000000 -0.777468 2.482795
