#! FIELDS time phi psi
#! SET min_phi -pi
#! SET max_phi pi
#! SET min_psi -pi
#! SET max_psi pi
 0.000000 -2.582646 2.650251
 1.000000 -2.422155 2.774753
 2.000000 -1.978114 2.430074
 3.000000 -1.278750 2.464810
 4.000000 -2.271563 2.080910
 5.000000 -1.149983 2.422289
 6.000000 -1.665990 2.839547
 7.000000 -0.911873 3.042350
 8.000000 -1.106844 2.415214
 9.000000 -1.344595 2.666926
 10.000000 -1.432122 2.552894
 11.000000 -1.019200 1.926951
 12.000000 -1.033088 2.555636
 13.000000 -0.775219 2.733350
 14.000000 -0.652384 2.517926
 15.000000 -0.890569 2.344821
 16.000000 -1.161886 2.378283
 17.000000 -1.635613 2.151077
 18.000000 -2.189289 2.358392
 19.000000 -2.017170 2.352637
 20.000000 -1.270620 2.726884
 21.000000 -1.085274 2.334273
 22.000000 -0.963202 2.694104
 23.000000 -1.213105 2.648989
 24.000000 -1.236019 2.468570
 25.000000 -0.988671 2.267173
 26.000000 -0.550129 2.237253
 27.000000 -1.033801 2.571685
 28.000000 -1.233747 2.662663
 29.000000 -1.070561 2.539047
 30.000000 -1.661251 2.453889
 31.000000 -1.125965 2.346149
 32.000000 -0.896828 2.645766
 33.000000 -1.086395 2.582422
 34.000000 -0.851098 2.418778
 35.000000 -0.871578 2.642915
 36.000000 -1.007910 2.895115
 37.000000 -1.043280 2.554474
 38.000000 -1.444464 2.462782
 39.000000 -1.099018 2.585526
 40.000000 -2.286902 2.531801
 41.000000 -2.198792 2.363385
 42.000000 -2.518998 2.952252
 43.000000 -2.343739 2.357652
 44.000000 -2.366011 2.104299
 45.000000 -2.892210 2.658148
 46.000000 -2.385320 2.587654
 47.000000 -2.347246 2.424051
 48.000000 -2.558170 2.570410
 49.000000 -2.733162 2.967676
 50.000000 -2.462746 2.670537
 51.000000 -1.984744 2.596428
 52.000000 -1.635228 2.961072
 53.000000 -1.353007 2.137863
 54.000000 -1.374892 2.466800
 55.000000 -1.012118 2.469768
 56.000000 -1.132623 2.654151
 57.000000 -2.550652 2.669251
 58.000000 -1.674095 2.199006
 59.000000 -2.458599 2.782414
 60.000000 -2.637978 2.966404
 61.000000 -1.369136 2.078240
 62.000000 -1.428707 2.759782
 63.000000 -1.527669 2.866988
 64.000000 -1.087017 2.373479
 65.000000 -1.240383 2.792523
 66.000000 -1.069689 2.637809
 67.000000 -1.039579 2.007733
 68.000000 -0.858873 2.620616
 69.000000 -1.275076 2.155441
 70.000000 -1.326952 2.392303
 71.000000 -1.547480 2.601478
 72.000000 -1.146072 2.558527
 73.000000 -1.212587 2.552306
 74.000000 -0.956230 2.660455
 75.000000 -1.214838 2.555248
 76.000000 -0.891513 2.495938
 77.000000 -1.674091 2.623737
 78.000000 -1.224627 2.243484
 79.000000 -0.980738 2.356978
 80.000000 -1.801258 2.434689
 81.000000 -1.268325 2.802900
 82.000000 -0.753465 2.003354
 83.000000 -1.406189 1.881191
 84.000000 -1.551885 2.683501
 85.000000 -1.248457 2.134625
 86.000000 -0.996576 2.627307
 87.000000 -1.211844 2.462586
 88.000000 -1.105891 2.244488
 89.000000 -0.926221 2.395433
 90.000000 -1.633610 2.209356
 91.000000 -1.036214 2.484715
 92.000000 -1.337819 2.597891
 93.000000 -1.333273 2.767610
 94.000000 -0.986999 2.782231
 95.000000 -1.378492 1.953637
 96.000000 -1.744405 2.776824
 97.000000 -1.037990 2.427416
 98.000000 -1.427211 2.349879
 99.000000 -1.383052 2.391044
 100.000000 -1.221430 2.482212
 101.000000 -2.576394 2.663486
 102.000000 -2.108049 2.212131
 103.000000 -1.098185 2.248686
 104.000000 -1.084868 2.637535
 105.000000 -1.331932 2.827398
 106.000000 -1.876276 2.330849
 107.000000 -1.435470 -3.138838
 108.000000 -0.492981 2.323529
 109.000000 -1.163881 2.261039
 110.000000 -1.363756 1.975254
 111.000000 -2.080964 2.992741
 112.000000 -2.070043 2.592894
 113.000000 -1.239868 2.655400
 114.000000 -1.040740 2.142753
 115.000000 -1.079155 2.160803
 116.000000 -1.175424 2.494796
 117.000000 -1.291869 2.642175
 118.000000 -0.917556 2.545979
 119.000000 -0.866517 2.452534
 120.000000 -0.971774 2.360734
 121.000000 -0.949349 2.472629
 122.000000 -1.111669 2.306079
 123.000000 -1.121960 2.761950
 124.000000 -1.380863 1.863493
 125.000000 -2.333024 2.918613
 126.000000 -2.591302 2.637917
 127.000000 -2.209266 2.547927
 128.000000 -2.201595 2.012672
 129.000000 -1.643838 2.014209
 130.000000 -2.257273 2.611390
 131.000000 -2.239741 2.589700
 132.000000 -2.321886 2.887733
 133.000000 -2.217395 2.807140
 134.000000 -1.969164 2.332559
 135.000000 -2.776745 2.757136
 136.000000 -2.672473 2.724834
 137.000000 -2.632339 2.476078
 138.000000 -1.580822 -3.101379
 139.000000 -1.677020 2.726992
 140.000000 -1.334853 2.832208
 141.000000 -1.348507 2.496096
 142.000000 -1.082307 2.566441
 143.000000 -1.374606 2.592639
 144.000000 -1.100772 2.998725
 145.000000 -1.096338 2.591597
 146.000000 -0.385443 2.060209
 147.000000 -1.223037 1.028089
 148.000000 -1.139275 2.875778
 149.000000 -2.613954 2.182134
 150.000000 -2.297924 2.795493
 151.000000 -2.548136 2.645785
 152.000000 -2.335008 2.604134
 153.000000 -2.560145 2.434412
 154.000000 -2.057209 2.648458
 155.000000 -1.986897 2.384634
 156.000000 -2.200675 2.380430
 157.000000 -2.570929 2.497580
 158.000000 -2.715051 2.936227
 159.000000 -2.898610 2.863465
 160.000000 -2.408961 -3.126034
 161.000000 -2.205982 2.838546
 162.000000 -2.869605 2.897831
 163.000000 -2.683569 2.619518
 164.000000 -2.586068 2.226807
 165.000000 -1.216994 2.636980
 166.000000 -1.115085 2.272689
 167.000000 -1.421965 2.657546
 168.000000 -1.281415 2.526399
 169.000000 -1.077002 2.313591
 170.000000 -1.089939 2.612766
 171.000000 -1.030001 2.491876
 172.000000 -0.706919 2.486221
 173.000000 -1.044100 2.452637
 174.000000 -1.259197 2.483813
 175.000000 -1.319451 2.971759
 176.000000 -1.682313 2.648534
 177.000000 -1.878803 2.295569
 178.000000 -1.356042 2.442541
 179.000000 -1.110584 2.072484
 180.000000 -1.347186 2.616890
 181.000000 -1.088226 2.269509
 182.000000 -1.067097 2.052940
 183.000000 -1.145685 2.615604
 184.000000 -0.885642 2.371838
 185.000000 -1.399360 2.665779
 186.000000 -2.098866 2.524205
 187.000000 -2.218072 1.685054
 188.000000 -2.510434 2.910164
 189.000000 -2.361305 1.843247
 190.000000 -1.057617 2.466921
 191.000000 -1.145929 2.400038
 192.000000 -1.059293 2.616026
 193.000000 -0.603296 2.397785
 194.000000 -1.137580 2.695442
 195.000000 -1.025094 2.405895
 196.000000 -1.289867 2.446364
 197.000000 -0.863046 2.352283
 198.000000 -1.369384 2.885624
 199.000000 -1.149763 2.426198
 200.000000 -1.124941 2.531415
 201.000000 -0.409774 2.113417
 202.000000 -0.415787 2.842502
 203.000000 -1.098911 2.333497
 204.000000 -1.519236 2.451639
 205.000000 -1.134717 2.367608
 206.000000 -1.221231 2.500702
 207.000000 -1.300555 2.429962
 208.000000 -1.946724 2.436165
 209.000000 -1.139633 2.864676
 210.000000 -0.797024 2.685644
 211.000000 -0.771828 2.289079
 212.000000 -0.595822 2.648864
 213.000000 -1.285220 2.728280
 214.000000 -0.972027 2.744459
 215.000000 -0.978270 2.259673
 216.000000 -1.656074 2.208648
 217.000000 -2.340959 2.805912
 218.000000 -2.276049 2.323857
 219.000000 -2.621344 2.968706
 220.000000 -2.483363 2.728065
 221.000000 -2.549662 2.883518
 222.000000 -2.293548 2.462601
 223.000000 -1.871459 1.968335
 224.000000 -2.364152 2.210917
 225.000000 -1.536263 2.124090
 226.000000 -2.460428 2.479417
 227.000000 -2.506060 2.648624
 228.000000 -1.370292 2.720669
 229.000000 -1.022157 2.503814
 230.000000 -1.254613 2.882092
 231.000000 -1.096629 2.583501
 232.000000 -1.129048 2.542049
 233.000000 -1.092343 2.566537
 234.000000 -1.138608 2.391748
 235.000000 -1.112652 2.226183
 236.000000 -1.286639 2.590983
 237.000000 -1.119825 2.523156
 238.000000 -1.596045 3.052052
 239.000000 -2.427441 2.637354
 240.000000 -2.512187 2.482300
 241.000000 -2.141605 2.462356
 242.000000 -1.732132 2.941843
 243.000000 -0.721994 2.512846
 244.000000 -0.967101 2.610041
 245.000000 -2.134770 2.320691
 246.000000 -2.520118 2.657594
 247.000000 -2.107840 2.091356
 248.000000 -1.309648 1.934593
 249.000000 -2.005015 2.528778
 250.000000 -1.696633 2.312640
 251.000000 -1.090799 2.792265
 252.000000 -0.926285 2.613995
 253.000000 -1.017270 2.401235
 254.000000 -0.270548 2.195392
 255.000000 -1.220901 2.547204
 256.000000 -0.616640 2.384654
 257.000000 -1.073048 2.609095
 258.000000 -1.242497 2.676878
 259.000000 -0.939066 2.544698
 260.000000 -2.565389 2.547494
 261.000000 -2.741179 2.314817
 262.000000 -2.666279 2.696577
 263.000000 -2.638322 2.984811
 264.000000 -1.123657 2.679401
 265.000000 -1.246942 2.610007
 266.000000 -0.969836 2.785746
 267.000000 -1.034122 2.624728
 268.000000 -0.583547 2.592399
 269.000000 -0.770102 2.531378
 270.000000 -1.100388 2.736734
 271.000000 -0.970416 2.600758
 272.000000 -0.787318 2.538431
 273.000000 -1.254849 2.678648
 274.000000 -0.870319 2.912610
 275.000000 -0.772861 2.404785
 276.000000 -1.117748 2.519180
 277.000000 -0.615366 2.292821
 278.000000 -1.520197 -2.520345
 279.000000 -2.546075 2.247800
 280.000000 -2.103377 2.383586
 281.000000 -1.475664 1.882046
 282.000000 -1.272791 2.556308
 283.000000 -1.689958 2.415860
 284.000000 -2.192548 2.194493
 285.000000 -2.336686 2.775150
 286.000000 -2.066754 2.416175
 287.000000 -1.947083 2.448577
 288.000000 -2.476555 2.787866
 289.000000 -1.162285 2.793420
 290.000000 -1.170199 2.709387
 291.000000 -1.516208 3.037760
 292.000000 -1.111927 2.722071
 293.000000 -0.825309 2.608603
 294.000000 -1.086010 2.434813
 295.000000 -1.044226 2.114525
 296.000000 -1.302962 2.872949
 297.000000 -0.356905 2.140647
 298.000000 -0.486385 2.406276
 299.000000 -0.518391 2.604727
 300.000000 -0.407996 2.191727
 301.000000 -0.877491 2.634708
 302.000000 -1.334004 2.260235
 303.000000 -1.213089 2.286335
 304.000000 -1.101068 2.478115
 305.000000 -1.026409 2.314237
 306.000000 -1.033099 2.156905
 307.000000 -1.250445 2.956936
 308.000000 -1.741694 2.967288
 309.000000 -1.282343 2.569483
 310.000000 -0.920219 2.569721
 311.000000 -1.074281 1.871707
 312.000000 -1.935105 1.814414
 313.000000 -0.990789 2.457845
 314.000000 -0.782437 2.557599
 315.000000 -1.006342 2.740262
 316.000000 -1.179367 2.586977
 317.000000 -2.784591 2.856428
 318.000000 -2.415705 2.671486
 319.000000 -2.319977 2.467233
 320.000000 -2.718819 2.802762
 321.000000 -1.422997 2.610010
 322.000000 -1.828412 2.330024
 323.000000 -1.749387 2.981083
 324.000000 -0.611073 2.670381
 325.000000 -0.872336 2.697169
 326.000000 -0.953139 2.222409
 327.000000 -1.193391 2.450552
 328.000000 -1.039838 2.340162
 329.000000 -1.873517 2.508224
 330.000000 -0.797301 2.747307
 331.000000 -0.663715 2.263317
 332.000000 -0.973222 2.536852
 333.000000 -0.553867 2.356116
 334.000000 -1.270889 2.698652
 335.000000 -1.025051 2.514640
 336.000000 -1.364395 2.461927
 337.000000 -1.291499 2.591107
 338.000000 -0.472890 2.134154
 339.000000 -1.132392 2.119126
 340.000000 -1.578735 2.044127
 341.000000 -1.149891 1.761894
 342.000000 -1.016244 2.299905
 343.000000 -1.092013 2.341335
 344.000000 -1.160476 2.065724
 345.000000 -1.800586 2.842030
 346.000000 -3.101365 2.749659
 347.000000 -2.931311 1.974822
 348.000000 -2.637689 2.481242
 349.000000 -2.533852 2.713690
 350.000000 -2.571212 3.037205
 351.000000 -2.851454 3.101297
 352.000000 -2.591880 2.484666
 353.000000 -2.503631 2.326228
 354.000000 -2.763507 2.013462
 355.000000 -2.214663 1.856229
 356.000000 -2.042823 2.365254
 357.000000 -0.838479 2.597990
 358.000000 -1.071397 2.787121
 359.000000 -1.226031 2.266807
 360.000000 -1.137628 2.270735
 361.000000 -0.931285 2.669237
 362.000000 -2.197758 -2.945115
 363.000000 -2.304580 2.859749
 364.000000 -2.279152 2.691013
 365.000000 -1.012671 2.320568
 366.000000 -1.194665 2.666569
 367.000000 -1.257216 2.307570
 368.000000 -0.894623 2.475164
 369.000000 -0.876136 2.205508
 370.000000 -1.142960 2.727264
 371.000000 -1.110968 1.905554
 372.000000 -1.386850 2.565810
 373.000000 -1.301562 2.377335
 374.000000 -1.134901 2.757632
 375.000000 -1.006163 2.660392
 376.000000 -1.030251 2.286994
 377.000000 -1.059170 2.545688
 378.000000 -1.175665 2.981498
 379.000000 -1.053533 2.493703
 380.000000 -0.956835 2.656005
 381.000000 -1.099695 2.415867
 382.000000 -2.020104 2.501329
 383.000000 -1.029907 2.546595
 384.000000 -0.992525 2.469038
 385.000000 -1.365210 3.106259
 386.000000 -0.901742 2.589551
 387.000000 -1.425687 2.787082
 388.000000 -1.937329 2.668042
 389.000000 -0.880352 2.420427
 390.000000 -0.940276 1.961023
 391.000000 -1.314570 3.038750
 392.000000 -2.599898 2.894107
 393.000000 -2.391226 2.758863
 394.000000 -2.636160 2.908237
 395.000000 -2.473394 2.382817
 396.000000 -2.298326 2.387588
 397.000000 -1.193263 2.811505
 398.000000 -0.667231 2.346652
 399.000000 -1.435566 2.926892
 400.000000 -1.287037 2.701559
