#! FIELDS time phi psi
#! SET min_phi -pi
#! SET max_phi pi
#! SET min_psi -pi
#! SET max_psi pi
 0.000000 -2.751988 0.946874
 1.000000 -1.846658 0.234976
 2.000000 -1.746985 -0.126934
 3.000000 -1.575787 -0.245980
 4.000000 -2.360399 0.368499
 5.000000 -2.273574 -0.264313
 6.000000 -1.993605 -0.051909
 7.000000 -1.836178 -0.228388
 8.000000 -1.223269 -0.852836
 9.000000 -1.020248 -0.790533
 10.000000 -0.990526 -0.928566
 11.000000 -1.075448 -0.728527
 12.000000 -1.990220 0.105945
 13.000000 -1.661503 -0.151074
 14.000000 -1.867012 -0.026731
 15.000000 -1.100062 -0.451985
 16.000000 -1.034943 -0.772470
 17.000000 -0.856512 -0.915355
 18.000000 -0.956137 -0.837936
 19.000000 -1.104741 -0.737424
 20.000000 -2.282148 -0.264585
 21.000000 -1.074010 -0.819997
 22.000000 -1.533901 -0.163841
 23.000000 -1.503500 -0.136758
 24.000000 -1.665727 0.221469
 25.000000 -1.424973 -0.310626
 26.000000 -0.946557 -0.828436
 27.000000 -2.677327 0.196863
 28.000000 -1.316853 -0.246843
 29.000000 -1.216394 0.554125
 30.000000 -1.661260 1.073498
 31.000000 -1.407014 1.994038
 32.000000 -1.215352 2.614152
 33.000000 -1.519456 -3.075216
 34.000000 -1.572539 3.097528
 35.000000 -1.116351 2.701078
 36.000000 -1.614733 2.668344
 37.000000 -0.980999 2.620027
 38.000000 -1.085426 2.606276
 39.000000 -0.645076 2.636495
 40.000000 -2.014782 2.259168
 41.000000 -1.382697 2.736792
 42.000000 -1.645520 2.595396
 43.000000 -1.310786 2.507112
 44.000000 -0.618552 2.557347
 45.000000 -1.014373 2.626822
 46.000000 -1.177341 2.703131
 47.000000 -1.044355 2.773137
 48.000000 -1.133706 2.617279
 49.000000 -0.735139 2.488597
 50.000000 -0.977644 2.629601
 51.000000 -1.089869 2.238424
 52.000000 -1.145033 2.595640
 53.000000 -0.636759 2.490640
 54.000000 -1.191159 2.429186
 55.000000 -1.103173 2.669384
 56.000000 -1.113334 2.536780
 57.000000 -1.888469 2.803362
 58.000000 -2.075537 2.065040
 59.000000 -1.324520 2.038125
 60.000000 -1.905579 2.664420
 61.000000 -2.650483 2.864574
 62.000000 -2.065294 2.433972
 63.000000 -1.112816 2.550460
 64.000000 -0.955482 2.413772
 65.000000 -0.915359 2.803344
 66.000000 -1.179673 2.115507
 67.000000 -1.206311 2.789659
 68.000000 -1.425171 2.724612
 69.000000 -1.527932 2.522429
 70.000000 -2.510511 2.833281
 71.000000 -2.383951 2.135869
 72.000000 -2.187986 2.124027
 73.000000 -2.088750 2.123617
 74.000000 -1.752286 2.321294
 75.000000 -1.035717 2.592881
 76.000000 -1.996999 2.626684
 77.000000 -2.660030 3.089131
 78.000000 -3.006324 2.054027
 79.000000 -1.899605 2.904550
 80.000000 -1.658650 2.658920
 81.000000 -1.855194 2.801626
 82.000000 -1.286054 2.448060
 83.000000 -1.589049 2.352365
 84.000000 -1.053425 2.224597
 85.000000 -0.797101 2.009369
 86.000000 -0.862657 1.919400
 87.000000 -1.019104 2.561472
 88.000000 -1.198077 2.833387
 89.000000 -1.268126 2.587284
 90.000000 -1.101696 2.549828
 91.000000 -1.298887 2.542434
 92.000000 -0.690079 2.285339
 93.000000 -1.090178 2.387674
 94.000000 -1.495223 2.897970
 95.000000 -2.111654 2.878690
 96.000000 -2.179287 2.276880
 97.000000 -2.511488 3.037006
 98.000000 -2.424602 2.094601
 99.000000 -2.612822 2.564272
 100.000000 -1.706051 2.528834
 101.000000 -0.987887 2.571326
 102.000000 -1.397506 2.180630
 103.000000 -1.952161 2.278064
 104.000000 -0.555550 2.043843
 105.000000 -1.101766 2.321584
 106.000000 -2.475039 2.872951
 107.000000 -2.608041 2.618845
 108.000000 -2.384405 2.706219
 109.000000 -1.764873 2.391788
 110.000000 -0.835218 2.053060
 111.000000 -1.326892 2.851733
 112.000000 -1.085815 2.419509
 113.000000 -1.811856 2.210061
 114.000000 -1.886798 2.160871
 115.000000 -2.265737 2.536183
 116.000000 -1.680916 1.783822
 117.000000 -2.045059 2.730109
 118.000000 -1.387557 2.460749
 119.000000 -0.920941 2.586073
 120.000000 -0.617957 2.521963
 121.000000 -1.174937 2.860480
 122.000000 -1.196602 2.293544
 123.000000 -1.517326 2.567422
 124.000000 -1.025422 2.554055
 125.000000 -1.377790 2.504012
 126.000000 -1.670658 2.200956
 127.000000 -1.084591 2.678389
 128.000000 -1.459268 2.412028
 129.000000 -1.250501 2.546813
 130.000000 -1.088891 2.550556
 131.000000 -0.993213 2.513287
 132.000000 -1.207985 2.561362
 133.000000 -1.174070 2.660174
 134.000000 -1.549019 2.470357
 135.000000 -1.044070 2.585276
 136.000000 -0.822691 2.286673
 137.000000 -1.617306 -3.011800
 138.000000 -1.418003 3.132587
 139.000000 -1.141718 2.467369
 140.000000 -1.034835 2.516495
 141.000000 -0.908450 2.449388
 142.000000 -1.299415 2.525208
 143.000000 -1.002207 2.719174
 144.000000 -1.116825 2.572936
 145.000000 -1.356231 2.306150
 146.000000 -1.159435 2.687881
 147.000000 -0.973620 2.487412
 148.000000 -1.075382 2.065676
 149.000000 -1.605053 2.695841
 150.000000 -1.101204 2.466252
 151.000000 -0.907083 2.081693
 152.000000 -0.976745 2.650598
 153.000000 -1.253551 2.496339
 154.000000 -0.955916 2.174673
 155.000000 -0.439600 2.216200
 156.000000 -0.890915 2.370725
 157.000000 -1.223965 2.112733
 158.000000 -1.105732 2.550700
 159.000000 -1.332704 2.195162
 160.000000 -0.876979 2.525757
 161.000000 -1.988385 2.483504
 162.000000 -2.883966 3.042569
 163.000000 -2.631631 2.921885
 164.000000 -1.794617 2.734494
 165.000000 -1.014612 2.674261
 166.000000 -1.655077 2.430520
 167.000000 -1.486339 2.827955
 168.000000 -1.036144 2.484306
 169.000000 -1.099651 2.480265
 170.000000 -0.891003 2.076418
 171.000000 -0.924312 2.343096
 172.000000 -0.845363 2.529402
 173.000000 -1.537199 2.403063
 174.000000 -1.926073 2.187659
 175.000000 -1.191103 2.600230
 176.000000 -1.797415 2.789712
 177.000000 -1.830167 2.858711
 178.000000 -1.274870 2.790594
 179.000000 -0.954337 2.135757
 180.000000 -1.059150 2.602546
 181.000000 -1.058719 2.851311
 182.000000 -1.778553 2.631423
 183.000000 -2.232168 2.975626
 184.000000 -2.153376 2.333952
 185.000000 -2.598373 2.799371
 186.000000 -0.815302 2.559949
 187.000000 -0.759477 2.422649
 188.000000 -0.849342 2.859188
 189.000000 -1.134231 2.789059
 190.000000 -0.977125 2.446128
 191.000000 -1.054258 2.068077
 192.000000 -1.058245 2.124268
 193.000000 -1.058645 2.666690
 194.000000 -1.056383 2.602175
 195.000000 -1.213951 2.603317
 196.000000 -1.697447 2.207702
 197.000000 -1.471077 2.700526
 198.000000 -1.531642 2.577289
 199.000000 -0.859258 2.872634
 200.000000 -1.191859 2.617513
 201.000000 -1.638040 2.463174
 202.000000 -1.334524 2.754620
 203.000000 -0.900491 2.387243
 204.000000 -1.082032 2.379258
 205.000000 -0.620735 2.201415
 206.000000 -1.549588 2.510959
 207.000000 -1.486404 2.999085
 208.000000 -2.831385 2.662742
 209.000000 -1.055675 2.527514
 210.000000 -1.077602 2.423444
 211.000000 -1.080052 2.619995
 212.000000 -1.054232 2.401624
 213.000000 -0.832841 2.435570
 214.000000 -0.812056 2.581647
 215.000000 -1.294021 2.438757
 216.000000 -1.387439 2.247301
 217.000000 -1.236720 2.082576
 218.000000 -1.076014 2.270921
 219.000000 -1.021239 2.523095
 220.000000 -1.031541 2.390245
 221.000000 -1.001013 2.584552
 222.000000 -1.253238 2.758001
 223.000000 -0.966967 2.459166
 224.000000 -1.125797 2.199532
 225.000000 -1.285749 2.182209
 226.000000 -1.590778 2.970148
 227.000000 -1.414246 2.991074
 228.000000 -0.727607 2.219089
 229.000000 -2.163860 2.170712
 230.000000 -1.297670 2.370353
 231.000000 -0.822611 2.290191
 232.000000 -0.962971 2.096847
 233.000000 -0.985026 2.445783
 234.000000 -0.657997 2.703270
 235.000000 -1.399202 2.263562
 236.000000 -1.144007 2.373467
 237.000000 -0.723216 2.241739
 238.000000 -1.491002 2.891564
 239.000000 -1.069193 2.532451
 240.000000 -1.069491 2.635538
 241.000000 -1.221390 2.582108
 242.000000 -0.799153 2.489528
 243.000000 -1.139565 2.605354
 244.000000 -2.697577 2.920376
 245.000000 -2.580098 2.728567
 246.000000 -1.783666 2.245340
 247.000000 -1.145902 2.531400
 248.000000 -1.231137 2.513291
 249.000000 -1.304286 2.173324
 250.000000 -1.091585 2.529044
 251.000000 -0.307474 2.422401
 252.000000 -1.208404 2.699960
 253.000000 -0.955645 2.752556
 254.000000 -0.711881 2.324896
 255.000000 -1.252832 2.647504
 256.000000 -1.018781 2.454218
 257.000000 -1.888513 2.532198
 258.000000 -1.515967 2.131203
 259.000000 -1.187609 2.628041
 260.000000 -1.244583 2.080413
 261.000000 -1.868287 2.430794
 262.000000 -2.170735 2.317347
 263.000000 -1.490509 2.347053
 264.000000 -0.809097 2.509480
 265.000000 -1.352026 2.095400
 266.000000 -1.187751 1.752632
 267.000000 -2.545229 2.626433
 268.000000 -2.421249 2.701474
 269.000000 -2.762058 2.723866
 270.000000 -1.439328 1.810833
 271.000000 -0.763442 2.378312
 272.000000 -1.066545 2.891543
 273.000000 -1.026177 2.441311
 274.000000 -1.138797 2.693626
 275.000000 -0.861756 2.578405
 276.000000 -0.649337 2.695486
 277.000000 -1.233909 2.597282
 278.000000 -1.690886 0.253689
 279.000000 -1.881683 -0.016254
 280.000000 -2.415445 -0.201670
 281.000000 -2.552105 0.571047
 282.000000 -2.190789 -0.206796
 283.000000 -2.871383 0.190264
 284.000000 -2.086431 0.269535
 285.000000 -1.496758 -0.031221
 286.000000 -1.017108 -0.577733
 287.000000 -1.013051 -0.822282
 288.000000 -1.469403 -0.399982
 289.000000 -2.584804 0.455507
 290.000000 -2.564716 0.649180
 291.000000 -2.937346 0.662360
 292.000000 -1.650044 0.049595
 293.000000 -2.193067 -0.768506
 294.000000 -1.973481 -0.027902
 295.000000 -1.947585 -0.174332
 296.000000 -1.768032 -0.191586
 297.000000 -2.971686 0.275510
 298.000000 -2.859912 1.191437
 299.000000 -1.814316 0.359695
 300.000000 -1.340890 0.281219
 301.000000 -0.942958 -0.890564
 302.000000 -1.131449 -0.788502
 303.000000 -1.058416 -0.745617
 304.000000 -1.688584 -0.191782
 305.000000 -1.315888 -0.433514
 306.000000 -1.629380 0.098215
 307.000000 -1.915956 0.167962
 308.000000 -2.445097 1.098055
 309.000000 -2.707868 1.092072
 310.000000 -2.802281 0.753594
 311.000000 -1.105213 -0.587082
 312.000000 -1.497375 -0.235960
 313.000000 -1.769798 -0.187804
 314.000000 -1.918623 -0.347483
 315.000000 -2.204000 0.101539
 316.000000 -1.577046 -0.002173
 317.000000 -1.438463 -0.584834
 318.000000 -1.553567 -0.098266
 319.000000 -1.901387 0.082881
 320.000000 -1.038601 -0.695377
 321.000000 -0.967308 -0.899074
 322.000000 -1.678731 0.185202
 323.000000 -2.160191 -0.486610
 324.000000 -2.229297 0.014143
 325.000000 -1.323482 -0.511576
 326.000000 -1.551573 -0.590536
 327.000000 -2.033029 0.079840
 328.000000 -2.118689 0.119817
 329.000000 -0.924961 -0.758820
 330.000000 -1.592083 0.078008
 331.000000 -1.781465 -0.175985
 332.000000 -1.792022 0.329936
 333.000000 -1.035314 -0.556934
 334.000000 -1.063015 -0.762617
 335.000000 -1.172989 -0.952860
 336.000000 -1.343981 -0.500134
 337.000000 -2.241940 0.511598
 338.000000 -1.811618 0.019795
 339.000000 -1.788400 0.046857
 340.000000 -1.855818 -0.022840
 341.000000 -1.811024 -0.008676
 342.000000 -2.103949 0.244518
 343.000000 -1.954439 0.166925
 344.000000 -1.835393 -0.282682
 345.000000 -1.817418 0.420089
 346.000000 -2.696412 0.199744
 347.000000 -1.200512 -0.500158
 348.000000 -1.706421 0.133554
 349.000000 -1.753907 -0.114757
 350.000000 -1.945871 0.310320
 351.000000 -0.910688 -0.516180
 352.000000 -1.634240 -0.551850
 353.000000 -1.144795 -0.807679
 354.000000 -0.954225 -0.647664
 355.000000 -1.567599 -0.005381
 356.000000 -2.262862 0.251044
 357.000000 -1.033643 -0.661456
 358.000000 -1.605767 -0.468379
 359.000000 -2.418587 0.051888
 360.000000 -2.413659 0.327801
 361.000000 -1.415807 -0.497243
 362.000000 -1.456557 -0.125538
 363.000000 -1.927520 0.344053
 364.000000 -1.699233 0.030748
 365.000000 -1.417263 2.054470
 366.000000 -0.890881 2.267461
 367.000000 -1.074722 2.402079
 368.000000 -1.485957 2.550862
 369.000000 -0.805547 1.982698
 370.000000 -1.582439 2.396714
 371.000000 -0.998081 2.672134
 372.000000 -0.608034 2.467208
 373.000000 -1.086750 2.296135
 374.000000 -1.167357 2.773555
 375.000000 -1.048600 2.092394
 376.000000 -1.136177 2.320200
 377.000000 -0.888102 2.651404
 378.000000 -1.161444 2.292820
 379.000000 -0.901965 2.513291
 380.000000 -1.759039 2.025357
 381.000000 -1.786184 2.778816
 382.000000 -1.638949 -2.834838
 383.000000 -2.905302 2.904324
 384.000000 -2.144557 2.378431
 385.000000 -2.030587 2.031301
 386.000000 -2.742611 2.812721
 387.000000 -1.394096 2.971715
 388.000000 -1.197902 2.780909
 389.000000 -1.251298 2.661257
 390.000000 -1.037868 2.386867
 391.000000 -1.449160 2.596826
 392.000000 -1.250243 2.147750
 393.000000 -2.068526 2.693574
 394.000000 -0.481459 2.407490
 395.000000 -0.987281 2.036699
 396.000000 -1.140729 2.692889
 397.000000 -1.076923 2.361087
 398.000000 -1.027390 2.529654
 399.000000 -0.988958 2.643530
 400.000000 -1.257394 2.620824
