#! FIELDS time phi psi
#! SET min_phi -pi
#! SET max_phi pi
#! SET min_psi -pi
#! SET max_psi pi
 0.000000 0.645355 0.919964
 1.000000 1.415325 0.537303
 2.000000 1.828318 0.405526
 3.000000 1.372729 0.095085
 4.000000 0.863294 1.136782
 5.000000 1.139249 0.465491
 6.000000 1.388147 2.563921
 7.000000 1.542033 2.392587
 8.000000 1.236974 2.564466
 9.000000 1.193952 2.836931
 10.000000 0.988625 -2.624597
 11.000000 0.879519 -2.804192
 12.000000 0.923191 -3.105273
 13.000000 1.525169 2.571675
 14.000000 0.853592 -2.424617
 15.000000 0.850516 -2.913621
 16.000000 1.042770 2.474985
 17.000000 1.431730 2.709745
 18.000000 0.802197 -3.108399
 19.000000 1.162394 -3.068711
 20.000000 0.776981 -2.682612
 21.000000 0.640637 -2.749348
 22.000000 0.678853 -2.614198
 23.000000 0.708282 -2.820535
 24.000000 1.185100 3.125774
 25.000000 1.355008 2.766243
 26.000000 0.952780 -3.042176
 27.000000 1.079008 -2.905772
 28.000000 1.034094 -2.883320
 29.000000 0.930197 -2.980806
 30.000000 1.441943 2.461910
 31.000000 1.094914 -3.113836
 32.000000 0.961775 -3.098204
 33.000000 0.926968 -2.534011
 34.000000 1.022607 2.980909
 35.000000 0.876819 2.265759
 36.000000 1.016407 2.642373
 37.000000 0.979976 -2.599458
 38.000000 1.031492 -2.844323
 39.000000 0.952328 -2.818521
 40.000000 0.865169 -3.030408
 41.000000 0.702759 -2.429748
 42.000000 1.154280 -2.029706
 43.000000 1.521737 -1.366917
 44.000000 1.549725 -0.801913
 45.000000 1.106285 0.428791
 46.000000 0.990154 0.329798
 47.000000 1.301671 0.502867
 48.000000 1.583390 0.803743
 49.000000 1.282334 0.829196
 50.000000 1.823968 0.135937
 51.000000 1.292015 0.709468
 52.000000 1.104333 0.395938
 53.000000 1.206603 0.368743
 54.000000 1.036798 0.441597
 55.000000 1.373261 0.398552
 56.000000 1.431316 0.566640
 57.000000 0.622708 0.820328
 58.000000 1.502515 0.362852
 59.000000 1.476340 0.736528
 60.000000 0.364094 1.229696
 61.000000 1.394494 0.345213
 62.000000 1.164995 0.386610
 63.000000 0.776331 0.640423
 64.000000 1.255847 0.523107
 65.000000 1.192370 1.251087
 66.000000 1.465000 0.047018
 67.000000 1.233399 0.844830
 68.000000 1.282709 0.451197
 69.000000 1.519563 0.654121
 70.000000 1.206170 0.672670
 71.000000 1.168660 0.453570
 72.000000 1.193367 0.242883
 73.000000 0.759702 0.551116
 74.000000 1.726165 -0.016557
 75.000000 1.407325 0.504013
 76.000000 1.167156 0.776356
 77.000000 1.607749 0.628565
 78.000000 1.574159 0.547528
 79.000000 1.406038 0.542595
 80.000000 0.882738 0.592497
 81.000000 1.129244 0.137162
 82.000000 0.513874 1.435670
 83.000000 0.795773 0.712648
 84.000000 0.393680 1.194691
 85.000000 0.813180 0.808005
 86.000000 1.104055 0.506752
 87.000000 1.651171 0.400848
 88.000000 2.071385 1.139989
 89.000000 1.605927 -0.067646
 90.000000 1.285913 1.622028
 91.000000 1.582190 1.978011
 92.000000 1.480347 2.202546
 93.000000 1.052508 1.900070
 94.000000 1.220062 2.009038
 95.000000 1.140691 3.079204
 96.000000 1.127330 -3.049183
 97.000000 0.983273 -2.829526
 98.000000 1.258721 2.934727
 99.000000 0.968791 3.098838
 100.000000 0.830184 -2.159502
 101.000000 1.134950 -2.599603
 102.000000 0.855860 -2.376478
 103.000000 0.922286 -2.453474
 104.000000 1.162243 -2.918468
 105.000000 1.307175 2.402091
 106.000000 1.183797 2.289521
 107.000000 0.879427 -2.828341
 108.000000 0.831983 -2.463950
 109.000000 0.897928 -2.449226
 110.000000 1.040076 -2.980764
 111.000000 1.057966 -2.916778
 112.000000 0.976413 -3.132682
 113.000000 0.965951 -2.794588
 114.000000 0.848926 -2.357908
 115.000000 0.636112 -2.594307
 116.000000 1.302991 2.623743
 117.000000 1.006399 3.006678
 118.000000 0.777892 -1.880046
 119.000000 0.721436 -2.369727
 120.000000 0.932915 -2.933260
 121.000000 0.740400 -2.590856
 122.000000 1.077046 -2.601094
 123.000000 1.266034 2.740874
 124.000000 1.237917 2.694576
 125.000000 1.147430 -3.057975
 126.000000 0.905894 -2.775601
 127.000000 0.770690 -2.330238
 128.000000 0.579811 -1.911894
 129.000000 0.877939 -2.372201
 130.000000 1.435077 -3.134996
 131.000000 0.774544 -2.643385
 132.000000 1.044682 -2.726877
 133.000000 0.789839 -2.280807
 134.000000 1.067624 -2.145891
 135.000000 0.707446 -2.322977
 136.000000 1.058709 -2.970498
 137.000000 0.842791 -3.129774
 138.000000 1.245254 -2.531351
 139.000000 0.894445 -2.527415
 140.000000 1.136370 -2.684243
 141.000000 0.506645 -2.318535
 142.000000 0.654414 -2.838463
 143.000000 0.961708 -2.940703
 144.000000 0.934107 -2.783342
 145.000000 0.776057 -2.377333
 146.000000 1.625300 1.929724
 147.000000 1.013380 1.835586
 148.000000 0.521737 1.323435
 149.000000 1.162343 1.336607
 150.000000 1.058876 1.071375
 151.000000 0.831689 0.965761
 152.000000 0.878443 1.245190
 153.000000 1.012517 1.021967
 154.000000 0.807943 0.657543
 155.000000 0.945529 0.426124
 156.000000 1.304440 0.407836
 157.000000 1.062817 0.714233
 158.000000 1.376915 1.418448
 159.000000 0.874624 0.874195
 160.000000 1.294902 1.266904
 161.000000 1.486865 1.066165
 162.000000 0.603535 1.274078
 163.000000 -0.219933 2.053908
 164.000000 -0.475990 2.277494
 165.000000 -0.660599 2.346064
 166.000000 -1.196805 2.067302
 167.000000 -1.203968 2.681121
 168.000000 -0.868144 2.447642
 169.000000 -1.604367 2.455066
 170.000000 -0.512421 2.364451
 171.000000 -0.775221 2.263466
 172.000000 -0.934795 2.294511
 173.000000 -1.056264 2.594195
 174.000000 -1.649832 2.694356
 175.000000 -1.333238 2.621929
 176.000000 -0.814492 2.320889
 177.000000 -1.265567 2.035134
 178.000000 -0.885759 2.636903
 179.000000 -1.754592 2.400149
 180.000000 -1.089698 2.399705
 181.000000 -1.312759 2.670315
 182.000000 -1.109710 2.471176
 183.000000 -1.101067 2.460700
 184.000000 -1.120126 2.568466
 185.000000 -1.467872 2.812366
 186.000000 -2.056666 2.565637
 187.000000 -2.460500 2.452053
 188.000000 -1.050339 2.530646
 189.000000 -1.292213 2.598772
 190.000000 -1.342968 2.748234
 191.000000 -1.707240 2.606550
 192.000000 -1.185254 2.011080
 193.000000 -1.300554 2.567936
 194.000000 -1.147026 2.099525
 195.000000 -0.453108 2.094931
 196.000000 -1.167596 2.625985
 197.000000 -1.196245 2.434315
 198.000000 -1.285145 2.188640
 199.000000 -1.425656 2.065706
 200.000000 -1.120815 2.204763
 201.000000 -1.399837 2.734720
 202.000000 -1.082725 2.560043
 203.000000 -1.197288 2.397088
 204.000000 -1.040554 3.059393
 205.000000 -1.095979 2.537829
 206.000000 -0.968113 2.420673
 207.000000 -1.268311 2.700372
 208.000000 -0.949899 2.489452
 209.000000 -1.065613 2.184401
 210.000000 -1.548326 2.661943
 211.000000 -2.192967 2.781178
 212.000000 -1.419501 2.573746
 213.000000 -1.446660 2.380275
 214.000000 -1.229499 2.629927
 215.000000 -0.773642 2.632855
 216.000000 -1.623200 2.650919
 217.000000 -2.187069 2.621859
 218.000000 -1.764849 1.918582
 219.000000 -2.049621 2.315536
 220.000000 -2.386587 2.402065
 221.000000 -2.417452 2.087646
 222.000000 -2.044017 2.290151
 223.000000 -2.383872 2.429238
 224.000000 -2.410963 2.298316
 225.000000 -2.658899 2.839641
 226.000000 -1.747054 2.335200
 227.000000 -2.205056 2.278310
 228.000000 -2.661214 3.072996
 229.000000 -1.188450 2.640117
 230.000000 -0.904529 2.655652
 231.000000 -1.012885 2.424255
 232.000000 -1.086188 2.272200
 233.000000 -2.462764 2.208598
 234.000000 -2.394482 2.514455
 235.000000 -2.414523 2.821001
 236.000000 -2.387597 2.230407
 237.000000 -2.685297 2.955897
 238.000000 -2.829657 2.731522
 239.000000 -2.761879 2.931458
 240.000000 -2.877829 2.990738
 241.000000 -2.686057 2.975886
 242.000000 -1.345200 2.787892
 243.000000 -1.377841 2.503419
 244.000000 -1.161541 2.513938
 245.000000 -1.084357 2.601422
 246.000000 -1.253290 2.740287
 247.000000 -1.117648 2.494521
 248.000000 -0.976219 1.966746
 249.000000 -1.043906 2.695315
 250.000000 -1.412708 2.816772
 251.000000 -1.092526 2.575950
 252.000000 -1.092858 2.545344
 253.000000 -1.006614 2.720985
 254.000000 -1.167612 2.519463
 255.000000 -1.641493 3.000133
 256.000000 -0.984200 2.531443
 257.000000 -1.422547 2.862657
 258.000000 -1.253883 2.250038
 259.000000 -0.706673 2.457244
 260.000000 -1.149169 2.488256
 261.000000 -1.048483 2.130861
 262.000000 -1.024167 2.539292
 263.000000 -1.093880 2.610356
 264.000000 -1.413184 2.452706
 265.000000 -1.073238 2.347653
 266.000000 -1.116233 2.387764
 267.000000 -1.170143 2.355647
 268.000000 -0.941894 2.618890
 269.000000 -1.221342 2.098384
 270.000000 -1.052160 2.824024
 271.000000 -0.967987 2.490516
 272.000000 -0.152758 2.203077
 273.000000 -1.133338 2.413627
 274.000000 -1.471683 1.818571
 275.000000 -1.847190 0.227568
 276.000000 -0.956710 -0.925741
 277.000000 -1.369646 -0.275802
 278.000000 -1.498945 -0.676120
 279.000000 -1.762767 0.214948
 280.000000 -1.402995 -0.455885
 281.000000 -1.134696 -0.818599
 282.000000 -1.102066 -0.755115
 283.000000 -1.549788 -0.040139
 284.000000 -1.572741 0.370018
 285.000000 -2.158208 0.094382
 286.000000 -2.428193 0.155351
 287.000000 -2.608540 0.012628
 288.000000 -2.610494 0.123476
 289.000000 -2.614005 -0.039607
 290.000000 -2.857650 0.343208
 291.000000 -2.457825 -0.000745
 292.000000 -2.640513 0.243948
 293.000000 -1.760468 -0.259777
 294.000000 -1.577830 0.178763
 295.000000 -1.231530 -0.382744
 296.000000 -1.343299 -0.576844
 297.000000 -1.069591 -0.636611
 298.000000 -1.148837 -0.292594
 299.000000 -1.421627 -0.354268
 300.000000 -1.742000 -0.306627
 301.000000 -1.099754 -0.679460
 302.000000 -1.781432 0.023977
 303.000000 -0.972136 -0.565359
 304.000000 -2.127171 0.063806
 305.000000 -1.689422 0.052698
 306.000000 -1.251710 -0.479545
 307.000000 -0.988036 -0.791199
 308.000000 -1.310263 -0.482743
 309.000000 -1.972301 0.253523
 310.000000 -0.832717 -0.921895
 311.000000 -1.084151 -0.661235
 312.000000 -1.673561 0.369284
 313.000000 -1.290767 -0.452423
 314.000000 -2.064823 0.466120
 315.000000 -1.949564 0.223230
 316.000000 -1.244084 -0.573263
 317.000000 -1.245497 -0.713607
 318.000000 -1.809487 -0.217197
 319.000000 -1.103102 -0.887351
 320.000000 -1.551467 -0.141842
 321.000000 -0.732810 -0.783192
 322.000000 -1.909132 -0.152219
 323.000000 -1.053479 -0.690223
 324.000000 -1.803808 0.140611
 325.000000 -1.564086 0.152930
 326.000000 -1.984621 -0.172896
 327.000000 -1.614328 -0.117917
 328.000000 -1.560602 -0.394335
 329.000000 -1.341507 -0.317548
 330.000000 -1.500387 -0.116436
 331.000000 -1.948142 0.576963
 332.000000 -1.837586 0.327626
 333.000000 -1.098732 -0.771285
 334.000000 -1.128960 -0.627927
 335.000000 -1.071201 -0.665693
 336.000000 -1.253448 -0.349437
 337.000000 -1.929561 0.150566
 338.000000 -2.640326 0.605563
 339.000000 -1.985291 -0.072598
 340.000000 -1.081566 -0.644503
 341.000000 -1.963995 0.282448
 342.000000 -1.096179 -0.876275
 343.000000 -1.958744 -0.115682
 344.000000 -3.045739 -0.213766
 345.000000 -2.700156 0.412335
 346.000000 -2.068228 0.121974
 347.000000 -1.422373 0.276468
 348.000000 -1.387972 -0.135930
 349.000000 -1.292037 -0.413843
 350.000000 -1.518903 -0.191715
 351.000000 -1.084928 -0.831999
 352.000000 -1.135278 -0.589312
 353.000000 -1.023909 -0.810258
 354.000000 -2.059009 0.364566
 355.000000 -1.820899 -0.063440
 356.000000 -1.577980 -0.333080
 357.000000 -1.740733 0.029246
 358.000000 -1.809827 -0.245230
 359.000000 -2.112673 0.186140
 360.000000 -2.267268 0.125010
 361.000000 -1.876271 -0.805193
 362.000000 -1.543468 -0.019503
 363.000000 -2.314048 0.097435
 364.000000 -2.394186 0.144888
 365.000000 -2.858566 0.399436
 366.000000 -2.145634 0.204127
 367.000000 -1.894010 0.190602
 368.000000 -1.628127 0.393650
 369.000000 -1.729834 -0.066095
 370.000000 -1.912084 0.378535
 371.000000 -1.961670 -0.057769
 372.000000 -1.238263 -0.241628
 373.000000 -1.062657 -0.748161
 374.000000 -1.539634 -0.209287
 375.000000 -1.731778 -0.068937
 376.000000 -1.145235 -0.825050
 377.000000 -1.311291 -0.784769
 378.000000 -2.200301 0.050259
 379.000000 -1.882399 -0.200300
 380.000000 -2.819465 0.683779
 381.000000 -3.002120 0.445886
 382.000000 -2.930292 0.063093
 383.000000 -1.897845 -0.221480
 384.000000 -1.598998 0.247817
 385.000000 -1.769503 -0.225025
 386.000000 -1.848399 -0.086008
 387.000000 -1.471594 -0.131913
 388.000000 -1.526102 0.116083
 389.000000 -2.428764 0.530359
 390.000000 -2.807992 0.062357
 391.000000 -2.420174 0.007868
 392.000000 -2.724599 -0.460889
 393.000000 -2.009993 0.146088
 394.000000 -1.959609 -0.103893
 395.000000 -2.007212 0.174890
 396.000000 -1.861769 0.096612
 397.000000 -1.877577 -0.013692
 398.000000 -1.715794 -0.275859
 399.000000 -1.881911 -0.242163
 400.000000 -1.097741 -0.710745
