#! FIELDS time phi psi
#! SET min_phi -pi
#! SET max_phi pi
#! SET min_psi -pi
#! SET max_psi pi
 0.000000 1.083406 -1.359256
 1.000000 0.972274 -0.503993
 2.000000 1.161200 -0.255236
 3.000000 1.368491 0.242615
 4.000000 1.258370 0.355060
 5.000000 1.572000 0.454239
 6.000000 1.334037 0.446482
 7.000000 1.654809 0.127099
 8.000000 1.424972 0.318091
 9.000000 0.970605 0.869641
 10.000000 1.499433 0.263828
 11.000000 1.297151 0.413989
 12.000000 1.440543 0.386519
 13.000000 1.457488 0.732721
 14.000000 1.316130 0.396640
 15.000000 1.364349 0.453733
 16.000000 1.479526 0.627508
 17.000000 1.587404 0.359843
 18.000000 1.583209 0.938562
 19.000000 1.504735 0.186492
 20.000000 1.044434 0.431675
 21.000000 1.042385 0.334965
 22.000000 1.274691 0.274967
 23.000000 1.125317 -0.173432
 24.000000 1.306065 -0.099810
 25.000000 1.220623 1.249268
 26.000000 1.599670 1.655741
 27.000000 1.228605 2.806584
 28.000000 1.592346 2.434589
 29.000000 1.266678 2.816984
 30.000000 1.070862 2.749193
 31.000000 0.918570 -3.100987
 32.000000 1.052233 -2.034917
 33.000000 1.015715 -2.903820
 34.000000 0.779744 -2.293839
 35.000000 0.711355 -2.580907
 36.000000 0.912747 -2.829969
 37.000000 0.730810 -2.872100
 38.000000 1.013576 -2.938925
 39.000000 0.695757 -2.651012
 40.000000 0.862691 -2.629436
 41.000000 0.985168 -2.664351
 42.000000 0.875324 -2.630003
 43.000000 0.856115 -2.689966
 44.000000 0.876177 -2.769248
 45.000000 0.788109 -2.527245
 46.000000 1.207453 2.732073
 47.000000 1.025866 3.069570
 48.000000 0.845512 3.110181
 49.000000 0.658092 -2.630327
 50.000000 0.786042 -2.564370
 51.000000 0.790249 -2.564729
 52.000000 0.982361 2.808612
 53.000000 0.696897 -2.470586
 54.000000 0.958241 -2.991511
 55.000000 0.882225 -3.009870
 56.000000 1.176448 3.016332
 57.000000 1.005464 -2.754609
 58.000000 1.246580 2.722820
 59.000000 1.353881 1.954305
 60.000000 1.085073 2.863393
 61.000000 0.738753 -2.434470
 62.000000 0.818871 -2.492252
 63.000000 1.087298 2.856515
 64.000000 0.876539 -2.680071
 65.000000 1.148375 2.956418
 66.000000 0.813963 -2.483322
 67.000000 0.894179 -3.016544
 68.000000 0.814718 -2.743097
 69.000000 1.032420 -2.529405
 70.000000 1.179925 2.675203
 71.000000 0.925364 -2.497310
 72.000000 1.010609 -2.569222
 73.000000 0.861482 -2.487917
 74.000000 1.319245 2.884585
 75.000000 1.113401 -2.412178
 76.000000 0.756852 -2.312832
 77.000000 0.852041 -2.731884
 78.000000 0.928061 -2.631006
 79.000000 1.426308 -2.620345
 80.000000 0.998688 -2.919366
 81.000000 0.971971 -2.812135
 82.000000 0.828060 -2.978595
 83.000000 0.761988 -2.771602
 84.000000 1.290479 2.192088
 85.000000 1.433273 2.676218
 86.000000 1.493669 1.822836
 87.000000 1.006528 1.289040
 88.000000 1.256993 2.330872
 89.000000 1.363942 1.892442
 90.000000 0.963987 2.048320
 91.000000 1.356563 1.962030
 92.000000 1.008282 1.326054
 93.000000 1.161293 0.672225
 94.000000 1.582548 0.570401
 95.000000 0.880283 0.501044
 96.000000 1.297361 0.626151
 97.000000 1.412312 0.472130
 98.000000 1.279728 0.444673
 99.000000 1.172752 0.475391
 100.000000 1.386272 0.476796
 101.000000 1.006702 0.634838
 102.000000 0.911119 1.109615
 103.000000 1.587174 0.196399
 104.000000 1.476062 0.262439
 105.000000 1.648009 0.552734
 106.000000 1.272021 0.282615
 107.000000 1.232099 0.300760
 108.000000 1.224110 1.342477
 109.000000 0.811906 0.793194
 110.000000 1.439562 -0.013600
 111.000000 0.445427 1.298023
 112.000000 -1.107490 2.507645
 113.000000 -1.129531 2.696125
 114.000000 -0.917932 2.535191
 115.000000 -1.193113 2.429155
 116.000000 -1.439770 2.599952
 117.000000 -0.950234 2.291878
 118.000000 -2.292173 3.065635
 119.000000 -1.030846 2.206459
 120.000000 -1.172835 2.374434
 121.000000 -1.378536 2.950835
 122.000000 -1.018458 2.354107
 123.000000 -0.961332 2.294180
 124.000000 -1.069888 2.403977
 125.000000 -1.147396 2.319130
 126.000000 -0.912680 2.513267
 127.000000 -0.591021 2.450449
 128.000000 -1.278022 2.545759
 129.000000 -1.560192 2.764239
 130.000000 -0.821144 2.172593
 131.000000 -1.347506 2.432323
 132.000000 -0.963328 2.377291
 133.000000 -0.931669 2.482752
 134.000000 -0.948162 2.652470
 135.000000 -1.249407 2.817008
 136.000000 -1.357509 2.684196
 137.000000 -1.306395 3.042610
 138.000000 -1.189713 2.571226
 139.000000 -1.147512 2.593607
 140.000000 -1.481917 -2.911760
 141.000000 -1.415229 2.473088
 142.000000 -1.127247 2.664172
 143.000000 -1.134378 2.738827
 144.000000 -0.909347 2.714277
 145.000000 -0.937379 2.352094
 146.000000 -1.100505 2.410247
 147.000000 -1.184341 2.540203
 148.000000 -0.792099 2.798445
 149.000000 -1.220561 2.582735
 150.000000 -1.198505 2.443177
 151.000000 -1.569320 2.925837
 152.000000 -1.332833 2.565605
 153.000000 -1.385689 2.654346
 154.000000 -1.019188 2.487806
 155.000000 -1.314835 2.041855
 156.000000 -1.054600 2.745744
 157.000000 -1.183702 2.820090
 158.000000 -1.065318 2.574586
 159.000000 -1.285863 2.283072
 160.000000 -1.369132 2.593530
 161.000000 -2.001918 2.871201
 162.000000 -1.194781 2.261910
 163.000000 -0.507148 2.265528
 164.000000 -1.284478 2.837952
 165.000000 -1.070929 2.714073
 166.000000 -0.955972 2.401744
 167.000000 -0.544936 2.133476
 168.000000 -1.608247 2.693005
 169.000000 -1.088885 2.511400
 170.000000 -1.036147 2.741755
 171.000000 -1.159652 2.107085
 172.000000 -2.152837 2.208285
 173.000000 -2.835819 2.764959
 174.000000 -2.246935 2.862381
 175.000000 -2.672869 2.653984
 176.000000 -1.039911 2.506974
 177.000000 -1.192694 2.501803
 178.000000 -0.811908 2.257959
 179.000000 -1.255203 2.288109
 180.000000 -0.901541 2.763225
 181.000000 -0.746946 2.752091
 182.000000 -1.298876 2.777583
 183.000000 -1.201267 1.930330
 184.000000 -1.396370 2.918484
 185.000000 -2.141720 2.909912
 186.000000 -2.237211 2.416450
 187.000000 -2.601186 2.746141
 188.000000 -2.431905 2.925687
 189.000000 -2.775281 2.663232
 190.000000 -1.920156 2.896348
 191.000000 -2.311423 2.727679
 192.000000 -1.863130 2.525442
 193.000000 -2.341020 2.714020
 194.000000 -2.147544 2.356196
 195.000000 -1.826353 -3.139702
 196.000000 -1.612689 2.289554
 197.000000 -1.299504 2.806781
 198.000000 -1.118277 2.225741
 199.000000 -1.234701 2.675866
 200.000000 -1.491290 2.693062
 201.000000 -1.656997 2.750105
 202.000000 -2.816690 2.724859
 203.000000 -2.262298 2.854428
 204.000000 -2.560060 2.310518
 205.000000 -1.827799 2.446234
 206.000000 -2.163665 2.822595
 207.000000 -2.229223 2.395582
 208.000000 -2.038292 2.105696
 209.000000 -1.019089 2.415397
 210.000000 -1.401600 1.990852
 211.000000 -1.712186 0.135591
 212.000000 -1.870270 0.148799
 213.000000 -1.742550 0.470518
 214.000000 -1.553727 -0.342877
 215.000000 -1.300985 -0.908675
 216.000000 -1.248190 -0.472809
 217.000000 -1.819065 0.362145
 218.000000 -1.974478 0.168232
 219.000000 -1.880550 -0.233413
 220.000000 -1.364220 -0.548318
 221.000000 -1.226922 -0.649341
 222.000000 -1.538696 -0.286588
 223.000000 -1.652577 0.242877
 224.000000 -1.630571 0.281005
 225.000000 -1.263539 -0.414298
 226.000000 -0.931159 -0.747002
 227.000000 -1.407284 -0.519055
 228.000000 -1.962424 0.112114
 229.000000 -1.285454 -0.202088
 230.000000 -1.168863 -0.687329
 231.000000 -1.492193 -0.335595
 232.000000 -1.101891 -0.996571
 233.000000 -1.234485 -0.979719
 234.000000 -1.558495 -0.212922
 235.000000 -1.735821 -0.255417
 236.000000 -1.998517 -0.113287
 237.000000 -2.469525 -0.563422
 238.000000 -1.858004 0.196809
 239.000000 -1.900905 0.217815
 240.000000 -1.557586 -0.642560
 241.000000 -2.015989 -0.217045
 242.000000 -1.132418 -0.649734
 243.000000 -2.655228 0.548997
 244.000000 -1.744433 0.314441
 245.000000 -1.586965 -0.260395
 246.000000 -1.042901 -0.736216
 247.000000 -2.908417 0.104114
 248.000000 -2.917414 0.096495
 249.000000 -2.602838 -0.153452
 250.000000 -2.214636 0.838549
 251.000000 -1.411756 -0.396428
 252.000000 -1.207799 -0.463882
 253.000000 -0.983072 -0.787323
 254.000000 -1.246739 -0.336906
 255.000000 -1.823188 0.123194
 256.000000 -1.577582 0.135899
 257.000000 -2.069151 0.221937
 258.000000 -2.008796 -0.108131
 259.000000 -1.104506 -0.709325
 260.000000 -1.751194 -0.013053
 261.000000 -1.884459 0.051977
 262.000000 -2.171726 0.051473
 263.000000 -1.892775 0.009074
 264.000000 -2.891891 -0.030255
 265.000000 -1.668095 0.134441
 266.000000 -1.684461 0.105178
 267.000000 -1.308815 -0.412660
 268.000000 -1.088600 -0.496534
 269.000000 -1.280238 -0.602281
 270.000000 -1.753909 -0.138396
 271.000000 -1.714166 0.317585
 272.000000 -1.968259 0.280899
 273.000000 -1.991389 0.487210
 274.000000 -1.589713 0.389760
 275.000000 -1.872714 0.284393
 276.000000 -1.662808 1.118963
 277.000000 -1.894157 0.121084
 278.000000 -2.198443 0.083407
 279.000000 -2.357855 0.203170
 280.000000 -1.603551 0.563595
 281.000000 -2.723876 0.619870
 282.000000 -2.328155 0.012552
 283.000000 -1.092704 -0.561119
 284.000000 -0.962998 -0.658784
 285.000000 -1.060509 -0.694295
 286.000000 -0.905906 -0.871587
 287.000000 -1.080412 -0.608569
 288.000000 -1.056496 -0.851058
 289.000000 -1.681673 0.035903
 290.000000 -1.579205 0.316618
 291.000000 -1.349546 -0.471169
 292.000000 -0.998565 -0.782779
 293.000000 -0.883172 -0.979002
 294.000000 -1.419396 -0.339538
 295.000000 -2.147837 0.066136
 296.000000 -1.101817 -0.297792
 297.000000 -1.945120 -0.097067
 298.000000 -1.898334 0.156361
 299.000000 -1.939807 0.223721
 300.000000 -1.547296 0.140270
 301.000000 -1.065785 -0.694277
 302.000000 -1.368863 -0.195886
 303.000000 -1.501599 -0.559659
 304.000000 -1.274347 -0.359563
 305.000000 -1.510952 -0.355035
 306.000000 -1.046116 -0.731607
 307.000000 -1.694741 -0.129457
 308.000000 -1.283287 -0.442108
 309.000000 -1.283861 -0.610445
 310.000000 -1.856151 0.115244
 311.000000 -0.584938 -1.010330
 312.000000 -1.576316 -0.047142
 313.000000 -1.700557 -0.028317
 314.000000 -1.638860 -0.018288
 315.000000 -1.784052 -0.432482
 316.000000 -1.194023 -0.575242
 317.000000 -1.223887 -0.753119
 318.000000 -1.139026 -0.700697
 319.000000 -1.021634 -0.744408
 320.000000 -1.767729 0.265444
 321.000000 -1.933168 0.023725
 322.000000 -2.269210 0.219145
 323.000000 -1.452913 -0.163637
 324.000000 -0.960356 -0.632899
 325.000000 -1.758604 -0.177590
 326.000000 -1.252074 -0.477384
 327.000000 -1.644720 0.271204
 328.000000 -1.804578 0.558546
 329.000000 -2.799667 0.245159
 330.000000 -2.430963 -0.158061
 331.000000 -1.099988 -0.822017
 332.000000 -0.967894 -0.793311
 333.000000 -1.205619 -0.848237
 334.000000 -1.744400 -0.051029
 335.000000 -1.925790 -0.002724
 336.000000 -1.766050 -0.215775
 337.000000 -1.717795 0.264432
 338.000000 -2.729966 0.299694
 339.000000 -1.841695 0.080972
 340.000000 -1.844463 -0.360865
 341.000000 -1.831248 0.326006
 342.000000 -1.758097 0.156792
 343.000000 -1.842768 -0.142775
 344.000000 -1.854556 -0.029472
 345.000000 -2.089862 0.234001
 346.000000 -2.518585 0.112432
 347.000000 -2.104634 -0.020102
 348.000000 -1.775981 -0.063719
 349.000000 -1.362192 -0.210815
 350.000000 -1.700804 0.296033
 351.000000 -1.604746 -0.450215
 352.000000 -1.168570 -0.787963
 353.000000 -1.087244 -0.774240
 354.000000 -1.671061 0.019969
 355.000000 -2.228445 0.107694
 356.000000 -1.718455 0.049614
 357.000000 -1.836577 0.028416
 358.000000 -2.050514 0.258401
 359.000000 -1.218619 -0.345908
 360.000000 -1.774269 -0.173474
 361.000000 -1.781208 -0.171496
 362.000000 -2.116210 -0.682793
 363.000000 -2.193641 0.123984
 364.000000 -2.491697 0.453675
 365.000000 -1.903272 0.212379
 366.000000 -1.066710 -0.787821
 367.000000 -1.060828 -0.583284
 368.000000 -1.279704 -0.411285
 369.000000 -1.765347 -0.152310
 370.000000 -1.761754 0.086778
 371.000000 -1.488077 -0.171549
 372.000000 -1.995022 0.073962
 373.000000 -1.698573 -0.065263
 374.000000 -1.213445 -0.345131
 375.000000 -1.367092 -0.513597
 376.000000 -1.152646 -0.500342
 377.000000 -1.502335 -0.519126
 378.000000 -1.090418 -0.767995
 379.000000 -1.006107 -0.630075
 380.000000 -1.243790 -0.656695
 381.000000 -1.949922 -0.417932
 382.000000 -1.857902 -0.027679
 383.000000 -1.997950 0.212820
 384.000000 -2.936800 0.014614
 385.000000 -2.793181 -0.161360
 386.000000 -2.583787 -0.381508
 387.000000 -1.714989 -1.316052
 388.000000 -2.065457 -0.594985
 389.000000 -1.699256 -0.140116
 390.000000 -1.387928 -0.672890
 391.000000 -1.872869 -0.049388
 392.000000 -1.445414 -0.343069
 393.000000 -1.347631 -0.406656
 394.000000 -1.778440 -0.041260
 395.000000 -2.022753 0.325086
 396.000000 -1.436299 -0.160587
 397.000000 -1.745325 -0.032375
 398.000000 -2.080516 0.018440
 399.000000 -2.383595 0.061217
 400.000000 -1.856007 -0.113628
