#! FIELDS time phi psi
#! SET min_phi -pi
#! SET max_phi pi
#! SET min_psi -pi
#! SET max_psi pi
 0.000000 -1.034387 -0.715976
 1.000000 -0.955628 -0.749303
 2.000000 -1.559512 -0.991112
 3.000000 -2.442142 0.644096
 4.000000 -2.071232 0.113414
 5.000000 -2.019744 -0.433337
 6.000000 -0.941013 -0.821933
 7.000000 -1.433229 -0.362439
 8.000000 -1.457900 -0.577661
 9.000000 -1.668492 0.041433
 10.000000 -1.714272 0.296184
 11.000000 -1.435728 -0.281698
 12.000000 -0.895591 -0.665243
 13.000000 -0.975436 -0.726496
 14.000000 -1.504508 -0.590658
 15.000000 -1.106839 -0.784543
 16.000000 -0.941416 -0.873057
 17.000000 -1.087257 -0.844490
 18.000000 -1.551713 -0.417523
 19.000000 -0.936987 -0.725024
 20.000000 -1.784949 -0.042706
 21.000000 -2.259495 -0.436990
 22.000000 -1.642842 0.019531
 23.000000 -1.074476 -0.625382
 24.000000 -1.296486 -0.445295
 25.000000 -1.969737 -0.159780
 26.000000 -1.528990 -0.442820
 27.000000 -1.093955 -0.782585
 28.000000 -1.147022 -0.829555
 29.000000 -1.922066 -0.096509
 30.000000 -1.879973 -0.044900
 31.000000 -1.575805 -0.125863
 32.000000 -1.250804 -0.339365
 33.000000 -1.419299 -0.491843
 34.000000 -1.672315 0.170037
 35.000000 -1.288125 -0.623978
 36.000000 -1.124303 -0.589501
 37.000000 -1.348327 -0.959086
 38.000000 -1.620161 -1.875220
 39.000000 -1.157730 -0.773405
 40.000000 -0.936211 -0.910768
 41.000000 -0.981180 -0.685597
 42.000000 -1.605672 -0.013981
 43.000000 -1.191817 -0.499040
 44.000000 -0.993386 -0.456802
 45.000000 -2.146008 -0.499553
 46.000000 -1.557319 -0.115755
 47.000000 -1.628230 -0.112972
 48.000000 -1.653818 -0.101187
 49.000000 -1.653592 -0.057410
 50.000000 -2.070168 0.153634
 51.000000 -0.967917 -0.703843
 52.000000 -1.154389 -0.492544
 53.000000 -1.370897 -0.387823
 54.000000 -1.797058 -0.041189
 55.000000 -1.421475 -0.264051
 56.000000 -1.718947 0.087750
 57.000000 -1.636033 0.339003
 58.000000 -1.562676 -0.098717
 59.000000 -2.113294 0.186688
 60.000000 -1.981272 0.621891
 61.000000 -2.447271 0.935841
 62.000000 -3.069314 0.571943
 63.000000 -2.714113 0.841417
 64.000000 -1.866946 0.033663
 65.000000 -1.450989 0.228090
 66.000000 -1.894877 0.173776
 67.000000 -1.838649 -0.772517
 68.000000 -2.057952 0.116926
 69.000000 -1.716055 -0.209749
 70.000000 -2.034825 0.223612
 71.000000 -1.416576 -0.596676
 72.000000 -1.095333 -0.599701
 73.000000 -1.208971 -0.649128
 74.000000 -1.970328 -0.134113
 75.000000 -1.040114 -0.651902
 76.000000 -1.033695 -0.765165
 77.000000 -1.244584 -0.524127
 78.000000 -0.992985 -0.783020
 79.000000 -0.859181 -0.729511
 80.000000 -1.688410 -0.211402
 81.000000 -1.030345 -0.755877
 82.000000 -1.333427 -0.192976
 83.000000 -1.798700 0.758014
 84.000000 -1.097735 -0.568089
 85.000000 -1.139315 -0.708506
 86.000000 -1.121402 -0.759338
 87.000000 -1.017590 -0.840090
 88.000000 -1.076529 -0.639871
 89.000000 -1.411518 -0.636226
 90.000000 -1.073617 -0.608026
 91.000000 -1.986867 0.267419
 92.000000 -2.298255 0.285452
 93.000000 -1.698004 0.079113
 94.000000 -2.725119 0.286973
 95.000000 -2.815077 2.321330
 96.000000 -2.657958 -3.111329
 97.000000 -2.693686 3.032526
 98.000000 -2.494743 2.807034
 99.000000 -2.143723 2.005200
 100.000000 -1.759429 2.017032
 101.000000 -1.039654 2.227960
 102.000000 -1.039163 2.515247
 103.000000 -1.088997 2.496901
 104.000000 -1.252584 2.712776
 105.000000 -0.997292 2.390235
 106.000000 -2.560413 2.614478
 107.000000 -1.237342 2.069518
 108.000000 -0.788809 2.129917
 109.000000 -1.156075 2.529838
 110.000000 -1.126321 2.366390
 111.000000 -1.190675 2.568104
 112.000000 -0.721372 2.083716
 113.000000 -0.756888 2.102315
 114.000000 -0.924720 2.744988
 115.000000 -0.984829 2.777181
 116.000000 -1.413016 2.603823
 117.000000 -0.729786 2.299067
 118.000000 -1.589936 2.641323
 119.000000 -1.051386 2.426170
 120.000000 -0.876172 2.713081
 121.000000 -1.145242 2.295022
 122.000000 -2.947919 2.751145
 123.000000 -1.991884 2.718599
 124.000000 -1.595286 2.367485
 125.000000 -2.132584 2.290774
 126.000000 -2.923367 2.538243
 127.000000 -2.653508 2.618366
 128.000000 -2.848405 2.872293
 129.000000 -2.522696 2.350218
 130.000000 -1.487679 2.066636
 131.000000 -1.334139 1.057152
 132.000000 -1.304045 2.245385
 133.000000 -2.143891 2.180430
 134.000000 -2.708108 2.251048
 135.000000 -2.471849 2.593387
 136.000000 -2.310765 2.514237
 137.000000 -1.472692 2.815871
 138.000000 -1.155668 2.707982
 139.000000 -1.112583 2.390001
 140.000000 -1.469897 1.800192
 141.000000 -1.266896 2.515225
 142.000000 -1.725778 3.106337
 143.000000 -0.960212 2.361605
 144.000000 -1.117801 2.541677
 145.000000 -1.018687 2.467341
 146.000000 -1.053845 2.227133
 147.000000 -1.052498 2.576514
 148.000000 -0.922769 2.416299
 149.000000 -1.221871 2.423752
 150.000000 -1.781931 2.377383
 151.000000 -0.845676 2.678851
 152.000000 -0.893427 2.638211
 153.000000 -0.960766 2.471208
 154.000000 -0.419265 2.397155
 155.000000 -1.544996 2.112947
 156.000000 -1.205787 2.583055
 157.000000 -1.031595 2.632574
 158.000000 -1.199364 2.298391
 159.000000 -1.035500 2.527788
 160.000000 -0.925921 2.467668
 161.000000 -1.218134 2.220569
 162.000000 -0.465929 2.731663
 163.000000 -2.355750 2.213493
 164.000000 -1.434512 2.745915
 165.000000 -2.523792 2.379015
 166.000000 -1.669708 2.453937
 167.000000 -1.604640 2.667215
 168.000000 -1.206765 2.860890
 169.000000 -1.157571 2.521817
 170.000000 -1.038504 2.466510
 171.000000 -1.250398 3.041400
 172.000000 -1.112939 2.806860
 173.000000 -1.122927 2.537804
 174.000000 -1.086414 2.457794
 175.000000 -1.212671 2.383580
 176.000000 -2.228724 2.653844
 177.000000 -2.418256 2.356707
 178.000000 -2.193836 3.025941
 179.000000 -2.336406 2.556804
 180.000000 -1.556601 2.218182
 181.000000 -1.215612 3.007078
 182.000000 -0.984455 2.523445
 183.000000 -1.051110 2.523466
 184.000000 -1.632572 2.365972
 185.000000 -1.337752 2.767426
 186.000000 -1.034598 2.486128
 187.000000 -1.601565 2.678329
 188.000000 -0.787974 2.482679
 189.000000 -1.489265 2.952068
 190.000000 -1.463665 2.322026
 191.000000 -1.190632 2.576549
 192.000000 -1.163301 2.532726
 193.000000 -1.006131 2.604550
 194.000000 -0.776180 2.828596
 195.000000 -0.658519 2.397885
 196.000000 -1.018146 2.418425
 197.000000 -1.189796 2.639244
 198.000000 -0.732049 2.897782
 199.000000 -1.030941 2.563156
 200.000000 -1.233518 2.592453
 201.000000 -0.661069 2.635672
 202.000000 -0.627488 2.920182
 203.000000 -1.026859 2.552108
 204.000000 -0.848080 2.589779
 205.000000 -1.110862 2.367188
 206.000000 -1.034272 2.570422
 207.000000 -1.019813 2.400413
 208.000000 -1.087515 2.327391
 209.000000 -1.077995 2.510490
 210.000000 -1.026064 2.561326
 211.000000 -1.033480 2.436192
 212.000000 -0.998515 2.549142
 213.000000 -0.882569 2.880100
 214.000000 -0.913341 2.641457
 215.000000 -1.619187 2.065245
 216.000000 -0.863879 1.928136
 217.000000 -1.320498 2.855045
 218.000000 -1.402911 2.919359
 219.000000 -0.925920 2.705031
 220.000000 -1.727259 -2.823784
 221.000000 -1.600146 2.736028
 222.000000 -0.722005 2.622757
 223.000000 -1.044600 2.471442
 224.000000 -0.924504 2.799216
 225.000000 -1.419639 2.306253
 226.000000 -0.566656 2.341249
 227.000000 -0.923112 2.924677
 228.000000 -1.153884 2.197035
 229.000000 -1.278736 2.651310
 230.000000 -1.673675 2.518558
 231.000000 -0.905740 2.564377
 232.000000 -1.306855 2.563496
 233.000000 -1.132867 2.501538
 234.000000 -1.000539 2.485261
 235.000000 -1.482440 2.877509
 236.000000 -2.621072 2.693720
 237.000000 -1.341656 2.906942
 238.000000 -1.214731 2.411849
 239.000000 -1.687109 2.424007
 240.000000 -1.148820 2.572992
 241.000000 -1.206588 2.922552
 242.000000 -1.181573 2.453017
 243.000000 -1.258638 2.691115
 244.000000 -1.610410 2.054957
 245.000000 -1.237998 2.365213
 246.000000 -1.096001 2.321601
 247.000000 -1.788458 -3.068249
 248.000000 -1.031117 2.639066
 249.000000 -1.248127 2.774139
 250.000000 -1.107850 2.494758
 251.000000 -0.611714 2.369883
 252.000000 -1.242436 2.527671
 253.000000 -1.419111 2.326110
 254.000000 -0.940356 2.500632
 255.000000 -1.274533 2.553256
 256.000000 -2.271988 2.426333
 257.000000 -1.969352 2.834859
 258.000000 -0.880652 2.210967
 259.000000 -1.009482 2.528444
 260.000000 -1.062557 2.420291
 261.000000 -2.625790 2.968173
 262.000000 -2.690450 2.876816
 263.000000 -1.409043 2.411240
 264.000000 -1.136116 2.434272
 265.000000 -0.548931 2.353497
 266.000000 -1.060803 2.599374
 267.000000 -1.217935 2.693794
 268.000000 -0.834149 2.767883
 269.000000 -0.382292 2.155418
 270.000000 -1.365505 2.698266
 271.000000 -1.294867 2.791063
 272.000000 -1.011530 2.311054
 273.000000 -1.280311 2.665138
 274.000000 -1.246765 2.601722
 275.000000 -1.050839 2.586157
 276.000000 -0.967981 2.945833
 277.000000 -1.018698 2.209395
 278.000000 -1.532745 1.918911
 279.000000 -1.045890 2.525805
 280.000000 -1.301554 2.365362
 281.000000 -1.178380 2.422813
 282.000000 -1.486147 2.763548
 283.000000 -1.828050 2.540174
 284.000000 -1.311889 2.745013
 285.000000 -0.852444 1.970944
 286.000000 -1.131430 2.536049
 287.000000 -1.116663 2.343657
 288.000000 -0.648385 2.249570
 289.000000 -1.022465 2.222673
 290.000000 -1.260105 2.470496
 291.000000 -1.106928 2.347531
 292.000000 -1.124888 2.173114
 293.000000 -1.409080 2.853810
 294.000000 -0.845428 2.745992
 295.000000 -1.281812 2.428642
 296.000000 -1.552459 2.265743
 297.000000 -1.223778 2.529036
 298.000000 -1.120064 2.527456
 299.000000 -1.089395 2.433290
 300.000000 -1.255550 2.191179
 301.000000 -1.514310 2.373595
 302.000000 -1.630418 2.608083
 303.000000 -1.505127 2.109257
 304.000000 -1.125440 2.659769
 305.000000 -1.167960 2.004936
 306.000000 -1.299877 2.587114
 307.000000 -0.991986 2.289448
 308.000000 -1.484167 1.912800
 309.000000 -2.169875 2.445508
 310.000000 -2.620467 2.381081
 311.000000 -1.332885 1.937006
 312.000000 -2.776263 2.852698
 313.000000 -2.608929 2.564266
 314.000000 -1.334333 2.073901
 315.000000 -2.406491 1.940618
 316.000000 -1.601409 2.764085
 317.000000 -1.046124 2.509631
 318.000000 -1.405917 2.023924
 319.000000 -1.818777 -2.463439
 320.000000 -1.929928 2.815186
 321.000000 -1.649267 2.608652
 322.000000 -1.364180 2.781333
 323.000000 -2.152482 2.928796
 324.000000 -1.670686 2.527592
 325.000000 -1.078676 2.536409
 326.000000 -1.929932 1.853328
 327.000000 -2.282769 2.401158
 328.000000 -2.431950 2.288948
 329.000000 -2.394008 2.633487
 330.000000 -3.017379 2.096506
 331.000000 -1.150135 2.627847
 332.000000 -0.999787 2.448756
 333.000000 -1.039153 2.431297
 334.000000 -1.694144 2.211633
 335.000000 -1.186656 2.672863
 336.000000 -1.042178 2.499060
 337.000000 -1.023846 2.472891
 338.000000 -1.002818 2.436598
 339.000000 -1.014755 2.678119
 340.000000 -1.133398 2.524853
 341.000000 -2.581027 2.848884
 342.000000 -2.580421 2.687978
 343.000000 -1.721613 2.453501
 344.000000 -1.435765 2.952683
 345.000000 -0.845724 2.527743
 346.000000 -1.362809 2.617765
 347.000000 -1.086506 2.397204
 348.000000 -1.106278 2.397971
 349.000000 -0.938084 2.572523
 350.000000 -0.983769 2.586949
 351.000000 -1.224510 2.513455
 352.000000 -0.969840 2.659066
 353.000000 -0.709295 2.522983
 354.000000 -0.868711 2.472763
 355.000000 -1.144477 2.261710
 356.000000 -1.391437 2.055437
 357.000000 -1.449401 2.608460
 358.000000 -1.112186 2.555609
 359.000000 -0.742518 2.409115
 360.000000 -1.303696 2.800799
 361.000000 -1.148841 2.739412
 362.000000 -1.401378 2.581537
 363.000000 -1.602219 2.450006
 364.000000 -1.210608 2.614195
 365.000000 -1.371534 2.555767
 366.000000 -1.100947 2.592452
 367.000000 -1.504372 2.518460
 368.000000 -2.269856 2.392309
 369.000000 -1.107219 2.277614
 370.000000 -1.261618 2.348200
 371.000000 -1.735384 2.400678
 372.000000 -1.390016 2.279473
 373.000000 -1.759040 2.541056
 374.000000 -1.225991 2.561791
 375.000000 -0.923575 2.479905
 376.000000 -0.872442 2.495829
 377.000000 -1.002296 2.841424
 378.000000 -1.066245 2.395462
 379.000000 -1.071599 2.896431
 380.000000 -0.545292 2.377929
 381.000000 -1.215182 2.693674
 382.000000 -1.236885 2.456592
 383.000000 -0.906208 2.806541
 384.000000 -0.962514 2.513595
 385.000000 -1.063128 2.547034
 386.000000 -1.347880 2.146665
 387.000000 -1.088713 2.421671
 388.000000 -0.880814 2.552711
 389.000000 -1.171712 2.477784
 390.000000 -1.076569 2.518229
 391.000000 -0.786317 2.439792
 392.000000 -0.258119 1.984394
 393.000000 -1.670831 2.043525
 394.000000 -2.107305 2.200627
 395.000000 -0.986857 2.552425
 396.000000 -1.248786 2.227207
 397.000000 -1.071349 2.347310
 398.000000 -1.260747 2.188137
 399.000000 -1.217033 1.863928
 400.000000 -1.127658 2.076086
