#! FIELDS time phi psi
#! SET min_phi -pi
#! SET max_phi pi
#! SET min_psi -pi
#! SET max_psi pi
 0.000000 0.786961 -2.378407
 1.000000 1.268840 2.678633
 2.000000 0.992330 3.108549
 3.000000 1.075125 -2.508227
 4.000000 1.195356 -2.803318
 5.000000 1.289037 -3.065778
 6.000000 0.967749 -2.769812
 7.000000 0.392147 -2.451724
 8.000000 1.336472 2.467156
 9.000000 0.869093 3.135112
 10.000000 1.200147 2.668003
 11.000000 1.352297 3.094465
 12.000000 0.826769 -2.546780
 13.000000 1.128389 -2.750856
 14.000000 0.782045 -2.529996
 15.000000 0.772181 -2.770283
 16.000000 1.050374 -3.026206
 17.000000 0.762047 -2.683397
 18.000000 0.964258 -3.015080
 19.000000 1.357250 2.708995
 20.000000 0.990046 -3.103589
 21.000000 0.870827 3.129986
 22.000000 0.913675 -2.991003
 23.000000 0.895828 -2.400960
 24.000000 0.780681 -2.519836
 25.000000 0.892374 -2.716431
 26.000000 1.009775 -2.540544
 27.000000 1.717823 2.632754
 28.000000 1.429727 2.645024
 29.000000 0.946514 -3.036547
 30.000000 0.900400 -2.420159
 31.000000 1.149090 -2.984261
 32.000000 1.010770 -2.799468
 33.000000 0.855981 -2.525466
 34.000000 0.988889 -2.504768
 35.000000 1.221667 -3.093938
 36.000000 0.752452 -2.710739
 37.000000 0.884398 -2.668099
 38.000000 0.884417 -2.647489
 39.000000 0.819066 -2.404397
 40.000000 0.902877 -2.793970
 41.000000 1.070022 2.748555
 42.000000 0.971782 -2.875085
 43.000000 1.050952 -3.090590
 44.000000 0.798120 -3.077799
 45.000000 0.846010 -3.110103
 46.000000 0.813672 -2.577856
 47.000000 0.941238 -2.596288
 48.000000 0.871779 -2.661195
 49.000000 0.714802 -2.254582
 50.000000 1.352890 2.759921
 51.000000 0.807585 -2.963455
 52.000000 1.102199 -3.131205
 53.000000 0.866445 -2.867009
 54.000000 0.671631 -2.700707
 55.000000 0.751501 -2.931143
 56.000000 1.112296 -2.919379
 57.000000 0.947142 -2.263806
 58.000000 1.381830 2.331887
 59.000000 1.591154 2.410746
 60.000000 0.839726 2.951485
 61.000000 0.825000 -2.999644
 62.000000 0.861959 -2.456418
 63.000000 1.031111 2.833428
 64.000000 1.046789 3.100089
 65.000000 1.570632 2.528215
 66.000000 1.002548 2.962581
 67.000000 0.799343 -2.849108
 68.000000 0.990850 2.880355
 69.000000 0.986641 -2.943044
 70.000000 0.810043 -2.890512
 71.000000 1.177185 2.804794
 72.000000 0.981696 2.773750
 73.000000 1.449016 2.193205
 74.000000 1.706079 2.688342
 75.000000 0.896817 -2.718536
 76.000000 1.357804 2.608764
 77.000000 0.881452 -2.676275
 78.000000 1.175235 -3.119452
 79.000000 1.152883 1.842756
 80.000000 1.295067 1.993062
 81.000000 1.300558 2.261320
 82.000000 -0.246810 2.132350
 83.000000 -0.167262 2.100009
 84.000000 -1.014260 2.781558
 85.000000 -1.046953 3.000799
 86.000000 -1.212797 2.680468
 87.000000 -0.980906 2.813967
 88.000000 -0.921739 2.430838
 89.000000 -1.155034 1.770267
 90.000000 -1.434457 1.496812
 91.000000 -1.624860 2.135486
 92.000000 -1.808568 1.881358
 93.000000 -1.936390 2.391974
 94.000000 -1.143975 2.628792
 95.000000 -0.954366 2.217280
 96.000000 -0.939304 2.178877
 97.000000 -1.191399 2.497757
 98.000000 -1.279204 2.837137
 99.000000 -0.879859 2.293386
 100.000000 -1.506840 3.020389
 101.000000 -2.002616 2.740804
 102.000000 -2.280350 2.528080
 103.000000 -2.308947 2.190966
 104.000000 -2.740662 2.610694
 105.000000 -3.079319 1.902836
 106.000000 -1.462856 2.338722
 107.000000 -2.452205 2.805504
 108.000000 -2.409380 2.654573
 109.000000 -2.629991 3.014681
 110.000000 -1.597634 1.985622
 111.000000 -1.313746 2.818276
 112.000000 -0.923541 2.743010
 113.000000 -1.043678 2.419558
 114.000000 -0.814473 2.418649
 115.000000 -0.977826 2.388717
 116.000000 -1.201899 2.302012
 117.000000 -1.148357 2.617447
 118.000000 -0.605940 2.096889
 119.000000 -0.991068 2.644568
 120.000000 -0.951692 2.775815
 121.000000 -1.274600 2.441022
 122.000000 -0.623496 2.570275
 123.000000 -1.148138 2.595573
 124.000000 -1.289410 1.970652
 125.000000 -1.684746 1.787692
 126.000000 -1.469830 2.862605
 127.000000 -1.316320 2.586872
 128.000000 -1.253703 2.693230
 129.000000 -1.817046 2.522824
 130.000000 -1.425072 2.586754
 131.000000 -1.031308 2.485948
 132.000000 -1.043832 2.533727
 133.000000 -0.977478 2.463837
 134.000000 -1.271401 2.257114
 135.000000 -1.280613 2.496716
 136.000000 -1.626179 2.250404
 137.000000 -1.141104 2.237677
 138.000000 -1.600093 2.685827
 139.000000 -1.100258 2.436952
 140.000000 -1.040325 2.065727
 141.000000 -1.504844 2.131154
 142.000000 -2.299607 2.334841
 143.000000 -2.281278 2.807915
 144.000000 -1.160996 2.635915
 145.000000 -1.946925 2.312149
 146.000000 -0.949958 2.375638
 147.000000 -1.110569 2.358506
 148.000000 -1.523655 -3.099732
 149.000000 -1.253637 2.551193
 150.000000 -1.052352 2.589856
 151.000000 -1.491146 2.610756
 152.000000 -1.186459 2.693058
 153.000000 -1.376913 2.333586
 154.000000 -1.770257 2.098843
 155.000000 -1.053053 2.520890
 156.000000 -0.835591 2.492115
 157.000000 -0.995179 2.355126
 158.000000 -0.942519 2.331586
 159.000000 -1.386441 2.621910
 160.000000 -1.039451 2.676436
 161.000000 -1.310512 2.344201
 162.000000 -1.132559 2.516631
 163.000000 -1.016829 2.140596
 164.000000 -1.145931 2.812590
 165.000000 -1.198967 2.625578
 166.000000 -0.965189 2.404694
 167.000000 -1.417025 2.663345
 168.000000 -1.125411 2.442804
 169.000000 -1.100829 2.302725
 170.000000 -1.036759 2.719091
 171.000000 -0.218948 2.344910
 172.000000 -1.042161 2.268199
 173.000000 -0.931802 2.594242
 174.000000 -1.027901 2.333329
 175.000000 -0.554493 2.610500
 176.000000 -1.499314 3.097410
 177.000000 -1.493484 2.813563
 178.000000 -1.885687 2.283339
 179.000000 -0.516792 2.387606
 180.000000 -1.192851 2.583793
 181.000000 -1.037150 1.784872
 182.000000 -1.323192 2.718504
 183.000000 -1.942263 2.483051
 184.000000 -2.543183 2.724283
 185.000000 -2.449539 2.618188
 186.000000 -1.945177 2.557457
 187.000000 -2.506860 2.846882
 188.000000 -1.701789 2.313035
 189.000000 -1.417738 2.086754
 190.000000 -1.065459 2.519156
 191.000000 -1.140098 2.137622
 192.000000 -2.822068 2.949151
 193.000000 -2.739885 2.465715
 194.000000 -2.078115 2.593245
 195.000000 -2.083565 2.772191
 196.000000 -1.982141 1.888793
 197.000000 -1.980729 2.434270
 198.000000 -2.482486 2.488483
 199.000000 -1.955990 2.398493
 200.000000 -1.828830 2.660111
 201.000000 -0.916278 2.325363
 202.000000 -1.166589 2.421061
 203.000000 -0.622713 2.385363
 204.000000 -1.036579 2.404581
 205.000000 -1.081252 2.657912
 206.000000 -1.391470 2.576533
 207.000000 -1.031672 2.301785
 208.000000 -1.126867 2.241506
 209.000000 -1.036453 2.603457
 210.000000 -1.099762 2.862104
 211.000000 -0.518156 2.461100
 212.000000 -1.146828 2.619499
 213.000000 -1.193613 2.364928
 214.000000 -1.011286 2.552257
 215.000000 -0.729197 2.507812
 216.000000 -0.497437 2.642056
 217.000000 -1.082353 2.462567
 218.000000 -0.848806 2.205020
 219.000000 -2.130810 2.644535
 220.000000 -1.495764 2.648186
 221.000000 -1.055500 2.370565
 222.000000 -1.052192 2.606972
 223.000000 -1.087299 2.412509
 224.000000 -0.998227 2.481498
 225.000000 -1.230860 2.874074
 226.000000 -2.022957 2.633101
 227.000000 -1.446824 2.667263
 228.000000 -1.642459 2.031014
 229.000000 -1.340558 2.472180
 230.000000 -0.952484 2.304755
 231.000000 -0.840737 2.544072
 232.000000 -2.404194 2.347435
 233.000000 -1.663100 2.403839
 234.000000 -1.127050 2.403206
 235.000000 -1.677717 2.626641
 236.000000 -1.399724 2.484965
 237.000000 -1.543399 2.368939
 238.000000 -1.118414 2.508842
 239.000000 -1.196226 2.596598
 240.000000 -0.982440 2.565592
 241.000000 -0.880502 2.545081
 242.000000 -0.918368 2.568841
 243.000000 -2.129109 2.374213
 244.000000 -2.232768 -3.092844
 245.000000 -1.220608 -3.095659
 246.000000 -1.184258 2.561749
 247.000000 -1.326238 2.153372
 248.000000 -1.808500 2.355504
 249.000000 -1.026744 2.185687
 250.000000 -1.352209 2.733671
 251.000000 -0.833612 2.896048
 252.000000 -0.981228 2.826911
 253.000000 -1.346791 2.535741
 254.000000 -1.085005 2.552161
 255.000000 -0.999452 2.227567
 256.000000 -1.214934 2.714782
 257.000000 -1.124799 2.393288
 258.000000 -0.801207 2.378993
 259.000000 -1.078430 2.261742
 260.000000 -1.328212 2.688398
 261.000000 -1.145444 2.702809
 262.000000 -0.733194 2.848922
 263.000000 -1.729381 2.312961
 264.000000 -2.337891 1.993759
 265.000000 -2.802169 2.770075
 266.000000 -2.483629 2.361274
 267.000000 -1.354999 2.906903
 268.000000 -1.379488 2.466672
 269.000000 -0.934719 2.792706
 270.000000 -2.103789 1.812789
 271.000000 -1.130462 2.549296
 272.000000 -0.971532 2.387762
 273.000000 -1.511573 2.147285
 274.000000 -1.325681 2.905956
 275.000000 -1.191511 3.115824
 276.000000 -1.490816 2.809836
 277.000000 -1.208918 2.419005
 278.000000 -1.090529 2.142160
 279.000000 -0.832417 2.699702
 280.000000 -0.836509 2.736439
 281.000000 -1.136218 2.224168
 282.000000 -1.001670 2.649204
 283.000000 -0.985043 2.137886
 284.000000 -1.678943 2.202617
 285.000000 -2.132329 2.617646
 286.000000 -2.718385 2.410820
 287.000000 -2.671844 3.090991
 288.000000 -2.689208 2.727541
 289.000000 -2.519259 2.864977
 290.000000 -2.776504 2.632360
 291.000000 -2.621397 2.928011
 292.000000 -2.612899 2.975830
 293.000000 -2.797937 2.737414
 294.000000 -2.771838 2.931732
 295.000000 -2.438243 2.775581
 296.000000 -2.631261 2.872863
 297.000000 -2.341254 2.880454
 298.000000 -2.770656 2.860185
 299.000000 -2.818869 2.925899
 300.000000 -1.757970 2.682067
 301.000000 -2.025966 2.528498
 302.000000 -1.170576 2.494332
 303.000000 -1.497541 2.757281
 304.000000 -1.589255 2.858817
 305.000000 -1.110664 1.997496
 306.000000 -1.236283 2.572241
 307.000000 -1.053172 2.485939
 308.000000 -1.087898 2.234706
 309.000000 -1.375406 2.480606
 310.000000 -1.272597 2.526379
 311.000000 -1.172881 2.582701
 312.000000 -1.142540 2.629861
 313.000000 -1.601435 1.744270
 314.000000 -1.139259 2.507799
 315.000000 -1.502393 1.880155
 316.000000 -1.043011 1.779974
 317.000000 -1.414703 2.467566
 318.000000 -1.226431 2.527404
 319.000000 -1.000477 2.232867
 320.000000 -1.043648 2.344159
 321.000000 -0.947348 2.670043
 322.000000 -0.935786 2.516065
 323.000000 -1.037614 2.698408
 324.000000 -1.239885 2.564486
 325.000000 -1.576452 2.901319
 326.000000 -1.265354 2.855250
 327.000000 -0.951313 2.587786
 328.000000 -1.223937 2.324282
 329.000000 -1.043343 2.388872
 330.000000 -1.109507 2.408696
 331.000000 -1.143397 2.524112
 332.000000 -1.228241 2.408109
 333.000000 -1.120678 2.857116
 334.000000 -1.189177 2.100385
 335.000000 -1.596195 2.457288
 336.000000 -1.568387 2.318071
 337.000000 -1.685726 2.083884
 338.000000 2.893157 2.494841
 339.000000 -2.868349 2.899628
 340.000000 -2.254103 2.275714
 341.000000 -2.725560 3.056355
 342.000000 -1.022079 2.999614
 343.000000 -1.158683 2.685537
 344.000000 -1.548642 2.297524
 345.000000 -1.589879 2.440317
 346.000000 -1.414598 2.532160
 347.000000 -1.161872 2.615633
 348.000000 -1.456578 2.416882
 349.000000 -1.120399 2.530574
 350.000000 -0.580244 2.371230
 351.000000 -1.066393 2.607822
 352.000000 -1.146347 2.022549
 353.000000 -0.986169 2.561562
 354.000000 -0.898339 2.049681
 355.000000 -1.091892 2.604438
 356.000000 -0.928674 2.592380
 357.000000 -1.156035 2.689682
 358.000000 -0.690508 2.741437
 359.000000 -0.670045 2.331706
 360.000000 -0.928711 2.739596
 361.000000 -1.558508 2.830446
 362.000000 -1.131600 2.513000
 363.000000 -1.225032 2.349671
 364.000000 -1.686424 2.620358
 365.000000 -2.522105 2.659645
 366.000000 -1.165424 2.577408
 367.000000 -1.587027 2.130206
 368.000000 -0.992568 2.461622
 369.000000 -1.244291 2.582265
 370.000000 -1.450920 2.421186
 371.000000 -1.415733 2.549205
 372.000000 -2.100983 2.600532
 373.000000 -1.297659 2.656974
 374.000000 -1.025598 2.508563
 375.000000 -1.118665 2.198830
 376.000000 -1.641526 2.860434
 377.000000 -1.354965 1.917097
 378.000000 -0.975635 2.531027
 379.000000 -1.428335 2.850766
 380.000000 -2.153150 2.687095
 381.000000 -2.674031 2.716114
 382.000000 -2.676691 2.459050
 383.000000 -1.395440 2.658231
 384.000000 -0.941685 2.306657
 385.000000 -0.581528 2.564087
 386.000000 -1.855253 1.975338
 387.000000 -1.123833 1.751890
 388.000000 -1.968497 2.723055
 389.000000 -2.320577 2.591864
 390.000000 -1.052902 2.709274
 391.000000 -1.545737 -3.137945
 392.000000 -0.974884 2.459466
 393.000000 -1.440503 2.630111
 394.000000 -1.362833 2.605252
 395.000000 -0.923946 2.363533
 396.000000 -2.760986 2.675344
 397.000000 3.021587 2.587009
 398.000000 -2.109588 2.506478
 399.000000 -1.151655 2.446822
 400.000000 -1.105260 2.513445
