#! FIELDS time phi psi
#! SET min_phi -pi
#! SET max_phi pi
#! SET min_psi -pi
#! SET max_psi pi
 0.000000 -2.582646 2.650251
 1.000000 -2.440260 2.800295
 2.000000 -1.456831 2.180317
 3.000000 -1.354161 2.054329
 4.000000 -1.496813 2.768179
 5.000000 -1.065159 2.476852
 6.000000 -1.105367 2.601287
 7.000000 -0.775676 2.509196
 8.000000 -0.826031 2.582801
 9.000000 -0.831769 2.512385
 10.000000 -1.256737 2.174039
 11.000000 -1.001890 2.900952
 12.000000 -2.391675 3.024258
 13.000000 -3.011714 2.688087
 14.000000 -1.497274 2.516678
 15.000000 -1.692332 2.826918
 16.000000 -2.552825 2.731192
 17.000000 -1.512033 1.789540
 18.000000 -0.667241 2.008601
 19.000000 -1.001352 2.727991
 20.000000 -1.759063 2.718136
 21.000000 -1.206443 2.556678
 22.000000 -1.175993 2.734175
 23.000000 -1.065682 2.321032
 24.000000 -0.974076 2.806401
 25.000000 -0.797464 2.648702
 26.000000 -1.385507 2.388833
 27.000000 -1.396872 2.571505
 28.000000 -1.735434 3.012272
 29.000000 -2.355659 2.715376
 30.000000 -2.352334 2.753743
 31.000000 -2.019069 2.413598
 32.000000 -2.456175 2.964504
 33.000000 -2.565041 3.004526
 34.000000 -2.449850 3.017414
 35.000000 -1.071399 -2.406712
 36.000000 -1.266322 -2.624499
 37.000000 -1.443809 2.240753
 38.000000 -1.009983 2.586779
 39.000000 -1.163168 2.604234
 40.000000 -1.095389 2.518651
 41.000000 -0.739824 2.096902
 42.000000 -0.902441 2.515566
 43.000000 -0.953345 2.282897
 44.000000 -1.023766 2.378535
 45.000000 -1.205724 2.626338
 46.000000 -1.504623 2.335509
 47.000000 -1.181991 2.600276
 48.000000 -1.727644 2.591081
 49.000000 -0.995988 2.451884
 50.000000 -1.356464 2.600546
 51.000000 -1.113997 2.420167
 52.000000 -0.964117 2.496783
 53.000000 -0.815208 2.289914
 54.000000 -1.439554 2.676992
 55.000000 -1.201097 2.782632
 56.000000 -1.544960 2.754736
 57.000000 -0.775979 2.761463
 58.000000 -1.056408 2.645898
 59.000000 -1.202065 2.519896
 60.000000 -1.587975 2.108323
 61.000000 -1.129529 2.587965
 62.000000 -1.014684 2.155663
 63.000000 -1.181782 2.210656
 64.000000 -0.834376 2.344225
 65.000000 -1.955577 2.384613
 66.000000 -2.334289 2.841732
 67.000000 -2.096415 2.523634
 68.000000 -0.994757 2.455003
 69.000000 -1.020194 2.637546
 70.000000 -0.850834 2.303652
 71.000000 -1.690628 2.786979
 72.000000 -1.039827 2.387679
 73.000000 -1.058171 2.708911
 74.000000 -1.139064 2.471217
 75.000000 -1.159447 2.694661
 76.000000 -1.417298 3.022727
 77.000000 -0.810624 2.428744
 78.000000 -0.951770 2.644260
 79.000000 -1.066248 2.233622
 80.000000 -1.594097 2.481891
 81.000000 -0.955615 2.533733
 82.000000 -1.492174 2.259006
 83.000000 -0.985308 2.361720
 84.000000 -0.880663 1.958180
 85.000000 -1.005166 2.209443
 86.000000 -0.979877 2.319000
 87.000000 -0.917703 1.989157
 88.000000 -0.975983 2.493326
 89.000000 -1.343924 2.116848
 90.000000 -0.826681 2.305808
 91.000000 -0.964264 2.583602
 92.000000 -1.059692 2.430078
 93.000000 -1.332697 1.840020
 94.000000 -1.457551 2.687474
 95.000000 -1.095608 2.637265
 96.000000 -1.014807 2.527604
 97.000000 -1.060581 2.112910
 98.000000 -1.495720 2.314461
 99.000000 -0.912327 2.620710
 100.000000 -1.108576 2.645944
 101.000000 -1.521777 2.520159
 102.000000 -1.586225 2.821944
 103.000000 -0.993571 2.455653
 104.000000 -0.954207 1.959959
 105.000000 -1.074107 2.293077
 106.000000 -1.802677 2.984278
 107.000000 -0.720361 2.280287
 108.000000 -0.992832 2.352287
 109.000000 -1.362225 2.702405
 110.000000 -0.883150 2.357570
 111.000000 -1.065871 2.470471
 112.000000 -1.249387 2.053827
 113.000000 -1.119806 2.581082
 114.000000 -2.398985 2.565403
 115.000000 -2.549358 2.222063
 116.000000 -2.636598 2.837334
 117.000000 -2.814416 2.933331
 118.000000 -2.076619 -3.135774
 119.000000 -2.227530 2.814642
 120.000000 -2.640052 2.544807
 121.000000 -2.564431 2.885213
 122.000000 -2.329864 2.863286
 123.000000 -1.902580 2.247849
 124.000000 -1.507527 2.260136
 125.000000 -1.534228 2.219733
 126.000000 -1.067629 2.122264
 127.000000 -0.872711 2.016167
 128.000000 -1.134222 2.359868
 129.000000 -1.005462 2.425822
 130.000000 -1.006936 2.594651
 131.000000 -0.837370 2.772316
 132.000000 -1.359870 2.721579
 133.000000 -0.796023 2.210732
 134.000000 -0.834312 2.590235
 135.000000 -1.519132 2.692705
 136.000000 -1.140851 2.361928
 137.000000 -0.888097 2.085514
 138.000000 -1.136536 2.451094
 139.000000 -1.295432 2.539646
 140.000000 -1.540959 2.741602
 141.000000 -1.894185 2.427927
 142.000000 -2.515331 -3.056185
 143.000000 -2.360674 2.704186
 144.000000 -2.382659 2.910105
 145.000000 -1.487166 3.013988
 146.000000 -1.560837 2.677392
 147.000000 -2.575934 3.002529
 148.000000 -2.168674 2.514436
 149.000000 -2.409334 2.647599
 150.000000 -2.733979 2.909692
 151.000000 -2.449561 2.322377
 152.000000 -2.513817 2.905298
 153.000000 -1.934593 2.261189
 154.000000 -1.332514 2.451984
 155.000000 -2.635135 2.346550
 156.000000 -2.605763 2.841834
 157.000000 -1.555785 2.488219
 158.000000 -1.776152 2.347097
 159.000000 -1.515458 2.609653
 160.000000 -2.363175 2.800664
 161.000000 -1.321840 2.869972
 162.000000 -0.987695 2.722225
 163.000000 -1.171601 2.466744
 164.000000 -1.498204 2.435386
 165.000000 -1.000017 2.524706
 166.000000 -2.089305 -3.037153
 167.000000 -2.228715 2.762277
 168.000000 -2.153540 3.008942
 169.000000 -2.794237 2.736030
 170.000000 -2.519500 2.962827
 171.000000 -2.070199 2.828544
 172.000000 -2.651565 2.704544
 173.000000 -1.440616 2.429046
 174.000000 -1.782382 1.747669
 175.000000 -1.825584 2.525361
 176.000000 -2.523722 2.253554
 177.000000 -2.139840 2.296062
 178.000000 -2.056755 2.392648
 179.000000 -1.157080 1.862722
 180.000000 -1.164846 2.477336
 181.000000 -1.092527 2.525836
 182.000000 -1.230102 2.583785
 183.000000 -1.033932 2.517633
 184.000000 -1.038331 2.392129
 185.000000 -1.897588 2.332000
 186.000000 -2.440224 -2.979144
 187.000000 -2.347288 2.669026
 188.000000 -1.355650 3.032890
 189.000000 -1.255122 2.661644
 190.000000 -1.095768 1.850636
 191.000000 -1.011343 2.544579
 192.000000 -1.036302 2.433885
 193.000000 -1.018920 2.510298
 194.000000 -0.717019 2.277220
 195.000000 -1.039751 2.638579
 196.000000 -0.961128 2.628209
 197.000000 -1.111706 2.490568
 198.000000 -1.237715 2.672599
 199.000000 -1.984154 2.456723
 200.000000 -1.055072 2.585821
 201.000000 -1.380348 2.555036
 202.000000 -1.282451 2.714216
 203.000000 -1.445717 2.570085
 204.000000 -0.917552 2.852791
 205.000000 -1.168661 2.560330
 206.000000 -1.389673 2.559822
 207.000000 -1.172802 2.723290
 208.000000 -1.467176 2.788156
 209.000000 -0.793603 2.220742
 210.000000 -1.682419 2.425443
 211.000000 -1.418043 2.744163
 212.000000 -0.979102 1.979954
 213.000000 -1.194982 2.210954
 214.000000 -1.342724 2.571859
 215.000000 -1.091108 2.418686
 216.000000 -1.060161 2.450937
 217.000000 -0.960800 2.254742
 218.000000 -0.843272 2.193438
 219.000000 -1.137373 3.086563
 220.000000 -1.225874 2.676185
 221.000000 -0.754618 2.462746
 222.000000 -0.745437 1.791586
 223.000000 -1.181123 2.462567
 224.000000 -1.162877 3.046736
 225.000000 -0.779649 2.384414
 226.000000 -1.153155 2.545176
 227.000000 -1.019148 2.799063
 228.000000 -0.583957 2.496677
 229.000000 -1.165455 2.597047
 230.000000 -1.313897 2.820258
 231.000000 -1.517939 2.782720
 232.000000 -0.893243 2.494631
 233.000000 -1.175712 2.675768
 234.000000 -1.082468 2.334389
 235.000000 -1.328669 2.926146
 236.000000 -1.051711 2.653280
 237.000000 -1.137948 2.328652
 238.000000 -1.003143 2.012988
 239.000000 -1.348611 2.948403
 240.000000 -1.440093 2.732422
 241.000000 -1.169338 2.025997
 242.000000 -1.377377 2.045890
 243.000000 -1.426408 1.934551
 244.000000 -1.069156 2.619408
 245.000000 -1.301293 2.282066
 246.000000 -1.506488 2.462731
 247.000000 -1.646568 2.334925
 248.000000 -2.402825 2.635785
 249.000000 -2.335058 2.486190
 250.000000 -2.123844 2.418504
 251.000000 -2.385418 2.112044
 252.000000 -1.062657 2.062400
 253.000000 -1.254971 2.801300
 254.000000 -1.197087 2.468980
 255.000000 -1.011056 2.510789
 256.000000 -1.160432 2.678963
 257.000000 -1.055257 2.533026
 258.000000 -1.605210 2.457985
 259.000000 -0.950758 2.391197
 260.000000 -1.108910 2.050678
 261.000000 -2.458154 1.953599
 262.000000 -1.555855 2.818521
 263.000000 -0.843565 2.590122
 264.000000 -1.332224 2.484569
 265.000000 -1.654273 2.451481
 266.000000 -1.113545 2.123916
 267.000000 -1.434469 2.843043
 268.000000 -1.150315 2.511112
 269.000000 -1.221368 2.477182
 270.000000 -1.386617 2.098502
 271.000000 -0.817182 2.447207
 272.000000 -0.911222 2.280277
 273.000000 -0.961245 2.261834
 274.000000 -1.169893 2.328706
 275.000000 -0.964277 2.700010
 276.000000 -1.477179 2.622163
 277.000000 -1.882811 2.512543
 278.000000 -1.770471 1.815019
 279.000000 -2.007578 2.232211
 280.000000 -2.643503 2.469029
 281.000000 -2.332005 2.004868
 282.000000 -2.512381 2.680387
 283.000000 -2.756588 2.511006
 284.000000 -2.491362 2.387139
 285.000000 -2.314632 2.912152
 286.000000 -2.435465 2.850473
 287.000000 -2.743998 2.957291
 288.000000 -2.176749 2.343927
 289.000000 -2.365132 2.726058
 290.000000 -1.038157 2.476536
 291.000000 -2.574182 2.719598
 292.000000 -1.824453 2.155080
 293.000000 -2.257545 2.365359
 294.000000 -2.688769 2.721724
 295.000000 -1.880582 2.057382
 296.000000 -1.032685 2.046719
 297.000000 -0.967162 2.270381
 298.000000 -1.369055 2.469989
 299.000000 -1.190089 2.657217
 300.000000 -1.054718 2.403943
 301.000000 -1.467948 2.835862
 302.000000 -0.972635 2.512934
 303.000000 -1.872433 2.420432
 304.000000 -1.535073 2.748529
 305.000000 -1.106182 2.522470
 306.000000 -1.207771 2.508441
 307.000000 -1.116496 2.584840
 308.000000 -0.988987 2.685784
 309.000000 -1.137758 2.168337
 310.000000 -0.978512 2.202078
 311.000000 -1.317370 2.602725
 312.000000 -1.103532 2.642696
 313.000000 -1.075482 2.534910
 314.000000 -1.856509 2.648030
 315.000000 -1.213365 2.438860
 316.000000 -1.058253 2.717099
 317.000000 -0.901897 2.279551
 318.000000 -1.074608 2.361024
 319.000000 -1.304262 2.670481
 320.000000 -1.134090 2.376786
 321.000000 -0.960280 2.532978
 322.000000 -1.036391 2.607108
 323.000000 -1.319976 2.544225
 324.000000 -0.642937 2.625382
 325.000000 -0.955909 2.447934
 326.000000 -1.165649 2.130233
 327.000000 -2.021533 2.255751
 328.000000 -1.592871 2.448571
 329.000000 -1.809863 2.630685
 330.000000 -2.036833 -2.854224
 331.000000 -1.277549 2.348171
 332.000000 -1.795275 2.607239
 333.000000 -2.081440 1.942918
 334.000000 -2.013538 2.419337
 335.000000 -1.155782 2.343398
 336.000000 -1.917815 2.003131
 337.000000 -1.156937 2.497540
 338.000000 -0.972703 2.426735
 339.000000 -1.052393 2.619487
 340.000000 -0.863985 2.285183
 341.000000 -0.708014 2.612172
 342.000000 -0.852147 2.499173
 343.000000 -1.065839 2.550390
 344.000000 -0.751242 2.199432
 345.000000 -2.035612 2.531253
 346.000000 -1.196833 2.637579
 347.000000 -1.082295 2.441593
 348.000000 -1.081944 2.261603
 349.000000 -0.946258 2.271656
 350.000000 -1.620924 2.527553
 351.000000 -1.094729 2.677088
 352.000000 -1.696191 1.986045
 353.000000 -1.387044 2.459801
 354.000000 -1.689856 2.258331
 355.000000 -1.176993 2.486687
 356.000000 -1.158580 2.612190
 357.000000 -1.406888 2.604590
 358.000000 -1.390587 2.483136
 359.000000 -2.627418 3.004114
 360.000000 -2.757691 2.663769
 361.000000 -2.429709 2.729357
 362.000000 -2.347588 2.134072
 363.000000 -2.428786 2.329763
 364.000000 -2.974008 2.721319
 365.000000 -2.405504 2.988455
 366.000000 -2.697310 3.096127
 367.000000 -2.416071 2.870609
 368.000000 -2.521739 2.774289
 369.000000 -2.700715 2.816345
 370.000000 -1.549603 1.943358
 371.000000 -1.024725 2.757566
 372.000000 -0.729291 2.443304
 373.000000 -1.005405 2.444672
 374.000000 -0.964908 2.746217
 375.000000 -1.014161 2.501805
 376.000000 -1.201517 2.513096
 377.000000 -0.851496 2.090623
 378.000000 -1.354573 2.706068
 379.000000 -1.031314 2.560325
 380.000000 -1.129215 2.251803
 381.000000 -1.154020 2.243045
 382.000000 -0.971573 2.400627
 383.000000 -1.370006 2.334650
 384.000000 -0.995576 2.372081
 385.000000 -1.984722 2.564414
 386.000000 -1.783275 2.170588
 387.000000 -1.236211 2.233202
 388.000000 -1.364393 1.304308
 389.000000 -1.640988 2.079208
 390.000000 -1.161007 2.652000
 391.000000 -1.457388 2.441225
 392.000000 -0.990741 2.468866
 393.000000 -1.468510 2.353672
 394.000000 -0.942804 2.801044
 395.000000 -1.134485 2.660742
 396.000000 -0.881725 2.532438
 397.000000 -1.835021 1.962067
 398.000000 -2.120368 2.228670
 399.000000 -1.473932 2.702773
 400.000000 -1.268095 2.751943
