#! FIELDS time phi psi
#! SET min_phi -pi
#! SET max_phi pi
#! SET min_psi -pi
#! SET max_psi pi
 0.000000 0.886419 -2.198815
 1.000000 1.145052 -2.688230
 2.000000 0.864472 -2.637987
 3.000000 0.871918 -2.631850
 4.000000 0.963308 -2.861679
 5.000000 0.836389 -2.610918
 6.000000 0.866107 -2.346120
 7.000000 0.977374 -2.804056
 8.000000 1.616950 2.270197
 9.000000 1.646105 2.405303
 10.000000 1.526449 2.382328
 11.000000 1.172485 2.278199
 12.000000 1.480833 2.364973
 13.000000 0.919130 2.926393
 14.000000 1.107796 1.772429
 15.000000 1.185678 1.806702
 16.000000 1.126031 3.069918
 17.000000 1.131149 -3.042836
 18.000000 1.072922 3.122300
 19.000000 0.921736 -2.510108
 20.000000 0.959267 -2.723139
 21.000000 0.901737 -2.499618
 22.000000 0.914031 -2.897665
 23.000000 1.358580 1.464078
 24.000000 1.564720 0.671003
 25.000000 1.469978 0.502463
 26.000000 1.463246 0.676769
 27.000000 1.305641 0.503247
 28.000000 1.558425 0.516095
 29.000000 1.343160 0.194470
 30.000000 1.048269 0.569385
 31.000000 0.672285 1.263748
 32.000000 0.498309 1.386221
 33.000000 1.007623 0.674434
 34.000000 0.975721 0.611021
 35.000000 1.214723 0.650155
 36.000000 1.473292 0.280367
 37.000000 1.272234 0.262262
 38.000000 1.655238 0.426773
 39.000000 1.449880 0.500596
 40.000000 1.460532 0.568066
 41.000000 1.292027 1.006969
 42.000000 1.109875 2.895957
 43.000000 0.858794 -3.018332
 44.000000 1.018939 -2.965961
 45.000000 0.799985 -2.001345
 46.000000 1.204939 -2.979286
 47.000000 0.747977 -2.700236
 48.000000 0.930996 -2.395597
 49.000000 0.827235 -3.134485
 50.000000 0.844912 -2.799521
 51.000000 0.981116 3.068637
 52.000000 0.674740 -2.351496
 53.000000 1.129954 2.908410
 54.000000 0.836315 -3.054698
 55.000000 0.853474 -2.877465
 56.000000 1.082449 2.646556
 57.000000 1.027725 -2.866971
 58.000000 1.223098 -2.922892
 59.000000 0.943956 -2.729880
 60.000000 0.807782 -2.745753
 61.000000 0.987402 -2.792080
 62.000000 0.717477 -2.578979
 63.000000 0.636050 -2.645522
 64.000000 1.170081 -2.749150
 65.000000 0.873173 -2.563711
 66.000000 0.858642 -2.609578
 67.000000 0.806170 -3.002361
 68.000000 0.912406 -2.977885
 69.000000 0.694691 -2.257752
 70.000000 0.831708 -2.804128
 71.000000 0.993814 -2.886234
 72.000000 1.008271 -2.509440
 73.000000 0.969649 -3.128667
 74.000000 0.817190 -3.109410
 75.000000 1.321449 2.721359
 76.000000 1.209434 1.940401
 77.000000 1.174010 0.590748
 78.000000 0.947504 0.832300
 79.000000 1.134915 0.539507
 80.000000 0.709354 1.085379
 81.000000 1.287647 -0.376836
 82.000000 1.513319 0.097372
 83.000000 1.350184 0.310124
 84.000000 0.706670 1.249732
 85.000000 0.945637 0.437412
 86.000000 1.006314 0.900523
 87.000000 0.928585 1.146113
 88.000000 1.238814 0.444260
 89.000000 0.736040 0.646734
 90.000000 1.033748 0.174470
 91.000000 1.094479 0.524977
 92.000000 1.588623 0.495548
 93.000000 1.369510 0.575706
 94.000000 1.353659 0.370905
 95.000000 1.616667 0.521867
 96.000000 1.331161 0.252466
 97.000000 1.570985 0.340700
 98.000000 1.503867 0.065894
 99.000000 1.072079 0.443097
 100.000000 1.701623 0.455528
 101.000000 1.274668 0.331989
 102.000000 1.554350 0.405797
 103.000000 1.495626 0.403940
 104.000000 1.538893 0.653846
 105.000000 0.868961 1.217873
 106.000000 1.407929 1.167094
 107.000000 1.094234 0.299558
 108.000000 1.367439 0.648209
 109.000000 1.621115 0.610383
 110.000000 1.558770 0.671652
 111.000000 1.090372 0.650942
 112.000000 0.777965 0.762696
 113.000000 1.425559 0.406386
 114.000000 0.958021 0.578568
 115.000000 1.256555 0.501617
 116.000000 1.239503 0.895778
 117.000000 1.493011 0.485963
 118.000000 0.927441 0.603841
 119.000000 0.913225 0.661864
 120.000000 1.118161 0.488329
 121.000000 1.315467 0.258370
 122.000000 1.134157 0.545300
 123.000000 1.683780 0.129590
 124.000000 1.461629 0.150897
 125.000000 1.375744 0.918185
 126.000000 1.343916 0.428151
 127.000000 1.234901 0.480882
 128.000000 1.177693 0.291581
 129.000000 0.889517 1.043261
 130.000000 1.210246 0.308506
 131.000000 1.304143 0.172062
 132.000000 1.350907 0.423711
 133.000000 1.831429 0.030683
 134.000000 1.528746 0.467273
 135.000000 0.595205 1.381577
 136.000000 1.575903 0.501635
 137.000000 1.431926 0.685611
 138.000000 0.691375 0.826688
 139.000000 0.842780 0.599909
 140.000000 1.470018 0.416490
 141.000000 1.222483 0.309233
 142.000000 0.681374 1.193559
 143.000000 0.486278 1.215412
 144.000000 0.004749 2.253230
 145.000000 -1.583957 2.770888
 146.000000 -1.514748 1.903486
 147.000000 -1.107198 2.323775
 148.000000 -1.681254 2.650310
 149.000000 -2.588373 2.748938
 150.000000 -1.060570 2.412976
 151.000000 -1.232830 2.419093
 152.000000 -1.134101 2.386819
 153.000000 -1.083705 2.069707
 154.000000 -1.366217 2.622676
 155.000000 -1.026020 2.388489
 156.000000 -1.187237 2.596700
 157.000000 -1.258911 3.005853
 158.000000 -1.011879 2.474985
 159.000000 -1.559156 2.995969
 160.000000 -2.662517 2.793208
 161.000000 -1.269096 2.805160
 162.000000 -1.029334 2.583643
 163.000000 -1.004870 2.721854
 164.000000 -1.048496 2.326951
 165.000000 -1.121595 2.455137
 166.000000 -0.778859 2.334786
 167.000000 -0.852437 2.315766
 168.000000 -1.208841 2.767184
 169.000000 -0.678425 2.017186
 170.000000 -1.027012 2.479864
 171.000000 -1.471015 1.917859
 172.000000 -1.141102 2.621625
 173.000000 -0.452299 2.159327
 174.000000 -1.315524 2.712838
 175.000000 -1.657479 2.205083
 176.000000 -1.280988 2.562459
 177.000000 -1.021327 2.770544
 178.000000 -2.377595 2.565153
 179.000000 -1.839360 2.312807
 180.000000 -1.740365 2.466545
 181.000000 -1.675536 2.657845
 182.000000 -1.112102 2.134828
 183.000000 -1.086865 2.464647
 184.000000 -1.748361 2.773789
 185.000000 -1.590702 2.398892
 186.000000 -1.406285 2.357538
 187.000000 -0.962613 2.496435
 188.000000 -1.333678 2.606685
 189.000000 -1.400882 2.669544
 190.000000 -1.181600 2.687754
 191.000000 -1.646092 2.486123
 192.000000 -1.254644 2.255233
 193.000000 -1.693989 1.870684
 194.000000 -1.530866 2.848139
 195.000000 -2.283041 2.971018
 196.000000 -2.511742 3.033813
 197.000000 -1.997855 2.637539
 198.000000 -0.925904 2.352202
 199.000000 -1.382838 2.121266
 200.000000 -1.355210 2.129453
 201.000000 -1.483759 2.452324
 202.000000 -1.595971 2.194194
 203.000000 -1.219553 2.192724
 204.000000 -0.679380 2.253634
 205.000000 -0.949968 2.704676
 206.000000 -1.243185 2.688437
 207.000000 -1.149837 2.418042
 208.000000 -1.179291 2.582223
 209.000000 -1.477920 2.998980
 210.000000 -1.407593 3.072885
 211.000000 -2.374288 2.347487
 212.000000 -2.459218 2.828173
 213.000000 -1.834266 2.593703
 214.000000 -2.567209 2.853263
 215.000000 -2.404004 2.586522
 216.000000 -0.963184 2.512922
 217.000000 -0.966877 2.472941
 218.000000 -1.067035 2.673171
 219.000000 -1.099753 2.694116
 220.000000 -1.375506 2.595125
 221.000000 -0.745796 2.429889
 222.000000 -1.168913 2.451855
 223.000000 -1.581806 2.837776
 224.000000 -1.184061 2.581628
 225.000000 -0.848495 2.388467
 226.000000 -0.941310 2.391222
 227.000000 -1.079735 2.392180
 228.000000 -1.154249 2.418423
 229.000000 -1.316536 2.851266
 230.000000 -1.522142 2.882943
 231.000000 -1.315970 2.191263
 232.000000 -1.347177 2.567770
 233.000000 -1.411522 2.349426
 234.000000 -1.174656 2.424821
 235.000000 -1.209784 2.581355
 236.000000 -1.178562 2.294581
 237.000000 -1.267879 2.133317
 238.000000 -1.085434 2.260724
 239.000000 -1.076616 2.583484
 240.000000 -1.098496 2.285696
 241.000000 -1.477548 2.948527
 242.000000 -0.964266 -3.098749
 243.000000 -1.605384 2.293805
 244.000000 -1.778593 2.703178
 245.000000 -1.030280 2.483363
 246.000000 -1.134378 2.246060
 247.000000 -1.256761 2.434185
 248.000000 -2.173247 2.698603
 249.000000 -2.361111 3.010063
 250.000000 -2.626567 2.685929
 251.000000 -1.638565 2.362271
 252.000000 -1.314658 2.250086
 253.000000 -1.707751 2.472246
 254.000000 -2.927187 2.722849
 255.000000 -2.798199 2.686457
 256.000000 -2.460563 2.772441
 257.000000 -2.733754 2.982182
 258.000000 -2.479688 2.757626
 259.000000 -1.248847 2.525334
 260.000000 -1.429078 2.570895
 261.000000 -1.089024 2.781086
 262.000000 -1.084437 2.328269
 263.000000 -1.743482 2.367956
 264.000000 -1.242663 2.384910
 265.000000 -1.303209 2.928061
 266.000000 -1.475420 3.032585
 267.000000 -1.304031 2.602674
 268.000000 -1.106144 2.791313
 269.000000 -0.913722 2.493171
 270.000000 -1.180373 2.623292
 271.000000 -1.887360 2.415988
 272.000000 -1.726162 1.894243
 273.000000 -2.283425 2.267300
 274.000000 -1.073866 2.673782
 275.000000 -1.875326 2.394175
 276.000000 -1.227164 2.947869
 277.000000 -0.909430 2.691242
 278.000000 -1.732230 2.719588
 279.000000 -2.742544 2.901941
 280.000000 -2.485248 3.106916
 281.000000 -2.366874 2.756329
 282.000000 -2.133254 2.565170
 283.000000 -2.399776 2.701007
 284.000000 -2.853832 3.009871
 285.000000 -1.927538 1.878545
 286.000000 -2.176117 0.380348
 287.000000 -1.731506 0.083953
 288.000000 -2.349098 0.821037
 289.000000 -2.633822 1.540492
 290.000000 -2.717218 2.590395
 291.000000 -2.917835 3.015724
 292.000000 -1.838403 2.664306
 293.000000 -2.415842 2.254072
 294.000000 -0.941049 2.401949
 295.000000 -0.998721 2.535733
 296.000000 -1.265714 1.982941
 297.000000 -0.869438 2.495806
 298.000000 -0.957279 2.305006
 299.000000 -1.367859 1.998117
 300.000000 -1.097391 2.390723
 301.000000 -0.999210 2.301320
 302.000000 -1.172633 2.633938
 303.000000 -0.578030 2.192675
 304.000000 -1.230856 2.857314
 305.000000 -1.266356 2.425085
 306.000000 -1.102819 2.550994
 307.000000 -1.880628 2.721431
 308.000000 -1.458778 2.356160
 309.000000 -0.942607 2.359083
 310.000000 -1.133009 2.389965
 311.000000 -0.967662 2.341648
 312.000000 -1.094945 2.472527
 313.000000 -2.212328 -1.316885
 314.000000 -1.979427 -0.379675
 315.000000 -1.713677 -0.432722
 316.000000 -0.765127 -1.171784
 317.000000 -1.049856 -0.903800
 318.000000 -1.151723 -0.701767
 319.000000 -0.971434 -0.504144
 320.000000 -1.374122 0.775820
 321.000000 -1.362380 -0.410940
 322.000000 -1.447830 -0.116629
 323.000000 -1.819396 0.140135
 324.000000 -1.743959 -0.020179
 325.000000 -0.960689 -0.709074
 326.000000 -0.958942 -0.774320
 327.000000 -1.558519 -0.572670
 328.000000 -1.699911 -0.178924
 329.000000 -1.902315 -0.078790
 330.000000 -1.882450 0.142421
 331.000000 -1.421572 -0.186521
 332.000000 -1.802070 0.499562
 333.000000 -2.169450 0.009826
 334.000000 -1.740203 0.127669
 335.000000 -2.532371 0.186262
 336.000000 -2.363007 0.177939
 337.000000 -2.478390 -0.065351
 338.000000 -2.088333 0.118964
 339.000000 -2.134097 0.112608
 340.000000 -1.919689 0.165604
 341.000000 -1.995700 0.455959
 342.000000 -1.409824 -0.796700
 343.000000 -1.115307 -0.675655
 344.000000 -1.019579 -0.619029
 345.000000 -1.161580 -0.747317
 346.000000 -1.098423 -0.003935
 347.000000 -2.082089 0.122515
 348.000000 -1.613755 0.282479
 349.000000 -1.733945 0.770411
 350.000000 -1.337062 -0.674034
 351.000000 -0.985941 -0.730888
 352.000000 -0.982979 -0.828972
 353.000000 -1.898361 -0.183116
 354.000000 -1.537269 -0.339784
 355.000000 -1.569470 0.121838
 356.000000 -1.739783 -0.030550
 357.000000 -1.759656 0.052653
 358.000000 -1.969374 -0.066160
 359.000000 -1.385016 -0.565035
 360.000000 -2.397379 -0.207617
 361.000000 -2.773594 -0.039308
 362.000000 -2.713647 0.547504
 363.000000 -1.706121 0.152690
 364.000000 -1.720380 0.236025
 365.000000 -1.224849 -0.689908
 366.000000 -2.065398 0.169398
 367.000000 -1.796186 0.142490
 368.000000 -1.843620 0.276990
 369.000000 -1.442244 -0.183311
 370.000000 -2.048640 -0.258347
 371.000000 -1.390575 -0.414692
 372.000000 -1.068285 -0.714295
 373.000000 -1.567922 0.045036
 374.000000 -2.711066 -0.063693
 375.000000 3.072076 0.723749
 376.000000 -2.644693 0.084858
 377.000000 -2.468714 -0.187398
 378.000000 -1.866870 0.299770
 379.000000 -1.700036 -0.083789
 380.000000 -2.105106 0.357438
 381.000000 -1.953763 0.274214
 382.000000 -1.994669 0.040358
 383.000000 -1.148605 -0.523234
 384.000000 -1.162457 -0.601602
 385.000000 -1.849165 -0.162042
 386.000000 -1.846860 0.391341
 387.000000 -1.731729 -0.076928
 388.000000 -1.958637 -0.265194
 389.000000 -1.086722 -0.314028
 390.000000 -1.874285 -0.107287
 391.000000 -1.723845 -0.160975
 392.000000 -1.044503 -0.788218
 393.000000 -1.406618 -0.169232
 394.000000 -1.069840 -0.772002
 395.000000 -1.149392 -0.707735
 396.000000 -1.630967 -0.495619
 397.000000 -1.120066 -0.728792
 398.000000 -0.993406 -0.761645
 399.000000 -0.839099 -1.086235
 400.000000 -1.181162 -0.635009
