#! FIELDS time phi psi
#! SET min_phi -pi
#! SET max_phi pi
#! SET min_psi -pi
#! SET max_psi pi
 0.000000 -2.582646 2.650251
 1.000000 -2.205745 2.927194
 2.000000 -2.691408 3.087102
 3.000000 -2.233808 2.086092
 4.000000 -2.530726 3.097634
 5.000000 -2.883688 2.946169
 6.000000 -2.891293 2.993098
 7.000000 -2.435826 2.870761
 8.000000 -2.246474 2.499160
 9.000000 -2.595914 2.634682
 10.000000 -2.021081 2.454940
 11.000000 -1.235563 2.563657
 12.000000 -1.063421 2.483360
 13.000000 -1.147620 2.529168
 14.000000 -1.151433 2.403724
 15.000000 -0.969585 2.458535
 16.000000 -1.094194 2.672325
 17.000000 -1.772318 2.604141
 18.000000 -1.091754 2.473728
 19.000000 -1.480202 2.447564
 20.000000 -1.082403 2.527142
 21.000000 -0.947763 2.373725
 22.000000 -1.358192 2.433797
 23.000000 -2.003535 2.100684
 24.000000 -1.994108 2.416269
 25.000000 -2.356608 1.927832
 26.000000 -2.336995 2.568582
 27.000000 -1.180852 2.585170
 28.000000 -0.987579 2.746834
 29.000000 -1.190669 2.194574
 30.000000 -0.927919 2.551765
 31.000000 -1.850000 2.483547
 32.000000 -1.459080 2.797384
 33.000000 -0.726553 2.724424
 34.000000 -0.900835 2.408742
 35.000000 -0.903076 2.601654
 36.000000 -0.814040 2.740697
 37.000000 -1.039566 2.494802
 38.000000 -1.216696 2.557757
 39.000000 -1.230431 2.605583
 40.000000 -1.272725 2.425706
 41.000000 -1.377650 2.810140
 42.000000 -0.848687 2.455732
 43.000000 -1.428102 2.716148
 44.000000 -0.955156 2.117097
 45.000000 -0.925282 2.974910
 46.000000 -1.087979 2.645861
 47.000000 -2.381673 2.790903
 48.000000 -2.619470 2.867024
 49.000000 -1.394036 2.505685
 50.000000 -0.897978 2.170536
 51.000000 -0.776145 2.411651
 52.000000 -1.253888 1.821036
 53.000000 -1.094503 2.304312
 54.000000 -1.095938 2.076672
 55.000000 -1.529541 2.601312
 56.000000 -1.315082 2.302934
 57.000000 -1.702649 2.764411
 58.000000 -1.511741 2.507886
 59.000000 -2.444897 2.683651
 60.000000 -2.801858 3.011366
 61.000000 2.988423 2.360685
 62.000000 -2.860867 2.983739
 63.000000 -2.020210 -2.445004
 64.000000 -1.863482 2.657454
 65.000000 -2.207921 2.400585
 66.000000 -2.593488 2.770619
 67.000000 -2.380805 2.592089
 68.000000 -2.412517 -3.024293
 69.000000 -1.405337 2.476338
 70.000000 -1.177373 2.108371
 71.000000 -1.072767 2.487060
 72.000000 -1.705705 2.671989
 73.000000 -2.496919 2.682193
 74.000000 -2.729043 2.781309
 75.000000 -1.205803 2.446188
 76.000000 -1.048452 2.532103
 77.000000 -0.875185 2.831551
 78.000000 -1.872685 2.774420
 79.000000 -2.908330 3.050913
 80.000000 3.131253 1.965601
 81.000000 -3.129572 1.969834
 82.000000 -2.800702 2.830995
 83.000000 -2.681238 -2.530571
 84.000000 -2.800314 2.883750
 85.000000 -2.840224 2.833044
 86.000000 -2.755380 2.759072
 87.000000 -2.689243 3.044568
 88.000000 -2.170682 2.954750
 89.000000 -1.515486 2.682252
 90.000000 -0.881221 2.699074
 91.000000 -1.000170 2.321160
 92.000000 -1.054501 2.277174
 93.000000 -0.840060 2.265833
 94.000000 -1.009195 2.338047
 95.000000 -0.971181 2.558548
 96.000000 -1.403148 3.034113
 97.000000 -0.816437 2.647337
 98.000000 -1.068498 2.560442
 99.000000 -0.792677 2.528882
 100.000000 -0.688629 2.296405
 101.000000 -1.118002 2.532233
 102.000000 -1.151125 2.383775
 103.000000 -0.974901 2.407040
 104.000000 -1.961690 2.287188
 105.000000 -1.233820 2.553906
 106.000000 -0.929522 2.655756
 107.000000 -1.378651 2.533516
 108.000000 -1.494951 2.633704
 109.000000 -2.568029 2.682574
 110.000000 -2.052315 1.961843
 111.000000 -1.522421 2.458095
 112.000000 -0.856785 1.817053
 113.000000 -1.302226 1.823102
 114.000000 -1.168893 1.828154
 115.000000 -1.466150 2.394077
 116.000000 -0.654244 2.401112
 117.000000 -1.002672 2.551092
 118.000000 -1.145416 2.972161
 119.000000 -1.033549 2.629022
 120.000000 -1.662501 3.098499
 121.000000 -1.654142 2.795990
 122.000000 -1.087372 2.708972
 123.000000 -1.144579 2.706658
 124.000000 -1.075722 2.605334
 125.000000 -0.783451 2.787005
 126.000000 -1.808997 2.766549
 127.000000 -1.353787 2.972150
 128.000000 -0.615001 2.584507
 129.000000 -0.896909 2.513687
 130.000000 -1.817752 2.739805
 131.000000 -1.505183 2.801798
 132.000000 -2.562251 2.711581
 133.000000 -2.430443 2.887724
 134.000000 -2.627018 2.641244
 135.000000 -2.184852 2.943109
 136.000000 -2.117919 2.697510
 137.000000 -2.478276 2.836881
 138.000000 -2.674660 2.540430
 139.000000 -2.577071 2.860212
 140.000000 -1.607695 2.740868
 141.000000 -1.089603 2.407060
 142.000000 -0.828072 2.114465
 143.000000 -0.632028 2.451011
 144.000000 -1.889822 2.641391
 145.000000 -2.586040 2.624945
 146.000000 -1.991145 2.532626
 147.000000 -2.051138 2.583164
 148.000000 -2.596718 2.866541
 149.000000 -2.682935 2.654370
 150.000000 -2.097797 2.322335
 151.000000 -2.644674 2.576301
 152.000000 -2.376513 1.878360
 153.000000 -2.476215 2.890056
 154.000000 -2.854573 2.863765
 155.000000 -2.255283 2.505607
 156.000000 -1.177387 2.257146
 157.000000 -0.458002 2.274880
 158.000000 -1.537930 -3.074298
 159.000000 -1.705499 2.702742
 160.000000 -0.981514 2.327811
 161.000000 -1.208979 2.759981
 162.000000 -0.844803 2.557159
 163.000000 -0.919926 2.203161
 164.000000 -1.493626 2.658048
 165.000000 -1.055950 2.771541
 166.000000 -0.957183 2.245769
 167.000000 -0.227490 2.453368
 168.000000 -1.523784 2.877765
 169.000000 -1.204856 2.570268
 170.000000 -1.558722 2.943058
 171.000000 -1.022728 2.666956
 172.000000 -1.331710 2.771208
 173.000000 -2.812368 2.869036
 174.000000 -2.477330 2.748533
 175.000000 -2.690829 -2.997504
 176.000000 -2.886588 2.748463
 177.000000 -2.659661 2.698901
 178.000000 -2.229060 2.570471
 179.000000 -1.639756 0.360860
 180.000000 -1.792846 0.646286
 181.000000 -2.036101 0.215878
 182.000000 -1.676917 0.731975
 183.000000 -2.459433 0.940167
 184.000000 -2.820065 1.026019
 185.000000 -2.050193 0.656485
 186.000000 -2.112527 0.692223
 187.000000 -1.929255 0.181718
 188.000000 -2.394264 -0.042623
 189.000000 -2.119494 0.212561
 190.000000 -2.756626 0.264850
 191.000000 -2.742819 0.652090
 192.000000 -1.812340 0.372911
 193.000000 -2.031267 0.453670
 194.000000 -1.978642 0.232478
 195.000000 -1.642420 0.197384
 196.000000 -1.941349 0.104134
 197.000000 -2.944467 0.575427
 198.000000 -2.493512 0.107556
 199.000000 -2.216570 0.129743
 200.000000 -1.883041 -0.087757
 201.000000 -1.142662 -0.760582
 202.000000 -1.813844 0.020190
 203.000000 -1.451135 -0.475105
 204.000000 -1.708063 -0.194855
 205.000000 -1.816542 0.152917
 206.000000 -1.378943 -0.238835
 207.000000 -2.257733 0.104438
 208.000000 -1.843140 0.325133
 209.000000 -1.835429 -0.017979
 210.000000 -1.846083 0.233035
 211.000000 -1.337053 -0.133580
 212.000000 -1.821561 0.010933
 213.000000 -1.678147 0.125184
 214.000000 -2.009702 -0.077100
 215.000000 -1.679026 -0.216436
 216.000000 -1.374455 -0.520904
 217.000000 -0.977936 -0.778676
 218.000000 -1.550968 -0.030113
 219.000000 -2.108710 0.291694
 220.000000 -1.747497 -0.480054
 221.000000 -2.679016 0.076351
 222.000000 -2.671251 -0.441625
 223.000000 -2.090080 -0.309236
 224.000000 -1.983060 0.202343
 225.000000 -2.584286 0.532477
 226.000000 -2.128046 -0.238108
 227.000000 -2.826312 0.218753
 228.000000 -2.154137 0.219043
 229.000000 -1.656065 0.030000
 230.000000 -2.227453 0.150472
 231.000000 -2.168745 0.295357
 232.000000 -2.833656 -0.139471
 233.000000 -1.768798 0.292077
 234.000000 -1.580415 0.377397
 235.000000 -1.025464 -0.758701
 236.000000 -1.093003 -0.710947
 237.000000 -1.524325 -0.471752
 238.000000 -2.117814 0.082125
 239.000000 -3.044776 0.082510
 240.000000 -2.436637 -0.279603
 241.000000 -2.151098 0.064935
 242.000000 -2.404748 0.100352
 243.000000 -2.594123 0.982934
 244.000000 -2.294809 0.426267
 245.000000 -1.663078 0.025350
 246.000000 -2.160421 0.336437
 247.000000 -1.891245 -0.163346
 248.000000 -1.158359 -0.675144
 249.000000 -1.917915 0.255720
 250.000000 -2.208659 0.509540
 251.000000 -3.039046 0.040370
 252.000000 -1.871273 0.241392
 253.000000 -2.163363 0.079659
 254.000000 -1.952617 0.173082
 255.000000 -1.909470 0.501679
 256.000000 -2.188338 0.309648
 257.000000 -1.616497 -0.184182
 258.000000 -1.130828 -0.477893
 259.000000 -1.505801 -0.501025
 260.000000 -1.860769 0.195727
 261.000000 -1.890303 0.238402
 262.000000 -1.610659 -0.010750
 263.000000 -1.913380 0.108286
 264.000000 -2.194861 0.428935
 265.000000 -2.138505 0.459963
 266.000000 -1.738137 0.248613
 267.000000 -1.825866 0.258868
 268.000000 -2.049373 0.271721
 269.000000 -2.553053 0.606275
 270.000000 -2.125672 0.337494
 271.000000 -1.555238 0.199456
 272.000000 -1.707012 0.112001
 273.000000 -1.614065 0.232914
 274.000000 -2.016174 0.437806
 275.000000 -2.769348 0.013634
 276.000000 -2.741479 -0.454181
 277.000000 -2.774662 -0.125016
 278.000000 -2.626781 -0.097475
 279.000000 -1.581334 -0.271846
 280.000000 -1.527839 -0.066383
 281.000000 -1.211080 -0.736416
 282.000000 -1.080517 -0.763540
 283.000000 -0.898740 -0.663326
 284.000000 -1.457883 -0.107355
 285.000000 -1.547527 0.014043
 286.000000 -0.992703 -0.832982
 287.000000 -1.593580 -0.553693
 288.000000 -1.070180 -0.670773
 289.000000 -1.852179 -0.191819
 290.000000 -1.874455 0.229651
 291.000000 -2.198247 0.008480
 292.000000 -2.582366 1.142013
 293.000000 -2.460886 1.415451
 294.000000 -2.160694 2.327975
 295.000000 -2.289292 2.064892
 296.000000 -1.119270 2.452813
 297.000000 -0.997271 2.546393
 298.000000 -1.079957 2.543542
 299.000000 -1.498770 2.980461
 300.000000 -0.621474 2.574385
 301.000000 -1.264675 2.258658
 302.000000 -1.191131 2.521694
 303.000000 -0.858213 2.427044
 304.000000 -1.144681 2.492684
 305.000000 -0.772077 2.242625
 306.000000 -1.517968 2.568028
 307.000000 -0.879841 2.391320
 308.000000 -1.310118 2.576602
 309.000000 -0.973844 2.004421
 310.000000 -0.601420 2.594279
 311.000000 -0.696459 2.359881
 312.000000 -1.107829 2.980640
 313.000000 -1.968602 2.799459
 314.000000 -2.625067 2.950687
 315.000000 -2.630814 2.819421
 316.000000 -1.831640 2.128942
 317.000000 -2.639052 2.877053
 318.000000 -1.917226 2.392323
 319.000000 -2.916187 2.857614
 320.000000 -2.912096 2.761031
 321.000000 -2.006285 2.193001
 322.000000 -1.724362 2.258445
 323.000000 -0.797047 2.295917
 324.000000 -1.369627 2.200641
 325.000000 -0.888300 2.361039
 326.000000 -1.688970 2.106847
 327.000000 -1.801944 1.989833
 328.000000 -1.423111 2.199655
 329.000000 -1.063480 2.550026
 330.000000 -1.955625 2.764149
 331.000000 -0.981356 2.692597
 332.000000 -2.075964 2.797403
 333.000000 -1.236125 2.483385
 334.000000 -1.059541 2.387155
 335.000000 -1.557430 2.829408
 336.000000 -0.995065 2.501201
 337.000000 -1.274294 2.361329
 338.000000 -1.207695 2.206769
 339.000000 -1.043932 2.214512
 340.000000 -1.087405 2.510319
 341.000000 -1.311933 2.447022
 342.000000 -1.047549 1.794918
 343.000000 -1.282542 2.526002
 344.000000 -0.829019 2.659252
 345.000000 -1.087911 2.389392
 346.000000 -1.125246 2.642185
 347.000000 -0.686424 2.597402
 348.000000 -1.121232 1.981055
 349.000000 -1.007318 2.571310
 350.000000 -1.085598 2.234416
 351.000000 -1.085046 2.753380
 352.000000 -1.397085 2.889313
 353.000000 -1.105402 2.339776
 354.000000 -1.497980 2.881344
 355.000000 -1.636203 2.607078
 356.000000 -1.400716 2.191071
 357.000000 -0.862392 2.459573
 358.000000 -1.044661 2.303513
 359.000000 -1.294404 2.668457
 360.000000 -2.479805 2.578995
 361.000000 -1.495438 2.129906
 362.000000 -1.041512 2.403795
 363.000000 -1.220225 -3.002682
 364.000000 -1.577231 2.838177
 365.000000 -1.406152 2.666756
 366.000000 -2.496869 2.595843
 367.000000 -2.933081 2.787867
 368.000000 -2.108388 2.182467
 369.000000 -1.224487 2.429303
 370.000000 -1.198322 2.639419
 371.000000 -1.130665 2.178078
 372.000000 -1.095591 2.522909
 373.000000 -2.579222 2.857556
 374.000000 -1.098326 2.464995
 375.000000 -1.032275 2.544511
 376.000000 -1.369051 2.498687
 377.000000 -1.259507 2.383451
 378.000000 -0.976491 2.943474
 379.000000 -1.286986 2.491084
 380.000000 -1.256692 2.615391
 381.000000 -1.141239 2.358592
 382.000000 -1.725298 2.913085
 383.000000 -1.165769 2.256584
 384.000000 -0.670876 2.187989
 385.000000 -1.101747 2.670035
 386.000000 -1.206724 2.697238
 387.000000 -0.764712 2.597804
 388.000000 -0.844933 2.612621
 389.000000 -1.012128 2.623279
 390.000000 -1.148051 2.559006
 391.000000 -1.304783 2.045437
 392.000000 -0.961312 2.398714
 393.000000 -1.006471 2.427706
 394.000000 -0.907722 2.401607
 395.000000 -2.099902 2.729194
 396.000000 3.077013 2.724464
 397.000000 -2.510015 2.843017
 398.000000 -2.866977 2.731068
 399.000000 -2.903582 2.900530
 400.000000 -2.496599 2.578992
