#! FIELDS time phi psi
#! SET min_phi -pi
#! SET max_phi pi
#! SET min_psi -pi
#! SET max_psi pi
 0.000000 1.093984 -0.222360
 1.000000 1.606828 0.109102
 2.000000 1.232870 0.483311
 3.000000 1.432421 0.607975
 4.000000 1.329442 0.150121
 5.000000 1.332521 0.408199
 6.000000 1.586629 0.398337
 7.000000 0.865162 0.486275
 8.000000 1.203758 0.639282
 9.000000 1.333776 0.249341
 10.000000 1.361923 0.459807
 11.000000 0.741658 0.786413
 12.000000 1.382384 0.742801
 13.000000 1.198247 1.117497
 14.000000 1.289607 0.233542
 15.000000 1.189759 0.542480
 16.000000 1.241937 0.065568
 17.000000 0.936387 1.056523
 18.000000 0.490349 1.090568
 19.000000 1.412385 0.355126
 20.000000 0.617976 0.841055
 21.000000 0.508422 1.249703
 22.000000 0.983161 1.216567
 23.000000 0.485418 1.148117
 24.000000 1.081694 0.500268
 25.000000 1.383460 0.245434
 26.000000 1.023928 1.122816
 27.000000 1.083570 0.929510
 28.000000 0.294574 1.349025
 29.000000 1.387584 0.334980
 30.000000 0.923540 0.720490
 31.000000 0.650335 1.301620
 32.000000 0.801991 1.189783
 33.000000 1.210722 1.504170
 34.000000 1.417847 2.782699
 35.000000 0.883414 -3.016594
 36.000000 1.123482 -3.072328
 37.000000 0.421190 -2.334379
 38.000000 0.890787 -2.516076
 39.000000 1.157955 -2.415289
 40.000000 0.884539 -2.630049
 41.000000 0.890306 -3.044582
 42.000000 0.944152 -2.793697
 43.000000 1.425960 2.784033
 44.000000 1.541550 2.541564
 45.000000 1.424048 1.102459
 46.000000 1.051515 -0.304325
 47.000000 1.615005 0.385387
 48.000000 1.031794 1.059550
 49.000000 1.111202 0.540779
 50.000000 1.454661 0.623576
 51.000000 2.119211 -0.255326
 52.000000 1.250214 -0.528532
 53.000000 1.237457 0.474420
 54.000000 1.849595 0.439546
 55.000000 0.851785 0.498534
 56.000000 1.452426 0.493415
 57.000000 1.793099 0.041007
 58.000000 1.166471 0.539910
 59.000000 0.994005 0.981551
 60.000000 0.568350 1.603541
 61.000000 1.160970 1.225953
 62.000000 0.868091 0.738436
 63.000000 0.541493 1.325949
 64.000000 1.134626 1.281034
 65.000000 0.936508 0.601026
 66.000000 0.503671 1.467082
 67.000000 0.711995 1.130780
 68.000000 1.086035 0.487579
 69.000000 1.293505 0.169652
 70.000000 1.481231 0.264528
 71.000000 0.977283 0.657947
 72.000000 1.335226 0.729302
 73.000000 0.474003 1.171978
 74.000000 0.690373 0.997043
 75.000000 1.318005 0.655793
 76.000000 1.415631 0.986888
 77.000000 0.860917 0.507057
 78.000000 1.393021 0.223982
 79.000000 1.247394 0.914280
 80.000000 0.419889 1.302068
 81.000000 0.180725 1.395319
 82.000000 1.012485 0.740870
 83.000000 1.142285 0.490079
 84.000000 0.881391 0.974987
 85.000000 0.539522 1.314808
 86.000000 1.554635 0.534838
 87.000000 1.298535 0.495965
 88.000000 1.420017 0.403276
 89.000000 1.312073 0.608002
 90.000000 1.516034 0.750814
 91.000000 1.453523 0.332685
 92.000000 1.663467 0.670550
 93.000000 1.538955 0.339651
 94.000000 1.554859 0.819413
 95.000000 1.417682 0.668225
 96.000000 1.682164 0.371664
 97.000000 1.361221 0.338059
 98.000000 1.576246 0.251617
 99.000000 1.301590 0.171447
 100.000000 1.499573 0.553195
 101.000000 1.437589 0.367690
 102.000000 1.226335 0.596534
 103.000000 0.744337 1.096441
 104.000000 0.828914 0.548599
 105.000000 1.321774 0.300388
 106.000000 1.395282 0.740829
 107.000000 0.954609 0.593891
 108.000000 0.898990 0.639799
 109.000000 1.574633 0.466002
 110.000000 1.257217 0.288152
 111.000000 0.240024 1.506338
 112.000000 -1.016271 2.607752
 113.000000 -0.900585 2.783024
 114.000000 -0.988677 2.402041
 115.000000 -0.740847 2.538949
 116.000000 -0.889171 2.751268
 117.000000 -2.239363 2.418212
 118.000000 -1.231658 2.382957
 119.000000 -1.349696 2.790703
 120.000000 -0.575180 2.537717
 121.000000 -1.285181 2.620388
 122.000000 -1.207276 2.257471
 123.000000 -1.076623 2.508712
 124.000000 -1.325063 2.522906
 125.000000 -1.244392 2.172891
 126.000000 -1.279315 2.399696
 127.000000 -1.288515 2.826617
 128.000000 -1.515284 2.002615
 129.000000 -2.442323 -2.910083
 130.000000 -2.537884 2.640729
 131.000000 -2.046196 1.952336
 132.000000 -2.342738 2.414153
 133.000000 -2.033310 1.958336
 134.000000 -2.306132 2.175548
 135.000000 -2.266507 2.607956
 136.000000 -2.245583 2.209708
 137.000000 -2.024042 2.288949
 138.000000 -2.175430 2.233355
 139.000000 -1.764913 1.895215
 140.000000 -1.002774 2.327810
 141.000000 -1.393319 2.074344
 142.000000 -0.938265 2.751840
 143.000000 -1.171710 2.455403
 144.000000 -1.159774 2.378266
 145.000000 -1.067936 2.594985
 146.000000 -1.239423 2.159305
 147.000000 -0.822873 2.482473
 148.000000 -1.189381 2.602915
 149.000000 -1.752914 2.707142
 150.000000 -0.955919 2.734161
 151.000000 -1.369669 2.728935
 152.000000 -1.399615 2.968710
 153.000000 -1.697078 2.410874
 154.000000 -1.226438 2.853173
 155.000000 -1.094562 2.119011
 156.000000 -1.820709 2.575446
 157.000000 -1.859759 1.954475
 158.000000 -2.517869 2.809754
 159.000000 -2.368151 3.111422
 160.000000 -2.501093 2.710475
 161.000000 -2.533374 2.526846
 162.000000 -0.955331 2.631995
 163.000000 -2.833855 2.921899
 164.000000 -2.606449 2.431906
 165.000000 -2.696297 2.947297
 166.000000 -2.109368 2.194627
 167.000000 -2.828731 2.550008
 168.000000 -2.452501 2.683980
 169.000000 -2.687058 2.709397
 170.000000 -2.646852 2.521857
 171.000000 -1.490392 2.671753
 172.000000 -2.382274 2.670643
 173.000000 -2.317443 2.411683
 174.000000 -2.921573 2.964936
 175.000000 -2.532286 2.915652
 176.000000 -2.487950 2.909729
 177.000000 -2.581705 2.489295
 178.000000 -2.295957 2.372532
 179.000000 -1.109303 2.588741
 180.000000 -1.424530 2.481176
 181.000000 -0.695585 2.579262
 182.000000 -1.262298 2.817417
 183.000000 -1.280825 2.658731
 184.000000 -2.011912 2.404571
 185.000000 -2.156139 2.694644
 186.000000 -2.635171 3.026251
 187.000000 -2.629616 2.176247
 188.000000 -2.096113 2.449675
 189.000000 -2.658205 2.309167
 190.000000 -2.684310 2.923673
 191.000000 -2.717413 3.051408
 192.000000 -2.696869 2.750314
 193.000000 -2.946326 2.736224
 194.000000 -2.236639 2.588424
 195.000000 -2.747859 2.832622
 196.000000 -2.574359 2.891372
 197.000000 -1.965979 2.521239
 198.000000 -2.392435 2.371931
 199.000000 -2.137122 2.791132
 200.000000 -2.218765 2.189390
 201.000000 -1.220122 3.059317
 202.000000 -1.067134 2.533811
 203.000000 -0.492659 2.321594
 204.000000 -0.823330 2.752271
 205.000000 -1.045079 2.461035
 206.000000 -1.152660 2.776109
 207.000000 -0.908960 2.755196
 208.000000 -0.859103 2.604750
 209.000000 -1.406415 2.649847
 210.000000 -1.010008 2.580843
 211.000000 -1.603569 2.485158
 212.000000 -1.424249 2.243807
 213.000000 -2.154986 2.225704
 214.000000 -1.931913 2.042903
 215.000000 -2.092644 2.866095
 216.000000 -2.748685 2.524400
 217.000000 -2.610128 2.614042
 218.000000 -2.353478 2.959910
 219.000000 -2.802120 2.419925
 220.000000 -0.867805 2.422996
 221.000000 -1.106931 2.397033
 222.000000 -1.175062 2.488584
 223.000000 -1.441224 2.569911
 224.000000 -1.234526 2.278489
 225.000000 -0.845191 2.422874
 226.000000 -0.959560 2.826107
 227.000000 -1.085154 2.390406
 228.000000 -1.259400 2.909492
 229.000000 -1.643396 -3.096212
 230.000000 -1.408173 2.662824
 231.000000 -1.611328 2.097693
 232.000000 -2.387487 2.726770
 233.000000 -2.493230 2.627758
 234.000000 -2.601886 -3.078027
 235.000000 -2.007246 2.881131
 236.000000 -2.837553 3.004077
 237.000000 -2.837534 2.688555
 238.000000 -2.632804 2.774488
 239.000000 -2.157941 2.735022
 240.000000 -2.480117 2.253870
 241.000000 -0.935555 2.498192
 242.000000 -0.581610 2.108214
 243.000000 -1.139683 2.583470
 244.000000 -1.089485 2.470770
 245.000000 -1.145479 2.294686
 246.000000 -1.526608 2.888539
 247.000000 -1.581895 3.025964
 248.000000 -1.028862 2.425771
 249.000000 -1.113875 2.431822
 250.000000 -0.984927 2.458931
 251.000000 -0.937918 2.594709
 252.000000 -1.426896 2.332497
 253.000000 -1.115965 1.926795
 254.000000 -0.746300 2.255309
 255.000000 -1.065635 2.706358
 256.000000 -0.858126 2.552782
 257.000000 -1.110083 2.457827
 258.000000 -1.270627 2.753823
 259.000000 -1.103654 2.470077
 260.000000 -1.125755 2.811470
 261.000000 -0.788862 2.771357
 262.000000 -0.990731 2.696561
 263.000000 -1.034556 2.157782
 264.000000 -1.303788 1.932141
 265.000000 -1.254718 2.588350
 266.000000 -1.915536 2.106699
 267.000000 -1.546461 1.975032
 268.000000 -1.052548 2.456153
 269.000000 -1.147251 2.592338
 270.000000 -1.431668 2.597575
 271.000000 -0.732684 2.378845
 272.000000 -0.726681 2.380034
 273.000000 -0.789882 2.287650
 274.000000 -1.123722 2.432794
 275.000000 -1.571959 3.040385
 276.000000 -1.022058 2.659693
 277.000000 -1.218151 2.511796
 278.000000 -1.955344 2.308046
 279.000000 -1.160781 2.446596
 280.000000 -0.992714 2.637205
 281.000000 -0.866177 2.550504
 282.000000 -1.172632 2.693150
 283.000000 -0.767024 2.366004
 284.000000 -1.298866 2.099001
 285.000000 -1.216346 2.553798
 286.000000 -1.077502 2.519473
 287.000000 -1.323477 2.762132
 288.000000 -1.417512 2.473997
 289.000000 -1.422973 2.269008
 290.000000 -0.861139 2.368534
 291.000000 -1.191488 2.519221
 292.000000 -1.125587 2.782941
 293.000000 -1.173349 2.529522
 294.000000 -1.674005 2.065253
 295.000000 -1.073981 1.971753
 296.000000 -1.581699 2.388563
 297.000000 -1.055729 2.492651
 298.000000 -1.194410 2.550504
 299.000000 -0.959284 2.777489
 300.000000 -1.172046 2.517516
 301.000000 -1.641256 2.250321
 302.000000 -0.811114 2.721373
 303.000000 -1.008274 2.577718
 304.000000 -1.240557 2.520576
 305.000000 -1.567201 2.291186
 306.000000 -1.110341 2.556588
 307.000000 -1.078794 2.485111
 308.000000 -1.870347 2.247733
 309.000000 -1.455996 2.532779
 310.000000 -1.001882 2.441674
 311.000000 -1.101094 2.663653
 312.000000 -0.897544 2.662551
 313.000000 -1.247099 2.667025
 314.000000 -1.395405 2.084174
 315.000000 -1.046884 2.612462
 316.000000 -1.570607 2.277024
 317.000000 -1.221833 2.625364
 318.000000 -1.494018 2.692107
 319.000000 -2.483823 2.868552
 320.000000 -2.815437 2.743527
 321.000000 -2.612156 3.096949
 322.000000 -2.570515 2.934645
 323.000000 -2.855282 2.590139
 324.000000 -2.350829 2.982058
 325.000000 -1.491613 2.452383
 326.000000 -2.507766 2.775085
 327.000000 -1.020540 2.402205
 328.000000 -0.958472 2.255913
 329.000000 -1.059140 2.093636
 330.000000 -0.909095 2.643253
 331.000000 -1.193103 2.655885
 332.000000 -1.505765 2.548364
 333.000000 -0.608228 2.189747
 334.000000 -1.092772 2.601851
 335.000000 -1.828852 2.700960
 336.000000 -1.139327 2.237246
 337.000000 -1.568792 2.484326
 338.000000 -1.192223 2.410259
 339.000000 -1.048056 2.608944
 340.000000 -1.293320 2.446563
 341.000000 -1.098103 2.352043
 342.000000 -1.224108 2.861323
 343.000000 -1.168229 2.586700
 344.000000 -1.145268 2.407869
 345.000000 -1.408805 2.717535
 346.000000 -1.187405 2.465377
 347.000000 -1.408931 2.723965
 348.000000 -1.317065 2.486304
 349.000000 -1.229992 -3.105583
 350.000000 -2.019251 1.971208
 351.000000 -2.236829 2.252374
 352.000000 -1.944218 2.680810
 353.000000 -2.323974 2.360364
 354.000000 -2.476257 2.224318
 355.000000 -2.303962 2.689223
 356.000000 -1.424246 2.115338
 357.000000 -0.868324 2.116907
 358.000000 -1.521657 2.456349
 359.000000 -1.070916 2.216262
 360.000000 -1.329977 2.633661
 361.000000 -1.218457 2.886773
 362.000000 -1.784633 2.769090
 363.000000 -1.381098 2.993539
 364.000000 -0.950367 2.655275
 365.000000 -1.254999 2.866698
 366.000000 -1.227009 2.493664
 367.000000 -1.273903 2.513444
 368.000000 -1.443705 2.726418
 369.000000 -1.256486 2.603277
 370.000000 -1.282390 2.245825
 371.000000 -2.105537 2.490949
 372.000000 -1.197901 2.565341
 373.000000 -1.437794 1.992757
 374.000000 -1.150920 2.578868
 375.000000 -1.252034 2.622228
 376.000000 -1.238114 2.815292
 377.000000 -2.147538 2.340987
 378.000000 -2.465677 2.718697
 379.000000 -1.931728 2.930337
 380.000000 -2.573661 2.863898
 381.000000 -2.104371 2.660877
 382.000000 -1.098470 2.459796
 383.000000 -1.015310 2.497988
 384.000000 -1.142234 2.535325
 385.000000 -0.950529 2.208388
 386.000000 -1.189831 2.999376
 387.000000 -2.194068 2.750545
 388.000000 -2.643283 2.905456
 389.000000 -2.730359 2.629739
 390.000000 -2.555977 2.834852
 391.000000 -2.152736 2.065796
 392.000000 -0.691295 1.964468
 393.000000 -1.469306 2.897725
 394.000000 -0.913849 2.423244
 395.000000 -1.159284 2.544403
 396.000000 -1.063863 2.477514
 397.000000 -1.295027 2.695551
 398.000000 -1.587563 2.256161
 399.000000 -2.344534 2.828302
 400.000000 -1.096606 2.522948
